-8.784241674763713, -5.139231582657739, -12.520193918025566, -13.556980132450333, -9.920874856689304, -11.975860243515084, -9.890626654898503, -9.888422907488984, -8.968120539254558, -6.018327889114505,
-5.4567617701616475, -8.032428621783577, -8.90274129572499, -4.4477880794702, -6.850127877237853, -6.616834303864477, -8.235834068843777, -7.262167400881056, -4.742902458366375, -6.186139313145583,
-6.6549598092041355, -7.362425096933381, -7.9431643895989446, -8.81928476821192, -6.5986771320222255, -3.4532556908417145, -5.38379523389232, -6.181215859030838, -9.569547977795398, -9.061816897678117,
-6.899178517798782, -6.068100105745506, -6.526646099603351, -10.940185430463579, -4.343240144633567, -12.585706723133937, -11.629302736098852, -9.812299559471365, -7.529262490087232, -6.392089697183721,
-9.211624414804346, -8.816637292915054, -10.007016306743061, -6.78230463576159, -7.078719463797514, -6.99036527263102, -10.958234774933805, -6.87393832599119, -7.70436161776368, -10.68653659397899,
-8.471336454376823, -10.202326401127948, -7.036897311591009, -6.5839470198675505, -8.320733750771673, -11.853890947591319, -11.614051191526917, -8.008176211453744, -9.866455194290243, -5.850516465083429,
-8.646868651179226, -6.319351427564331, -7.242520934332305, -12.610966887417224, -6.629156010230179, -3.941132874536792, -7.206354810238306, -7.939665198237886, -7.521649484536082, -8.321921073541098,
-5.48728910873598, -5.428551286570323, -8.301101806963421, -8.727735099337748, -3.230761090043214, -10.489359449444153, -5.841341571050307, -7.886378854625551, -4.468834258524979, -5.949677761101793,
-7.998162706474693, -5.337187169545294, -9.237831643895992, -9.071046357615895, -7.711156186612576, -6.944626786659607, -9.509338040600177, -7.254555066079294, -11.016019032513876, -12.288372914275628,
-13.485451815210672, -5.908212900951711, -4.508488320846188, -4.1655099337748345, -8.686480289267134, -10.527474854420324, -11.370026478375992, -5.1839999999999975, -5.2225218080888185, -4.363097024807981,
-12.653581839060156, -8.588227000352482, -4.896888497135303, -4.409642384105961, -7.040620866037568, -5.946003176283748, -6.2531332744924955, -7.985339207048457, -11.586994448850117, -8.405826785556632,
-13.218337602685276, -12.349383151216074, -8.529572498898194, -5.386172185430464, -8.39693094629156, -3.7810481736368446, -8.334969108561342, -5.085039647577093, -1.3779540047581282, -10.976392690032668,
-11.608020492889318, -6.479238632358126, -6.412410753635963, -13.808741721854307, -7.1549166593174, -9.094335627316038, -8.830644307149162, -10.98459911894273, -4.400317208564631, -5.728471793060828,
-5.487289108735979, -4.514910116320057, -6.290559717937417, -6.446622516556292, -10.218043919216866, -12.94399152991, -8.479858781994706, -10.276651982378857, -8.93005551149881, -5.011459344928047,
-6.708382651709213, -7.202537892139585, -6.267712648743942, -11.954860927152321, -9.006508510450663, -11.053467443091584, -11.537793468667255, -5.998519823788546, -5.397620935765264, -10.541608545952153,
-6.944969525660276, -5.908212900951711, -7.585226972234464, -9.460132450331127, -7.459705441396948, -9.216304923239809, -10.180406001765226, -10.352775330396472, -5.862014274385407, -10.29751920190695,
-6.07494037629185, -8.375044060627424, -10.867589246364041, -4.325721854304637, -7.261592733045243, -9.444997353096875, -8.716257722859664, -14.965850220264317, -8.419984139571769, -9.557623377769934,
-11.21116509142302, -7.0426506873457875, -9.953706478624948, -10.368, -9.806579063409474, -7.135203811540497, -3.881518093556929, -8.457303964757712, -6.356859635210151, -9.67204025779112,
-10.913523540323293, -8.05526965103983, -9.435839576906128, -11.176688741721858, -3.0326483816915073, -3.5752249867654844, -9.814368932038835, -13.062766519823786, -7.940364789849325, -5.186898560960537,
-7.7615758325236275, -10.552555516390553, -6.762732481269283, -8.559894039735102, -9.77610018520152, -8.652196929592378, -7.175851721094438, -4.552176211453744, -7.293259318001585, -7.376074865365941,
-9.921385036657538, -6.18991892844554, -9.869933891582194, -6.561059602649007, -7.513043478260871, -9.10958178930651, -11.530167696381286, -8.761797356828195, -5.922918318794606, -8.169365233512844,
-3.495380266760887, -11.968699330278463, -10.958977523137948, -8.720105960264904, -7.51304347826087, -6.697421160099824, -5.299911738746689, -9.637215859030835, -6.950674068199841, -7.772720049439394,
-13.607561169507994, -7.826859358477266, -5.308135742617894, -4.508821192052983, -11.30766381515125, -8.118581259925886, -7.496134157105028, -7.901603524229075, -5.6869151467089605, -8.176993025514259,
-10.852468863174634, -8.801409940077548, -3.609836932569415, -10.749456953642385, -9.097945145074524, -10.245420857596608, -7.252109443954105, -8.79224669603524, -3.037589214908802, -4.56904740884612,
-11.638547831463654, -9.014592879802608, -6.511414720141032, -7.04169536423841, -5.158550136696359, -6.51011116993118, -10.027890556045895, -8.008176211453744, -10.688659793814432, -6.6895735852388105,
-9.074251391219859, -10.583010222065559, -9.8318554429264, -5.325139072847684, -5.760507981303465, -4.482371625198518, -5.5820653133274485, -7.696070484581498, -6.752735923869943, -12.524834466319419,
-7.135765391749845, -10.346986253084243, -4.851194358748348, -8.32339072847682, -8.115001322867979, -12.707676019057708, -7.175851721094441, -6.87393832599119, -10.62014274385408, -9.794084929813721,
-8.85292818655596, -7.796404652802257, -6.793195240193918, -9.284662251655634, -8.221677396595819, -6.685442032821599, -7.5723918799646945, -6.37152422907489, -7.445519429024582, -2.0442482563785647,
-4.3730412507729, -12.29608741628481, -11.172216835610397, -6.179602649006625, -8.122621042419969, -4.337533086289041, -9.463583406884378, -12.735436123348016, -8.602696272799367, -7.803231217445043,
-8.608709477961309, -8.146633768064858, -9.245447333627151, -10.429033112582783, -8.015944968692125, -11.122075172048707, -12.33087378640777, -10.90086343612335, -9.782712133227596, -7.810859009446455,
-7.471566116067484, -8.131406415227353, -7.547148523578669, -12.298172185430465, -7.497804039156892, -8.64457384859714, -8.113821712268313, -8.853145374449337, -12.165582870737506, -11.014531650039732,
-4.899637841180109, -8.976524497708846, -9.694773027765537, -11.634437086092719, -4.107028838521916, -6.921757543673901, -6.367519858781995, -10.961762114537445, -13.513084853291039, -4.980948176922396,
-8.29580425757442, -8.534931265421221, -10.95897752313795, -6.538172185430464, -8.442649263603492, -3.4075172048703015, -5.1092674315975275, -10.611594713656386, -6.059952418715306, -13.897837026573676,
-5.57887112445897, -11.192104335565736, -7.874623182018511, -10.184900662251657, -6.4996207778463715, -6.624457384859715, -12.84180052956752, -3.014484581497797, -8.655987311657414, -8.26852652953121,
-8.799505344050878, -10.879943602396898, -8.499109739973557, -6.507655629139074, -7.528282917364847, -6.845526733721544, -5.292285966460724, -5.4047577092511006, -5.580333068992862, -11.655266178158387,
-13.080964579100788, -7.194924215720832, -9.466302335830763, -8.979496688741722, -3.985113325690096, -3.5142403388036, -9.776240070609001, -4.917568281938325, -7.1181601903251375, -8.06257614549307,
-8.250013249712925, -8.018832771035802, -10.45634200088145, -8.521748344370861, -7.58162095422877, -8.453996823716254, -5.528684907325685, -5.496105726872249, -11.206344171292622, -8.314293281539685,
-7.776839501810795, -6.974127599577019, -7.059744380784489, -9.269403973509933, -7.025381426933594, -10.824775013234518, -7.839293909973522, -11.38044052863436, -6.684218873909595, -9.00842235366823,
-7.517357123928982, -12.516884032428623, -6.138245923314235, -6.530543046357617, -5.935761530999207, -9.444997353096879, -11.583548102383052, -6.66079295154185, -15.203172085646314, -8.30666548953827,
-7.044183376026851, -14.313711667254141, -8.956051123843105, -8.59803973509934, -6.796789840373931, -6.997988353626257, -8.190079435127977, -9.188088105726871, -6.691831879460745, -6.148000353138518,
-6.990760533521775, -8.131406415227353, -10.128867342441605, -6.507655629139076, -7.413987124085019, -8.690312334568553, -7.854545454545455, -4.064986784140969, -8.32862807295797, -8.352432241546747,
-6.769437328857874, -5.070708494888968, -7.486223005729396, -10.848635761589406, -11.620072316782785, -7.607834833245103, -8.800141218005297, -9.888422907488989, -7.833782712133229, -10.205985697889998,
-4.685946471159791, -7.08071906943955, -8.74281181137065, -5.958357615894041, -5.288085369080165, -13.896876654314449, -10.660829655781113, -14.174167400881059, -7.399841395717686, -8.024437185486006,
-5.143856549774754, -11.245400070497004, -4.203860731599825, -9.5516821192053, -7.474944880500925, -10.6494441503441, -6.802188879082081, -11.167295154185021, -9.782712133227596, -12.13581707424738,
-5.105697376556843, -9.981529784984138, -5.666073159982373, -9.139708609271526, -9.608466355057766, -4.535733192165167, -10.94298323036187, -9.347947136563878, -7.232355273592386, -7.978670433477533,
-7.456302446780321, -7.377652449770884, -5.612763331864258, -9.57456953642384, -9.105564864626512, -5.869772366331392, -5.948102383053839, -6.919612334801761, -5.154004758128469, -5.6979606250551775,
-7.547884462503311, -6.479238632358124, -14.721128250330544, -7.7435761589403995, -10.743804568304085, -7.9584965590259396, -3.7366284201235653, -7.772193832599121, -7.59777954004758, -4.9199258409110955,
-11.516438477166327, -7.476630243214664, -4.934966945791099, -13.503576158940401, -6.522479936502338, -7.089465325569083, -7.183477493380406, -3.8594537444933916, -3.6466296590007925, -5.186898560960538,
-12.691741012278069, -6.783785689108213, -4.91211987659762, -6.873854304635765, -16.58812946467943, -5.11508734780307, -7.030962047661075, -5.762537444933922, -7.590166534496431, -4.5843029928489445,
-13.54650649235933, -9.334367289390201, -10.661965623622743, -9.437245033112584, -13.768833230443603, -9.948120698782427, -9.631350397175641, -4.8109955947136545, -11.739254559873114, -7.078590977310851,
-6.11309954950976, -9.760733168840323, -10.037479065667695, -9.376211920529803, -8.678860569715145, -7.058973001588143, -9.036540158870256, -12.659312775330397, -5.519429024583662, -13.775792354551074,
-10.45561346170833, -6.083327458583012, -7.935548699867784, -12.595708609271524, -4.663268365817091, -6.372895712016939, -10.081270962047663, -8.464916299559471, -9.759873116574145, -9.168605985697893,
-11.119583075700028, -4.187522030313712, -9.23783164389599, -9.77292715231788, -4.929958550136697, -6.76929592376919, -8.639999999999999, -8.053850220264316, -6.3796986518636, -9.443206497748744,
-12.149880752583694, -10.164258019034195, -5.902159541648303, -8.231841059602651, -4.7928035982009005, -7.119957649550025, -7.076716681376875, -7.574273127753303, -7.597779540047581, -8.344804449545334,
-7.234979242116421, -7.446175537539655, -11.949017188188627, -7.176840113528857, -7.253973013493254, -7.798411858125992, -5.391421006178286, -6.500933920704846, -7.209516256938937, -3.752873664694977,
-6.906810352442364, -6.639125837151922, -4.264786249449097, -10.360370860927157, -7.406367404533027, -4.970248808893595, -11.217511032656665, -9.241374449339208, -9.280253766851704, -4.523280656837644,
-7.891317021464533, -9.01459287980261, -14.941983252534158, -14.35041059602649, -8.236916835699796, -11.007728957120166, -6.520035304501324, -11.494625550660794, -7.148612212529739, -6.7505959212501105,
-13.68387951594382, -10.474243416083386, -14.165182899955932, -8.834543046357618, -7.482564600052915, -8.293912122816304, -4.36956751985878, -11.63164757709251, -10.186201427438538, -9.344045201730383,
-6.242840738450667, -10.293690518152976, -7.4557602468047595, -17.852185430463575, -13.624058558955818, -9.048597141344628, -7.1300970873786405, -9.736176211453746, -10.76478984932593, -9.733062593802424,
-11.11958307570003, -6.547761720126895, -8.963666813574262, -8.59041059602649, -8.595043654643268, -4.680571731074642, -8.762012356575463, -10.581145374449338, -6.471054718477398, -8.771960801624434,
-7.746312163236464, -7.689813182939725, -12.961903922432793, -5.164927152317882, -9.219860657906343, -6.937003705664371, -10.683706972639008, -5.458044052863434, -13.627279936558287, -11.998516818221947,
-7.181556399611341, -10.621078604159322, -12.824821507271928, -7.949562913907284, -7.589240673780757, -6.9903652726310215, -12.201235657546338, -6.127929515418502, -3.463917525773195, -5.8810276330890785,
-11.165374083561524, -7.925837151921045, -7.790850594975762, -5.805774834437089, -10.903818678895849, -13.073583906829013, -7.892674315975288, -11.045497797356827, -3.6923076923076916, -13.356263794473383,
-10.447981627064745, -9.951075079309131, -8.24779197884531, -7.24005298013245, -9.23510009701032, -10.192059290629963, -9.63135039717564, -7.1708193832599125, -6.318794607454401, -9.49660104175863,
-9.371892942319583, -12.242791681353541, -14.226108417805204, -7.27056953642384, -9.936114295793283, -7.661196400211752, -7.740158870255956, -4.651136563876651, -10.011102299762092, -14.393643506665489,
-9.829803020934547, -5.733098343320409, -9.32160423093874, -4.287576158940399, -5.272845929976189, -8.45399682371625, -4.613592233009709, -7.49053744493392, -8.22965900079302, -6.5599011212147955,
-6.6702234784913, -7.149242157208319, -5.407139709122961, -8.43019867549669, -6.918705353205752, -9.902382212811009, -5.887096204766108, -11.783894273127752, -5.572720063441712, -13.669003266531297,
-6.7999646674322065, -6.692421572083188, -4.257170559717938, -5.386172185430467, -7.711156186612576, -6.914134462678663, -10.561694616063551, -8.31266960352423, -5.237747819191117, -9.412695329743094,
-9.761116509142303, -6.136623193514277, -7.62330542089026, -8.842172185430465, -7.680677308404622, -11.785283218634195, -6.954704324801411, -10.558308370044053, -8.496114195083267, -8.535499249580651,
-13.699143185230987, -10.308917870990483, -9.496765094755398, -6.16434437086093, -10.492353823088456, -12.250291159343563, -6.558164165931154, -5.716863436123347, -9.249801744647103, -9.153350401695066,
-5.487289108735978, -8.344589354952417, -8.659039224327898, -11.329271523178813, -10.01231149131317, -9.498358920063525, -9.646601941747573, -11.197744493392069, -7.095321173671688, -7.414213825373003,
-7.441038777493152, -7.925837151921043, -11.872860290877039, -8.521748344370863, -7.177775817973369, -3.697194282689253, -2.890167696381289, -7.186044052863436, -7.1105471847739885, -7.261657985344752,
-7.860789682890204, -6.70003524850194, -7.684230938739533, -5.187814569536427, -10.225663638768852, -7.09708840656432, -9.166178287731688, -11.677321585903082, -10.76478984932593, -3.920685088726053,
-11.592756823602157, -7.126401127952064, -5.559453503746143, -7.774092715231788, -2.8192962342358228, -5.1836950767601895, -10.20328331862312, -10.931312775330394, -8.617922283901665, -7.6201642094111435,
-6.799964667432206, -14.245188579485369, -5.978316438959895, -7.4155231788079465, -11.467677925743011, -7.295288512440445, -5.071138570167696, -9.11957709251101, -11.061697065820773, -6.948918513286837,
-8.23474958042576, -9.768346845259076, -10.471573380343767, -7.240052980132452, -4.167986594937825, -10.070089994706196, -6.527661076787289, -11.38805286343612, -7.582553528945281, -7.597280833406904,
-6.9449695256602775, -8.611068029608743, -7.539532833847509, -13.63327152317881, -8.442649263603492, -6.342403388035998, -14.63385701676964, -10.071118942731276, -11.160666137985723, -10.419563873929553,
-3.7167034714247857, -7.674585830102222, -11.202679594535038, -6.774675496688744, -6.636775729782168, -15.055584965590263, -10.660829655781109, -8.723735682819385, -9.462965900079299, -7.795603425443631,
-5.334652415864325, -11.527106097990837, -14.233724107536363, -7.331602649006623, -4.708986683129025, -7.554473266278454, -9.059417475728152, -8.822696035242293, -10.224266455194291, -6.125116977134281,
-5.441498100874481, -7.621290095170958, -8.506725429704717, -12.198993377483443, -9.707522709233622, -6.601588141874006, -10.16515445719329, -6.828264317180617, -5.5346550356859625, -8.321921073541098,
-6.3725819273915745, -8.024814945364824, -10.570577346848829, -4.943682119205301, -10.637128494576244, -8.705558496559027, -13.428984995586939, -14.943013215859029, -8.442823156225218, -5.514893617021276,
-5.91467184877661, -9.791187874515332, -7.6842309387395344, -8.079258278145698, -8.82363524120293, -6.098464796188458, -11.537793468667255, -6.363911894273128, -5.298651863600316, -4.317330272799506,
-13.065700909813621, -8.961297144871342, -6.930277655354782, -9.460132450331127, -6.469141899638417, -7.447750132345157, -9.326319505736981, -11.997039647577088, -7.064869151467088, -9.420323121744508,
-10.17323557989577, -6.174691575608037, -5.09489643014544, -10.863894039735099, -9.798959343857486, -9.391635786130225, -6.794563106796116, -6.135541850220266, -8.716891356066611, -3.7452458726935647,
-13.668615846656655, -14.092915051110328, -6.922661965623626, -4.928423841059604, -11.04587202197221, -2.736686077289571, -8.42647837599294, -8.305057268722468, -5.0321966693100695, -10.77044230599453,
-10.318240438123837, -9.654141698977794, -5.003508153371531, -8.49123178807947, -6.796789840373933, -8.13382742191636, -8.304466019417477, -6.72930396475771, -11.556542426645516, -10.091568817868815,
-5.929935518063776, -8.862319351427566, -9.146443367122084, -7.636768211920529, -7.574001234676782, -7.379142403388035, -10.599823477493379, -12.8800704845815, -10.818080888183978, -9.359300785733206,
-7.128133557106263, -3.570814240394784, -12.558272366681361, -2.342145695364238, -5.531916394743804, -3.636209634727369, -8.464607237422772, -7.1327577092511, -7.5749405233941305, -9.000794561666819,
-7.34182492712658, -5.31434614028904, -7.212058175407669, -9.132079470198677, -8.076902725108035, -7.851773425092641, -7.496134157105032, -13.397709251101322, -5.283425852498017, -4.881786880904035,
-10.386926949916084, -9.433345082833977, -15.018140149845747, -6.52291390728477, -5.204268454008291, -8.812281630492325, -8.052815533980583, -10.071118942731273, -8.496114195083267, -8.71093846561314,
-9.303206430527338, -7.857314064152274, -7.402450418686645, -6.95014569536424, -11.894382220654382, -6.654949708840659, -7.938428949691086, -10.284264317180616, -6.707057890563045, -5.430987905005739,
-9.875594028796042, -9.341980965808952, -6.54187747906567, -10.207788079470202, -11.978199135726253, -8.28628904182107, -6.367519858781995, -10.61920704845815, -2.6569389373513075, -13.341008210470559,
-7.8607896828902035, -5.146845259076491, -8.506725429704717, -9.91025165562914, -11.62769203633478, -7.813658020116462, -10.203283318623125, -10.033057268722464, -8.23727200634417, -7.986298225478946,
-12.073562406147868, -5.337187169545294, -12.603966505068312, -5.286993377483445, -8.191198518387864, -9.384012705134994, -7.02333627537511, -12.666925110132155, -7.331324345757335, -6.941290721285424,
-9.074251391219859, -7.240606274233345, -5.711767298369327, -7.903788079470199, -9.021747949554639, -6.571095817893066, -8.647625772285965, -6.729303964757708, -7.140999206978587, -10.70941996998323,
-8.257645084356508, -9.349594642227704, -4.32571176729837, -10.497695364238414, -12.991621836140755, -9.284912652196931, -11.469161518093559, -8.967330396475768, -8.32101506740682, -8.825355345634328,
-11.455383800017668, -12.082904476559747, -7.69946231820185, -7.04169536423841, -10.926677837551813, -11.892006352567497, -9.623724624889674, -8.921656387665198, -11.609833465503565, -5.217409728966187,
-4.670682801872627, -9.04504758547762, -12.314570295284268, -5.920211920529801, -3.726042860922479, -13.325145579671783, -7.053839364518977, -9.705726872246693, -7.072482157018239, -6.437856449192197,
-2.9916791802844274, -8.862319351427567, -5.734614367562805, -6.347443708609274, -8.587423935091275, -9.002858655373213, -7.587643424536628, -10.847577092511013, -10.766964993769117, -6.643806833230335,
-7.448670612136739, -6.342192456820585, -8.978898193036581, -9.429615894039735, -9.882776258929365, -11.564213869772367, -5.421924095322152, -9.72856387665198, -10.962727993655825, -7.70406992142668,
-9.097146895150605, -5.162072611913995, -5.719382988100485, -14.213086092715233, -10.46949466443249, -6.388141874007409, -10.813345101500442, -9.850361233480175, -9.561934972244247, -5.514893617021276,
-13.958625563112799, -7.385266126189635, -11.255989422653155, -8.03348344370861, -8.549325337331334, -7.889888830068819, -11.126001765225064, -5.062202643171805, -8.069785884218874, -5.247920896971837,
-5.945199187350941, -6.661966866408179, -13.357919788453067, -12.130331125827816, -5.6385924684716455, -12.044467972472207, -7.618146513680495, -8.731348017621142, -5.146391752577318, -8.703310673611723,
-7.082342549244768, -7.666972153683469, -6.625650066108419, -6.027019867549668, -6.743451803510011, -15.38337744838539, -8.952656663724627, -10.261427312775332, -5.473750991276763, -6.933662929284014,
-9.639007154844977, -11.19971801198449, -6.869352137505509, -6.591576158940399, -6.469141899638416, -8.537850714663843, -8.068067078552515, -8.480140969162996, -9.417287866772403, -6.9641740972896615,
-8.654500485822807, -3.5403595347197747, -8.940819744380784, -6.94251655629139, -7.497804039156893, -14.361884595023822, -10.660829655781113, -5.633127753303966, -4.278509119746233, -5.385221152997263,
-9.16583340694285, -4.3854776172012695, -4.333327457029529, -9.620344370860929, -7.1091983420054685, -11.686183165696137, -9.234810238305382, -8.769409691629956, -12.713719270420297, -9.586500018918136,
-10.852468863174632, -9.08311596757138, -5.894543851917145, -8.735364238410595, -4.884240232824764, -4.802541026998412, -4.9338746690203, -10.961762114537443, -8.648374306106264, -10.770442305994528,
-3.08326119600742, -12.615861825872402, -15.985332745702953, -4.0281854304635765, -5.691930505335568, -10.29878242456326, -4.369567519858781, -14.067594713656389, -10.67343378271213, -7.551514081398429,
-7.013656037452521, -13.643708142403945, -7.294742806774541, -7.354490066225166, -7.505423758708882, -5.709687665431447, -12.201235657546333, -8.525814977973566, -6.120856463124501, -5.537776993025514,
-9.92138503665754, -7.0502643637645415, -12.80197443807845, -11.657324503311262, -7.330170209013142, -12.128321863419801, -7.23685789938217, -6.051806167400881, -7.74242664551943, -7.048079809305198,
-8.91398286370462, -7.050264363764541, -9.420608197443809, -9.902622516556296, -8.015944968692128, -9.132451032292218, -9.50171226831421, -13.610854625550662, -8.343854084060268, -10.541608545952151,
-6.067308541648264, -12.730066972153683, -9.877549581313357, -6.12619867549669, -10.416156627568572, -8.8503970354685, -9.944007060900264, -5.7016387665198245, -8.214432989690719, -4.767370000882846,
-2.4116597473721395, -10.354599929502996, -8.704733362714851, -8.361536423841061, -11.208607460975397, -13.950238221281102, -4.613592233009709, -11.624035242290748, -11.30531324345757, -9.488973249757219,
-6.410741100609486, -9.70743743390906, -9.877549581313355, -9.627973509933778, -6.994902548725635, -4.3756484912652205, -6.054863195057368, -3.3189779735682823, -3.82172878667724, -7.620164209411142,
-7.685257486087801, -5.7711667254141705, -6.10016747465844, -11.985377483443711, -7.878790016756327, -9.223928004235042, -8.350220653133274, -15.437814977973568, -7.894686756542425, -9.58050675377417,
-4.62489179401113, -8.847091998590061, -8.362027324812695, -7.903788079470197, -12.915424640620868, -10.06246691371096, -10.31766990291262, -9.766625550660788, -10.132910388580488, -5.865772049086254,
-7.23497924211642, -10.263235812477967, -9.352066989863376, -9.391470198675496, -5.608113590263691, -5.023610375860243, -8.441729920564873, -7.307841409691631, -12.492942109436951, -6.7505959212501105,
-10.944050878897624, -11.930630948184703, -4.775037461436756, -7.262940397350993, -16.130946291560104, -3.6264085305906373, -9.524589585172107, -9.956933920704849, -6.904996034892943, -3.409623024631413,
-5.632293966964051, -3.570814240394783, -11.377840458351697, -5.935470198675497, -8.153099920627922, -5.58009528851244, -10.508314210061785, -10.071118942731273, -5.237747819191117, -8.00155380948177,
-8.623973147248476, -8.177088473739868, -8.316333186425739, -6.912000000000002, -5.745268542199488, -5.938380095288511, -7.717281553398057, -7.597110132158591, -5.291038858049166, -12.112933698243138,
-8.173694903277099, -4.73570673246387, -7.615689731159102, -7.369748344370859, -9.387494488050095, -10.07771307570143, -5.460052956751985, -7.414414096916301, -4.697224425059475, -10.419563873929551,
-6.7999646674322065, -4.926048642932675, -8.933204054649627, -9.08630463576159, -7.132057500661434, -6.761672842773955, -12.864677846425417, -8.997779735682819, -7.833782712133227, -4.469886112827757,
-4.388304920060066, -9.060274938315121, -10.235486998677834, -9.917880794701988, -11.810565305582507, -10.672313393329805, -10.393927625772283, -7.985339207048457, -4.918001586042823, -13.722397810541189,
-7.868421517533786, -7.598449065914697, -6.222018510356987, -7.461298013245032, -3.832718934650322, -8.804658549497084, -4.1560458958517215, -7.55904845814978, -5.16161776367962, -7.101474353315087,
-8.311067926861584, -12.402678886147335, -10.616271485235785, -6.980662251655627, -7.5663815151247915, -7.638327157226046, -8.113821712268315, -9.43168281938326, -8.602696272799365, -6.445484241193608,
-5.594134793746137, -8.268452590764891, -9.359682679594535, -10.734198675496685, -7.177775817973365, -9.018104817363684, -4.262806707855252, -12.035101321585898, -10.193814432989692, -10.976392690032668,
-16.332126137267025, -7.179696862883331, -6.427642133098282, -4.272317880794702, -10.492353823088457, -11.930121757543672, -6.024360105913503, -12.027488986784137, -4.636320380650275, -5.6979606250551775,
-6.288631746312163, -7.362425096933382, -9.214984574702514, -9.551682119205301, -5.935761530999205, -11.152567496029643, -5.322789055604587, -9.583929515418502, -6.935448057097543, -9.977151937847625,
-13.554138327002914, -7.370038773352134, -7.029281621859852, -8.224211920529804, -9.631325513713733, -6.136580201164637, -9.311067961165048, -13.450995594713657, -5.770658207771609, -7.459980577381477,
-7.3723522657009095, -8.542544941839973, -3.6250683120317335, -5.508238410596025, -4.914719111032721, -7.623080995235573, -8.93740511915269, -3.1058325991189424, -8.496114195083267, -9.633901297784055,
-9.91375320201396, -9.083115967571379, -10.01463199647422, -10.665536423841063, -7.734015345268543, -6.586341979883537, -8.243459841129743, -11.327154185022023, -7.1029341792228395, -10.35091374591684,
-7.479197950711068, -5.5199154035953475, -8.712349052446013, -10.474807947019873, -9.387494488050091, -5.404764425622024, -5.467678729037951, -14.897339207048459, -6.334020618556699, -4.218168976781144,
-11.19590142213585, -4.088544236869934, -4.592260907888939, -7.796980132450331, -9.745621306993563, -9.940497617787189, -8.289214474845542, -7.726519823788546, -10.612529738302934, -14.24108766663724,
-6.326790919530079, -6.387874515333098, -9.557690612604672, -13.709562913907288, -10.46949466443249, -9.635574377977767, -8.350220653133276, -7.0337973568281935, -7.902299762093576, -11.47219917012448,
-4.548573447575305, -7.309129362002114, -11.743393565447338, -15.365086092715234, -7.093958902901489, -9.323028057173104, -6.307603076535116, -7.467700440528635, -5.534655035685963, -4.797881168888496,
-5.876512675558699, -5.900599224532959, -9.4967650947554, -6.7517880794702005, -9.608466355057764, -7.531604023292746, -3.9501500441306265, -9.911259911894271, -6.318794607454401, -9.549995585768519,
-5.655189470894797, -6.486852308776879, -4.097241075363596, -3.78405298013245, -11.02573419172767, -3.438009528851244, -9.013662842012355, -6.409585903083701, -8.359080095162566, -11.678149554162623,
-10.62351382386715, -5.3371871695452935, -7.973627148523578, -7.392635761589405, -7.642578710644676, -10.169190047644255, -9.189055604589583, -6.645568281938325, -10.209040444091988, -10.640769841970513,
-8.387386273297412, -7.697426859358479, -4.196245041868665, -7.735947019867552, -5.371902284152042, -13.378507146638434, -5.399046778464254, -9.568704845814977, -3.951149881046788, -7.780347841440806,
-11.661443335394402, -5.618893197039125, -8.14117232260908, -8.887947019867552, -4.25942322956169, -7.363896241397565, -11.995339805825243, -8.49536563876652, -8.38953211736717, -8.085459521497308,
-8.944510202278952, -6.014804370814241, -9.146443367122082, -7.2934569536423846, -6.088155922038981, -11.29740603493912, -7.763036187113856, -8.761797356828193, -6.4101506740682, -11.861216562196526,
-9.11241056443777, -5.6721889319703935, -12.992366681357424, -6.919629139072849, -7.093958902901491, -8.17956590788777, -11.865701676963814, -8.213709251101323, -8.024107850911976, -6.89552396927695,
-11.012737390689868, -3.4566090941135004, -8.834200088144557, -4.760582781456955, -5.829085457271366, -7.371519322392799, -3.027431597528685, -5.800599118942732, -7.133386201427438, -15.881062946940942,
-7.555516297146893, -7.682199506520971, -13.426460996033493, -5.569271523178808, -8.838874680306908, -8.362519851773424, -5.116893203883494, -8.16803524229075, -6.174147501982551, -3.07400017656926,
-3.7167034714247857, -12.844272118434965, -10.410647862494494, -4.836874172185431, -6.682494047094099, -6.8607728957120155, -12.376628420123565, -7.70368281938326, -7.255194290245836, -9.618645713781232,
-8.417913611871745, -8.512090236164962, -14.203261348611727, -6.644980132450333, -13.31165005732428, -11.198305982001056, -10.271915269196825, -8.853145374449335, -7.909912767644726, -8.085459521497308,
-7.448670612136738, -6.966513923158266, -10.364953724107538, -5.24121854304636, -11.757227268718585, -7.668819481206986, -7.862171226831421, -5.9680704845814985, -5.443298969072165, -6.582784497219036,
-8.173694903277093, -7.408107155445893, -11.19506390480388, -7.4460397350993395, -7.5663815151247915, -7.798411858125991, -10.210909090909091, -9.04345374449339, -6.6537668517049955, -13.081663282422534,
-8.936878367635368, -4.195135706732463, -7.379603349493168, -8.178437086092716, -10.934297557103804, -9.23155108523028, -8.12144748455428, -8.343118942731278, -4.5601903251387785, -15.774273858921164,
-9.661902658775727, -9.913006697215367, -7.105438519171442, -9.727152317880796, -9.958973454449247, -8.240550555849655, -11.774192409532217, -7.505762114537446, -8.88437747819191, -11.716288514169683,
-7.4486706121367385, -12.15904124074727, -8.369643014543852, -10.657907284768214, -10.096128406385045, -12.326521969295925, -9.486460723742278, -7.155594713656388, -10.399365582870736, -6.788734881257173,
-8.318699761505167, -7.522312301727178, -12.428805641251655, -11.138543046357618, -6.194831995766822, -6.380518793012175, -5.223654015887024, -8.198484581497798, -8.039333862014274, -6.193767105146993,
-6.601536966699056, -11.664152273528375, -7.95839576906126, -7.949562913907285, -6.97966310962166, -8.339650608787718, -7.846919682259488, -8.396405286343613, -5.664076130055512, -5.91153880109473,
-9.722957335924388, -5.2305956996827625, -3.6859938298810055, -2.9829933774834436, -17.15198871152659, -14.186553732133406, -4.560211827007944, -8.099524229074891, -5.466137985725614, -7.932903681469058,
-7.349456761770162, -12.242791681353541, -13.74631996474218, -6.614463576158941, -3.268859687803157, -8.81990471148756, -6.695428067078552, -6.866325991189427, -3.364948453608247, -7.76509225743798,
-8.807137178694465, -7.819245682058512, -11.172216835610403, -4.958940397350992, -3.7870006173383888, -7.7069348861831655, -7.95368049426302, -9.165251101321584, -7.278033306899286, -16.407380595038408,
-6.021517533786768, -11.98392668311597, -10.296412516527106, -6.8509668874172185, -8.656001411059178, -5.488618316569614, -5.490556045895852, -10.421286343612332, -8.100237906423475, -8.238015361525557,
-4.808055825457117, -10.346986253084241, -7.2196738651388275, -9.315178807947019, -9.37225504894612, -9.010481736368446, -12.658781994704324, -7.5971101321585905, -8.191593973037271, -8.207504193519906,
-6.189417895945589, -9.943461402890375, -7.844160423093874, -11.565774834437088, -9.433212805362027, -5.099841185812598, -4.544960282436011, -10.801903083700441, -5.747819191118159, -10.701792177981817,
-8.24238141506934, -7.035037010927036, -9.603384750991628, -10.573986754966889, -11.825804744686483, -6.78454208575966, -10.653203883495143, -6.48570925110132, -8.655987311657414, -7.238774609340513,
-10.592986485292819, -7.202537892139587, -9.093133539003968, -13.198410596026493, -7.894029455860306, -12.326521969295923, -8.03756398940865, -5.503718061674009, -8.435210150674067, -8.215131985521321,
-6.830492006006537, -6.783785689108213, -10.768585279858971, -8.5598940397351, -13.243072581356387, -7.203811540497617, -7.137722859664606, -5.617903083700442, -10.551625693893731, -8.36768782554957,
-8.593445808674147, -8.085724356714842, -9.542459233142354, -9.894993377483447, -5.844324896375341, -7.285487408303713, -10.401553398058251, -10.908475770925106, -7.6739095955590795, -8.802471969630089,
-7.425775108205991, -13.392456820585124, -7.371987659762009, -5.203072847682121, -6.171972837110859, -5.580095288512441, -5.772709620476609, -8.670449339207048, -11.784932593180015, -11.92986669020924,
-15.950534405087893, -9.973916108565383, -12.177487880123406, -6.507655629139076, -9.86753681982538, -9.696559025939646, -8.045189761694617, -6.668405286343612, -8.153528945281522, -6.361578529178071,
-6.876283013868032, -11.001762425096933, -7.539532833847511, -8.43019867549669, -5.524296675191816, -11.312652196929593, -7.04621359223301, -4.9784669603524225, -9.706582077716098, -9.36692857773462,
-9.791643847716633, -7.758336270708495, -4.934966945791099, -8.903205298013246, -3.4974512743628186, -10.664690312334569, -7.213980582524272, -9.370784140969164, -11.442347343378266, -16.750631235101974,
-9.058987721932692, -7.347197744095877, -8.415337152930807, -9.116821192052981, -5.097592380280448, -9.78803599788248, -6.390397175639894, -8.42685462555066, -6.288342585249802, -7.543886289397017,
-8.49423195830757, -11.108353894959466, -10.882820625826357, -8.5598940397351, -12.153452685421998, -15.086077289571199, -7.747784642541922, -3.3874889867841413, -8.922442505947659, -9.069444689679528,
-8.463704619733239, -9.814028903771591, -4.9197355663287805, -11.13091390728477, -6.3167475085986435, -9.109581789306509, -9.082294792586055, -8.038625550660793, -8.629885578339184, -8.688055089608898,
-7.227347407472837, -7.545153330983436, -8.453415601586604, -6.767046357615895, -3.2917188464591236, -4.97787188988883, -5.894721977052075, -9.462132158590304, -9.120380650277555, -8.276154321532623,
-8.669764155109972, -9.913006697215367, -4.584645218157779, -7.369748344370861, -9.798959343857486, -9.498358920063527, -8.01468667255075, -6.044193832599119, -5.983822363203806, -8.276154321532623,
-5.807826163766451, -9.981529784984136, -4.820731599823713, -6.644980132450333, -6.423423582326484, -6.464372683959767, -5.68882612533098, -10.916088105726867, -4.925614591593972, -4.378352608810806,
-7.853157848246621, -4.735706732463872, -5.376676950198326, -7.652026490066224, -8.090509367165158, -8.354896770778192, -10.889602824360107, -10.253814977973567, -5.603172085646312, -6.453112033195022,
-4.311986573624239, -7.240606274233346, -4.516104010577347, -6.126198675496689, -5.051874062968517, -9.239174166225515, -5.8260900264783775, -6.089867841409693, -8.435210150674067, -6.765851505252935,
-6.998392368165357, -4.857525555163907, -11.652005288673426, -7.339231788079473, -9.29605785342623, -7.196188459502381, -10.615075022065314, -9.621991189427312, -11.221570182394926, -8.199876401518496,
-7.937108029326031, -9.22777581952767, -7.798466284706921, -9.132079470198676, -5.62335302936767, -9.521228163049233, -4.827113857016768, -6.074643171806168, -8.039333862014272, -10.251752449898476,
-3.846444660365692, -7.04265068734579, -8.613345085940942, -14.380927152317884, -9.577987476849813, -12.623822128110112, -10.698958517210944, -7.239330396475771, -6.037113402061854, -11.45694358612166,
-7.425775108205991, -6.349806133239339, -11.598695460555316, -4.57748344370861, -7.993085810036158, -7.56209634727369, -6.405648720211827, -11.311929515418502, -11.099762093576523, -6.270045025161121,
-9.967176044519038, -9.258230525202679, -8.765658880564125, -8.971867549668874, -8.305494311667696, -8.271042879830597, -11.606425419240951, -8.830308370044053, -8.183980967486121, -8.489732497572172,
-11.218796926066602, -5.832076136764188, -7.044513001322169, -6.133827814569536, -4.754705000440956, -9.757543673901536, -12.163106796116502, -7.45247577092511, -9.874068199841394, -4.897042464906859,
-9.364261107676002, -11.20733168840324, -14.012869105332749, -7.064582781456957, -8.061663286004055, -6.754049761778719, -10.874351279788174, -7.924440528634361, -6.904996034892942, -7.337935905358877,
-13.722038689161732, -11.519492421572084, -10.037479065667696, -10.368000000000004, -8.610283093747245, -4.467125463208047, -9.661853486319503, -9.157638766519822, -8.33624107850912, -10.244124657897062,
-6.174154226658422, -9.02220655622136, -12.626813574261792, -12.473642384105963, -7.45208572184496, -7.966119640021175, -7.724907325684024, -6.432422907488985, -3.0604282315622515, -6.4683676171978455,
-9.364261107675999, -8.892774057102574, -5.734614367562804, -7.964821192052981, -8.084522444660024, -8.187188988883007, -6.840317740511916, -8.807471365638769, -8.039333862014272, -7.406586033371592,
-6.296263580955746, -10.248008459640467, -7.524301454385194, -2.7922649006622517, -5.547155833847783, -9.955743779777658, -11.530167696381286, -7.696070484581499, -8.168754956383822, -7.498119537388542,
-9.020828548714778, -3.2358124779696866, -6.937893345085942, -6.576317880794703, -7.9778463709321805, -4.024986765484384, -4.674598411297441, -8.78463436123348, -9.3563838223632, -5.1106206409464106,
-5.563607455171806, -8.237997885089884, -7.9431643895989446, -9.48301986754967, -7.2615927330452426, -11.907252514557968, -7.614878325557936, -4.476052863436124, -11.777319587628861, -10.663653217974753,
-6.364950092747991, -10.68960169192809, -9.710004407227853, -5.943099337748346, -11.452438486639037, -9.185812599258865, -9.699982347749339, -7.718907488986785, -7.01157811260904, -8.98553897766399,
-3.5793304478402956, -7.370038773352134, -6.305791097399737, -7.987708609271524, -6.271029191286712, -3.773425092641608, -16.906337157987647, -9.88081057268722, -8.572244250594766, -13.058779906418296,
-16.828195389099903, -5.991963341557982, -4.173397972675189, -10.223046357615894, -8.412170385395537, -8.06521969295924, -6.115869373345101, -12.918132158590304, -8.366693100713716, -9.290650657720494,
-8.913982863704621, -5.710257314064154, -12.185103569854562, -9.795814569536425, -8.008325249140139, -7.020857596611963, -7.488508384819066, -7.254555066079296, -9.280253766851704, -3.7147347046879147,
-5.670453140181963, -15.06746563271061, -9.055055090348173, -7.858013245033111, -12.25250903959785, -7.623080995235575, -7.046213592233008, -12.57557709251101, -11.221570182394922, -9.366928577734619,
-8.356858934723082, -13.118364469510047, -8.339180255619217, -6.454251655629139, -7.467325160948937, -3.826786659608258, -7.2978640776699, -7.26977973568282, -6.729896907216495, -9.633901297784057,
-9.432947619468246, -7.842086711314769, -10.875204936095198, -11.703099337748345, -5.524296675191817, -9.574589730015878, -9.9135039717564, -9.28704845814978, -11.647898493259314, -7.498119537388541,
-8.532391131525484, -7.941064504758549, -6.024010577346851, -9.429615894039735, -6.034817885175059, -4.497617787188989, -7.0919682259488095, -6.432422907488987, -7.2171292624900865, -5.652193873046703,
-5.472025439448814, -8.900387733521324, -6.884583516967828, -6.3398145695364265, -11.841044183790457, -6.997988353626257, -7.7325330979699896, -3.006872246696035, -5.565107057890563, -10.41193608192814,
-15.225510113947529, -9.037433909058867, -7.448144557073601, -10.795231788079471, -7.436846282740983, -7.623080995235575, -9.898252427184463, -8.480140969162996, -7.399841395717684, -15.026750242782736,
-9.661902658775729, -10.034825519915405, -5.58991626267078, -8.933721854304634, -7.513043478260871, -7.280042350449974, -10.271915269196821, -12.164511013215861, -9.105154639175256, -7.437097201377241,
-4.113558872891087, -6.212759957701802, -11.796703393565448, -7.842754966887417, -7.612099832436725, -8.14907358390683, -6.912217879208169, -5.907171806167401, -7.247581284694686, -10.991648274035496,
-8.089744722197686, -9.288685230877688, -4.683649184662849, -13.26707284768212, -8.983649351794696, -8.53022763366861, -4.773733451015004, -9.142414096916298, -11.754480570975419, -6.448208452622683,
-11.546965815740661, -7.0121959816707795, -10.60865579550463, -3.639099337748344, -10.012311491313168, -7.7145579671784015, -6.558164165931156, -5.838660792951543, -7.864234734337827, -8.81827239591873,
-9.341365603745253, -6.80662671836447, -3.449907448215073, -6.8967417218543074, -10.339959432048682, -7.089465325569084, -10.424430714916149, -5.846273127753303, -9.044250594766057, -5.820005297077781,
-9.013196714071197, -10.64391963341558, -9.374914059056856, -9.261774834437087, -7.977846370932181, -6.868395976707253, -6.337016769638127, -5.191612334801763, -9.54670896114195, -7.719325505429506,
-7.8989488561081185, -8.885160380683821, -7.912701630674306, -6.2787814569536415, -5.08997266072846, -8.94187400741133, -5.45242718446602, -8.449691629955947, -8.869151467089612, -10.099196609870225,
-5.670453140181962, -9.418117729996476, -6.130630233583077, -8.811655629139073, -9.494170561777938, -9.429751191106407, -5.460052956751986, -7.155594713656387, -9.790325138778742, -5.949677761101794,
-11.63091599682007, -4.789002467395136, -10.593424416042312, -8.048741721854308, -10.065649528177094, -6.182318687136051, -10.04314210061783, -8.099524229074891, -7.6206185567010305, -13.806303522556727,
-12.043035067573536, -5.4209376101515705, -8.64380784486558, -7.9953377483443715, -13.006861275244734, -11.617575436739019, -8.6171226831421, -13.085603524229077, -4.088183980967485, -5.0114593449280465,
-13.195442098754524, -6.547761720126894, -10.486804759806086, -11.59629139072848, -9.288438133874244, -7.897511911064055, -5.72695498676081, -10.444123348017621, -15.880729579698652, -10.450075041935202,
-6.395477431322323, -8.8090236164963, -14.210877038342886, -6.149086092715232, -7.68829702795661, -9.361143462149284, -5.543936451897617, -4.415154185022026, -12.08183980967486, -7.360819281363114,
-9.92901687130112, -15.402467395135709, -6.199171441163509, -12.115072847682121, -8.358832348531616, -6.571095817893066, -6.329390997352163, -6.843488986784142, -7.07248215701824, -10.541608545952151,
-10.417454288490413, -5.679802608389144, -6.541877479065669, -10.368000000000004, -8.93793103448276, -7.836527263102171, -2.8062842012356577, -7.985339207048458, -7.1638382236320375, -9.88561843383067,
-5.700980478756295, -8.534931265421221, -8.316333186425739, -8.529377483443708, -8.480747861363437, -8.06957573924223, -8.418852603706972, -7.909215859030837, -10.346074544012685, -7.780347841440806,
-6.998392368165356, -10.339372576665491, -10.463957690612608, -6.980662251655631, -11.505776523502957, -9.650820539968237, -9.707608120035305, -9.469744493392067, -7.331324345757334, -12.753668226361793,
-8.29580425757442, -3.7763835037010933, -3.1072014103129137, -13.004957426679283, -6.697733486198078, -8.987612493382743, -7.862171226831421, -9.583929515418502, -8.14591593973037, -8.283782113534034,
-4.846214998675029, -5.580824814945367, -11.278836491846631, -6.8662251655629145, -8.87697327806685, -10.323829690690463, -7.4122506619594, -10.162466960352422, -12.089452815226007, -11.28150437008917,
-7.883685186820954, -4.5605921748325695, -7.265368003525784, -7.842754966887418, -11.025734191727668, -10.428374801482265, -11.064995586937332, -8.27460792951542, -11.762093576526569, -7.711697713428093,
-5.0904337072696775, -10.47641875220303, -7.387219039224329, -10.207788079470198, -10.644748214128235, -9.109581789306507, -5.780335392762576, -12.370044052863433, -9.386835844567802, -10.541608545952153,
-14.012048405617879, -7.35481142051463, -11.111291317761129, -5.744741721854307, -13.654537437163775, -16.656431974589726, -8.72388349514563, -12.979030837004405, -8.777795400475812, -5.827633089079191,
-10.364031445985338, -7.758336270708496, -10.258334067871308, -9.261774834437087, -13.227833142252404, -8.240550555849657, -11.880953221535744, -13.199788546255508, -10.13291038858049, -7.200635649333452,
-4.792792156169952, -10.019598167077898, -8.506725429704717, -8.979496688741724, -8.313114031219687, -13.630068819481208, -13.093451015004414, -6.059418502202645, -7.986042823156224, -9.816968305817962,
-11.95145305185054, -7.4081071554458955, -7.912701630674307, -7.201907284768214, -7.1549166593174025, -8.667443091582847, -7.107219770520741, -8.404017621145373, -9.173671689135604, -13.539330802507283,
-10.921155374966874, -11.938244624603453, -3.9830057293962104, -10.33748344370861, -11.13241026545551, -13.530968766543142, -9.425454545454546, -11.068334801762113, -10.74195083267248, -7.292169153350403,
-7.00602420280894, -7.248219950652099, -8.857047157338036, -11.23772185430464, -9.730381867889587, -7.943250397035468, -10.92773168578994, -6.516158590308369, -7.6206185567010305, -4.256307936788207,
-5.754403321261374, -6.753330983433206, -5.719382988100487, -9.589827814569539, -8.83887468030691, -5.435256749602966, -11.293768755516329, -9.91125991189427, -10.597303727200632, -9.725434801801008,
-6.2123133998763365, -8.633909058864997, -8.514341119435876, -4.592741721854306, -9.42559308581004, -8.583589200635254, -8.38072374227714, -8.723735682819385, -11.975257731958761, -10.114452193873046,
-4.678314636516211, -5.238209376101517, -6.656112825033055, -9.10919205298013, -7.253973013493255, -8.553096876654315, -5.2312797881729916, -6.607506607929515, -12.180808881839807, -4.164774432771255,
-9.097146895150606, -9.029820232640112, -10.966593212869107, -6.789933774834438, -7.375888526325072, -10.169190047644257, -9.19668137687555, -10.116792951541848, -10.840919904837428, -11.334898914099059,
-9.020828548714777, -7.918223475502291, -6.953124724548258, -5.546384105960266, -4.548972572537261, -7.523980942297511, -7.724907325684026, -9.918872246696033, -5.6336241078509115, -7.147241105323563,
-8.082112887554102, -6.167077899189286, -4.082009695901279, -12.359205298013249, -14.789875650410089, -6.70068819481207, -4.163671668137689, -5.663577092511014, -9.348770816812051, -4.027474176745829,
-8.76897800547655, -11.032217130771942, -8.56765094755399, -4.569854304635763, -8.915071875826792, -12.166437268395976, -10.79046778464254, -5.404757709251101, -8.031720856463124, -6.735340337247285,
-7.212083738185673, -7.309129362002115, -10.981824592331428, -4.264688741721854, -6.027198165623073, -5.381895182636316, -8.113821712268313, -4.86428193832599, -6.387311657414751, -8.596521585591951,
-10.592986485292819, -6.022418047232993, -5.353829881004848, -10.818119205298016, -8.899832436722818, -7.188565378507146, -12.361376875551631, -8.533427312775329, -7.605392545598731, -10.922998146022785,
-7.753943997880046, -7.961730197895162, -12.97713530189511, -7.156132450331127, -9.372255048946117, -6.640248052635558, -6.512409532215357, -6.927224669603523, -17.075971451229183, -9.450834289750158,
-7.418143273562407, -8.748114205146281, -10.852357866901718, -5.744741721854305, -7.132057500661434, -11.861514028586553, -6.199752868490731, -11.304317180616739, -7.179064234734338, -6.369206321179482,
-6.067308541648265, -9.973916108565387, -10.837126487439399, -6.675496688741725, -7.932128053620253, -10.199682371625197, -7.183477493380404, -13.32919823788546, -7.894686756542426, -5.469126865012801,
-6.258104407737833, -9.380049347902714, -8.735196121639492, -5.782887417218545, -5.531916394743804, -10.939121228163051, -10.317669902912618, -7.4068017621145374, -10.84853291038858, -12.006144610223362,
-2.15980920413391, -6.981741275995771, -8.56765094755399, -11.512370860927154, -4.587071170297206, -9.612705134992058, -2.928296557811121, -7.855929515418501, -11.89912767644726, -5.110620640946411,
-8.188958572564262, -14.458371519210434, -8.506725429704717, -9.063417218543046, -8.915071875826792, -8.438750661725779, -12.384254192409534, -4.765321585903084, -8.206819984139571, -9.389811953738855,
-6.303895415599328, -10.392668311596756, -16.08433671220802, -10.352741721854306, -16.481453390951586, -8.911381683430385, -7.274986760812003, -4.31619383259912, -5.1692307692307695, -6.414973073187957,
-11.592756823602153, -8.481635530489955, -9.161674746584401, -12.22188079470199, -6.248170032630744, -9.83377448385389, -4.9796293027360985, -11.060722466960351, -8.21443298969072, -11.571360466142844,
-10.012967052380533, -8.885160380683821, -9.968937858087262, -6.545801324503313, -11.307663815151251, -9.140074113287456, -11.309020300088259, -9.043453744493393, -9.874068199841396, -10.228869073894241,
-3.5335394399788007, -8.626295382446244, -9.16929043631556, -6.69075496688742, -6.705353205750064, -6.754049761778719, -9.006037069726387, -10.033057268722464, -9.188897700237906, -7.185380065330626,
-9.142937903012099, -7.5146986253084265, -11.301683561040107, -5.56927152317881, -11.528635682158924, -8.347273689782956, -12.81892321270962, -11.433726872246694, -8.465662172878668, -8.176993025514259,
-6.44126843918382, -7.027423334508283, -13.266531511679155, -12.046410596026496, -7.017761707381603, -8.789412387506614, -3.6679964695498684, -11.99703964757709, -5.5879460745440115, -8.12359848150437,
-12.989382563377797, -9.136411702502643, -9.65669457910974, -11.993006622516559, -10.103748125937033, -9.643197458973, -4.117917034421889, -8.761797356828193, -9.531482950039647, -9.72543480180101,
-7.364720431057327, -5.101163200563976, -14.629739973556635, -6.0575364238410625, -13.730734632683658, -9.35352038115405, -6.161624007060899, -6.927224669603524, -11.685963521015065, -7.948159265471882,
-10.119812737390692, -6.090941135001763, -4.889272807404143, -10.055205298013247, -6.949184231413706, -7.0056114346214935, -5.147396293027362, -6.569444933920708, -11.031245043616176, -6.628551249227509,
-5.586502959102555, -7.012195981670781, -8.20971353018951, -7.102728476821194, -2.476408854396331, -7.798411858125991, -11.728437775816417, -6.325850220264317, -8.983346550356858, -5.903911009093315,
-12.485681476901334, -15.556372425600484, -4.280017628911415, -5.889695364238411, -11.490537084398982, -9.788035997882476, -10.401553398058251, -8.404017621145377, -9.044250594766057, -8.054948353491657,
-8.79950534405088, -4.986958054282694, -5.003508153371529, -7.3010860927152335, -11.78008642737455, -11.449867654843835, -8.716257722859664, -9.987383259911892, -6.684218873909595, -9.961896353844795,
-4.3806730854164835, -2.1927388086006343, -9.1616747465844, -9.109192052980132, -4.724226122233001, -6.975119110640548, -3.591738746690203, -7.650396475770926, -7.963203806502774, -7.9176480974662296,
-10.70746400494656, -6.121395840676772, -11.659620978404583, -8.23184105960265, -6.431043301878475, -9.208681842244575, -12.750291262135924, -7.893991189427313, -4.400317208564631, -4.767370000882846,
-6.0978358802225925, -11.801198449065913, -6.290559717937417, -8.651443708609271, -11.521015962606931, -6.639703546850185, -10.576946160635481, -4.506502202643172, -9.797938144329894, -10.633142049969104,
-7.364720431057327, -13.422911526260133, -9.839471132657563, -9.147337748344375, -5.425240321015963, -7.417257808364211, -10.485436893203882, -8.990167400881056, -8.229659000793019, -8.138854065507196,
-6.89917851779878, -8.801409940077548, -10.227871308946675, -9.353324503311258, -6.865367316341832, -6.327157226045526, -12.635904677846424, -2.4054977973568286, -9.805551149881044, -7.467608369382892,
-2.739828637046197, -5.938667606626719, -5.67368884971353, -9.78055629139073, -5.829085457271364, -4.9397564849126505, -8.556116504854367, -5.937621145374449, -5.2758128469468675, -7.063335393308026,
-5.311756911933575, -8.199929502996122, -8.933204054649629, -7.529960264900662, -6.621536290678191, -7.310534674430914, -5.155022065313327, -13.412933920704841, -8.800634417129261, -10.64839763397193,
-8.059217383623357, -6.517307014451887, -9.055055090348171, -9.383841059602652, -10.301860834288739, -11.770037056643726, -9.074669020300089, -8.000563876651983, -8.960507533703408, -6.224278273152644,
-6.433636604540237, -8.215156855833628, -8.384874394006172, -8.842172185430465, -6.537719375606315, -6.9827421916357855, -7.618146513680495, -12.895295154185021, -9.5086439333862, -9.183861569700717,
-6.471795777758149, -4.887980260838915, -10.700044072278537, -9.94839735099338, -7.185395537525356, -9.795659078877712, -10.149902912621355, -9.020616740088105, -10.201427438540842, -5.70558841705659,
-7.624202808939142, -6.136623193514277, -7.189211106214191, -8.201324503311257, -6.903465914101773, -10.009105346744308, -6.886072374227714, -9.84438011327879, -6.92022204599524, -8.466849121567936,
-9.646638989488562, -9.32675361297145, -7.166364037020715, -3.990039735099338, -6.667254607990123, -10.58845950238221, -7.60289496910856, -5.952845814977975, -5.260586835844568, -13.890209234572266,
-7.3112975885522475, -7.027423334508285, -5.673688849713532, -6.789933774834438, -7.193015257077347, -7.600211752249867, -8.815392762577227, -7.467700440528634, -6.212212529738304, -9.527112209764283,
-5.487289108735977, -8.29129362002115, -7.63092111062142, -6.1872317880794725, -3.703183702266514, -9.033350979354157, -6.832691968225946, -9.888422907488986, -7.947977795400475, -8.752891321620906,
-8.471336454376823, -7.948678181177302, -8.689501983252535, -8.773509933774834, -6.834888438133876, -5.854526204340922, -7.419876434245365, -8.799859030837005, -6.714670896114194, -6.445484241193609,
-8.60107764331773, -3.083538949594642, -6.511414720141032, -8.95660927152318, -6.278648910838698, -11.907252514557968, -3.7671315092674313, -6.158378854625552, -7.468358445678033, -6.803990465259998,
-9.295574595883755, -12.57779344377864, -8.04978404583517, -6.652609271523179, -7.474944880500925, -6.205187930121758, -10.485436893203882, -9.028229074889868, -5.473750991276762, -12.524834466319417,
-9.89848953272679, -9.501868170602751, -4.729343323049801, -3.7611655629139067, -9.311297292530208, -7.661196400211752, -10.340547219770517, -7.315453744493393, -6.570023790642347, -8.314293281539687,
-8.105008391484853, -6.441170250264364, -6.252481269281622, -6.225377483443711, -8.7093394479231, -10.679936474325038, -6.3065136804942625, -6.531383259911894, -6.410150674068199, -8.771960801624436,
-8.524759296881902, -9.973916108565387, -7.04451300132217, -5.63030463576159, -10.439015786224537, -9.353520381154048, -6.031985878199469, -7.345903083700439, -11.137827121332274, -11.167087490067983,
-5.120961045844007, -12.82904476559746, -7.608074041427943, -8.048741721854304, -5.730029103095512, -6.281418740074114, -10.790467784642543, -8.076687224669604, -6.950674068199841, -12.761296018363202,
-8.677395989753558, -15.13598872047938, -12.497346848832084, -5.111523178807947, -5.9205220918952275, -5.641079936474324, -10.615075022065314, -13.077991189427314, -6.547184773988897, -6.628551249227509,
-6.891546683155199, -6.70003524850194, -8.04216835610401, -8.819284768211922, -4.998536026104593, -10.36739015352038, -6.87082082965578, -6.820651982378854, -9.50103092783505, -12.883340690385804,
-3.08326119600742, -6.479238632358128, -11.2102952842662, -8.636185430463577, -7.9353936477139575, -7.562096347273689, -9.173804060017652, -6.759753303964758, -8.899603489294208, -8.886377681645627,
-5.670453140181965, -9.806415227352838, -6.9759717937417385, -7.201907284768213, -4.884240232824764, -13.294653255690843, -7.587643424536629, -7.071859030837004, -9.78814999433556, -5.751355169065065,
-8.242381415069339, -7.164469510045825, -4.698880564125165, -6.866225165562915, -11.627692036334782, -6.898888300688195, -10.401553398058253, -9.028229074889868, -7.392228390166536, -7.787975633442218,
-11.821711862909638, -2.10898836799436, -5.871696782723668, -9.864476821192055, -6.5758179733662585, -11.083959767072525, -7.267360988526037, -6.912, -13.794766058683582, -11.006903858038317,
-6.372581927391573, -4.263658794501233, -8.849431467606877, -6.446622516556292, -8.061663286004057, -10.131074642668079, -4.537334510150043, -8.236546255506607, -8.808247422680411, -7.444724993378655,
-12.722268350852397, -8.184702150158618, -7.410066108417806, -6.957774834437087, -9.45607196401799, -8.697935415563789, -6.222630185348631, -4.89473127753304, -7.422680412371135, -14.228556294063491,
-12.33304478402968, -12.15904124074727, -11.164601145879242, -3.471258278145697, -10.172325601904932, -4.741556379036527, -6.192127096204766, -9.104352422907484, -8.404758128469469, -9.405067537741681,
-6.38784559667874, -12.981318293972503, -16.320423093873952, -3.4331125827814564, -9.471311403121971, -8.797035468501852, -6.733556928508386, -5.625515418502203, -4.057731958762886, -6.308183985168182,
-7.219715572829257, -11.511878745153329, -8.765658880564127, -8.750622516556291, -12.793509127789049, -13.408999470619374, -8.739135039717562, -4.399929515418502, -11.53370340999207, -16.59044760307231,
-7.395247769631661, -9.920620373634119, -6.267712648743941, -6.88148344370861, -8.45026898315548, -6.754049761778718, -7.137722859664607, -3.8746784140969166, -10.14052339413164, -16.73537565109915,
-10.539563642787737, -10.095734931265419, -6.183940061701191, -10.650278145695365, -13.265931740012348, -8.934250926416095, -3.286707855251545, -4.559788546255507, -8.564631245043616, -7.002313057296724,
-12.30251744545535, -7.8953824462460345, -8.994129572498899, -6.05753642384106, -7.406367404533028, -6.52535733192165, -8.129073256840247, -6.447647577092509, -7.574940523394131, -8.12359848150437,
-8.501863792951152, -7.705040535777231, -7.912701630674307, -9.620344370860929, -8.625522532851223, -5.130333509793542, -10.12702559576346, -10.421286343612337, -6.136082474226803, -2.5171713604661434,
-12.409363130465506, -4.857525555163907, -16.152877919788455, -9.32280794701987, -12.282987917805809, -12.250291159343568, -4.46107678729038, -6.249726872246697, -9.021411578112609, -10.831464642005828,
-12.882536878367635, -9.928234050052875, -11.735777875716176, -8.147920529801324, -5.402381162359997, -14.895500264690309, -12.369002647837597, -11.692546255506606, -10.292783505154636, -8.75670521762161,
-8.250013249712923, -7.499471272470922, -5.171053327457033, -7.858013245033116, -6.156733398006879, -4.1317098994176815, -4.9109973521624, -8.723735682819381, -7.765265662172878, -6.369206321179481,
-8.150799399346349, -6.090941135001764, -9.146443367122082, -4.046168401135289, -7.954987212276214, -10.626574907358393, -7.435127978817301, -7.848317180616741, -8.024107850911973, -9.252511697713427,
-9.669534493419308, -9.01459287980261, -8.179250771264877, -8.704847682119205, -8.076902725108035, -8.964743250397033, -7.236857899382172, -8.335506607929515, -9.013798572561457, -13.302869250463498,
-8.02105821040544, -5.801621431089179, -7.5699955927721465, -4.997086092715233, -10.690466531440165, -8.12620434092112, -8.174827890556047, -3.7528810572687226, -6.006661379857255, -8.207504193519908,
-5.037010864764598, -13.377229467747618, -9.496765094755402, -7.163761589403975, -6.28626863039069, -9.864266807834834, -7.9460547219770525, -4.772933920704846, -7.552101506740681, -10.91537035402137,
-8.501863792951152, -6.70764892492069, -3.3432877919788457, -8.720105960264902, -9.70752270923362, -5.313287453679194, -8.685754633715797, -6.912000000000001, -10.186201427438537, -7.048079809305201,
-7.982899037187527, -7.986746563271061, -5.8640810929925085, -11.603920529801327, -8.28263515301173, -8.255796717840127, -12.338499558693732, -12.103612334801761, -8.450436161776368, -7.932903681469057,
-7.654730147513473, -10.514487134296791, -8.956051123843105, -8.750622516556293, -6.964423670517685, -8.332027527792482, -9.776240070609003, -5.2448986784140965, -8.35908009516257, -3.989335216738767,
-9.99770338309337, -6.722876277758197, -7.882238871749669, -8.750622516556293, -9.88277625892936, -12.074960296453149, -8.571368049426301, -5.412370044052864, -8.30578905630452, -8.756705217621612,
-8.242381415069339, -8.237997885089884, -6.229634200088145, -6.637350993377484, -3.893676691066232, -8.423504499735309, -7.839293909973519, -7.193656387665198, -16.839968279143534, -11.87647214619935,
-9.020828548714778, -9.836869933027849, -6.922661965623623, -4.203655629139074, -7.711156186612578, -10.428374801482267, -7.99180935569285, -7.201268722466961, -7.818556701030927, -16.1164348144131,
-11.630915996820073, -13.362002114910116, -5.315751432349052, -5.981245033112584, -7.962606931828204, -12.76103758602435, -6.077740511915271, -9.401233480176211, -9.181284694686756, -7.360819281363115,
-8.433177281158908, -7.70504053577723, -10.829510797708243, -14.495364238410595, -6.575817973366258, -6.357649550026469, -9.128049426301853, -7.795030837004403, -4.681998413957175, -7.28454136134899,
-9.074251391219859, -14.374621078604157, -6.084936095196123, -9.269403973509933, -6.14911367845489, -9.467866596082583, -9.806743159752868, -9.94170925110132, -10.186201427438538, -2.967211088549485,
-7.1510290610370095, -4.370250264363763, -6.20678713089467, -5.233589403973513, -5.592874151159714, -6.876019057702487, -10.226160635481023, -12.004651982378853, -9.143219666931005, -4.233424560783968,
-9.19636074551718, -4.849911878745153, -8.841815777875718, -7.659655629139073, -7.21587441573331, -7.7145579671784, -9.318693733451012, -8.213709251101324, -11.899127676447263, -4.942809216915334,
-9.440579454111832, -5.999577017976737, -7.737540766857648, -5.508238410596026, -11.642931475438756, -13.386130227633668, -6.817440423654015, -3.600634361233481, -5.13116574147502, -10.961137106029843,
-8.807137178694465, -6.669580542826933, -3.9373115910092547, -8.025854304635763, -11.414339888879091, -7.600211752249866, -11.187007943512798, -8.343118942731277, -7.156225218080888, -6.521762161207733,
-10.249553926331597, -8.778568910821289, -8.735196121639492, -8.537006622516556, -6.850127877237852, -12.669560614081526, -6.672550750220652, -8.046237885462556, -11.95241871530531, -7.383702657367354,
-7.8226305096722895, -9.517095523440252, -14.07379462318202, -5.2869933774834434, -12.899096670152323, -8.964743250397037, -9.021288614298323, -4.7653215859030835, -16.809516256938938, -5.118248432947824,
-11.63091599682007, -7.644131124427214, -5.58230057293962, -7.728317880794702, -7.253973013493253, -7.005611434621491, -13.177334510150045, -6.112704845814978, -11.411895321173668, -6.674318001235983,
-7.876053352177369, -6.288896721889319, -7.608074041427944, -10.024688741721857, -9.898015698033339, -5.275172048703017, -3.561235657546338, -8.381180616740089, -9.698969072164944, -5.186898560960537,
-9.127674233724939, -9.981529784984136, -10.144098721903925, -6.133827814569537, -4.25942322956169, -11.518475383800956, -8.075692850838482, -8.708511013215858, -9.53148295003965, -9.626273505782647,
-12.592527161911494, -8.253225237927392, -11.583464081092993, -6.171973509933777, -8.580348481221575, -10.009105346744308, -6.329390997352163, -7.802643171806166, -6.493893735130848, -7.810859009446458,
-8.265276919000087, -4.629115262601339, -7.5395328338475105, -6.385589403973509, -10.48473410353647, -8.56071995764955, -21.71057369814651, -11.761057268722466, -6.958287073750991, -5.278432064977489,
-9.547425139121987, -8.732886852308779, -8.879894226531514, -8.773509933774838, -4.955539037204089, -8.621704605611434, -8.55611650485437, -7.064246696035243, -11.762093576526564, -5.4691268650128,
-6.830492006006537, -9.973916108565387, -9.885165271044514, -8.857430463576158, -8.069283005556045, -9.826151402858654, -7.076716681376873, -3.615859030837004, -9.660904044409197, -9.122839233689417,
-4.4188322586343975, -7.522312301727179, -6.130630233583076, -4.051072847682119, -6.949184231413708, -9.178189518263633, -4.880494263018533, -3.7528810572687226, -2.9919111816019024, -4.515652864836231,
-3.1824750463739955, -5.976735988720479, -7.88985456148083, -10.825748344370862, -8.937931034482762, -6.426257278983587, -9.745736981465136, -7.7265198237885455, -7.430293417922283, -6.12511697713428,
-7.23497924211642, -7.339584067677123, -9.923243719700308, -8.681960264900663, -7.147296939765412, -8.347273689782954, -11.042118270079435, -7.589497797356828, -9.417287866772401, -6.2853006091639445,
-6.677855313134883, -10.50687345787804, -11.10367562802997, -8.178437086092718, -6.118634800246938, -6.929380624669138, -9.867749338040602, -6.622731277533038, -8.336241078509119, -6.803990465259998,
-8.57818213938698, -8.892774057102573, -5.33859850154253, -12.473642384105961, -8.137860481523942, -10.519851773425087, -7.984183583406884, -12.590801762114536, -8.998572561459158, -4.508025072834821,
-7.700521155374967, -8.177088473739868, -6.161092992507714, -8.659072847682122, -7.566381515124792, -6.426257278983589, -6.047237422771403, -7.300229074889868, -8.754956383822362, -7.658303169418205,
-11.424856461443339, -4.903207613676417, -11.979479947113266, -5.0276026490066235, -4.8613810741688, -8.697935415563787, -6.0548631950573695, -12.027488986784139, -10.452656621728785, -5.1716429769577115,
-8.272908753643671, -4.339795558688755, -8.004089907448215, -6.5992052980132465, -8.869353558514861, -6.411555622778491, -6.253133274492498, -7.475312775330396, -8.511340206185567, -10.663653217974751,
-11.814080028266057, -9.204934790271412, -8.483878360511238, -8.025854304635763, -5.105212099832436, -13.424245632609846, -10.76759046778464, -6.995735682819383, -2.3524187153053124, -6.308183985168183,
-7.128133557106264, -8.215156855833628, -6.587571617452623, -7.2934569536423846, -9.387494488050095, -6.243303335097935, -6.603918799646953, -7.962502202643171, -8.922442505947659, -8.59652158559195,
-15.348164599290826, -9.882551991540359, -8.042168356104012, -8.712476821192052, -5.288085369080165, -11.396506087877182, -6.642047661076786, -5.419982378854626, -8.77018239492466, -4.569047408846119,
-10.699832170302978, -11.039830807190693, -10.441110621419126, -6.690754966887416, -6.865367316341831, -8.057596611964001, -7.168225948808473, -3.0677709251101315, -7.369389373513085, -7.193007857332039,
-9.722957335924388, -8.908001409940077, -7.4481445570736025, -8.575152317880796, -8.130240761971955, -6.395764955002647, -5.94810238305384, -9.484969162995593, -8.975733544805708, -8.253270945528383,
-3.426693754968642, -9.151639055340148, -16.571740855002208, -9.864476821192055, -7.307311050357174, -6.0374801482265745, -6.550538393645187, -4.437991189427312, -12.7137192704203, -8.680427297607487,
-8.204222241851424, -4.172294677476207, -9.603384750991628, -10.078092715231792, -12.420142869741603, -5.778295394388564, -5.970979699911737, -6.112704845814977, -11.244409199048373, -5.36996556899444,
-7.1052380531755155, -9.661755375396543, -8.011705597179375, -5.439576158940398, -5.92814181144722, -12.623822128110113, -7.625772285966462, -6.706466960352424, -10.681046788263282, -10.030546481857511,
-11.295115272502432, -9.037433909058866, -8.986513882767744, -7.27056953642384, -7.421606843637005, -4.756802541026999, -6.992833186231244, -4.0421497797356825, -4.773354480570975, -7.139613313322153,
-8.616341312604893, -8.108565385971099, -5.886928162185986, -10.779973509933775, -9.136043742834467, -8.080465854949711, -11.453909973521625, -7.361127753303963, -6.166534496431402, -14.11904299461464,
-7.227347407472838, -8.512090236164964, -10.25833406787131, -10.818119205298016, -5.249986771320222, -9.742297511911062, -10.12702559576346, -5.572229074889867, -9.333544805709751, -11.464571378123074,
-10.325872272767423, -7.758336270708498, -8.095478184222124, -9.826331125827815, -8.625522532851221, -3.026363155108523, -6.50478375992939, -7.734132158590308, -7.491197462331482, -11.861216562196523,
-9.028460383358361, -7.179696862883329, -6.793195240193918, -7.095099337748345, -11.383861010671138, -9.544097406034938, -5.139770520741394, -8.708511013215858, -9.927359238699443, -6.78110708925576,
-8.845296351912374, -3.570814240394783, -17.013450859409435, -10.757086092715234, -7.017761707381604, -7.889888830068818, -6.756434245366284, -8.320281938325992, -10.566851704996035, -4.561419616844706,
-8.463704619733239, -6.22037363412055, -11.415918907007494, -9.704264900662253, -5.55477555339977, -10.35214399152991, -11.003989408649604, -9.165251101321589, -8.655987311657414, -7.841370177452108,
-12.188039925801608, -5.862530842439198, -6.26771264874394, -9.84921854304636, -8.107381603315991, -6.121334039174164, -6.7183053839364515, -4.209621145374449, -1.8956383822363205, -8.39057120155381,
-5.960462856638107, -7.887768769827283, -16.93729396209784, -7.034066225165564, -10.591410177264313, -9.01048173636845, -5.086390114739629, -3.4636123348017622, -6.273116574147499, -5.713216209058003,
-10.73035950887731, -11.862107860415932, -10.966593212869107, -14.777642384105961, -9.585607196401801, -4.9626257278983585, -12.712162400706092, -8.982555066079296, -7.6282315622521795, -12.0290279862276,
-6.097835880222596, -11.785971096228414, -13.677778757161747, -7.522331125827817, -7.276832172149219, -7.745050291159343, -13.29172109443954, -11.608810572687224, -4.362252180808881, -9.206744945704957,
-4.9683243529723535, -9.981529784984136, -6.046857646540327, -7.148503311258281, -8.930311314930773, -4.4899947061937535, -17.386760812003534, -6.1812158590308375, -6.897383029341792, -6.9336629292840115,
-13.164914760180197, -12.03722241804723, -6.69419127368885, -4.1731390728476825, -8.457888702707468, -9.505982001058761, -9.379699911738747, -6.592281938325991, -5.428072957969864, -9.458462081751572,
-8.204222241851426, -10.552555516390553, -8.087862494490967, -7.6978013245033114, -9.8599171002734, -7.005611434621494, -10.37105030891439, -7.901603524229075, -3.4258524980174467, -7.490491745387128,
-10.631145658510734, -6.403101868170604, -7.55476421330983, -9.910251655629141, -8.526466178675367, -6.959872948650077, -4.9491262135922325, -9.583929515418502, -11.457573354480568, -8.016809393484595,
-10.012967052380532, -8.443567148396195, -4.691264874394007, -11.893827814569537, -6.027198165623071, -6.754049761778719, -7.564766107678728, -5.092651982378855, -5.83917525773196, -7.063335393308027,
-11.44775196537408, -9.623686993302785, -7.897470251211989, -8.453086092715235, -6.636775729782168, -4.619587083112758, -9.089920564872019, -4.887118942731277, -8.518953211736717, -6.056466849121567,
-3.800653652504195, -12.638702855128656, -6.930277655354783, -9.635602649006625, -7.863550577652349, -8.964743250397037, -8.784889673433364, -3.189568281938326, -5.184456780333068, -11.807822018186638,
-6.914442187085948, -6.829467747620726, -6.313406787130895, -6.835708609271525, -11.094311667695568, -12.158814187400738, -5.711703442188878, -4.925180616740088, -4.149088025376685, -6.941290721285425,
-6.853387509937283, -5.5275290800141, -11.43876597620097, -5.935470198675498, -12.50395978481348, -4.139332980412917, -10.409179170344219, -9.621991189427312, -6.668992862807295, -1.8001589123333628,
-6.998392368165358, -8.237997885089886, -6.366716615249009, -8.445456953642385, -6.972043390069672, -10.42075172048703, -7.93080317740512, -10.59637004405286, -9.089928628072956, -10.54923633795357,
-9.203992580160763, -5.854917166020445, -8.46864698104892, -8.75825165562914, -8.05404356645207, -7.158073054526203, -8.350220653133276, -14.920176211453743, -9.036637589214907, -6.071722433124393,
-5.838353502340785, -8.664363764540008, -6.4809519612163955, -4.966569536423843, -7.741635064820531, -12.456114346214926, -9.646601941747573, -7.947277533039648, -7.186677240285487, -6.651434625231748,
-6.403109265965904, -5.398096580895312, -3.818724422338349, -7.73594701986755, -6.583437692918246, -4.1164637374272095, -8.868773168578995, -7.475312775330395, -4.651546391752576, -4.56904740884612,
-7.517357123928984, -14.42030313711667, -5.963085059497577, -7.552847682119207, -8.396930946291562, -9.810905240868184, -7.717281553398058, -13.237850220264315, -10.368913560666135, -9.70255142579677,
-3.922763006801519, -9.136411702502642, -9.816624063464083, -7.133245033112586, -11.78770614692654, -9.62795129698253, -6.298887908208296, -10.033057268722464, -12.302616970658205, -7.276913569347576,
-4.79170189407801, -4.294113500176241, -9.51199647421772, -7.4384105960264915, -7.436846282740982, -9.101958708311274, -5.490556045895852, -10.314713656387662, -5.922918318794607, -9.290650657720493,
-14.69128168889674, -6.852308776876983, -6.732269722344645, -7.117986754966889, -5.547155833847781, -10.192059290629963, -7.3512444836716675, -11.608810572687224, -6.630927835051546, -10.762814513993115,
-5.929935518063775, -6.418329221008109, -8.773274570295285, -7.38500662251656, -9.677043831025664, -4.741556379036528, -6.222630185348632, -7.95488986784141, -11.716415543219664, -9.870362849827847,
-12.317781114742514, -5.245823052520269, -14.49265755839577, -4.844503311258281, -6.2176911544227895, -10.47411328745368, -6.642047661076788, -5.51133039647577, -11.868675654242661, -6.4683676171978455,
-13.889939051320555, -4.377863940782516, -8.179250771264874, -8.453086092715234, -7.436846282740984, -11.892006352567499, -9.318693733451017, -8.639999999999999, -7.09532117367169, -7.894764721461994,
-8.166063068633513, -8.748114205146283, -10.456342000881447, -5.424317880794703, -8.008325249140137, -10.169190047644255, -5.925225066195939, -7.0109603524229085, -5.268199841395717, -11.85358877019511,
-12.623054500485825, -6.060486429326756, -6.907430586161305, -9.12445033112583, -6.370085545462563, -9.376389624139758, -8.708631950573698, -5.458044052863437, -8.686439333862014, -3.2113004325946863,
-10.180867414539353, -11.489037715897075, -5.59753195240194, -10.230675496688743, -5.653831907575624, -14.476230809952357, -10.462559576345987, -9.446907488986787, -8.092624900872323, -4.851275712898384,
-8.54765480081265, -8.382657737046175, -7.608074041427943, -8.605668874172183, -5.082352941176471, -5.709687665431445, -10.378676081200354, -7.345903083700441, -11.510864393338617, -4.416491568817869,
-3.95329034537585, -11.694606979203382, -4.104856765094756, -6.942516556291391, -6.156733398006879, -5.305664372683961, -4.849991173874668, -13.93818502202643, -7.4150674068199836, -9.130467025690828,
-3.525907605335217, -12.494043003172363, -8.369643014543852, -8.872688741721854, -7.482564600052916, -11.22117522498677, -11.667431597528685, -5.14593832599119, -8.595083267248214, -7.627792001412554,
-5.2125430615670005, -6.509693338033135, -7.996474217717056, -6.561059602649009, -10.63712849457624, -8.484489147697195, -6.2760105913503965, -4.575013215859031, -7.62061855670103, -3.173161472587623,
-4.434095927921564, -9.075502291152626, -7.303446452181578, -13.091602649006626, -8.663621130611165, -7.722181048173637, -7.99180935569285, -12.514678414096911, -6.806026962727994, -8.131226273505781,
-6.883914848511616, -8.611068029608742, -10.661965623622743, -9.925509933774833, -5.600493870711705, -9.208681842244575, -7.580017652250661, -6.866325991189427, -8.90721649484536, -9.649156881786881,
-13.126755586962283, -8.314134649277406, -11.61392684001763, -6.719091769157996, -2.720239880059969, -9.62795129698253, -9.85249779346867, -6.211665198237884, -13.94702616970658, -7.986298225478944,
-7.975267202543946, -11.055058160028198, -6.3057910973997355, -12.961907284768213, -3.177423053179292, -9.513605082053996, -5.55918799646955, -6.234502202643173, -8.199206978588421, -7.49049174538713,
-7.929476194682448, -3.4337680648572433, -8.118325253415602, -6.629721854304635, -11.673410353646709, -8.682689253573319, -5.803212709620477, -7.627559471365639, -11.145440126883422, -7.932903681469057,
-9.738221005211553, -11.664152273528371, -10.53413083170686, -8.048741721854308, -8.80839580209895, -8.202435150873477, -6.024360105913503, -7.163207048458151, -7.8261697065820774, -8.832983137635741,
-9.478738627329742, -6.479238632358128, -6.458104892022918, -5.836291390728477, -4.4956345356733385, -7.165696135521441, -5.574439541041483, -5.419982378854626, -9.044250594766057, -7.566769665401255,
-4.89963784118011, -10.080507578427916, -6.899814896430145, -7.8809006622516575, -9.753241026545549, -6.9903652726310215, -11.278517210944393, -4.125885462555066, -12.58429817605075, -5.690332833053768,
-7.326561257839415, -8.207543179414877, -9.542459233142356, -9.162596026490066, -8.099761883764, -12.88300688194812, -13.047696381288613, -11.281480176211453, -12.637589214908798, -11.670521762161208,
-4.7241056443777065, -5.512301727176596, -9.344451300132217, -6.507655629139075, -5.387141723256021, -9.246797247220751, -6.0472374227714, -17.52359471365639, -3.8293417922283894, -10.724675553986057,
-7.9065806907516984, -11.76313006697215, -10.304028206258266, -8.99475496688742, -16.58812946467943, -12.166437268395983, -11.903830538393644, -7.756969162995596, -9.5695479777954, -12.433300962302464,
-6.036781203073932, -7.453789213958408, -8.080246804759806, -4.7224370860927145, -15.117523591145606, -10.657067231339333, -6.054863195057369, -9.720951541850221, -9.127993655828707, -7.360819281363114,
-11.119583075700028, -9.81402890377159, -10.227871308946675, -9.10919205298013, -5.448099479671928, -11.853890947591317, -7.991809355692851, -8.480140969162996, -9.386835844567804, -10.610258673964868,
-11.8827665400583, -5.938667606626719, -11.492075804319086, -5.714225165562916, -7.109198342005469, -11.373636844891475, -6.222630185348631, -9.561092511013216, -10.406978588421884, -12.623995762337776,
-11.516438477166327, -9.349594642227705, -9.542459233142356, -14.907337748344373, -7.863550577652351, -6.228057173107463, -11.842824360105913, -9.119577092511014, -5.85440126883426, -9.115211441688002,
-5.441498100874483, -4.712865703207613, -14.210877038342883, -8.224211920529802, -9.113184584178502, -9.719428268925355, -9.440706090026477, -10.428898678414097, -5.5422680412371115, -7.28454136134899,
-11.485911138592, -10.826647867465633, -9.694773027765539, -9.15496688741722, -8.838874680306906, -3.575224986765484, -10.439682259488084, -11.89046696035242, -9.683743061062644, -5.591171537035402,
-5.662821305538379, -4.400704970038774, -10.09840458351697, -12.046410596026492, -7.292071611253197, -8.636950767601906, -6.100617828773169, -7.5133744493392065, -7.696748612212529, -6.758223713251521,
-7.891317021464533, -8.39788508988368, -11.469228735125608, -10.245933774834437, -5.897662933239262, -10.71805187930122, -7.656275375110327, -6.69885462555066, -7.917525773195877, -9.893246225832087,
-9.120042399081354, -10.522100810715541, -5.407139709122962, -15.120953642384107, -8.709339447923101, -6.929380624669136, -4.262806707855252, -9.57631718061674, -6.7527359238699445, -9.588134545775581,
-7.34182492712658, -10.453577722946772, -6.343869546055532, -13.785854304635764, -9.036987388658613, -10.100582318687138, -4.811862312444836, -6.546607929515417, -6.99635210150674, -5.865772049086257,
-11.226428760710185, -8.908001409940079, -9.915628029969152, -6.644980132450333, -6.781550401269953, -9.223928004235043, -10.622700794351282, -5.397145374449337, -4.240444091990483, -10.2670080339013,
-7.57077996643406, -9.006979203383855, -4.234323490524461, -7.667284768211922, -4.792803598200901, -7.912758073054528, -6.817440423654017, -7.939665198237885, -6.037113402061855, -12.265489538271389,
-6.670223478491298, -6.129009517095525, -9.9994006170119, -7.369748344370863, -10.56093129905636, -11.083959767072523, -8.601871138570168, -6.234502202643172, -6.927835051546392, -5.1716429769577115,
-8.94451020227895, -9.692210081071554, -6.282944028206259, -10.558728476821193, -8.442649263603492, -7.142826892535734, -9.242436010591348, -8.99777973568282, -5.032196669310071, -7.391330449368767,
-8.379754438653832, -11.39767359887205, -8.346795945350376, -7.194278145695363, -9.174142340594411, -3.9563790365272635, -8.85352162400706, -8.358343612334801, -4.270896114195082, -12.044283570230421,
-8.608709477961309, -6.090941135001765, -9.435839576906124, -6.950145695364237, -11.170508863215455, -11.114452091053465, -7.770661959399822, -8.510590308370045, -5.4356859635210135, -9.313534033724729,
-6.868651179224452, -8.626295382446246, -9.869933891582198, -6.32455629139073, -6.918705353205751, -14.758284806776071, -5.8032127096204755, -11.821955947136564, -8.20681998413957, -13.089291074423947,
-3.4495892588993895, -7.065491716602046, -7.173979726751872, -8.201324503311259, -13.540241643883947, -10.253043938591848, -6.870820829655781, -11.525074889867843, -10.170975416336239, -6.8726405932727115,
