0.5474125874125875, 0.6666666666666667, 0.0, 0.7692307692307692, 0.0
0.46445887445887457, 0.5714285714285714, 0.0, 0.75, 0.0
0.5162097162097163, 0.5714285714285714, 0.0, 0.7272727272727273, 0.0
0.3400000000000001, 0.5, 0.0, 0.6666666666666667, 0.0
0.5189898989898991, 0.6666666666666667, 0.0, 0.7272727272727273, 0.0
0.46772486772486777, 0.5, 0.0, 0.6666666666666667, 0.0
0.38000000000000006, 0.4, 0.0, 0.6666666666666667, 0.0
0.5269841269841271, 0.6, 0.0, 0.6666666666666667, 0.0
0.44755910755910755, 0.5454545454545454, 0.0, 0.8333333333333334, 0.0
0.4526362526362526, 0.5, 0.0, 0.7692307692307692, 0.0
0.4514529914529915, 0.6, 0.0, 0.8, 0.0
0.45142857142857157, 0.6, 0.0, 0.6666666666666667, 0.0
0.5024531024531024, 0.5714285714285714, 0.0, 0.7272727272727273, 0.0
0.48810744810744816, 0.5, 0.0, 0.7692307692307692, 0.0
0.45532245532245536, 0.5, 0.0, 0.7692307692307692, 0.0
0.4543915343915344, 0.5, 0.0, 0.6666666666666667, 0.0
0.5208080808080809, 0.6, 0.0, 0.6666666666666667, 0.0
0.41668109668109676, 0.5, 0.0, 0.6666666666666667, 0.0
0.5382661782661784, 0.6666666666666667, 0.0, 0.7692307692307692, 0.0
0.4506759906759907, 0.5, 0.0, 0.7692307692307692, 0.0
0.47142857142857153, 0.5, 0.0, 0.6666666666666667, 0.0
0.5311111111111112, 0.6, 0.0, 0.7272727272727273, 0.0
0.4054234654234655, 0.5, 0.0, 0.7692307692307692, 0.0
0.3532467532467533, 0.4, 0.0, 0.7272727272727273, 0.0
0.40994708994708995, 0.5, 0.0, 0.6666666666666667, 0.0
0.48377104377104385, 0.5, 0.0, 0.6666666666666667, 0.0
0.47515151515151527, 0.5454545454545454, 0.0, 0.7272727272727273, 0.0
0.4766788766788767, 0.5714285714285714, 0.0, 0.7692307692307692, 0.0
0.5571717171717173, 0.6666666666666667, 0.0, 0.6666666666666667, 0.0
0.5444444444444445, 0.6, 0.33333333333333337, 0.6666666666666667, 0.0
0.3900144300144301, 0.5, 0.0, 0.6666666666666667, 0.0
0.49098605098605097, 0.5714285714285714, 0.0, 0.7272727272727273, 0.0
0.5623953823953823, 0.5714285714285714, 0.0, 0.6666666666666667, 0.0
0.4895238095238096, 0.6, 0.0, 0.6666666666666667, 0.0
0.5511111111111113, 0.6666666666666667, 0.0, 0.6666666666666667, 0.0
0.5510245310245311, 0.6, 0.0, 0.7272727272727273, 0.0
0.41668109668109676, 0.5, 0.0, 0.6666666666666667, 0.0
0.4825396825396826, 0.5, 0.0, 0.6666666666666667, 0.0
0.3177777777777778, 0.33333333333333337, 0.0, 0.6666666666666667, 0.0
0.5152647352647353, 0.5714285714285714, 0.0, 0.7692307692307692, 0.0
0.5106493506493507, 0.5714285714285714, 0.0, 0.6666666666666667, 0.0
0.44813408813408817, 0.5714285714285714, 0.0, 0.7692307692307692, 0.0
0.6047619047619048, 0.6666666666666667, 0.0, 0.6666666666666667, 0.0
0.3984126984126984, 0.5, 0.0, 0.8, 0.0
0.4628571428571429, 0.5, 0.0, 0.6666666666666667, 0.0
0.5168498168498169, 0.5714285714285714, 0.0, 0.7692307692307692, 0.0
0.4763636363636365, 0.6, 0.0, 0.6666666666666667, 0.0
0.5346753246753247, 0.5714285714285714, 0.0, 0.75, 0.0
0.4375446775446776, 0.5, 0.0, 0.7692307692307692, 0.0
0.5473260073260074, 0.6, 0.0, 0.7692307692307692, 0.0
0.4305686905686906, 0.5, 0.0, 0.7272727272727273, 0.0
0.5114285714285716, 0.6, 0.0, 0.6666666666666667, 0.0
0.4500122100122101, 0.5714285714285714, 0.0, 0.7692307692307692, 0.0
0.3355555555555556, 0.33333333333333337, 0.0, 0.6666666666666667, 0.0
0.4126599326599328, 0.5454545454545454, 0.0, 0.6666666666666667, 0.0
0.3358730158730159, 0.4, 0.0, 0.6666666666666667, 0.0
0.5905028305028305, 0.6666666666666667, 0.33333333333333337, 0.7692307692307692, 0.0
0.4287712287712288, 0.5454545454545454, 0.0, 0.7692307692307692, 0.0
0.5340548340548341, 0.5714285714285714, 0.0, 0.7272727272727273, 0.0
0.45009879009879017, 0.5454545454545454, 0.0, 0.7692307692307692, 0.0
0.568888888888889, 0.6666666666666667, 0.0, 0.6666666666666667, 0.0
0.4832012432012433, 0.5, 0.0, 0.7692307692307692, 0.0
0.4711111111111112, 0.5, 0.0, 0.6666666666666667, 0.0
0.5464335664335667, 0.6666666666666667, 0.0, 0.7692307692307692, 0.0
0.5573160173160173, 0.6, 0.0, 0.6666666666666667, 0.0
0.47142857142857153, 0.5714285714285714, 0.0, 0.7272727272727273, 0.0
0.5485980685980685, 0.5714285714285714, 0.0, 0.7692307692307692, 0.0
0.45444444444444454, 0.5, 0.0, 0.75, 0.0
0.4965079365079366, 0.5714285714285714, 0.0, 0.6666666666666667, 0.0
0.41447811447811456, 0.5, 0.0, 0.7272727272727273, 0.0
0.44757834757834764, 0.5, 0.0, 0.7692307692307692, 0.0
0.5766189366189367, 0.6666666666666667, 0.0, 0.7692307692307692, 0.0
0.494932844932845, 0.6, 0.0, 0.7692307692307692, 0.0
0.39274947274947275, 0.4, 0.0, 0.7692307692307692, 0.0
0.4057264957264958, 0.5, 0.0, 0.7692307692307692, 0.0
0.553042513042513, 0.5714285714285714, 0.0, 0.7692307692307692, 0.0
0.5502645502645503, 0.5714285714285714, 0.0, 0.7272727272727273, 0.0
0.45292929292929307, 0.6666666666666667, 0.0, 0.7272727272727273, 0.0
0.5639826839826841, 0.6, 0.0, 0.6666666666666667, 0.0
0.4444588744588745, 0.5, 0.0, 0.75, 0.0
0.5225396825396827, 0.6666666666666667, 0.0, 0.6666666666666667, 0.0
0.3968986568986569, 0.5, 0.0, 0.6666666666666667, 0.0
0.3833477633477634, 0.5, 0.0, 0.6666666666666667, 0.0
0.4222222222222223, 0.5, 0.0, 0.6666666666666667, 0.0
0.39587301587301593, 0.5714285714285714, 0.0, 0.6666666666666667, 0.0
0.34969696969696973, 0.4, 0.0, 0.6666666666666667, 0.0
0.4784126984126985, 0.5, 0.0, 0.6666666666666667, 0.0
0.5275591075591077, 0.6666666666666667, 0.0, 0.7692307692307692, 0.0
0.4472150072150073, 0.5714285714285714, 0.0, 0.7272727272727273, 0.0
0.5344588744588745, 0.5714285714285714, 0.0, 0.6666666666666667, 0.0
0.4814141414141415, 0.5, 0.0, 0.7272727272727273, 0.0
0.47954304954304955, 0.5, 0.0, 0.75, 0.0
0.6031746031746031, 0.6666666666666667, 0.4, 0.6666666666666667, 0.0
0.5192207792207794, 0.6, 0.0, 0.6666666666666667, 0.0
0.5376911976911978, 0.6666666666666667, 0.0, 0.7272727272727273, 0.0
0.4021356421356421, 0.5, 0.0, 0.8, 0.0
0.5280808080808082, 0.6, 0.0, 0.7272727272727273, 0.0
0.4314285714285715, 0.6, 0.0, 0.6666666666666667, 0.0
0.4977156177156178, 0.5, 0.0, 0.7692307692307692, 0.0
0.5451037851037852, 0.6, 0.0, 0.7692307692307692, 0.0
0.5141991341991342, 0.5714285714285714, 0.0, 0.7272727272727273, 0.0
0.5340548340548341, 0.6666666666666667, 0.0, 0.7272727272727273, 0.0
0.5357264957264959, 0.6666666666666667, 0.0, 0.7692307692307692, 0.0
0.42253968253968266, 0.5, 0.0, 0.6666666666666667, 0.0
0.4772486772486772, 0.5714285714285714, 0.0, 0.6666666666666667, 0.0
0.4888023088023089, 0.5714285714285714, 0.0, 0.7272727272727273, 0.0
0.37206349206349204, 0.5, 0.0, 0.6666666666666667, 0.0
0.4713419913419914, 0.5714285714285714, 0.0, 0.7272727272727273, 0.0
0.4636652236652238, 0.6, 0.0, 0.6666666666666667, 0.0
0.650587507730365, 0.6666666666666667, 0.5714285714285714, 0.7272727272727273, 0.0
0.6341391941391943, 0.6666666666666667, 0.5, 0.7692307692307692, 0.0
0.5631002331002333, 0.6666666666666667, 0.0, 0.7692307692307692, 0.0
0.4211255411255412, 0.5, 0.0, 0.6666666666666667, 0.0
0.3341414141414142, 0.4, 0.0, 0.6666666666666667, 0.0
0.41223665223665235, 0.5, 0.0, 0.6666666666666667, 0.0
0.4238073038073039, 0.4, 0.0, 0.7692307692307692, 0.0
0.5600000000000002, 0.6, 0.0, 0.6666666666666667, 0.0
0.5350649350649352, 0.6, 0.0, 0.7272727272727273, 0.0
0.40920634920634924, 0.5, 0.0, 0.6666666666666667, 0.0
0.4791534391534392, 0.5714285714285714, 0.0, 0.6666666666666667, 0.0
0.483953823953824, 0.5714285714285714, 0.0, 0.7272727272727273, 0.0
0.5485692085692087, 0.6666666666666667, 0.0, 0.7692307692307692, 0.0
0.49546897546897556, 0.6, 0.0, 0.7272727272727273, 0.0
0.5108225108225108, 0.5454545454545454, 0.0, 0.6666666666666667, 0.0
0.41922077922077927, 0.5, 0.0, 0.6666666666666667, 0.0
0.4488023088023089, 0.6, 0.0, 0.7272727272727273, 0.0
0.49595737595737605, 0.6, 0.0, 0.7692307692307692, 0.0
0.4117604617604618, 0.5454545454545454, 0.0, 0.75, 0.0
0.5107070707070708, 0.6, 0.0, 0.7272727272727273, 0.0
0.5276301476301477, 0.6666666666666667, 0.0, 0.7692307692307692, 0.0
0.2695360195360195, 0.2857142857142857, 0.0, 0.7692307692307692, 0.0
0.5554882154882156, 0.6, 0.0, 0.7272727272727273, 0.0
0.5336507936507938, 0.6666666666666667, 0.0, 0.6666666666666667, 0.0
0.4700843600843601, 0.5, 0.0, 0.7692307692307692, 0.0
0.43892773892773895, 0.5454545454545454, 0.0, 0.7692307692307692, 0.0
0.43159951159951165, 0.5714285714285714, 0.0, 0.7692307692307692, 0.0
0.4942257742257743, 0.6, 0.0, 0.7692307692307692, 0.0
0.4524053724053724, 0.5714285714285714, 0.0, 0.7692307692307692, 0.0
0.46493284493284504, 0.5714285714285714, 0.0, 0.7692307692307692, 0.0
0.4644444444444445, 0.5, 0.0, 0.6666666666666667, 0.0
0.5562770562770564, 0.6, 0.0, 0.7272727272727273, 0.0
0.5255699855699857, 0.6, 0.0, 0.6666666666666667, 0.0
0.4325829725829726, 0.5, 0.0, 0.6666666666666667, 0.0
0.4906759906759907, 0.5454545454545454, 0.0, 0.7692307692307692, 0.0
0.4616161616161617, 0.5, 0.0, 0.6666666666666667, 0.0
0.4462315462315463, 0.5454545454545454, 0.0, 0.7692307692307692, 0.0
0.48972582972582973, 0.5454545454545454, 0.0, 0.6666666666666667, 0.0
0.4676456876456877, 0.5, 0.0, 0.7692307692307692, 0.0
0.3780375180375181, 0.5, 0.0, 0.7272727272727273, 0.0
0.5206349206349207, 0.5714285714285714, 0.0, 0.6666666666666667, 0.0
0.47456247456247463, 0.5714285714285714, 0.0, 0.7692307692307692, 0.0
0.46284271284271294, 0.6, 0.0, 0.75, 0.0
0.5434513634513636, 0.6666666666666667, 0.0, 0.7692307692307692, 0.0
0.45142857142857146, 0.5454545454545454, 0.0, 0.7272727272727273, 0.0
0.31159951159951155, 0.4, 0.0, 0.7692307692307692, 0.0
0.5777777777777778, 0.6, 0.0, 0.7272727272727273, 0.0
0.43494949494949503, 0.5454545454545454, 0.0, 0.6666666666666667, 0.0
0.43445887445887454, 0.5714285714285714, 0.0, 0.6666666666666667, 0.0
0.42952380952380953, 0.5, 0.0, 0.6666666666666667, 0.0
0.4628571428571429, 0.5714285714285714, 0.0, 0.8, 0.0
0.43851851851851864, 0.5, 0.0, 0.8, 0.0
0.5275591075591076, 0.6, 0.0, 0.7692307692307692, 0.0
0.5230303030303031, 0.5, 0.33333333333333337, 0.6666666666666667, 0.0
0.4092063492063493, 0.5, 0.0, 0.6666666666666667, 0.0
0.41111111111111126, 0.5, 0.0, 0.6666666666666667, 0.0
0.5257875457875458, 0.6, 0.0, 0.6666666666666667, 0.0
0.5403318903318902, 0.5454545454545454, 0.33333333333333337, 0.75, 0.0
0.4492255892255893, 0.5, 0.0, 0.7272727272727273, 0.0
0.42271062271062276, 0.5, 0.0, 0.7692307692307692, 0.0
0.477948717948718, 0.5454545454545454, 0.0, 0.7692307692307692, 0.0
0.32658008658008664, 0.5, 0.0, 0.7272727272727273, 0.0
0.46404040404040414, 0.5, 0.0, 0.7272727272727273, 0.0
0.32080586080586077, 0.4, 0.0, 0.7692307692307692, 0.0
0.4853968253968254, 0.5714285714285714, 0.0, 0.6666666666666667, 0.0
0.45414141414141423, 0.5, 0.0, 0.6666666666666667, 0.0
0.42271062271062276, 0.5, 0.0, 0.7692307692307692, 0.0
0.4332948532948534, 0.5714285714285714, 0.0, 0.6666666666666667, 0.0
0.5027106227106227, 0.5714285714285714, 0.0, 0.7692307692307692, 0.0
0.48398268398268396, 0.5454545454545454, 0.0, 0.6666666666666667, 0.0
0.47365079365079377, 0.6, 0.0, 0.6666666666666667, 0.0
0.44877122877122877, 0.5454545454545454, 0.0, 0.7692307692307692, 0.0
0.43604395604395607, 0.5714285714285714, 0.0, 0.7692307692307692, 0.0
0.5701010101010102, 0.6666666666666667, 0.0, 0.7272727272727273, 0.0
0.5069841269841271, 0.6666666666666667, 0.0, 0.6666666666666667, 0.0
0.4707070707070708, 0.6666666666666667, 0.0, 0.7272727272727273, 0.0
0.4040404040404041, 0.4, 0.0, 0.8, 0.0
0.468888888888889, 0.5, 0.0, 0.6666666666666667, 0.0
0.4502645502645502, 0.5714285714285714, 0.0, 0.6666666666666667, 0.0
0.5890576090576093, 0.6, 0.0, 0.7692307692307692, 0.0
0.5177922077922079, 0.5714285714285714, 0.0, 0.75, 0.0
0.3233477633477634, 0.4, 0.0, 0.6666666666666667, 0.0
0.2940740740740741, 0.4, 0.0, 0.6666666666666667, 0.0
0.5873015873015873, 0.6, 0.4, 0.6666666666666667, 0.0
0.38772486772486775, 0.5, 0.0, 0.6666666666666667, 0.0
0.5090886890886891, 0.5714285714285714, 0.0, 0.7692307692307692, 0.0
0.4481962481962483, 0.5454545454545454, 0.0, 0.7272727272727273, 0.0
0.3932467532467533, 0.5, 0.0, 0.7272727272727273, 0.0
0.5754689754689756, 0.6, 0.4, 0.7272727272727273, 0.0
0.48271062271062276, 0.5, 0.0, 0.7692307692307692, 0.0
0.47324675324675336, 0.5, 0.0, 0.7272727272727273, 0.0
0.6362770562770562, 0.6666666666666667, 0.5, 0.7272727272727273, 0.0
0.32222222222222224, 0.4, 0.0, 0.6666666666666667, 0.0
0.5263780663780665, 0.5714285714285714, 0.0, 0.6666666666666667, 0.0
0.3586435786435787, 0.4, 0.0, 0.8, 0.0
0.46239316239316247, 0.5, 0.0, 0.7692307692307692, 0.0
0.4395382395382395, 0.5454545454545454, 0.0, 0.6666666666666667, 0.0
0.4288023088023089, 0.5, 0.0, 0.7272727272727273, 0.0
0.47278499278499286, 0.6, 0.0, 0.7272727272727273, 0.0
0.47215007215007215, 0.5714285714285714, 0.0, 0.7272727272727273, 0.0
0.5325733525733527, 0.5714285714285714, 0.0, 0.7272727272727273, 0.0
0.5609790209790211, 0.6, 0.0, 0.7692307692307692, 0.0
0.4531002331002332, 0.6, 0.0, 0.7692307692307692, 0.0
0.43333333333333346, 0.5, 0.0, 0.6666666666666667, 0.0
0.3884848484848486, 0.5, 0.0, 0.7272727272727273, 0.0
0.39727531727531734, 0.4444444444444444, 0.0, 0.7692307692307692, 0.0
0.40848484848484856, 0.5, 0.0, 0.7272727272727273, 0.0
0.49001443001443007, 0.5714285714285714, 0.0, 0.6666666666666667, 0.0
0.4466281866281865, 0.5454545454545454, 0.0, 0.6666666666666667, 0.0
0.47507936507936516, 0.5714285714285714, 0.0, 0.75, 0.0
0.49519961519961525, 0.5454545454545454, 0.0, 0.6666666666666667, 0.0
0.49773929773929787, 0.5714285714285714, 0.0, 0.6666666666666667, 0.0
0.4270707070707072, 0.5, 0.0, 0.7272727272727273, 0.0
0.40031746031746046, 0.5714285714285714, 0.0, 0.6666666666666667, 0.0
0.45159951159951167, 0.5714285714285714, 0.0, 0.7692307692307692, 0.0
0.3408080808080809, 0.5, 0.0, 0.6666666666666667, 0.0
0.5117460317460317, 0.5, 0.4, 0.6666666666666667, 0.0
0.5760439560439561, 0.5714285714285714, 0.33333333333333337, 0.8, 0.0
0.45578643578643585, 0.5, 0.0, 0.7272727272727273, 0.0
0.516998556998557, 0.5714285714285714, 0.0, 0.6666666666666667, 0.0
0.4620490620490621, 0.5714285714285714, 0.0, 0.7272727272727273, 0.0
0.35546897546897555, 0.5, 0.0, 0.7272727272727273, 0.0
0.43875679875679885, 0.5454545454545454, 0.0, 0.7692307692307692, 0.0
0.48927738927738934, 0.6, 0.0, 0.7692307692307692, 0.0
0.33572649572649577, 0.5, 0.0, 0.7692307692307692, 0.0
0.4241558441558443, 0.5454545454545454, 0.0, 0.6666666666666667, 0.0
0.5674917674917677, 0.6666666666666667, 0.0, 0.7692307692307692, 0.0
0.42606060606060614, 0.5, 0.0, 0.6666666666666667, 0.0
0.4836652236652237, 0.5454545454545454, 0.0, 0.6666666666666667, 0.0
0.360979020979021, 0.5, 0.0, 0.7692307692307692, 0.0
0.4671550671550672, 0.5454545454545454, 0.0, 0.7692307692307692, 0.0
0.554862914862915, 0.6, 0.0, 0.7272727272727273, 0.0
0.4850793650793651, 0.5714285714285714, 0.0, 0.6666666666666667, 0.0
0.3980952380952382, 0.5, 0.0, 0.6666666666666667, 0.0
0.39191919191919206, 0.5, 0.0, 0.6666666666666667, 0.0
0.48112554112554123, 0.6, 0.0, 0.6666666666666667, 0.0
0.5462626262626263, 0.6666666666666667, 0.0, 0.7272727272727273, 0.0
0.47134199134199145, 0.5714285714285714, 0.0, 0.7272727272727273, 0.0
0.5414407814407817, 0.6666666666666667, 0.0, 0.7692307692307692, 0.0
0.3595959595959597, 0.4, 0.0, 0.7272727272727273, 0.0
0.5446153846153848, 0.6666666666666667, 0.0, 0.7692307692307692, 0.0
0.3776911976911978, 0.5714285714285714, 0.0, 0.7272727272727273, 0.0
0.45324675324675334, 0.6, 0.0, 0.7272727272727273, 0.0
0.522943722943723, 0.6, 0.0, 0.7272727272727273, 0.0
0.5548821548821549, 0.6, 0.33333333333333337, 0.6666666666666667, 0.0
0.4623310023310024, 0.6, 0.0, 0.7692307692307692, 0.0
0.5073015873015874, 0.6666666666666667, 0.0, 0.8, 0.0
0.4395382395382396, 0.5714285714285714, 0.0, 0.6666666666666667, 0.0
0.43324675324675327, 0.5, 0.0, 0.7272727272727273, 0.0
0.4895238095238096, 0.5714285714285714, 0.0, 0.6666666666666667, 0.0
0.5023931623931625, 0.6666666666666667, 0.0, 0.7692307692307692, 0.0
0.5256254856254857, 0.6666666666666667, 0.0, 0.7692307692307692, 0.0
0.4651659451659453, 0.5454545454545454, 0.0, 0.7272727272727273, 0.0
0.4414430014430014, 0.5, 0.0, 0.6666666666666667, 0.0
0.3892063492063493, 0.5714285714285714, 0.0, 0.6666666666666667, 0.0
0.30952380952380953, 0.4, 0.0, 0.6666666666666667, 0.0
0.47888888888888903, 0.6666666666666667, 0.0, 0.75, 0.0
0.5354689754689755, 0.6, 0.0, 0.7272727272727273, 0.0
0.490878010878011, 0.5, 0.0, 0.7692307692307692, 0.0
0.4955555555555557, 0.6, 0.0, 0.6666666666666667, 0.0
0.43874236874236877, 0.5, 0.0, 0.7692307692307692, 0.0
0.4051659451659452, 0.5, 0.0, 0.7272727272727273, 0.0
0.4088023088023089, 0.5, 0.0, 0.7272727272727273, 0.0
0.4777777777777779, 0.6, 0.0, 0.6666666666666667, 0.0
0.5179487179487181, 0.6666666666666667, 0.0, 0.7692307692307692, 0.0
0.5798268398268399, 0.6666666666666667, 0.0, 0.7272727272727273, 0.0
0.5711499611499612, 0.6666666666666667, 0.0, 0.7692307692307692, 0.0
0.4610582010582011, 0.5714285714285714, 0.0, 0.6666666666666667, 0.0
0.4605483405483406, 0.5714285714285714, 0.0, 0.8, 0.0
0.36747252747252745, 0.5, 0.0, 0.7692307692307692, 0.0
0.39297739297739304, 0.5, 0.0, 0.6666666666666667, 0.0
0.4780952380952382, 0.5, 0.0, 0.6666666666666667, 0.0
0.4804040404040405, 0.6, 0.0, 0.7272727272727273, 0.0
0.46895622895622907, 0.5454545454545454, 0.0, 0.6666666666666667, 0.0
0.4620779220779221, 0.5454545454545454, 0.0, 0.6666666666666667, 0.0
0.5129773929773931, 0.6, 0.0, 0.8, 0.0
0.47658008658008666, 0.6, 0.0, 0.75, 0.0
0.5424775224775225, 0.6, 0.0, 0.7692307692307692, 0.0
0.4593650793650795, 0.5, 0.0, 0.6666666666666667, 0.0
0.4782972582972584, 0.5454545454545454, 0.0, 0.6666666666666667, 0.0
0.5034054834054836, 0.6666666666666667, 0.0, 0.7272727272727273, 0.0
0.3892929292929293, 0.5, 0.0, 0.7272727272727273, 0.0
0.4351515151515153, 0.6, 0.0, 0.7272727272727273, 0.0
0.41027195027195024, 0.5, 0.0, 0.7692307692307692, 0.0
0.38525252525252535, 0.4, 0.0, 0.6666666666666667, 0.0
0.49220779220779226, 0.5714285714285714, 0.0, 0.7272727272727273, 0.0
0.3535642135642136, 0.5, 0.0, 0.7272727272727273, 0.0
0.351024531024531, 0.5, 0.0, 0.7272727272727273, 0.0
0.4539682539682541, 0.5714285714285714, 0.0, 0.7272727272727273, 0.0
0.44698412698412704, 0.5, 0.0, 0.6666666666666667, 0.0
0.47365079365079377, 0.6, 0.0, 0.6666666666666667, 0.0
0.5003174603174604, 0.5, 0.0, 0.8, 0.0
0.41684463684463685, 0.4444444444444444, 0.0, 0.7272727272727273, 0.0
0.45503385503385513, 0.5454545454545454, 0.0, 0.7692307692307692, 0.0
0.42476190476190484, 0.4, 0.0, 0.6666666666666667, 0.0
0.4703318903318904, 0.5714285714285714, 0.0, 0.6666666666666667, 0.0
0.4806349206349207, 0.5714285714285714, 0.0, 0.7272727272727273, 0.0
0.4371428571428572, 0.5, 0.0, 0.6666666666666667, 0.0
0.38095238095238104, 0.5714285714285714, 0.0, 0.6666666666666667, 0.0
0.46183372183372196, 0.6153846153846154, 0.0, 0.6666666666666667, 0.0
0.4993265993265993, 0.6, 0.0, 0.6666666666666667, 0.0
0.43174603174603177, 0.5, 0.0, 0.6666666666666667, 0.0
0.4477056277056278, 0.5454545454545454, 0.0, 0.7272727272727273, 0.0
0.4911111111111113, 0.6666666666666667, 0.0, 0.6666666666666667, 0.0
0.478903318903319, 0.5714285714285714, 0.0, 0.6666666666666667, 0.0
0.3719191919191919, 0.5, 0.0, 0.6666666666666667, 0.0
0.5281096681096682, 0.5714285714285714, 0.0, 0.6666666666666667, 0.0
0.5007215007215008, 0.5714285714285714, 0.0, 0.7272727272727273, 0.0
0.3715995115995117, 0.4, 0.0, 0.7692307692307692, 0.0
0.39390831390831393, 0.4, 0.0, 0.7692307692307692, 0.0
0.5447763347763349, 0.5714285714285714, 0.0, 0.75, 0.0
0.561902541902542, 0.6666666666666667, 0.0, 0.7692307692307692, 0.0
0.49093795093795106, 0.6, 0.0, 0.7272727272727273, 0.0
0.5088023088023088, 0.5, 0.0, 0.7272727272727273, 0.0
0.47107263107263114, 0.5714285714285714, 0.0, 0.6666666666666667, 0.0
0.4517460317460318, 0.5454545454545454, 0.0, 0.8, 0.0
0.41480075480075485, 0.5, 0.0, 0.7692307692307692, 0.0
0.4915995115995117, 0.6666666666666667, 0.0, 0.8, 0.0
0.42445887445887454, 0.5, 0.0, 0.75, 0.0
0.5780952380952382, 0.6666666666666667, 0.0, 0.7272727272727273, 0.0
0.4624531024531025, 0.5714285714285714, 0.0, 0.7272727272727273, 0.0
0.591919191919192, 0.6666666666666667, 0.4, 0.6666666666666667, 0.0
0.4454811854811856, 0.5, 0.0, 0.7692307692307692, 0.0
0.42222222222222233, 0.5, 0.0, 0.6666666666666667, 0.0
0.46643356643356654, 0.6, 0.0, 0.7692307692307692, 0.0
0.448888888888889, 0.5, 0.0, 0.6666666666666667, 0.0
0.5355533355533356, 0.5714285714285714, 0.0, 0.7692307692307692, 0.0
0.45809523809523817, 0.5, 0.0, 0.6666666666666667, 0.0
0.45502645502645506, 0.5714285714285714, 0.0, 0.6666666666666667, 0.0
0.6329292929292929, 0.6666666666666667, 0.33333333333333337, 0.7272727272727273, 0.0
0.5727106227106229, 0.6666666666666667, 0.0, 0.7692307692307692, 0.0
0.4875783475783476, 0.4444444444444444, 0.0, 0.7692307692307692, 0.0
0.5793939393939395, 0.6666666666666667, 0.0, 0.6666666666666667, 0.0
0.4563636363636364, 0.5, 0.0, 0.6666666666666667, 0.0
0.5455270655270656, 0.6, 0.0, 0.7692307692307692, 0.0
0.39424501424501435, 0.5, 0.0, 0.7692307692307692, 0.0
0.48476190476190484, 0.5714285714285714, 0.0, 0.6666666666666667, 0.0
0.3869841269841271, 0.5, 0.0, 0.6666666666666667, 0.0
0.4208080808080809, 0.5, 0.0, 0.6666666666666667, 0.0
0.49991341991342, 0.5, 0.0, 0.7272727272727273, 0.0
0.5854212454212456, 0.6666666666666667, 0.0, 0.7692307692307692, 0.0
0.5080086580086581, 0.5714285714285714, 0.0, 0.75, 0.0
0.4914285714285714, 0.5, 0.0, 0.6666666666666667, 0.0
0.5325785325785326, 0.6, 0.0, 0.7692307692307692, 0.0
0.4218181818181819, 0.5, 0.0, 0.7272727272727273, 0.0
0.5238095238095238, 0.5, 0.2857142857142857, 0.6666666666666667, 0.0
0.4103318903318903, 0.5, 0.0, 0.6666666666666667, 0.0
0.4566326530612246, 0.5714285714285714, 0.0, 0.75, 0.0
0.48216006216006224, 0.6666666666666667, 0.0, 0.7692307692307692, 0.0
0.5221837421837422, 0.5714285714285714, 0.0, 0.6666666666666667, 0.0
0.4159595959595961, 0.5, 0.0, 0.7272727272727273, 0.0
0.49890331890331896, 0.5, 0.0, 0.6666666666666667, 0.0
0.5003174603174604, 0.6, 0.0, 0.7272727272727273, 0.0
0.5204040404040405, 0.6, 0.0, 0.7272727272727273, 0.0
0.4684848484848486, 0.6, 0.0, 0.7272727272727273, 0.0
0.5658730158730161, 0.6666666666666667, 0.0, 0.75, 0.0
0.41868945868945867, 0.5, 0.0, 0.7692307692307692, 0.0
0.5022222222222223, 0.6, 0.0, 0.6666666666666667, 0.0
0.4581795981795983, 0.5714285714285714, 0.0, 0.7692307692307692, 0.0
0.4295959595959597, 0.5, 0.0, 0.75, 0.0
0.6348318348318348, 0.6666666666666667, 0.33333333333333337, 0.7692307692307692, 0.0
0.48334776334776336, 0.5454545454545454, 0.0, 0.8, 0.0
0.4846153846153847, 0.6, 0.0, 0.7692307692307692, 0.0
0.5269841269841271, 0.6666666666666667, 0.0, 0.6666666666666667, 0.0
0.4008080808080809, 0.6, 0.0, 0.6666666666666667, 0.0
0.4585836385836386, 0.5, 0.0, 0.7692307692307692, 0.0
0.546984126984127, 0.6666666666666667, 0.0, 0.6666666666666667, 0.0
0.5580062794348509, 0.6, 0.0, 0.7692307692307692, 0.0
0.531916971916972, 0.5714285714285714, 0.0, 0.7692307692307692, 0.0
0.5544444444444445, 0.6666666666666667, 0.0, 0.75, 0.0
0.5095238095238095, 0.6, 0.0, 0.6666666666666667, 0.0
0.44542346542346556, 0.6, 0.0, 0.7692307692307692, 0.0
0.3476456876456877, 0.4, 0.0, 0.7692307692307692, 0.0
0.49841269841269836, 0.5, 0.0, 0.6666666666666667, 0.0
0.40400932400932404, 0.5454545454545454, 0.0, 0.7692307692307692, 0.0
0.48343434343434344, 0.5, 0.0, 0.7272727272727273, 0.0
0.4269841269841271, 0.5, 0.0, 0.6666666666666667, 0.0
0.5286002886002886, 0.5454545454545454, 0.0, 0.6666666666666667, 0.0
0.5999378399378401, 0.6666666666666667, 0.0, 0.7692307692307692, 0.0
0.536825396825397, 0.6, 0.0, 0.6666666666666667, 0.0
0.5351996151996151, 0.5454545454545454, 0.4, 0.6666666666666667, 0.0
0.488973248973249, 0.5, 0.0, 0.7692307692307692, 0.0
0.4185569985569986, 0.5714285714285714, 0.0, 0.7272727272727273, 0.0
0.5696103896103897, 0.6, 0.0, 0.7272727272727273, 0.0
0.44525030525030534, 0.5714285714285714, 0.0, 0.7692307692307692, 0.0
0.513881673881674, 0.6, 0.0, 0.7272727272727273, 0.0
0.38922077922077924, 0.5, 0.0, 0.75, 0.0
0.39604395604395604, 0.4, 0.0, 0.7692307692307692, 0.0
0.4822222222222223, 0.5, 0.0, 0.8, 0.0
0.39367743367743374, 0.5, 0.0, 0.7692307692307692, 0.0
0.5418692418692418, 0.5714285714285714, 0.0, 0.7692307692307692, 0.0
