0.6720810357702459, 0.75, 0.0, 0.8292682926829268, 0.0
0.7016906210610052, 0.7119815668202765, 0.5882352941176471, 0.8292682926829268, 0.0
0.6607578884125844, 0.6923076923076923, 0.4347826086956522, 0.7878787878787878, 0.0
0.6034788577656643, 0.6425806451612903, 0.3157894736842105, 0.7878787878787878, 0.0
0.5755905744738055, 0.6363636363636364, 0.30000000000000004, 0.7222222222222222, 0.0
0.5582939000245558, 0.5857142857142856, 0.30000000000000004, 0.7222222222222222, 0.0
0.512239665954163, 0.5263157894736843, 0.2857142857142857, 0.717948717948718, 0.0
0.46958897349192136, 0.4285714285714286, 0.2857142857142857, 0.7142857142857143, 0.0
0.46651211798028347, 0.4285714285714286, 0.2857142857142857, 0.6666666666666667, 0.0
0.45921101540209114, 0.4285714285714286, 0.2857142857142857, 0.625, 0.0
0.44541765010986983, 0.4285714285714286, 0.2857142857142857, 0.625, 0.0
0.43546849527284315, 0.4285714285714286, 0.2857142857142857, 0.625, 0.0
0.4306058579102058, 0.4285714285714286, 0.2857142857142857, 0.5333333333333333, 0.0
0.4271531994575473, 0.4285714285714286, 0.25, 0.5333333333333333, 0.0
0.42102133757120974, 0.4083333333333333, 0.25, 0.5333333333333333, 0.0
0.4178751047190945, 0.41666666666666663, 0.25, 0.5333333333333333, 0.0
0.40499759007687397, 0.3722943722943723, 0.25, 0.5333333333333333, 0.0
0.41114895430469534, 0.3722943722943723, 0.25, 0.5333333333333333, 0.0
0.414712547194967, 0.3722943722943723, 0.25, 0.5333333333333333, 0.0
0.4107815280936692, 0.36363636363636365, 0.25, 0.5333333333333333, 0.0
