0.7046669924187806, 0.7320574162679426, 0.0, 0.8571428571428572, 0.0
0.6843961516090385, 0.6862910008410429, 0.5185185185185186, 0.8108108108108107, 0.0
0.6300322696544154, 0.6666666666666667, 0.38095238095238093, 0.7777777777777778, 0.0
0.5901341747156681, 0.6428571428571428, 0.375, 0.72, 0.0
0.5569524239026399, 0.6086956521739131, 0.32258064516129037, 0.6666666666666667, 0.0
0.5046521697916648, 0.5263157894736843, 0.2857142857142857, 0.6666666666666667, 0.0
0.4773641204117202, 0.4880952380952381, 0.2857142857142857, 0.6086956521739131, 0.0
0.4602674343619448, 0.47619047619047616, 0.2857142857142857, 0.5925925925925926, 0.0
0.44556966613432986, 0.47619047619047616, 0.2857142857142857, 0.5454545454545454, 0.0
0.41989543444179156, 0.4083333333333333, 0.21052631578947367, 0.5454545454545454, 0.0
0.40382982109929044, 0.4, 0.2222222222222222, 0.5454545454545454, 0.0
0.3943735607734649, 0.4, 0.2222222222222222, 0.47619047619047616, 0.0
0.3885000927718505, 0.4, 0.2222222222222222, 0.5, 0.0
0.3763929309278466, 0.4, 0.2222222222222222, 0.5, 0.0
0.37548410198240434, 0.3798076923076923, 0.2222222222222222, 0.5, 0.0
0.37269519572040444, 0.3798076923076923, 0.2222222222222222, 0.4545454545454546, 0.0
0.3722055099675608, 0.3875, 0.2222222222222222, 0.4545454545454546, 0.0
0.3702476788132849, 0.3875, 0.2222222222222222, 0.4545454545454546, 0.0
0.3660123429990017, 0.3875, 0.2222222222222222, 0.4545454545454546, 0.0
0.3641063203835968, 0.35038363171355497, 0.2727272727272727, 0.4545454545454546, 0.0
