0,6771807821807823	 0,7033618233618235	 0,6845565545565547	 0,6647992747992749	 0,6617599067599068	 0,6435542235542238	 0,6782530432530434	 0,6596982646982646	 0,6724741924741927	 0,7070991970991973	        
0,6831455581455583	 0,6892444592444594	 0,6743278943278945	 0,6826353276353279	 0,6902784252784253	 0,7024164724164728	 0,7427694527694529	 0,6420875420875423	 0,6670486920486922	 0,6645376845376847	        
0,6874786324786327	 0,702955192955193	 0,6838888888888891	 0,6780082880082882	 0,6728205128205129	 0,6995622895622896	 0,7052279202279202	 0,6794775594775597	 0,6959013209013211	 0,6828969178969181	        
0,6912056462056465	 0,7149753949753952	 0,6711706811706812	 0,6936985236985239	 0,6565073815073816	 0,6672222222222223	 0,6545635845635847	 0,6603069153069154	 0,6644276094276097	 0,7262724312724315	        
0,6812380212380215	 0,6726329226329227	 0,6950000000000003	 0,6648821548821551	 0,6764154364154364	 0,6693447293447294	 0,6993687793687795	 0,7055594405594408	 0,6637037037037038	 0,6667042217042218	        
0,6935884485884487	 0,663789173789174	 0,6451774151774152	 0,6707498057498059	 0,6947060347060349	 0,7001942501942504	 0,6811396011396014	 0,6759854959854962	 0,6471134421134421	 0,6905931105931108	        
0,6533773633773634	 0,6940831390831392	 0,6873413623413626	 0,666037296037296	 0,6995280645280648	 0,6870869870869872	 0,713025123025123	 0,6690657490657492	 0,6921315721315723	 0,7072999222999226	        
0,6677946127946128	 0,6877609427609429	 0,68988344988345	 0,6360955710955712	 0,7103535353535355	 0,6817780367780368	 0,6323232323232323	 0,6848407148407151	 0,6957264957264958	 0,6980833980833983	        
0,6411952861952863	 0,6841336441336442	 0,6491582491582494	 0,6964563214563216	 0,6671328671328673	 0,6726948976948979	 0,6800427350427353	 0,6489510489510492	 0,6880989380989381	 0,6394716394716394	        
0,6430652680652681	 0,6731144781144782	 0,6935068635068636	 0,7132996632996634	 0,6779960779960781	 0,6766757316757318	 0,6876257076257077	 0,7052538202538204	 0,6587231287231288	 0,7061201761201763	        
0,6609867909867911	 0,6814827764827766	 0,7211162911162912	 0,7124915824915826	 0,6919800569800572	 0,6926353276353278	 0,7123905723905727	 0,700809375809376	 0,6625602175602178	 0,656954156954157	        
0,6652214452214452	 0,6719658119658121	 0,6917184667184668	 0,6718518518518519	 0,7010567210567212	 0,6605218855218856	 0,6929551929551931	 0,6916666666666668	 0,6887037037037038	 0,6673400673400676	        
0,6775770525770527	 0,7096218596218598	 0,6691336441336443	 0,6932931882931884	 0,6677946127946128	 0,673737373737374	 0,7162393162393166	 0,6456410256410258	 0,6909440559440562	 0,6979124579124582	        
0,6877272727272729	 0,6994612794612797	 0,6692281792281793	 0,6795066045066046	 0,6516907166907168	 0,6544120694120695	 0,6733954933954934	 0,6714568764568767	 0,6892683242683244	 0,6575757575757578	        
0,6695202945202947	 0,6665262515262518	 0,7072843822843825	 0,6931080031080032	 0,7009712509712512	 0,7091711991711994	 0,6567858067858068	 0,6962626262626265	 0,6979313279313282	 0,6614944314944317	        
0,6618849668849671	 0,7102305102305103	 0,630959595959596	 0,6439484589484591	 0,6770888370888372	 0,6866265216265217	 0,6893447293447295	 0,6935625485625486	 0,6920059570059571	 0,6376353276353278	        
0,6845130795130797	 0,6610450660450661	 0,6617262367262368	 0,6561201761201761	 0,6747474747474749	 0,6975278425278426	 0,6887632737632738	 0,6676029526029528	 0,6801108151108152	 0,6660878010878012	        
0,6926262626262628	 0,6660023310023312	 0,6544042994042996	 0,6724268324268325	 0,6616524216524218	 0,7092250342250345	 0,7069696969696971	 0,6787930587930588	 0,6474579124579126	 0,6646568246568249	        
0,6587826987826989	 0,6705490805490807	 0,7059176009176011	 0,6719282569282571	 0,6911111111111112	 0,7090429940429942	 0,6507511007511008	 0,6278969178969179	 0,7101554001554004	 0,640951825951826	        
0,6769787619787622	 0,6554467754467755	 0,6779533429533431	 0,6784213934213935	 0,6915837865837867	 0,6777700077700078	 0,6583333333333334	 0,7080056980056982	 0,6502110852110853	 0,6562237762237764	        
0,7193110593110593	 0,6587969437969439	 0,6485949235949237	 0,6923763273763276	 0,6637710437710439	 0,6678872978872981	 0,6514322714322716	 0,6554636104636107	 0,7181572131572135	 0,6824928774928777	        
0,6629318829318831	 0,6909854959854961	 0,6887723387723388	 0,7133923483923486	 0,645843045843046	 0,6847474747474749	 0,6822222222222224	 0,6741336441336442	 0,6715747215747218	 0,6681649831649833	        
0,662991452991453	 0,6465319865319866	 0,6861564361564363	 0,6499922299922302	 0,669773374773375	 0,6845635845635847	 0,7000447700447702	 0,6730880230880233	 0,7181908831908834	 0,6914322714322716	        
0,7003470603470606	 0,6814835164835167	 0,66983164983165	 0,6921056721056723	 0,6822649572649574	 0,6752641802641804	 0,6735353535353537	 0,7017534317534319	 0,6657070707070709	 0,7005892255892259	        
0,675833425833426	 0,6709013209013209	 0,6587710437710439	 0,7190761090761093	 0,6811447811447813	 0,6742760942760945	 0,6834356384356385	 0,6752214452214453	 0,6735444185444186	 0,6614983164983167	        
0,7003561253561253	 0,6697487697487698	 0,6651851851851854	 0,6906734006734008	 0,6933514633514636	 0,698756798756799	 0,7101846301846304	 0,6752693602693605	 0,7079746179746181	 0,6746990046990048	        
0,6673659673659674	 0,6624664224664226	 0,7118518518518521	 0,6615747215747217	 0,70991193991194	 0,6452538202538205	 0,668881118881119	 0,7133851333851335	 0,6803133903133904	 0,6737290487290489	        
0,6786311836311839	 0,705792540792541	 0,7087580937580941	 0,6654804454804456	 0,6676262626262627	 0,6707239057239058	 0,7114322714322715	 0,7340015540015542	 0,6912134162134164	 0,7059686609686612	        
0,6581313131313133	 0,7021574721574723	 0,6720214970214972	 0,6916342916342919	 0,703817663817664	 0,6966524216524218	 0,6906410256410259	 0,6462134162134163	 0,6856073556073556	 0,6826270026270028	        
0,6484001184001186	 0,6811046361046363	 0,6677544677544679	 0,6736234136234138	 0,6866997816997819	 0,7044555444555446	 0,6958689458689461	 0,6795371295371296	 0,6654506604506606	 0,6390067340067341	        
0,6373491323491325	 0,6933760683760685	 0,684832944832945	 0,6541103341103344	 0,6813299663299665	 0,6677972027972029	 0,6663584563584565	 0,7020461020461022	 0,6391168091168092	 0,7009181559181561	        
0,675858585858586	 0,7180652680652683	 0,6609595959595961	 0,6592022792022794	 0,7060269360269362	 0,6804040404040405	 0,6752706552706554	 0,6813312613312614	 0,6971911421911424	 0,6809181559181561	        
0,6833760683760685	 0,6621393421393423	 0,6727117327117327	 0,6691919191919193	 0,6781287231287233	 0,6872053872053873	 0,656810411810412	 0,6983009583009585	 0,6680821030821031	 0,6651359751359752	        
0,6569282569282571	 0,6591763791763793	 0,6732154882154883	 0,675878010878011	 0,6465242165242167	 0,6421885521885523	 0,6846814296814298	 0,7157070707070708	 0,6543265993265994	 0,6320564620564623	        
0,6804299404299405	 0,6799766899766901	 0,7021302771302772	 0,6960282310282312	 0,6825097125097127	 0,6974146224146226	 0,6752136752136754	 0,6892605542605544	 0,6806073556073557	 0,7203490953490955	        
0,6802033152033152	 0,6724255374255375	 0,670893550893551	 0,6761538461538464	 0,6690909090909093	 0,7150284900284902	 0,674765604765605	 0,6929461279461281	 0,6734097384097385	 0,690859880859881	        
0,6724838124838126	 0,6222986272986274	 0,650850815850816	 0,6744483294483296	 0,6844871794871796	 0,7013131313131316	 0,655959595959596	 0,7114322714322717	 0,675809375809376	 0,6928282828282829	        
0,6971387871387873	 0,6694638694638696	 0,692846412846413	 0,6733177933177934	 0,6922144522144524	 0,6816666666666668	 0,6847228697228699	 0,6881857031857034	 0,7036816886816889	 0,6602279202279203	        
0,7102874902874904	 0,6564257964257967	 0,6837801087801089	 0,6380652680652682	 0,669814814814815	 0,6661305361305362	 0,6550854700854701	 0,6813053613053615	 0,6625524475524477	 0,6681398231398233	        
0,6826443926443929	 0,6941926591926594	 0,7030924630924633	 0,6365242165242166	 0,6777777777777778	 0,6727777777777779	 0,6541595441595442	 0,6872817922817924	 0,7174262774262776	 0,7016679616679617	        
0,6812938912938915	 0,6934602434602436	 0,6602447552447553	 0,6942178192178193	 0,6886953786953788	 0,6939264439264441	 0,6510113960113961	 0,694985754985755	 0,6895635845635847	 0,6982265882265885	        
0,7176184926184929	 0,6995863395863398	 0,6884822584822586	 0,6773413623413624	 0,6355141155141156	 0,6921885521885524	 0,6628205128205129	 0,6653587153587156	 0,6554131054131056	 0,6946050246050247	        
0,6977894327894331	 0,6972675472675475	 0,7407588707588709	 0,6436894586894588	 0,6545959595959597	 0,6716032116032118	 0,6793991193991196	 0,6958041958041961	 0,7059971509971511	 0,6817094017094018	        
0,7153535353535356	 0,6614413364413366	 0,6611447811447814	 0,6779396529396531	 0,6503379953379954	 0,6421820771820772	 0,7049994449994451	 0,6563799163799166	 0,6862134162134164	 0,6665811965811966	        
0,7199903799903802	 0,6950090650090652	 0,7042022792022794	 0,667871017871018	 0,7090999740999743	 0,7083333333333336	 0,6983540533540534	 0,6776599326599329	 0,6783281533281535	 0,6924695674695677	        
0,6685638435638437	 0,7131092981092984	 0,7255698005698008	 0,6461201761201761	 0,6522481222481225	 0,7015003515003516	 0,6994276094276095	 0,6764809264809267	 0,6718518518518519	 0,7070745920745923	        
0,6581740481740483	 0,6910890960890962	 0,6466860916860917	 0,6520966070966073	 0,6370707070707071	 0,6694327894327896	 0,7303988603988606	 0,6554156954156957	 0,6859427609427612	 0,6916933066933068	        
0,6682271432271434	 0,6752615902615903	 0,7156228956228958	 0,6658352758352759	 0,6660942760942762	 0,6776094276094278	 0,6441932141932143	 0,6836531986531987	 0,6730976430976432	 0,6665410515410516	        
0,6420072520072521	 0,6863053613053613	 0,7138041588041589	 0,7004708254708256	 0,6929914529914531	 0,6880225330225331	 0,6905244755244756	 0,6921548821548824	 0,6644102194102196	 0,7012794612794615	        
0,6940416990416992	 0,6457666407666409	 0,6641234691234693	 0,6496995596995598	 0,6903561253561254	 0,6671587671587671	 0,6526521626521629	 0,6813079513079515	 0,7100284900284902	 0,707854182854183	        
0,6415242165242165	 0,70985236985237	 0,6820538720538721	 0,6638060088060089	 0,6975097125097126	 0,6722817922817924	 0,6743351093351095	 0,6698997298997301	 0,71989380989381	 0,6683695933695936	        
0,6317676767676768	 0,7046477596477598	 0,689075369075369	 0,6729914529914531	 0,6742760942760945	 0,6735353535353537	 0,6534356384356385	 0,653936803936804	 0,6491763791763794	 0,6904895104895107	        
0,6680510230510232	 0,6851851851851853	 0,6983216783216785	 0,6652952602952603	 0,6820707070707072	 0,6896464646464648	 0,6983423983423985	 0,6524579124579125	 0,6816006216006217	 0,6357511007511009	        
0,6800880600880601	 0,6573996373996375	 0,6611875161875164	 0,6822701372701374	 0,6946127946127947	 0,6583760683760684	 0,6850932400932402	 0,6870888370888372	 0,70491711991712	 0,7079979279979282	        
0,6822649572649574	 0,6924333074333077	 0,6481999481999483	 0,6512043512043514	 0,6996309246309249	 0,6643524993524995	 0,6740857290857292	 0,68485236985237	 0,6802525252525254	 0,7174669774669776	        
0,6492424242424243	 0,6925589225589228	 0,6692424242424244	 0,6637127687127687	 0,6654299404299405	 0,6919114219114221	 0,6751307951307953	 0,6955868205868208	 0,6913817663817665	 0,6886894586894587	        
0,6703962703962706	 0,6563325563325563	 0,6824035224035225	 0,6824099974099976	 0,7006837606837608	 0,7061318311318314	 0,6470396270396271	 0,686752136752137	 0,688780108780109	 0,6612820512820515	        
0,6969774669774672	 0,6437723387723389	 0,6742048692048693	 0,6741556591556592	 0,6676521626521629	 0,6846386946386949	 0,6861538461538462	 0,6638837088837091	 0,6426936026936028	 0,6546723646723647	        
0,685884485884486	 0,6485612535612536	 0,6792851592851594	 0,6630484330484332	 0,6565086765086766	 0,6748575498575501	 0,6855646205646208	 0,6617094017094017	 0,6837580937580938	 0,6741932141932143	        
0,6700686350686351	 0,6832245532245533	 0,6756695156695158	 0,7076379176379177	 0,6666925666925668	 0,6891336441336442	 0,695757575757576	 0,6612729862729865	 0,6528373478373479	 0,6953866503866506	        
0,6821250971250973	 0,6732504532504534	 0,6749430199430202	 0,703905723905724	 0,689840714840715	 0,6389147889147889	 0,6561447811447814	 0,6902856402856404	 0,7000025900025901	 0,6744120694120695	        
0,7184019684019686	 0,6602020202020202	 0,6378231028231027	 0,6940663040663043	 0,6709181559181562	 0,6694949494949495	 0,694866614866615	 0,7354053354053356	 0,6677946127946129	 0,6855814555814557	        
0,6645480445480447	 0,6941686091686095	 0,697820512820513	 0,7081403781403783	 0,6713739963739965	 0,652062937062937	 0,6886202686202688	 0,668932918932919	 0,6731313131313134	 0,6733100233100234	        
0,6785133385133387	 0,6843524993524995	 0,7078658378658382	 0,6926120176120178	 0,7313889813889816	 0,689900284900285	 0,6570551670551672	 0,663806008806009	 0,6882167832167833	 0,6737386687386688	        
0,6871820771820772	 0,6630056980056981	 0,6692022792022793	 0,6641504791504792	 0,7054649054649056	 0,6774949124949128	 0,6771898471898473	 0,6663325563325564	 0,667933177933178	 0,6573654123654126	        
0,69491970991971	 0,685909090909091	 0,6676689976689977	 0,7241991341991344	 0,668922558922559	 0,6861823361823364	 0,6910554260554261	 0,6634783734783736	 0,7035703185703187	 0,6670396270396272	        
0,699851074851075	 0,6931675731675733	 0,7049857549857551	 0,6613817663817666	 0,7220046620046622	 0,6899598549598551	 0,6854066304066305	 0,6874928774928776	 0,7108852258852261	 0,6526366226366228	        
0,6685690235690237	 0,6601023051023052	 0,7249248899248901	 0,6855723905723907	 0,6595040145040146	 0,6790857290857292	 0,6700595700595703	 0,6550595700595702	 0,6978541828541831	 0,6365651015651017	        
0,6671134421134421	 0,6670564620564622	 0,6876107226107228	 0,6895907795907797	 0,691752136752137	 0,7219295519295521	 0,7062043512043512	 0,6854079254079256	 0,6487542087542089	 0,6892022792022793	        
0,673831908831909	 0,6827557627557629	 0,6607329707329709	 0,682979797979798	 0,678748473748474	 0,6555400155400156	 0,6890067340067341	 0,6684550634550634	 0,7007647907647911	 0,7079637029637031	        
0,7001942501942504	 0,6682828282828284	 0,6671587671587673	 0,6606410256410258	 0,6612380212380214	 0,6941784141784144	 0,6925200725200729	 0,7231028231028234	 0,7015410515410517	 0,6699922299922302	        
0,7045661745661748	 0,6810955710955713	 0,7033185333185336	 0,6626612276612278	 0,6967858067858067	 0,701825396825397	 0,6862289562289564	 0,6954985754985756	 0,6749002849002851	 0,6789575239575242	        
0,6965099715099716	 0,6646218596218598	 0,7119950419950422	 0,6744107744107745	 0,6772558922558924	 0,67495078995079	 0,6673413623413624	 0,6684537684537685	 0,6785133385133387	 0,7045208495208498	        
0,6576521626521628	 0,6846775446775448	 0,6733335183335184	 0,6431999481999482	 0,6903872053872054	 0,6905723905723907	 0,6521730121730123	 0,7119489769489771	 0,6474838124838126	 0,6796775446775449	        
0,6785638435638437	 0,6466433566433566	 0,6974910274910276	 0,7026469826469828	 0,6925019425019427	 0,6894871794871797	 0,673958818958819	 0,6832698782698785	 0,6772649572649574	 0,6852538202538204	        
0,6690080290080291	 0,6877272727272727	 0,6712160062160064	 0,696678321678322	 0,7046555296555298	 0,6303043253043252	 0,7097668997668999	 0,6544625744625745	 0,710951825951826	 0,6926689976689978	        
0,6446464646464648	 0,6663468013468015	 0,6883838383838385	 0,6887593887593889	 0,681793576793577	 0,6795746845746847	 0,6553729603729603	 0,6994301994301997	 0,6652299552299554	 0,6685379435379436	        
0,6961447811447813	 0,6853056203056204	 0,66996891996892	 0,6762289562289564	 0,6339484589484589	 0,6633527583527584	 0,6992217042217045	 0,6803470603470605	 0,6904539904539906	 0,6983760683760686	        
0,688931623931624	 0,6727862877862879	 0,6781507381507381	 0,6740929440929443	 0,694805194805195	 0,6542009842009844	 0,7033851333851335	 0,6792968142968144	 0,6469476819476819	 0,6613662263662266	        
0,6455387205387206	 0,670817145817146	 0,6762639212639214	 0,6567171717171718	 0,6578969178969182	 0,6737153587153588	 0,6982595182595185	 0,6594276094276096	 0,705740185740186	 0,691846671846672	        
0,6928541828541831	 0,7032245532245534	 0,678932918932919	 0,7235042735042736	 0,6788319088319089	 0,687737632737633	 0,653874643874644	 0,6857031857031859	 0,6818104118104119	 0,7070396270396273	        
0,6841699041699044	 0,653031598031598	 0,6716576016576018	 0,6717780367780368	 0,6366329966329968	 0,6995881895881897	 0,6796749546749548	 0,6690494690494693	 0,7263973063973066	 0,7130056980056982	        
0,6556591556591559	 0,671684796684797	 0,6660865060865061	 0,6605749805749807	 0,6918512968512971	 0,6938603988603991	 0,6844703444703446	 0,6641854441854442	 0,667810892810893	 0,6761797461797464	        
0,6943900543900546	 0,712827727827728	 0,66989121989122	 0,6608093758093758	 0,6422727272727274	 0,7053315203315206	 0,6962548562548565	 0,6887296037296039	 0,6778800828800831	 0,6745791245791247	        
0,6846575646575648	 0,6575848225848226	 0,6792851592851593	 0,6934343434343436	 0,625841750841751	 0,6729292929292929	 0,7064413364413367	 0,6871328671328673	 0,7049753949753952	 0,6884447034447035	        
0,663931623931624	 0,6755698005698006	 0,6759259259259262	 0,6756469456469458	 0,6758106708106709	 0,6811538461538463	 0,7064128464128465	 0,7185703185703187	 0,672863247863248	 0,6442437192437193	        
0,7155646205646208	 0,7056746956746959	 0,665783475783476	 0,6861370111370113	 0,6828205128205129	 0,7015242165242166	 0,6627894327894329	 0,643948458948459	 0,6467430717430719	 0,6814413364413366	        
0,7022170422170422	 0,6921212121212121	 0,6777034077034079	 0,7056060606060608	 0,686860916860917	 0,6935780885780889	 0,6652641802641803	 0,6624592074592076	 0,6859590409590411	 0,6974910274910276	        
0,7120390720390722	 0,6844107744107746	 0,6823076923076923	 0,6841097791097793	 0,6950932400932401	 0,681803381803382	 0,6727117327117328	 0,6651139601139602	 0,6733094683094685	 0,6872053872053873	        
0,697777222777223	 0,6889665889665891	 0,6672753172753174	 0,698821548821549	 0,7196386946386948	 0,69478058978059	 0,6744535094535097	 0,7251696451696452	 0,7035612535612538	 0,7034188034188037	        
0,6921030821030824	 0,7056746956746959	 0,6623905723905726	 0,6686648536648537	 0,6497741147741148	 0,694851074851075	 0,6980445480445482	 0,6562134162134164	 0,6927635327635329	 0,6727946127946128	        
0,6702421652421653	 0,6960062160062163	 0,6612626262626263	 0,6595130795130796	 0,6760968660968661	 0,6577272727272728	 0,6522649572649575	 0,6434356384356384	 0,7020370370370372	 0,6974009324009326	        
0,7204558404558407	 0,6638888888888891	 0,697803677803678	 0,6976456876456877	 0,6883954933954936	 0,7160691160691162	 0,6845894845894847	 0,6354545454545455	 0,6650686350686351	 0,685963480963481	        
0,6916078366078368	 0,7086907536907538	 0,6700595700595701	 0,677837347837348	 0,6734019684019686	 0,6989691789691792	 0,6725925925925929	 0,6765928515928518	 0,682814037814038	 0,6535016835016836	        
0,6969463869463871	 0,6765915565915568	 0,739807044807045	 0,65983164983165	 0,6716161616161617	 0,6454131054131054	 0,693820993820994	 0,6741440041440043	 0,6876521626521629	 0,6816006216006216	        
0,6513294113294115	 0,6732271432271434	 0,6687542087542088	 0,6880784030784033	 0,6629668479668481	 0,6702615902615904	 0,6916091316091318	 0,6865495615495617	 0,7389406889406891	 0,6481248381248381	        
0,6795208495208497	 0,6553043253043254	 0,698780108780109	 0,692720797720798	 0,6990416990416991	 0,7000660450660452	 0,6898692048692051	 0,66989121989122	 0,6697927997927999	 0,7057860657860658	        
0,7214646464646467	 0,6876638176638179	 0,6613493913493914	 0,6902014652014654	 0,6953367003367004	 0,6723387723387724	 0,6787645687645689	 0,6772986272986273	 0,69481610981611	 0,6562620712620715	        
0,7118518518518521	 0,6881999481999482	 0,710742775742776	 0,6911279461279463	 0,657763532763533	 0,6856164206164207	 0,6831662781662782	 0,6644548044548045	 0,6246891996891998	 0,6592424242424244	        
0,6603970103970105	 0,6770701520701522	 0,7025855625855628	 0,6760450660450661	 0,6731740481740484	 0,6601709401709402	 0,6936985236985239	 0,687849002849003	 0,674765604765605	 0,677720797720798	        
0,6769399119399119	 0,7121471121471123	 0,6826016576016578	 0,6636894586894588	 0,665811965811966	 0,6699753949753952	 0,6670642320642322	 0,6666161616161618	 0,7096762496762499	 0,6850116550116551	        
0,6791142191142192	 0,6631644281644283	 0,6818855218855221	 0,6620797720797722	 0,6552688052688054	 0,6772481222481225	 0,687872312872313	 0,6704299404299405	 0,6819114219114221	 0,6800764050764052	        
0,69979020979021	 0,6792540792540794	 0,6697008547008548	 0,6903846153846156	 0,6714905464905467	 0,6521393421393423	 0,6913817663817665	 0,65986013986014	 0,6669450919450921	 0,672779812779813	        
0,7276210826210827	 0,6654558404558404	 0,6770707070707073	 0,6971879971879975	 0,6791673141673144	 0,6589316239316241	 0,6863986013986014	 0,6651211751211753	 0,6886700336700339	 0,6940903540903542	        
0,7282854182854185	 0,6801618751618753	 0,6578541828541831	 0,6918104118104119	 0,6770655270655273	 0,6423569023569026	 0,6794276094276095	 0,6660372960372961	 0,6493952343952344	 0,6579318829318832	        
0,672880082880083	 0,6961033411033413	 0,6857174307174309	 0,6652369852369854	 0,7038306138306141	 0,6664737114737116	 0,6842191142191143	 0,6691245791245793	 0,6983670033670035	 0,7052706552706555	        
0,673767158767159	 0,6981144781144784	 0,6563468013468015	 0,6816588966588968	 0,6565073815073816	 0,6758003108003109	 0,7071302771302772	 0,7122066822066824	 0,6597008547008547	 0,6575006475006476	        
0,6761901061901063	 0,7037549487549489	 0,677996632996633	 0,6936907536907538	 0,6557601657601658	 0,6633087283087283	 0,6850932400932402	 0,6676197876197878	 0,6959544159544161	 0,6533022533022534	        
0,6901418951418953	 0,6796438746438748	 0,6693045843045843	 0,6983087283087285	 0,7033682983682985	 0,706752136752137	 0,6987950937950937	 0,6659984459984462	 0,6937891737891739	 0,6807355607355609	        
0,7004390054390056	 0,6917534317534318	 0,7143110593110595	 0,6739316239316241	 0,7000854700854703	 0,6520033670033671	 0,6899197099197101	 0,6533618233618235	 0,6894871794871796	 0,677837347837348	        
0,6706319606319607	 0,6709854959854962	 0,7020882820882822	 0,7010903910903913	 0,6643097643097645	 0,6701113701113702	 0,6750259000259002	 0,6520538720538721	 0,670783475783476	 0,6994607244607246	        
0,6835275835275837	 0,6925324675324677	 0,7089847189847193	 0,7054312354312356	 0,6712698412698415	 0,7198717948717951	 0,6904247604247605	 0,663039368039368	 0,675751100751101	 0,6546490546490548	        
0,6762652162652164	 0,6756824656824657	 0,6571134421134421	 0,7023413623413625	 0,6482413882413883	 0,7131398231398233	 0,66974876974877	 0,7126651126651128	 0,6869036519036521	 0,7020538720538723	        
0,7001178451178454	 0,6823071373071375	 0,6311706811706813	 0,6963765863765865	 0,6856993006993007	 0,6894638694638695	 0,6918686868686871	 0,69490934990935	 0,6978536278536281	 0,7136881636881639	        
0,7038306138306141	 0,6921730121730124	 0,6416757316757317	 0,6944781144781146	 0,6709971509971512	 0,6835780885780888	 0,6860282310282311	 0,6629461279461282	 0,7085521885521887	 0,7209331409331411	        
0,6946244496244499	 0,6287109187109189	 0,6918803418803421	 0,675963480963481	 0,7059181559181561	 0,6960113960113962	 0,6824664224664226	 0,6670810670810672	 0,6781248381248385	 0,6706806156806159	        
0,6646723646723648	 0,7018855218855221	 0,6919787619787621	 0,690795130795131	 0,6331818181818182	 0,6757161357161359	 0,6803698153698156	 0,694892514892515	 0,6624592074592075	 0,7053923853923856	        
0,6970823620823623	 0,687777222777223	 0,6834524734524735	 0,6629551929551932	 0,6435780885780886	 0,7035185185185185	 0,6879797979797982	 0,6386026936026937	 0,6638228438228441	 0,6730393680393683	        
0,6431339031339033	 0,6354889554889556	 0,6825848225848227	 0,6856151256151258	 0,6323828023828023	 0,6663053613053616	 0,674933954933955	 0,6663480963480964	 0,6737464387464389	 0,6707575757575758	        
0,703948458948459	 0,7129577829577832	 0,6641763791763793	 0,7020797720797723	 0,65991711991712	 0,6852447552447553	 0,6776379176379178	 0,658804158804159	 0,6843019943019946	 0,6943110593110595	        
0,6845635845635847	 0,68985754985755	 0,6786376586376587	 0,6731313131313131	 0,6492877492877495	 0,6537632737632738	 0,6913338513338516	 0,7193576793576795	 0,6711564361564364	 0,6881670181670183	        
0,6834356384356385	 0,7022649572649574	 0,699944314944315	 0,6916013616013619	 0,6919632219632221	 0,6793499093499096	 0,6982996632996634	 0,6932582232582234	 0,70979797979798	 0,6707342657342658	        
0,6704908054908058	 0,7120966070966073	 0,6782413882413885	 0,7033851333851335	 0,6542514892514893	 0,6529551929551931	 0,6707174307174307	 0,6811701261701264	 0,6971056721056724	 0,712746697746698	        
0,6880056980056982	 0,6854558404558406	 0,6525848225848226	 0,6751023051023053	 0,7009958559958562	 0,6461124061124062	 0,6780821030821031	 0,6513895363895366	 0,6659932659932662	 0,6886039886039886	        
0,6746516446516447	 0,7088073038073041	 0,6967171717171718	 0,701669256669257	 0,7158585858585861	 0,6703302253302255	 0,6933670033670035	 0,6856993006993009	 0,703653198653199	 0,6730147630147632	        
0,6966951566951569	 0,696763791763792	 0,6581248381248381	 0,6486868686868689	 0,6926107226107228	 0,6538150738150738	 0,6713558663558665	 0,6517508417508419	 0,7107679357679361	 0,7007951307951309	        
0,7141193991193993	 0,6764861064861066	 0,6782271432271434	 0,6877370777370779	 0,6720966070966072	 0,703734783734784	 0,6924242424242425	 0,676853146853147	 0,6658611758611759	 0,6827603877603878	        
0,6495208495208497	 0,7092346542346545	 0,6890326340326342	 0,7065125615125616	 0,6862716912716915	 0,6690429940429942	 0,6967262367262369	 0,6621225071225072	 0,6984511784511785	 0,7006073556073559	        
0,6943045843045845	 0,6918699818699819	 0,6789743589743592	 0,6634265734265735	 0,6635780885780888	 0,6602965552965554	 0,6879966329966332	 0,6620629370629371	 0,6842566692566694	 0,6927454027454029	        
0,6732854182854184	 0,7034939134939137	 0,693741258741259	 0,6655076405076404	 0,6801359751359752	 0,6941427091427095	 0,6497060347060348	 0,6702292152292153	 0,6865993265993267	 0,6967016317016319	        
0,6739147889147892	 0,6981457431457433	 0,63990157990158	 0,6876379176379178	 0,7292755392755395	 0,6909758759758762	 0,6568518518518521	 0,7044612794612796	 0,7104053354053356	 0,6805718355718358	        
0,6788668738668739	 0,709797424797425	 0,6660709660709662	 0,675927220927221	 0,6565293965293966	 0,666919191919192	 0,7182369482369483	 0,6623154623154623	 0,6766252266252266	 0,6641414141414143	        
0,6401191401191402	 0,6750427350427352	 0,7046218596218599	 0,680859880859881	 0,6944483294483296	 0,6881481481481483	 0,6935353535353536	 0,688732193732194	 0,692837347837348	 0,7010722610722612	        
0,670893550893551	 0,6681170681170682	 0,6995021645021645	 0,6376780626780627	 0,6663643763643765	 0,6930478780478783	 0,6584550634550635	 0,6806177156177158	 0,657806267806268	 0,6947539497539499	        
0,6816738816738819	 0,641885521885522	 0,6835542235542236	 0,6590028490028492	 0,6956915306915309	 0,7009466459466461	 0,7049857549857551	 0,6585975135975137	 0,6972558922558925	 0,7031229881229883	        
0,6715345765345766	 0,6932504532504533	 0,6568189218189219	 0,6753820253820255	 0,6739316239316241	 0,6936376586376588	 0,6694516594516596	 0,6753224553224554	 0,6916757316757318	 0,6884369334369336	        
0,6916933066933068	 0,6887037037037039	 0,6925200725200727	 0,6787464387464389	 0,6791763791763792	 0,6886402486402489	 0,7119865319865322	 0,6501385651385652	 0,6704040404040406	 0,6930341880341883	        
0,676894586894587	 0,6578231028231029	 0,6960152810152813	 0,6912289562289564	 0,6596658896658899	 0,6633333333333334	 0,6788119288119289	 0,6874501424501426	 0,6546464646464647	 0,6880341880341881	        
0,6823931623931626	 0,7005581455581457	 0,696658341658342	 0,707974617974618	 0,6517599067599068	 0,6627544677544678	 0,6637567987567988	 0,6278451178451179	 0,6580652680652682	 0,6588060088060089	        
0,6927117327117329	 0,6696801346801349	 0,7120966070966073	 0,6570875420875422	 0,6859854959854962	 0,6931255781255784	 0,6724190624190627	 0,6587645687645689	 0,7105814555814558	 0,6846723646723648	        
0,6553755503755506	 0,6550841750841752	 0,6885949235949238	 0,6844361194361196	 0,6865656565656567	 0,6765837865837868	 0,6863571613571615	 0,6856728456728458	 0,6898523698523701	 0,7314685314685316	        
0,6722753172753175	 0,6794794094794097	 0,6823581973581976	 0,6718518518518519	 0,6693019943019944	 0,660871535871536	 0,7077034077034079	 0,6702447552447554	 0,6696555296555299	 0,6665599215599217	        
0,6692929292929294	 0,6676262626262628	 0,6196632996632997	 0,6895894845894848	 0,688738668738669	 0,6911732711732713	 0,6899844599844601	 0,665850815850816	 0,6982413882413885	 0,688777518777519	        
0,6890002590002591	 0,6931313131313134	 0,6672002072002072	 0,7030976430976431	 0,716835016835017	 0,7053198653198655	 0,6939316239316242	 0,6893188293188295	 0,7059440559440561	 0,6861046361046362	        
0,6739057239057241	 0,6831662781662783	 0,6300518000518002	 0,6749831649831652	 0,6940753690753692	 0,6816350316350318	 0,6493278943278944	 0,6709608909608912	 0,6945726495726496	 0,7009259259259261	        
0,6400168350168352	 0,6611810411810413	 0,6761183261183263	 0,6710606060606064	 0,6837062937062939	 0,7206604506604507	 0,658865578865579	 0,6668686868686869	 0,7014167314167317	 0,6525265475265475	        
0,6612975912975915	 0,6345117845117848	 0,6664659414659416	 0,6723926073926075	 0,6677907277907279	 0,65974691974692	 0,6734097384097385	 0,6877376327376329	 0,7023594923594926	 0,6509686609686611	        
0,6946076146076147	 0,7103379953379955	 0,6774249824249826	 0,706868686868687	 0,6942094942094944	 0,66485754985755	 0,6915669515669517	 0,6889743589743591	 0,6877441077441079	 0,6748238798238799	        
0,6611370111370113	 0,6803392903392904	 0,6705646205646206	 0,6561447811447814	 0,6570396270396271	 0,6507782957782957	 0,7115573315573318	 0,7174358974358976	 0,6940157990157992	 0,6857407407407409	        
0,6942185592185594	 0,7122222222222223	 0,6635275835275836	 0,7174682724682727	 0,6491258741258741	 0,6540740740740741	 0,658965293965294	 0,6765578865578867	 0,7234045584045585	 0,6667684167684169	        
0,6996575646575649	 0,6404636104636107	 0,6723809523809526	 0,6763221963221965	 0,6710372960372962	 0,672854182854183	 0,6537218337218337	 0,6733327783327784	 0,6568453768453769	 0,6684519184519185	        
0,6655413105413107	 0,6830484330484332	 0,6776534576534577	 0,6447060347060347	 0,6806656306656308	 0,6913001813001814	 0,7121970621970625	 0,6655218855218856	 0,6641880341880345	 0,6985081585081587	        
0,7096581196581198	 0,6885037185037185	 0,6515099715099716	 0,6723750323750325	 0,637820512820513	 0,6528541828541831	 0,6801359751359752	 0,6710385910385912	 0,6889147889147892	 0,6850000000000002	        
0,676911421911422	 0,682004662004662	 0,667938357938358	 0,7033436933436936	 0,6711616161616162	 0,7239238539238539	 0,6760017760017761	 0,7071924371924374	 0,6854299404299407	 0,6582582232582234	        
0,6471302771302772	 0,7100595700595702	 0,6722248122248123	 0,6920707070707073	 0,6579365079365082	 0,6539652939652941	 0,6663131313131314	 0,6784952084952086	 0,6616925666925668	 0,6996412846412849	        
0,6994457394457395	 0,6420629370629372	 0,6729046879046882	 0,6980315980315983	 0,6981144781144784	 0,701822066822067	 0,697717652717653	 0,6621561771561773	 0,709781144781145	 0,669092204092204	        
0,6809777259777261	 0,6670274170274172	 0,6973322973322974	 0,6894949494949497	 0,6802473452473453	 0,678848743848744	 0,6697565397565398	 0,6930911680911683	 0,7074928774928778	 0,6391012691012692	        
0,7115177415177417	 0,6605464905464906	 0,6636713286713288	 0,697820512820513	 0,6685366485366486	 0,6808922558922561	 0,6716161616161618	 0,6782957782957785	 0,6894703444703446	 0,7243732193732195	        
0,703840973840974	 0,6581662781662783	 0,6784356384356386	 0,6352447552447553	 0,6924087024087026	 0,6946386946386948	 0,6623659673659675	 0,7156177156177158	 0,6930251230251232	 0,6732491582491583	        
0,6816925666925668	 0,6742437192437194	 0,6928969178969181	 0,6578114478114478	 0,6605568505568506	 0,7037555037555039	 0,6987878787878791	 0,7166381766381769	 0,6644224294224295	 0,6871225071225072	        
0,7095785695785698	 0,6509427609427612	 0,6626353276353278	 0,6641996891996894	 0,667947422947423	 0,7007601657601659	 0,6736803936803938	 0,7257070707070709	 0,6784693084693086	 0,6874592074592075	        
0,6793822843822845	 0,6642851592851593	 0,6779409479409481	 0,6602874902874905	 0,6723654123654125	 0,6794586894586895	 0,6683087283087285	 0,6640740740740741	 0,6561784511784512	 0,7075006475006477	        
0,6914931364931367	 0,7291686091686093	 0,6610282310282312	 0,6819373219373221	 0,676853146853147	 0,7002377252377254	 0,6984770784770785	 0,7072779072779075	 0,6735288785288787	 0,6765578865578867	        
0,6804895104895106	 0,6968868168868171	 0,6657005957005958	 0,6587464387464389	 0,6993110593110594	 0,6565747215747216	 0,7217637917637919	 0,6794542494542496	 0,6828205128205129	 0,6989847189847193	        
0,6861370111370113	 0,6995197395197398	 0,6672144522144523	 0,7135016835016837	 0,6528282828282829	 0,7135159285159287	 0,6605581455581457	 0,6663480963480964	 0,6754674954674956	 0,6496076146076146	        
0,6412211862211864	 0,6999430199430201	 0,6903703703703705	 0,7022144522144523	 0,688806008806009	 0,6794042994042994	 0,6892100492100492	 0,6640559440559443	 0,6836493136493138	 0,6365151515151517	        
0,6955309505309508	 0,6485612535612538	 0,6819865319865321	 0,6808598808598809	 0,6663299663299664	 0,678908313908314	 0,6931986531986533	 0,6879797979797981	 0,6900854700854702	 0,6834628334628335	        
0,6487373737373738	 0,6474501424501427	 0,6747811447811449	 0,6938163688163689	 0,6864983164983165	 0,7205102305102307	 0,705828800828801	 0,7042204092204094	 0,6960191660191662	 0,6743376993376996	        
0,6767935767935769	 0,705843045843046	 0,7063721463721465	 0,6813390313390315	 0,7002040552040554	 0,6870940170940173	 0,6952564102564105	 0,6873996373996376	 0,6833333333333335	 0,6756397306397307	        
0,6248575498575499	 0,6992773892773895	 0,6730310430310431	 0,6727946127946128	 0,677965552965553	 0,6744801494801497	 0,6701263551263552	 0,7329629629629631	 0,6820629370629372	 0,6444301994301995	        
0,672871017871018	 0,6750621600621601	 0,6972817922817924	 0,6542100492100494	 0,6485949235949238	 0,6871820771820772	 0,6931572131572133	 0,6600595700595702	 0,6593615643615645	 0,6857083657083659	        
0,6652564102564104	 0,6541427091427092	 0,6905154105154107	 0,6975848225848227	 0,7253128353128354	 0,7004882154882157	 0,6906319606319609	 0,7010113960113962	 0,6485042735042736	 0,6784110334110335	        
0,6699766899766902	 0,6812975912975914	 0,6690598290598293	 0,6961655011655014	 0,6653892403892405	 0,7105827505827508	 0,6624333074333075	 0,7063727013727016	 0,7053872053872056	 0,6815410515410517	        
0,7026503126503129	 0,6604001554001555	 0,6785353535353537	 0,682854182854183	 0,7122002072002073	 0,7131598031598033	 0,7059712509712511	 0,6640934990934991	 0,701801346801347	 0,6694444444444446	        
0,6437037037037039	 0,6541193991193992	 0,7212794612794615	 0,6729810929810931	 0,6951890701890704	 0,7250142450142453	 0,6537632737632738	 0,6851023051023052	 0,707915047915048	 0,6785198135198135	        
0,6628062678062678	 0,706877751877752	 0,6887231287231289	 0,7131067081067083	 0,6534511784511785	 0,6722481222481225	 0,6635949235949237	 0,6799922299922302	 0,7209176009176012	 0,6502260702260704	        
0,6662457912457913	 0,6984032634032634	 0,6632672882672883	 0,706886816886817	 0,6835897435897438	 0,6845713545713548	 0,6925874125874129	 0,6960017760017762	 0,6906650756650757	 0,7012561512561515	        
0,6732918932918933	 0,6913480963480966	 0,668830058830059	 0,6788060088060089	 0,7045881895881898	 0,6696153846153848	 0,6912962962962965	 0,670757575757576	 0,6700764050764053	 0,6632245532245533	        
0,7042760942760945	 0,6275343175343175	 0,6955814555814559	 0,6737218337218338	 0,7091504791504794	 0,6784900284900287	 0,6568855218855221	 0,6886099086099088	 0,7049787249787252	 0,6773840973840975	        
0,6942126392126392	 0,676885521885522	 0,6582931882931884	 0,6985379435379439	 0,6838085988085989	 0,6894871794871797	 0,6606008806008806	 0,662913752913753	 0,6567599067599068	 0,6340740740740741	        
0,6724838124838127	 0,6854630554630556	 0,6685547785547787	 0,6702447552447555	 0,6803289303289305	 0,6595376845376847	 0,6745830095830099	 0,6837723387723389	 0,6949994449994452	 0,670959040959041	        
0,681776741776742	 0,6545376845376847	 0,6938883338883339	 0,6566446516446518	 0,7073685573685575	 0,6935949235949238	 0,7027713027713031	 0,6643524993524994	 0,6870318570318571	 0,6710774410774413	        
0,6818435268435271	 0,6685270285270287	 0,7018699818699822	 0,6863221963221965	 0,6724579124579128	 0,6984770784770785	 0,6966420616420618	 0,6676689976689978	 0,6663131313131314	 0,6805231805231807	        
0,6787122137122138	 0,6510282310282312	 0,6973167573167575	 0,6923822473822476	 0,6721225071225073	 0,6640740740740741	 0,6760968660968663	 0,6926780626780629	 0,707854182854183	 0,6621898471898473	        
0,697824397824398	 0,6876547526547527	 0,6689911939911941	 0,6731934731934733	 0,6854066304066305	 0,7024915824915826	 0,671811706811707	 0,6783760683760683	 0,6905387205387207	 0,655749805749806	        
0,6730206830206831	 0,6681644281644284	 0,6816847966847968	 0,6772597772597775	 0,6726430976430978	 0,6765358715358716	 0,6876184926184927	 0,678755503755504	 0,6963804713804715	 0,6716925666925668	        
0,6921639471639472	 0,6457588707588708	 0,6757744107744109	 0,7282084582084584	 0,6787464387464389	 0,6981721981721982	 0,6929474229474231	 0,6985521885521886	 0,6381740481740483	 0,6600181300181303	        
0,6755568505568507	 0,6822390572390574	 0,6555723905723906	 0,6585884485884487	 0,6878800828800831	 0,6700427350427351	 0,6969722869722871	 0,673966033966034	 0,690902615902616	 0,6565993265993267	        
0,6630225330225331	 0,6813986013986015	 0,6909479409479412	 0,6909940059940063	 0,6794703444703446	 0,6418453768453769	 0,6317016317016317	 0,7357213157213158	 0,6728943278943281	 0,7007342657342659	        
0,7160023310023311	 0,667788137788138	 0,6808598808598809	 0,6755749805749807	 0,6724514374514375	 0,6751877751877753	 0,6816564916564919	 0,6894392644392646	 0,6790999740999742	 0,6787891737891739	        
0,6879655529655531	 0,6478632478632479	 0,6314646464646465	 0,6760372960372962	 0,6972416472416474	 0,7006734006734008	 0,6843900543900544	 0,7080652680652683	 0,6654985754985756	 0,6783954933954934	        
0,6805213305213306	 0,6463558663558665	 0,6648316498316499	 0,6884447034447035	 0,6637632737632739	 0,6852706552706554	 0,6674928774928777	 0,6850116550116551	 0,7034524734524737	 0,6917088467088469	        
0,6894444444444445	 0,6558080808080808	 0,6721989121989121	 0,6721497021497023	 0,7253820253820256	 0,6482672882672883	 0,6894819994819997	 0,6887464387464389	 0,6548912198912201	 0,7014478114478117	        
0,6872558922558925	 0,6315819365819366	 0,6530652680652681	 0,673804158804159	 0,6461869611869613	 0,6712962962962964	 0,6661538461538463	 0,6551437451437452	 0,6866278166278168	 0,6792302142302145	        
0,6671885521885523	 0,6593978243978245	 0,690848965848966	 0,7063817663817666	 0,6866997816997819	 0,6696891996891999	 0,7018609168609171	 0,686903651903652	 0,6452874902874903	 0,6835029785029787	        
0,7140883190883192	 0,7054040404040405	 0,6651528101528102	 0,6833864283864286	 0,7220253820253822	 0,681819476819477	 0,6862393162393163	 0,6604131054131056	 0,6715164465164466	 0,7075874125874128	        
0,7116679616679618	 0,7181553631553632	 0,6468518518518519	 0,695916305916306	 0,6622222222222224	 0,7273996373996375	 0,6724146224146226	 0,6585858585858586	 0,65995078995079	 0,6881572131572133	        
0,6935638435638437	 0,6595635845635848	 0,6716161616161617	 0,6717262367262369	 0,7146238946238948	 0,7246510896510897	 0,7107381507381508	 0,7021885521885524	 0,6775855625855627	 0,6754467754467756	        
0,6713688163688166	 0,6743045843045845	 0,6919140119140121	 0,6550162800162802	 0,6895635845635847	 0,6768518518518519	 0,7052965552965555	 0,6818699818699822	 0,6936863136863137	 0,6673504273504275	        
0,6863986013986015	 0,6486208236208237	 0,683703703703704	 0,676770266770267	 0,6570279720279721	 0,6706241906241907	 0,672810892810893	 0,6673607873607875	 0,6882750582750585	 0,7003626003626006	        
0,6764814814814816	 0,7074436674436676	 0,7026029526029528	 0,6709971509971512	 0,684864764864765	 0,6761784511784514	 0,652895622895623	 0,6914478114478118	 0,701709401709402	 0,6687801087801089	        
0,6873167573167576	 0,6956993006993009	 0,6773996373996376	 0,6194781144781146	 0,7070085470085472	 0,6900188700188702	 0,6855459355459357	 0,6834861434861437	 0,6830465830465832	 0,6699171199171199	        
0,6964918414918417	 0,6752110852110853	 0,6691336441336443	 0,6850913900913903	 0,6854066304066306	 0,6850932400932402	 0,652988862988863	 0,6961201761201764	 0,7222066822066824	 0,6701877751877753	        
0,668782698782699	 0,7205044955044957	 0,6870202020202021	 0,6574838124838126	 0,6731760831760834	 0,7057498057498058	 0,6941427091427094	 0,6579883079883081	 0,6886726236726238	 0,6910360010360013	        
0,6946309246309248	 0,6674333074333076	 0,6640624190624193	 0,6832180782180782	 0,7310685610685612	 0,6945299145299146	 0,6610341510341512	 0,7351774151774154	 0,6802033152033152	 0,6860113960113962	        
0,671877751877752	 0,6585521885521888	 0,6724501424501426	 0,6903962703962705	 0,6464886964886966	 0,6687801087801089	 0,6651851851851853	 0,6896464646464647	 0,6577454027454029	 0,6686402486402488	        
0,7100331150331152	 0,697830872830873	 0,6793447293447296	 0,6769800569800571	 0,6730743330743331	 0,6943208643208646	 0,68483423983424	 0,6871302771302773	 0,7137321937321939	 0,6816498316498318	        
0,6995415695415698	 0,6988241388241391	 0,6597487697487698	 0,6731831131831132	 0,6956319606319608	 0,6859090909090909	 0,6709608909608912	 0,6966666666666669	 0,683965293965294	 0,6440740740740742	        
0,6705154105154105	 0,6963558663558664	 0,6801269101269103	 0,6649753949753952	 0,6465915565915566	 0,6641932141932144	 0,6870642320642322	 0,6301618751618752	 0,6820370370370372	 0,6871471121471123	        
0,6611059311059312	 0,7066588966588969	 0,6800854700854703	 0,6527790727790729	 0,6385029785029785	 0,6956410256410258	 0,660843045843046	 0,687703962703963	 0,6578736078736078	 0,6915358715358716	        
0,6752615902615903	 0,6513889813889816	 0,6780388130388133	 0,691776741776742	 0,6239057239057241	 0,7147319347319349	 0,6890139490139492	 0,6974099974099975	 0,6344943944943946	 0,6925343175343175	        
0,6882336182336183	 0,6622688422688424	 0,6866355866355868	 0,6754397454397456	 0,6921730121730124	 0,6735211085211087	 0,697694897694898	 0,6670370370370371	 0,6592424242424244	 0,6776469826469829	        
0,6684783734783736	 0,6851269101269104	 0,6916161616161618	 0,6880147630147632	 0,6952033152033154	 0,6686454286454288	 0,722938357938358	 0,6510942760942763	 0,7132504532504534	 0,6693615643615646	        
0,681835016835017	 0,6832245532245534	 0,6597319347319349	 0,6723413623413624	 0,6909927109927112	 0,6561965811965813	 0,6534006734006735	 0,6561279461279461	 0,6973439523439526	 0,703866873866874	        
0,7092851592851594	 0,6661706811706812	 0,650920745920746	 0,6972261072261073	 0,6437296037296037	 0,7080077330077331	 0,6778800828800831	 0,6593524993524994	 0,6483760683760684	 0,6780543530543532	        
0,7316006216006218	 0,6769114219114221	 0,7221212121212124	 0,6350271950271952	 0,6829792429792432	 0,6993304843304846	 0,6457666407666409	 0,6458767158767159	 0,6613649313649315	 0,688855218855219	        
0,6515656565656568	 0,6683449883449885	 0,6572066822066824	 0,6838914788914789	 0,6667599067599068	 0,6411442261442262	 0,6531908831908834	 0,6932672882672885	 0,6862128612128615	 0,6663986013986015	        
0,6843615643615645	 0,7089057239057241	 0,675858585858586	 0,6735871535871536	 0,6934447034447035	 0,684866614866615	 0,6859686609686609	 0,6802136752136754	 0,6535547785547787	 0,7030129130129131	        
0,7233851333851334	 0,6813986013986015	 0,7116679616679618	 0,6775524475524477	 0,722829577829578	 0,6665928515928516	 0,6896386946386948	 0,6433423983423984	 0,6897002997002999	 0,701794871794872	        
0,6942773892773892	 0,6890572390572393	 0,6531067081067083	 0,7237873237873239	 0,670795130795131	 0,6623672623672624	 0,680800310800311	 0,6502123802123803	 0,6371561771561772	 0,6960968660968663	        
0,6543765493765494	 0,6224605024605026	 0,6555646205646206	 0,6695545195545197	 0,6760709660709663	 0,6702305102305104	 0,6865332815332817	 0,690760165760166	 0,667849002849003	 0,6481067081067082	        
0,720786065786066	 0,6819567469567471	 0,668888888888889	 0,6880147630147632	 0,6773154623154625	 0,6578826728826729	 0,6736208236208238	 0,6935949235949238	 0,696701631701632	 0,6750789950789954	        
0,6883242683242685	 0,7030898730898733	 0,6713727013727016	 0,658939393939394	 0,6724501424501426	 0,655826210826211	 0,6596917896917899	 0,6403457653457655	 0,7156565656565659	 0,6983139083139084	        
0,6797228697228699	 0,6592851592851594	 0,721976911976912	 0,6770551670551672	 0,68496891996892	 0,6979564879564882	 0,6848238798238799	 0,7077803677803679	 0,6900518000518002	 0,685988085988086	        
0,7150427350427352	 0,655078995078995	 0,7011538461538463	 0,6452965552965553	 0,6792846042846045	 0,6832504532504534	 0,6774410774410776	 0,6879215229215231	 0,6802538202538204	 0,6963468013468016	        
0,6979150479150481	 0,6701774151774152	 0,6786117586117588	 0,6836635586635588	 0,6963014763014764	 0,6574333074333075	 0,693822843822844	 0,7037122137122139	 0,6807433307433309	 0,6811706811706812	        
0,6654053354053354	 0,6828982128982131	 0,6979960779960782	 0,6870629370629373	 0,6664918414918416	 0,6763144263144265	 0,6835606985606987	 0,7027189477189479	 0,6715747215747216	 0,6715819365819368	        
0,6957168757168759	 0,6661706811706813	 0,7041595441595443	 0,6761823361823363	 0,6696309246309247	 0,6661558811558813	 0,692878787878788	 0,6879720279720282	 0,7061046361046361	 0,6921911421911423	        
0,6863053613053615	 0,7045130795130797	 0,6698743848743851	 0,7072390572390573	 0,6995726495726496	 0,6542424242424243	 0,6601191401191403	 0,7028723128723132	 0,6910023310023311	 0,6458443408443411	        
0,6769541569541571	 0,6783670033670035	 0,6822817922817923	 0,6974864024864026	 0,6968686868686871	 0,6821885521885525	 0,7145635845635847	 0,7142139342139344	 0,6812794612794614	 0,6901864801864803	        
0,7206500906500909	 0,6733760683760686	 0,71985754985755	 0,6662820512820514	 0,646998186998187	 0,6759854959854962	 0,6982517482517484	 0,6689109039109041	 0,6692877492877495	 0,7102279202279204	        
0,7173071373071376	 0,6988085988085989	 0,6946166796166797	 0,6972416472416474	 0,7035516335516337	 0,6725770525770527	 0,6951787101787104	 0,6713636363636365	 0,6991168091168092	 0,6916420616420619	        
0,6769062419062419	 0,7219813519813522	 0,6703607503607504	 0,7235703185703187	 0,6676353276353277	 0,656868686868687	 0,6897267547267548	 0,6786208236208237	 0,6855244755244757	 0,6666588966588968	        
0,662837347837348	 0,7173335923335925	 0,6968512968512971	 0,6635943685943687	 0,6900518000518002	 0,6912043512043513	 0,6929696229696233	 0,6794042994042997	 0,7098938098938101	 0,6906915306915308	        
0,6685347985347987	 0,6531644281644283	 0,6521134421134422	 0,6720538720538722	 0,6650712250712252	 0,655925925925926	 0,6711706811706813	 0,6387205387205389	 0,6567883967883968	 0,6666666666666667	        
0,6726353276353277	 0,6284434084434085	 0,701751581751582	 0,681818181818182	 0,6819186369186371	 0,6579513079513082	 0,6852447552447553	 0,6600577200577202	 0,6697319347319348	 0,681877751877752	        
0,6452447552447554	 0,665850815850816	 0,6561292411292412	 0,6722740222740223	 0,680843045843046	 0,6922079772079773	 0,6909608909608912	 0,672841232841233	 0,6660541310541312	 0,7235016835016838	        
0,6740183890183891	 0,6765837865837868	 0,6727285677285678	 0,7165345765345766	 0,6822675472675475	 0,7016122766122768	 0,7011538461538463	 0,6731740481740484	 0,6895907795907799	 0,6679254079254079	        
0,6962289562289564	 0,6622843822843826	 0,6716783216783218	 0,6750777000777003	 0,6918422318422319	 0,678798238798239	 0,6940235690235692	 0,6637399637399639	 0,6715915565915568	 0,6781429681429683	        
0,6939510489510492	 0,6363817663817665	 0,6805840455840457	 0,6614581714581715	 0,6711797461797463	 0,6606837606837608	 0,667819402819403	 0,7066278166278168	 0,7061486661486663	 0,6501100751100751	        
0,6762289562289564	 0,6601722351722351	 0,6658430458430459	 0,7158093758093761	 0,6786894586894587	 0,6965073815073818	 0,6484356384356386	 0,7211706811706814	 0,7065501165501168	 0,6692877492877495	        
0,6841932141932143	 0,6962121212121214	 0,6799598549598552	 0,6605400155400157	 0,6552784252784253	 0,6666252266252268	 0,6741077441077442	 0,7047974247974249	 0,6795972545972547	 0,6678205128205128	        
0,647744107744108	 0,6358171458171459	 0,6475356125356126	 0,7327454027454029	 0,6463986013986015	 0,6644237244237245	 0,6805400155400158	 0,6826573426573428	 0,6773245273245274	 0,6803341103341104	        
0,6976094276094277	 0,7148951048951049	 0,65485754985755	 0,6644444444444446	 0,6950764050764051	 0,7011027861027863	 0,7003146853146854	 0,6600867650867651	 0,6727285677285678	 0,6583327783327786	        
0,6651942501942504	 0,6898769748769751	 0,6791427091427092	 0,6995552595552597	 0,6939510489510492	 0,7154637954637957	 0,6616847966847968	 0,6963416213416216	 0,7039834239834242	 0,6899339549339552	        
0,6772721722721724	 0,676911421911422	 0,6883449883449885	 0,6545376845376847	 0,6815863765863768	 0,6728619528619529	 0,7031507381507384	 0,6797474747474749	 0,6932991082991083	 0,6920888370888373	        
0,6814245014245015	 0,678822843822844	 0,6846063196063196	 0,6753328153328155	 0,6970318570318573	 0,6912302512302515	 0,7068971768971771	 0,6944120694120695	 0,6999598549598552	 0,6490831390831391	        
0,6733670033670035	 0,6620033670033671	 0,6573620823620824	 0,6563636363636365	 0,6872338772338773	 0,6600259000259001	 0,6644276094276095	 0,6915462315462317	 0,652896917896918	 0,6702110852110853	        
0,6426767676767677	 0,7024669774669777	 0,7065073815073817	 0,6645208495208497	 0,690951825951826	 0,6872817922817925	 0,6931908831908834	 0,6935612535612538	 0,6651942501942503	 0,7084356384356386	        
0,6970629370629372	 0,7066627816627818	 0,6894102194102196	 0,6877363377363378	 0,6950000000000002	 0,6722908572908575	 0,6667883967883969	 0,6965669515669517	 0,7074864024864027	 0,6826184926184927	        
0,6856358456358458	 0,6338067488067488	 0,7235521885521886	 0,6441919191919193	 0,6651890701890704	 0,6776689976689977	 0,7119321419321422	 0,7040093240093241	 0,6426094276094277	 0,6643524993524994	        
0,6930976430976432	 0,6855892255892257	 0,6934680134680136	 0,7267858067858071	 0,6969127169127171	 0,6855180005180005	 0,6701787101787103	 0,6859349909349911	 0,6815073815073817	 0,710800310800311	        
0,6440307840307842	 0,6801709401709403	 0,6899507899507902	 0,6534169534169537	 0,6568350168350171	 0,6515837865837867	 0,7049494949494952	 0,6915747215747217	 0,6684602434602436	 0,6614905464905466	        
0,6855154105154107	 0,6630898730898732	 0,6695208495208498	 0,6534848484848487	 0,6982659932659934	 0,6727117327117328	 0,6854156954156956	 0,6644962444962447	 0,6954713804713806	 0,6944871794871796	        
0,7012789062789064	 0,6753561253561254	 0,7077396677396679	 0,6600932400932403	 0,6443014393014395	 0,6524405224405226	 0,7021173271173272	 0,6993019943019945	 0,6590248640248643	 0,6906500906500909	        
0,713719983719984	 0,6752460502460503	 0,7027039627039628	 0,6757161357161359	 0,6670292670292671	 0,6740922040922043	 0,6954726754726757	 0,6955905205905207	 0,6518971768971772	 0,6832336182336184	        
0,7054415954415956	 0,6723245273245274	 0,6752874902874905	 0,6846627446627448	 0,6876780626780626	 0,6924333074333074	 0,6774087024087027	 0,6864983164983165	 0,6749676249676251	 0,682854182854183	        
0,6803392903392904	 0,6279797979797981	 0,6835690235690237	 0,6754895104895107	 0,6898912198912199	 0,6696555296555297	 0,6693563843563847	 0,6852188552188553	 0,6618013468013471	 0,6831740481740483	        
0,6952279202279203	 0,6667948717948721	 0,666961926961927	 0,6828956228956231	 0,6752473452473455	 0,6923828023828025	 0,69485754985755	 0,7026264476264478	 0,6547241647241648	 0,6586311836311839	        
0,7234304584304586	 0,697815332815333	 0,6981688681688684	 0,6502447552447552	 0,6932724682724685	 0,6240844340844341	 0,6671937321937323	 0,7083786583786585	 0,6906241906241907	 0,7016679616679619	        
0,690927220927221	 0,6961960261960265	 0,6951541051541054	 0,6633087283087284	 0,655800310800311	 0,6844703444703447	 0,6971976171976173	 0,6757601657601658	 0,6808456358456361	 0,6834946534946537	        
0,6790831390831393	 0,6894301994301996	 0,6857925407925409	 0,6602706552706553	 0,7023491323491324	 0,6986324786324789	 0,670885780885781	 0,6634278684278686	 0,6736182336182338	 0,7299321049321051	        
0,6953548303548304	 0,6951877751877754	 0,6470707070707074	 0,6824268324268326	 0,6991219891219894	 0,6704895104895106	 0,686928256928257	 0,6626780626780627	 0,695816590816591	 0,6896153846153847	        
0,6763986013986015	 0,6441504791504793	 0,6713558663558664	 0,6780808080808083	 0,6666498316498317	 0,681823361823362	 0,6700181300181302	 0,7126210826210826	 0,7100000000000002	 0,6713986013986016	        
0,6669308469308471	 0,7225097125097127	 0,6825097125097126	 0,6917042217042219	 0,6957083657083658	 0,7094198394198397	 0,6576689976689978	 0,6800595700595703	 0,665892255892256	 0,682812742812743	        
0,6854299404299407	 0,6526262626262629	 0,7063895363895366	 0,6547060347060347	 0,6970033670033672	 0,6683954933954934	 0,6775783475783477	 0,6932071632071634	 0,6699326599326602	 0,6883929033929036	        
0,6616252266252267	 0,674008029008029	 0,6634188034188034	 0,6555555555555557	 0,6873892773892775	 0,6843700743700746	 0,6882841232841235	 0,672770007770008	 0,7024838124838126	 0,6795713545713546	        
0,6987814037814039	 0,7076793576793577	 0,6944729344729346	 0,667880082880083	 0,657946127946128	 0,6451359751359751	 0,6937037037037039	 0,696844081844082	 0,6675615125615126	 0,7070538720538723	        
0,6837891737891739	 0,6457757057757058	 0,6600090650090652	 0,6650686350686352	 0,6780634180634182	 0,6916588966588968	 0,7004649054649057	 0,673789173789174	 0,6970629370629372	 0,6566000666000668	        
0,6643447293447295	 0,6648743848743851	 0,6825110075110076	 0,7181934731934733	 0,7014905464905468	 0,6850162800162801	 0,6393524993524994	 0,6904558404558406	 0,6942346542346544	 0,6609595959595961	        
0,7113986013986016	 0,6690404040404042	 0,6658339808339809	 0,6880056980056981	 0,6900349650349652	 0,6809777259777262	 0,7293473193473196	 0,6904506604506605	 0,6771212121212123	 0,672972027972028	        
0,6541317941317943	 0,6586221186221188	 0,6847487697487699	 0,6910768860768862	 0,6726262626262627	 0,6813053613053615	 0,672878787878788	 0,7050958300958303	 0,680885780885781	 0,6532931882931884	        
0,695019425019425	 0,6813579013579015	 0,6932763532763535	 0,7043615643615645	 0,6920028120028122	 0,6703651903651905	 0,674840714840715	 0,7102305102305105	 0,7064257964257965	 0,66997668997669	        
0,6853392903392904	 0,6438474488474489	 0,7051185851185854	 0,7011784511784513	 0,6733592333592335	 0,6859349909349911	 0,6549844599844601	 0,6934965034965038	 0,6859958559958561	 0,691885521885522	        
0,6856073556073558	 0,6943952343952345	 0,7163817663817665	 0,7136661486661489	 0,672777777777778	 0,6641686091686093	 0,7010696710696713	 0,6780225330225332	 0,6939834239834243	 0,6943330743330746	        
0,7159013209013211	 0,6480393680393681	 0,7126327376327377	 0,6817612017612018	 0,6424669774669775	 0,7057575757575758	 0,6597902097902099	 0,6622312872312873	 0,6900012950012951	 0,6623076923076924	        
0,6987127687127688	 0,6658767158767159	 0,6856151256151258	 0,6587632737632739	 0,6731986531986534	 0,6590753690753691	 0,6751100751100753	 0,6600764050764051	 0,6647150997150999	 0,668897953897954	        
0,690968660968661	 0,692797202797203	 0,6977272727272728	 0,6740404040404042	 0,6713480963480964	 0,6717845117845118	 0,6926443926443928	 0,6707070707070708	 0,6921885521885524	 0,6750608650608653	        
0,6801139601139603	 0,6952991452991455	 0,6976257076257077	 0,6872403522403524	 0,6708275058275058	 0,6407666407666409	 0,6705050505050506	 0,6641336441336442	 0,6793123543123545	 0,6683100233100234	        
0,7146917896917898	 0,6751851851851854	 0,6457666407666409	 0,6804131054131055	 0,6722675472675473	 0,6504985754985756	 0,6965993265993267	 0,6436713286713286	 0,6800518000518002	 0,7005646205646208	        
0,6561059311059313	 0,6895376845376847	 0,6760282310282313	 0,6571134421134422	 0,6620292670292671	 0,7167547267547268	 0,6795713545713546	 0,6700841750841752	 0,6776884226884228	 0,6769994819994821	        
0,6794794094794097	 0,643881118881119	 0,6761538461538462	 0,6955982905982908	 0,673770488770489	 0,6947953897953899	 0,6411279461279462	 0,6973167573167575	 0,6551696451696453	 0,7077117327117329	        
0,6813986013986015	 0,6774099974099975	 0,647839937839938	 0,734814814814815	 0,6924838124838127	 0,6986720686720689	 0,6374747474747476	 0,6715824915824916	 0,6915073815073817	 0,6724669774669777	        
0,6886195286195288	 0,6628010878010878	 0,6423581973581974	 0,7130924630924633	 0,6654467754467756	 0,6859401709401711	 0,6674592074592077	 0,6524242424242426	 0,6924682724682726	 0,6468285418285419	        
0,6915475265475267	 0,6692437192437194	 0,6967171717171718	 0,6774501424501426	 0,701761201761202	 0,651877751877752	 0,6680880230880232	 0,7235780885780888	 0,6513312613312614	 0,6463921263921263	        
0,7004558404558406	 0,6557912457912459	 0,6823737373737374	 0,6084848484848485	 0,6411797461797463	 0,6580924630924633	 0,6861538461538463	 0,6802020202020205	 0,6710023310023311	 0,6892773892773894	        
0,6835483035483036	 0,6869108669108671	 0,6664084064084066	 0,6848238798238798	 0,6965578865578868	 0,7196899396899398	 0,6933475783475785	 0,7004390054390055	 0,6697345247345249	 0,6718285418285419	        
0,6931675731675734	 0,6863908313908315	 0,6513053613053614	 0,6920137270137271	 0,6352784252784254	 0,7187542087542089	 0,6699243349243351	 0,6886544936544937	 0,6791168091168093	 0,7142087542087545	        
0,6590507640507641	 0,7272126022126024	 0,6374177674177675	 0,7029844229844232	 0,6880510230510233	 0,6906759906759908	 0,6755892255892257	 0,6413727013727014	 0,6712885262885263	 0,6606573056573058	        
0,6643460243460244	 0,688763273763274	 0,6671315721315723	 0,692823102823103	 0,7043460243460246	 0,6634032634032635	 0,6644042994042995	 0,7033832833832836	 0,6495130795130796	 0,6576184926184927	        
0,6823154623154625	 0,6946231546231549	 0,6781986531986534	 0,6730393680393683	 0,6874358974358975	 0,7118181818181821	 0,7222817922817925	 0,6836208236208237	 0,6739691789691792	 0,6694949494949497	        
0,6864718614718616	 0,6962315462315464	 0,6790248640248642	 0,6870707070707073	 0,6715578865578865	 0,6513986013986016	 0,6840494690494692	 0,6823076923076925	 0,6455840455840457	 0,6752732452732455	        
0,7023180523180523	 0,6879046879046881	 0,6745143745143747	 0,6635949235949238	 0,6781385281385283	 0,6876210826210828	 0,6737153587153588	 0,6564309764309765	 0,6548407148407149	 0,6372338772338774	        
0,6771341621341622	 0,7167184667184668	 0,6546555296555298	 0,677846412846413	 0,6516524216524218	 0,7247435897435899	 0,6854156954156956	 0,6566187516187516	 0,6870966070966072	 0,6844555444555446	        
0,7105387205387207	 0,6584356384356386	 0,6649598549598551	 0,6710101010101011	 0,68986013986014	 0,6805490805490807	 0,6696718096718098	 0,7029461279461281	 0,6863649313649316	 0,6881999481999483	        
0,6786208236208238	 0,6809712509712511	 0,6925757575757577	 0,6734861434861437	 0,6576223776223777	 0,698888888888889	 0,7045635845635846	 0,673948458948459	 0,6891763791763794	 0,6965345765345766	        
0,6557433307433309	 0,7226788026788029	 0,6521302771302773	 0,686963221963222	 0,7039691789691792	 0,7089238539238542	 0,6822248122248123	 0,6823400673400676	 0,6832978132978134	 0,6952874902874906	        
0,6700012950012951	 0,6797319347319349	 0,7215837865837867	 0,667797202797203	 0,6856410256410258	 0,6973421023421025	 0,6798906648906651	 0,6924527324527325	 0,6671548821548823	 0,7055076405076407	        
0,7075861175861178	 0,6657666407666409	 0,7097150997150999	 0,6846982646982648	 0,6923672623672625	 0,6539510489510489	 0,6814154364154366	 0,6592592592592595	 0,6978800828800831	 0,6975920375920379	        
0,7014581714581716	 0,7032504532504534	 0,6891427091427093	 0,7064478114478115	 0,6941168091168092	 0,6911706811706815	 0,6591025641025643	 0,6809427609427611	 0,6492437192437193	 0,690852110852111	        
0,6652810152810155	 0,6643195693195695	 0,7062134162134164	 0,6831385281385283	 0,7026521626521628	 0,6985301735301738	 0,7044871794871795	 0,6823025123025126	 0,6733592333592335	 0,66479094979095	        
0,6343597143597145	 0,6836985236985237	 0,6634434084434085	 0,7211442261442264	 0,6626689976689979	 0,675896880896881	 0,705892255892256	 0,6713390313390314	 0,6668531468531469	 0,6944871794871796	        
0,6873931623931625	 0,6851023051023052	 0,6907601657601659	 0,686823361823362	 0,6652952602952605	 0,6917075517075518	 0,6791621341621343	 0,6371730121730121	 0,6914309764309766	 0,6813247863247864	        
0,6839743589743591	 0,6698174048174049	 0,6701774151774152	 0,6814317164317166	 0,6736117586117587	 0,7105635105635107	 0,6932498982498985	 0,6900072150072151	 0,6810619010619011	 0,6914983164983167	        
0,6939911939911941	 0,683838383838384	 0,6677946127946129	 0,6850259000259001	 0,6981261331261331	 0,6772727272727275	 0,6775097125097126	 0,635994560994561	 0,6951418951418954	 0,6533670033670035	        
0,688856513856514	 0,6956228956228957	 0,6795804195804197	 0,6617430717430718	 0,6794516594516596	 0,6928800828800831	 0,6589821289821292	 0,6857912457912458	 0,6880626780626782	 0,711928256928257	        
0,6826094276094278	 0,69489121989122	 0,651743071743072	 0,6605413105413106	 0,6944607244607247	 0,6772312872312873	 0,6711209161209163	 0,7314568764568766	 0,6864646464646466	 0,6763843563843566	        
0,6861538461538463	 0,692803677803678	 0,6831403781403782	 0,7004584304584306	 0,6782362082362084	 0,6562807562807563	 0,6716006216006217	 0,6941711991711993	 0,6666083916083918	 0,6898989898989901	        
0,6622235172235172	 0,6538137788137789	 0,7014892514892517	 0,6600000000000001	 0,6639393939393942	 0,6640585340585343	 0,6805477855477856	 0,7123840973840976	 0,6641440041440043	 0,678041958041958	        
0,6852784252784254	 0,6873076923076925	 0,6446140896140897	 0,7310696710696712	 0,6237632737632739	 0,6902110852110854	 0,6802628852628855	 0,6700194250194252	 0,6702628852628855	 0,6930898730898732	        
0,6750595700595702	 0,6650686350686353	 0,6733592333592335	 0,694843304843305	 0,7070318570318572	 0,695782920782921	 0,652105672105672	 0,6710774410774414	 0,7105011655011656	 0,6798484848484849	        
0,6668945868945871	 0,6833929033929036	 0,6663558663558664	 0,6780911680911682	 0,700802900802901	 0,6842081992081994	 0,6701515151515153	 0,6729883079883082	 0,6380484330484332	 0,7033664483664486	        
0,6929331779331781	 0,672811447811448	 0,685792540792541	 0,6847526547526549	 0,7109259259259261	 0,6839484589484591	 0,673780108780109	 0,6375265475265477	 0,7038481888481891	 0,6515319865319867	        
0,6781157731157733	 0,6955995855995858	 0,693840973840974	 0,6485780885780887	 0,643848743848744	 0,6718285418285421	 0,6932659932659935	 0,6782245532245532	 0,6754034854034855	 0,7093874643874646	        
0,6437218337218338	 0,6863558663558664	 0,6487801087801088	 0,7133120583120586	 0,6585949235949238	 0,6760787360787363	 0,6893195693195694	 0,6977629777629778	 0,663737373737374	 0,6837088837088838	        
0,6727143227143227	 0,698755503755504	 0,6900595700595703	 0,6473063973063974	 0,6765009065009066	 0,7299093499093501	 0,6994366744366746	 0,6272986272986273	 0,6942851592851595	 0,7212211862211864	        
0,7155646205646208	 0,6800259000259001	 0,6883501683501685	 0,6473076923076923	 0,680042735042735	 0,6622986272986273	 0,6750168350168352	 0,6955892255892256	 0,6902292152292154	 0,6653302253302255	        
0,696810411810412	 0,6703962703962706	 0,686800791800792	 0,6891103341103341	 0,7057446257446259	 0,6777790727790728	 0,7031144781144782	 0,6799857549857552	 0,6936531986531987	 0,6883255633255634	        
0,6884848484848487	 0,6496891996891999	 0,6811014911014913	 0,6729137529137532	 0,6786285936285937	 0,6977117327117329	 0,6905231805231807	 0,6763636363636365	 0,6730056980056982	 0,6273905723905725	        
0,6814666814666818	 0,6561370111370112	 0,691961926961927	 0,6877402227402228	 0,6596464646464647	 0,6364504014504014	 0,6798051948051949	 0,6950518000518001	 0,7106267806267809	 0,6874928774928777	        
0,6983164983164986	 0,6991012691012692	 0,6955744255744257	 0,6812134162134165	 0,681885521885522	 0,6923563473563477	 0,64998445998446	 0,71982387982388	 0,6844897694897696	 0,7071789321789324	        
0,6772908572908575	 0,6733009583009585	 0,7134097384097385	 0,6529992229992231	 0,692823102823103	 0,6857407407407409	 0,7113221963221965	 0,6450836200836201	 0,6919204869204871	 0,7075084175084176	        
0,6816925666925668	 0,683900543900544	 0,6751683501683504	 0,6896653346653349	 0,6890520590520592	 0,6599171199171201	 0,6917917267917271	 0,6993382543382545	 0,6296969696969696	 0,6755905205905208	        
0,6425951825951827	 0,7060800310800313	 0,6542527842527844	 0,7016402116402118	 0,6855503755503757	 0,6984337884337887	 0,6695299145299146	 0,6721173271173273	 0,7030484330484332	 0,6898989898989901	        
0,675758870758871	 0,6669696969696972	 0,7018945868945871	 0,6646969696969697	 0,7129533429533431	 0,644874384874385	 0,7284265734265735	 0,685833980833981	 0,667780367780368	 0,6725692825692826	        
0,6726184926184928	 0,7062037962037964	 0,6497741147741148	 0,667938357938358	 0,6655646205646206	 0,6542864542864545	 0,6687917637917639	 0,7116187516187519	 0,7128813778813782	 0,672029267029267	        
0,6963480963480964	 0,6817016317016319	 0,7090015540015542	 0,6626689976689979	 0,6713727013727017	 0,6895130795130797	 0,6867767417767419	 0,6798906648906651	 0,6594030044030045	 0,6814827764827766	        
0,6296205646205647	 0,6704299404299405	 0,6938383838383839	 0,6720577570577573	 0,6881481481481483	 0,700761460761461	 0,6531649831649832	 0,6795622895622897	 0,6876088726088728	 0,696827246827247	        
0,6814931364931366	 0,6883799533799536	 0,6968518518518519	 0,7044198394198395	 0,6713558663558665	 0,6831740481740483	 0,6514646464646465	 0,6488552188552191	 0,6993771043771045	 0,71484015984016	        
0,6715332815332817	 0,6883760683760687	 0,6539989639989641	 0,7169367669367671	 0,6694042994042995	 0,7115268065268068	 0,6619191919191921	 0,6493693343693344	 0,6803775853775856	 0,6884097384097386	        
0,7075420875420877	 0,6864232064232066	 0,6735638435638438	 0,7125692825692826	 0,6877557627557629	 0,6663727013727014	 0,7026236726236728	 0,694775964775965	 0,6909867909867912	 0,664876974876975	        
0,6854493654493655	 0,7110528360528363	 0,6535438635438636	 0,6635301735301737	 0,6742022792022795	 0,6251851851851852	 0,7100427350427352	 0,684915824915825	 0,6627117327117329	 0,688888888888889	        
0,67985754985755	 0,6637296037296039	 0,6885534835534837	 0,6875511525511527	 0,7270732970732972	 0,6653885003885004	 0,6921393421393424	 0,6677466977466977	 0,6765987715987717	 0,6523076923076924	        
0,683941983941984	 0,6700595700595702	 0,6754034854034856	 0,6737199837199839	 0,6790307840307842	 0,676666666666667	 0,6483190883190885	 0,6882854182854186	 0,6945234395234396	 0,6580833980833982	        
0,6532918932918933	 0,6958508158508161	 0,6890831390831392	 0,6541880341880344	 0,6669450919450921	 0,7079772079772082	 0,6967612017612019	 0,6620797720797722	 0,6889432789432791	 0,6775783475783477	        
0,6419450919450921	 0,6972934472934473	 0,6809971509971511	 0,7118699818699821	 0,6465319865319866	 0,6629642579642581	 0,6725019425019425	 0,715743330743331	 0,6645402745402745	 0,6691763791763794	        
0,6653211603211605	 0,68982646982647	 0,6570797720797722	 0,670760165760166	 0,7219709919709921	 0,6568376068376071	 0,673888888888889	 0,7425026825026826	 0,654706034706035	 0,6933203833203834	        
0,6486376586376589	 0,6891168091168093	 0,6576184926184927	 0,6561616161616163	 0,6746490546490546	 0,6377207977207978	 0,6809168609168611	 0,6666692566692568	 0,6727039627039628	 0,6406974506974509	        
0,6840753690753691	 0,6967508417508419	 0,6647992747992749	 0,6530821030821031	 0,6628308728308728	 0,6740735190735193	 0,6656487956487959	 0,6753794353794355	 0,6839173789173791	 0,6774669774669775	        
0,6804882154882156	 0,6822649572649574	 0,7225000925000927	 0,7033923483923487	 0,678888888888889	 0,6736713286713287	 0,6978160728160729	 0,6825265475265477	 0,6313131313131315	 0,6670966070966072	        
0,6700012950012952	 0,6767184667184668	 0,6579533429533431	 0,6841958041958044	 0,7048666148666151	 0,6827454027454031	 0,7033592333592337	 0,6661279461279463	 0,7236026936026938	 0,6922571872571874	        
0,6684188034188036	 0,7074068524068526	 0,6735534835534837	 0,7010385910385911	 0,666828541828542	 0,689773374773375	 0,6873245273245275	 0,712845117845118	 0,7089484589484591	 0,7315003515003516	        
0,6759854959854962	 0,7062561512561516	 0,6786467236467238	 0,6712820512820513	 0,6893045843045845	 0,6902706552706555	 0,6511124061124062	 0,6747319347319348	 0,703774928774929	 0,6665741665741667	        
0,6937464387464389	 0,6836376586376588	 0,6483547933547935	 0,69469178969179	 0,7114814814814817	 0,6543356643356645	 0,6736208236208238	 0,6781903281903284	 0,6586363636363638	 0,6977544677544678	        
0,6840404040404042	 0,6844017094017096	 0,678891478891479	 0,6867430717430719	 0,6923853923853927	 0,6540429940429943	 0,598013468013468	 0,6296827246827249	 0,6845739445739447	 0,6952110852110853	        
0,6692100492100493	 0,6782595182595185	 0,6856151256151257	 0,7110437710437711	 0,6646891996891998	 0,6742592592592593	 0,6615824915824917	 0,6745493395493395	 0,6806151256151257	 0,6884356384356387	        
0,6892760942760945	 0,6814245014245015	 0,6609777259777262	 0,6837464387464389	 0,6768725718725721	 0,6777052577052579	 0,6800712250712252	 0,6452110852110853	 0,6779797979797981	 0,7006824656824658	        
0,6466835016835019	 0,6786604136604137	 0,6827868427868429	 0,6852706552706554	 0,7024379324379326	 0,6801924001924003	 0,6964646464646467	 0,6649844599844601	 0,6557252007252008	 0,6571134421134422	        
0,703781403781404	 0,6712548562548563	 0,6966757316757319	 0,6630898730898733	 0,6952447552447555	 0,6496490546490549	 0,6929797979797983	 0,662820512820513	 0,6972649572649573	 0,6376184926184927	        
0,6867515817515819	 0,6746627446627449	 0,7142320642320643	 0,672801827801828	 0,7077992377992379	 0,6779797979797981	 0,6646814296814298	 0,7049585599585602	 0,6713480963480964	 0,6744781144781146	        
0,6927104377104379	 0,6872066822066822	 0,6792605542605544	 0,6270046620046621	 0,6848692048692051	 0,636019166019166	 0,6293019943019943	 0,7088047138047141	 0,6489484589484592	 0,6522558922558924	        
0,6771471121471123	 0,715884485884486	 0,6563558663558666	 0,678845598845599	 0,6692799792799794	 0,6676197876197878	 0,7221393421393424	 0,6667094017094018	 0,6973569023569025	 0,6859686609686612	        
0,6757666407666408	 0,6937037037037039	 0,6700952750952752	 0,6791919191919195	 0,6798834498834501	 0,6655840455840457	 0,6661214711214712	 0,6631553631553633	 0,6493188293188294	 0,7133501683501685	        
0,700833980833981	 0,6886208236208237	 0,6954040404040406	 0,6796153846153847	 0,6888319088319089	 0,6637399637399638	 0,699773374773375	 0,7016006216006218	 0,6743693343693345	 0,6741763791763792	        
0,6897319347319348	 0,7090831390831394	 0,651903651903652	 0,6848497798497799	 0,6769955969955972	 0,6582323232323233	 0,6926443926443928	 0,694765604765605	 0,7010282310282311	 0,6952615902615904	        
0,6876521626521627	 0,7126780626780629	 0,6623154623154623	 0,6833255633255635	 0,680817145817146	 0,6917793317793318	 0,6443447293447293	 0,6787891737891738	 0,653914788914789	 0,6891789691789693	        
0,668922558922559	 0,6964400414400416	 0,705867650867651	 0,682907277907278	 0,6734356384356386	 0,6962820512820513	 0,6826184926184927	 0,6604532504532507	 0,6943045843045844	 0,6994703444703447	        
0,6953910903910906	 0,6822999222999224	 0,7040209790209794	 0,6754649054649057	 0,6802447552447554	 0,682854182854183	 0,6852615902615905	 0,6588642838642841	 0,6814154364154367	 0,6613843563843567	        
0,6867029267029269	 0,6582413882413883	 0,6617599067599069	 0,7065242165242166	 0,6251528101528103	 0,6902965552965555	 0,7006319606319608	 0,7190261590261592	 0,6892139342139345	 0,6753043253043255	        
0,6668039368039371	 0,7020318570318572	 0,6695972545972547	 0,676894586894587	 0,6794211344211346	 0,6521911421911424	 0,7051877751877754	 0,6844729344729347	 0,6993693343693345	 0,6706656306656309	        
0,6679960779960781	 0,7053133903133905	 0,6893524993524996	 0,6635353535353536	 0,7023063973063974	 0,6847940947940948	 0,690800310800311	 0,6650543900543902	 0,6637231287231289	 0,6815578865578866	        
0,6692709142709143	 0,7092514892514894	 0,7161370111370113	 0,6793524993524994	 0,6369023569023571	 0,696760646760647	 0,6963299663299665	 0,6568440818440819	 0,642996632996633	 0,7012983312983315	        
0,6417430717430718	 0,646897176897177	 0,6711473711473713	 0,7096891996891997	 0,6676094276094278	 0,6791958041958045	 0,678840973840974	 0,6652615902615904	 0,6902473452473453	 0,6909854959854962	        
0,6640106190106192	 0,6737490287490289	 0,6654208754208756	 0,7099171199171201	 0,6722986272986273	 0,6663765863765864	 0,6733864283864286	 0,6729383579383581	 0,6950686350686351	 0,718765308765309	        
0,6814737114737117	 0,6897073297073298	 0,7045130795130796	 0,6939821289821292	 0,687829577829578	 0,6626366226366227	 0,6765073815073817	 0,7156073556073558	 0,7094897694897696	 0,6581248381248384	        
0,686912716912717	 0,6965145965145967	 0,668934213934214	 0,6941362341362343	 0,6934783734783737	 0,7043641543641547	 0,7100608650608653	 0,6912626262626265	 0,6983009583009585	 0,6865656565656567	        
0,6456164206164207	 0,7056314056314059	 0,7003626003626006	 0,6890080290080292	 0,7011059311059313	 0,6645726495726497	 0,6830989380989382	 0,6644120694120694	 0,6921639471639474	 0,6827026677026679	        
0,6818130018130019	 0,6930517630517632	 0,7022170422170423	 0,6724760424760425	 0,6755918155918157	 0,6923063973063975	 0,6576689976689979	 0,6970214970214972	 0,6912652162652164	 0,6681675731675732	        
0,7119554519554522	 0,6583690383690385	 0,7041504791504793	 0,6480375180375183	 0,6954876604876608	 0,6435780885780886	 0,7176120176120178	 0,6672921522921523	 0,7193783993783995	 0,6898717948717951	        
0,6700194250194251	 0,7040533540533542	 0,7058611758611761	 0,666937321937322	 0,7117689717689719	 0,6336208236208237	 0,6887555037555039	 0,7186001036001037	 0,6997150997150998	 0,6861201761201763	        
0,6613390313390315	 0,6590404040404041	 0,6901269101269102	 0,6990080290080292	 0,695791245791246	 0,6841240241240243	 0,6803872053872055	 0,6597474747474749	 0,6600284900284902	 0,6923400673400676	        
0,6575589225589227	 0,6236221186221187	 0,6895830095830097	 0,7108378658378659	 0,6923828023828025	 0,6755627705627707	 0,6967101417101418	 0,6891789691789694	 0,6400427350427351	 0,6784123284123285	        
0,6551023051023054	 0,6912211862211863	 0,6921652421652423	 0,6935120435120437	 0,6868945868945869	 0,6910372960372961	 0,6685521885521887	 0,6763843563843566	 0,6585612535612537	 0,6539898989898991	        
0,67474876974877	 0,6815242165242167	 0,6664322714322715	 0,6826011026011028	 0,690740740740741	 0,7056055056055057	 0,6803146853146855	 0,6831339031339033	 0,6829714729714732	 0,6922481222481223	        
0,6731908831908833	 0,6418078218078219	 0,6833618233618235	 0,681802086802087	 0,6873426573426575	 0,6537542087542089	 0,6909686609686612	 0,6686700336700339	 0,669933954933955	 0,6673931623931625	        
0,6666692566692568	 0,7328205128205131	 0,6953056203056204	 0,6761732711732713	 0,6851359751359751	 0,6693214193214193	 0,6908430458430459	 0,6614996114996116	 0,6454558404558406	 0,6712043512043514	        
0,7159608909608911	 0,6627117327117328	 0,6493550893550893	 0,6946581196581197	 0,691721056721057	 0,6790170940170942	 0,6634097384097386	 0,6585275835275836	 0,657904687904688	 0,6734188034188036	        
0,6869036519036521	 0,6805814555814557	 0,6916783216783219	 0,6629797979797981	 0,6999230399230402	 0,686894586894587	 0,7098743848743851	 0,6888552188552189	 0,6914957264957267	 0,6950505050505053	        
0,6670707070707071	 0,6568285418285419	 0,7140248640248642	 0,6764918414918417	 0,691780626780627	 0,6864381914381917	 0,6696386946386946	 0,6987464387464388	 0,673646723646724	 0,7448841898841899	        
0,679664594664595	 0,6906487956487958	 0,6710528360528362	 0,6970248270248274	 0,7235347985347987	 0,6684071484071485	 0,6642890442890442	 0,6789834239834242	 0,6791452991452992	 0,6589673289673291	        
0,6974125874125876	 0,6940494690494692	 0,6722507122507124	 0,6821976171976174	 0,6707666407666408	 0,6786907536907538	 0,6915073815073816	 0,6542191142191143	 0,6893188293188295	 0,6650466200466203	        
0,6704377104377105	 0,6929823879823882	 0,6742307692307693	 0,6663053613053616	 0,6697254597254597	 0,6559453509453509	 0,6692191142191143	 0,6938979538979541	 0,6734265734265735	 0,6760217560217562	        
0,6544224294224296	 0,6504467754467755	 0,6494781144781145	 0,6728373478373479	 0,6794301994301997	 0,6857161357161359	 0,6921885521885524	 0,6942709142709146	 0,7026541976541978	 0,6871302771302772	        
0,651885521885522	 0,6914840714840716	 0,6674664224664225	 0,6772934472934475	 0,6751528101528103	 0,6848834498834501	 0,6883281533281536	 0,6746031746031748	 0,6780471380471382	 0,6740429940429941	        
0,6578632478632479	 0,6878205128205129	 0,6492178192178194	 0,679814814814815	 0,6966925666925669	 0,6563739963739964	 0,6785806785806787	 0,6878386428386428	 0,6642268842268844	 0,6391673141673143	        
0,6691763791763793	 0,6586544936544937	 0,662854182854183	 0,6880911680911682	 0,7309686609686612	 0,6795376845376847	 0,6632504532504534	 0,6807666407666411	 0,6653897953897956	 0,6682413882413883	        
0,6970131720131721	 0,6966329966329968	 0,6550764050764052	 0,7060372960372963	 0,6867521367521369	 0,6695804195804197	 0,6765760165760167	 0,6997746697746698	 0,6753296703296706	 0,6652110852110854	        
0,6456560106560106	 0,6858547008547011	 0,6935418285418287	 0,7003302253302255	 0,6603885003885004	 0,706880341880342	 0,6926541976541978	 0,6970227920227923	 0,6878554778554781	 0,7045299145299148	        
0,6922248122248124	 0,7017023717023718	 0,6815928515928517	 0,6441932141932142	 0,6950427350427352	 0,6421393421393422	 0,6875006475006475	 0,6710321160321162	 0,6696244496244499	 0,6893019943019943	        
0,6426948976948978	 0,6717003367003368	 0,6609272209272211	 0,7000440300440302	 0,6685690235690237	 0,6559026159026159	 0,7042683242683245	 0,6960450660450661	 0,6863429163429164	 0,6767256817256818	        
0,6784842934842937	 0,6590701890701891	 0,6807096607096609	 0,6817055167055168	 0,6771561771561774	 0,6905335405335405	 0,6998005698005699	 0,681768971768972	 0,6783190883190885	 0,6836376586376588	        
0,6350932400932402	 0,692658822658823	 0,6431649831649833	 0,6619140119140121	 0,6512043512043514	 0,6594115144115146	 0,6520033670033671	 0,6971393421393423	 0,682812742812743	 0,7084757834757838	        
0,6623376623376626	 0,6452874902874904	 0,7102279202279204	 0,7207018907018908	 0,7074190624190625	 0,6959285159285161	 0,6917119917119919	 0,6839393939393941	 0,6949494949494952	 0,7056241906241908	        
0,6857498057498059	 0,6767715617715618	 0,6847500647500648	 0,6652201502201504	 0,6842592592592595	 0,6738060088060089	 0,6606578606578608	 0,7090735190735192	 0,6612387612387614	 0,63481610981611	        
0,6739510489510491	 0,6729487179487182	 0,6862561512561515	 0,707731157731158	 0,7003548303548306	 0,6776638176638178	 0,6550505050505052	 0,6635638435638438	 0,6933449883449886	 0,7029746179746181	        
0,6765540015540016	 0,6572817922817925	 0,6845454545454548	 0,679851074851075	 0,6825511525511527	 0,6618039368039369	 0,6715501165501166	 0,6792463092463094	 0,7316428016428017	 0,6941168091168092	        
0,6819204869204871	 0,6555648055648058	 0,6695798645798647	 0,7041336441336443	 0,677737632737633	 0,6646891996891997	 0,6766415066415068	 0,6685853035853037	 0,6740067340067342	 0,6870499870499872	        
0,6882848632848634	 0,7076184926184929	 0,6609854959854962	 0,687803677803678	 0,6676443926443928	 0,7043421393421395	 0,6622462722462725	 0,6991621341621345	 0,683864283864284	 0,7015099715099716	        
0,6794871794871795	 0,688780108780109	 0,6656941206941208	 0,7067580567580569	 0,6761991711991714	 0,6653302253302253	 0,6806850556850558	 0,6600699300699302	 0,6664154364154365	 0,6778891478891481	        
0,7021911421911423	 0,6815177415177416	 0,6862918562918564	 0,6986285936285939	 0,6556837606837609	 0,6572248122248124	 0,6717119917119919	 0,6693991193991196	 0,6755698005698008	 0,6916492766492769	        
