0.4404040404040404, 0.5454545454545454, 0.0, 0.8, 0.0
0.395959595959596, 0.5, 0.0, 0.7272727272727273, 0.0
0.4603174603174604, 0.5, 0.0, 0.6666666666666667, 0.0
0.35483405483405484, 0.4, 0.0, 0.7272727272727273, 0.0
0.4539682539682541, 0.5714285714285714, 0.0, 0.6666666666666667, 0.0
0.4873015873015874, 0.5714285714285714, 0.0, 0.6666666666666667, 0.0
0.4574869574869575, 0.5, 0.0, 0.7692307692307692, 0.0
0.4492063492063493, 0.5, 0.0, 0.6666666666666667, 0.0
0.42097902097902107, 0.5454545454545454, 0.0, 0.7692307692307692, 0.0
0.5804884004884004, 0.6, 0.4, 0.7692307692307692, 0.0
0.4528042328042329, 0.5714285714285714, 0.0, 0.6666666666666667, 0.0
0.44929070929070936, 0.5714285714285714, 0.0, 0.7692307692307692, 0.0
0.4821356421356422, 0.5714285714285714, 0.0, 0.7272727272727273, 0.0
0.4246827246827248, 0.5, 0.0, 0.7692307692307692, 0.0
0.3960439560439561, 0.6, 0.0, 0.7692307692307692, 0.0
0.47142857142857153, 0.5714285714285714, 0.0, 0.6666666666666667, 0.0
0.5928427128427128, 0.6, 0.33333333333333337, 0.7272727272727273, 0.0
0.5305894105894107, 0.5714285714285714, 0.0, 0.7692307692307692, 0.0
0.40943722943722943, 0.5, 0.0, 0.8, 0.0
0.5115151515151516, 0.6, 0.0, 0.7272727272727273, 0.0
0.46167388167388174, 0.5454545454545454, 0.0, 0.7272727272727273, 0.0
0.36507936507936506, 0.5, 0.0, 0.6666666666666667, 0.0
0.5066955266955268, 0.5714285714285714, 0.0, 0.6666666666666667, 0.0
0.45292929292929307, 0.5, 0.0, 0.7272727272727273, 0.0
0.5046753246753246, 0.5714285714285714, 0.0, 0.7272727272727273, 0.0
0.5478499278499279, 0.5, 0.2857142857142857, 0.7272727272727273, 0.0
0.4604884004884005, 0.5, 0.0, 0.7692307692307692, 0.0
0.3993073593073594, 0.5454545454545454, 0.0, 0.7272727272727273, 0.0
0.4915995115995117, 0.5714285714285714, 0.0, 0.7692307692307692, 0.0
0.47644799644799646, 0.5454545454545454, 0.0, 0.7692307692307692, 0.0
0.4907070707070708, 0.6, 0.0, 0.7272727272727273, 0.0
0.5044444444444446, 0.6, 0.0, 0.6666666666666667, 0.0
0.4651037851037852, 0.6, 0.0, 0.7692307692307692, 0.0
0.322962962962963, 0.4444444444444444, 0.0, 0.6666666666666667, 0.0
0.4244444444444445, 0.6, 0.0, 0.6666666666666667, 0.0
0.3873015873015873, 0.4, 0.0, 0.6666666666666667, 0.0
0.4047619047619049, 0.5, 0.0, 0.6666666666666667, 0.0
0.4869841269841271, 0.5714285714285714, 0.0, 0.6666666666666667, 0.0
0.45578643578643585, 0.5, 0.0, 0.7272727272727273, 0.0
0.5246753246753247, 0.5714285714285714, 0.0, 0.7272727272727273, 0.0
0.5052503052503053, 0.5714285714285714, 0.0, 0.7692307692307692, 0.0
0.49050505050505055, 0.5, 0.0, 0.6666666666666667, 0.0
0.4913612313612315, 0.5714285714285714, 0.0, 0.7272727272727273, 0.0
0.39661375661375664, 0.4444444444444444, 0.0, 0.6666666666666667, 0.0
0.4906349206349207, 0.5714285714285714, 0.0, 0.75, 0.0
0.37407407407407417, 0.5, 0.0, 0.6666666666666667, 0.0
0.42556998556998565, 0.5454545454545454, 0.0, 0.6666666666666667, 0.0
0.47737373737373745, 0.6, 0.0, 0.7272727272727273, 0.0
0.5367003367003368, 0.6666666666666667, 0.0, 0.7272727272727273, 0.0
0.45777777777777795, 0.6, 0.0, 0.6666666666666667, 0.0
0.4808080808080809, 0.6, 0.0, 0.6666666666666667, 0.0
0.39479557479557487, 0.4444444444444444, 0.0, 0.7272727272727273, 0.0
0.4687157287157288, 0.5714285714285714, 0.0, 0.7272727272727273, 0.0
0.42181818181818187, 0.5, 0.0, 0.7272727272727273, 0.0
0.5495093795093796, 0.5714285714285714, 0.0, 0.75, 0.0
0.4317460317460318, 0.5, 0.0, 0.6666666666666667, 0.0
0.39587301587301593, 0.5, 0.0, 0.8, 0.0
0.468888888888889, 0.5, 0.0, 0.6666666666666667, 0.0
0.5752669552669553, 0.6, 0.33333333333333337, 0.6666666666666667, 0.0
0.48920634920634926, 0.5, 0.0, 0.7272727272727273, 0.0
0.38262626262626276, 0.4, 0.0, 0.7272727272727273, 0.0
0.4573737373737375, 0.5, 0.0, 0.7272727272727273, 0.0
0.5122222222222224, 0.6, 0.0, 0.75, 0.0
0.5334176934176935, 0.6, 0.0, 0.7692307692307692, 0.0
0.5111111111111113, 0.6666666666666667, 0.0, 0.8, 0.0
0.3255699855699855, 0.4, 0.0, 0.6, 0.0
0.5317460317460319, 0.6666666666666667, 0.0, 0.6666666666666667, 0.0
0.4762962962962964, 0.6, 0.0, 0.6666666666666667, 0.0
0.4756998556998558, 0.5714285714285714, 0.0, 0.7272727272727273, 0.0
0.513992673992674, 0.6666666666666667, 0.0, 0.7692307692307692, 0.0
0.48112554112554123, 0.5454545454545454, 0.0, 0.6666666666666667, 0.0
0.44181818181818194, 0.6, 0.0, 0.7272727272727273, 0.0
0.5054834054834055, 0.5714285714285714, 0.0, 0.7272727272727273, 0.0
0.33324675324675324, 0.4, 0.0, 0.7272727272727273, 0.0
0.5558585858585859, 0.6, 0.0, 0.75, 0.0
0.40689754689754687, 0.5, 0.0, 0.7272727272727273, 0.0
0.4366810966810968, 0.5454545454545454, 0.0, 0.6666666666666667, 0.0
0.44920634920634916, 0.5, 0.0, 0.6666666666666667, 0.0
0.534139194139194, 0.5, 0.33333333333333337, 0.7692307692307692, 0.0
0.45883597883597893, 0.5, 0.0, 0.6666666666666667, 0.0
0.4311111111111112, 0.6666666666666667, 0.0, 0.6666666666666667, 0.0
0.4112457912457913, 0.5, 0.0, 0.6666666666666667, 0.0
0.4870684870684871, 0.5714285714285714, 0.0, 0.7692307692307692, 0.0
0.3868686868686869, 0.5, 0.0, 0.6666666666666667, 0.0
0.40131313131313134, 0.5454545454545454, 0.0, 0.75, 0.0
0.37875679875679874, 0.4, 0.0, 0.7692307692307692, 0.0
0.4444444444444446, 0.6, 0.0, 0.6666666666666667, 0.0
0.46435786435786447, 0.5714285714285714, 0.0, 0.7272727272727273, 0.0
0.36920634920634926, 0.5714285714285714, 0.0, 0.6666666666666667, 0.0
0.39737373737373743, 0.5, 0.0, 0.7272727272727273, 0.0
0.5262026862026863, 0.6, 0.0, 0.7692307692307692, 0.0
0.5546031746031747, 0.6, 0.0, 0.6666666666666667, 0.0
0.5128116328116328, 0.5454545454545454, 0.0, 0.7692307692307692, 0.0
0.4603174603174604, 0.5714285714285714, 0.0, 0.6666666666666667, 0.0
0.44144300144300147, 0.5714285714285714, 0.0, 0.6666666666666667, 0.0
0.463941983941984, 0.5454545454545454, 0.0, 0.7692307692307692, 0.0
0.535873015873016, 0.6, 0.0, 0.6666666666666667, 0.0
0.3514285714285715, 0.4, 0.0, 0.6666666666666667, 0.0
0.43138787138787144, 0.5, 0.0, 0.7692307692307692, 0.0
0.44343434343434346, 0.5, 0.0, 0.7272727272727273, 0.0
0.5201709401709402, 0.5, 0.0, 0.7692307692307692, 0.0
0.30623154623154625, 0.33333333333333337, 0.0, 0.7692307692307692, 0.0
0.4295238095238096, 0.5, 0.0, 0.6666666666666667, 0.0
0.49587301587301597, 0.5714285714285714, 0.0, 0.6666666666666667, 0.0
0.42828060828060827, 0.5, 0.0, 0.7692307692307692, 0.0
0.5450793650793652, 0.5714285714285714, 0.0, 0.8, 0.0
0.49248677248677253, 0.5, 0.0, 0.6666666666666667, 0.0
0.3942257742257743, 0.4, 0.0, 0.7692307692307692, 0.0
0.4177777777777779, 0.5, 0.0, 0.6666666666666667, 0.0
0.5110245310245312, 0.5714285714285714, 0.0, 0.7272727272727273, 0.0
0.46848484848484856, 0.5, 0.0, 0.7272727272727273, 0.0
0.5112820512820514, 0.5, 0.0, 0.7692307692307692, 0.0
0.4700144300144301, 0.5714285714285714, 0.0, 0.6666666666666667, 0.0
0.42437229437229446, 0.5714285714285714, 0.0, 0.75, 0.0
0.37754467754467763, 0.33333333333333337, 0.0, 0.7692307692307692, 0.0
0.5425396825396827, 0.6666666666666667, 0.0, 0.6666666666666667, 0.0
0.4621511821511822, 0.5454545454545454, 0.0, 0.6666666666666667, 0.0
0.3698412698412698, 0.4, 0.0, 0.6666666666666667, 0.0
0.5479076479076479, 0.5454545454545454, 0.33333333333333337, 0.7272727272727273, 0.0
0.4273881673881675, 0.5, 0.0, 0.7272727272727273, 0.0
0.37413919413919416, 0.4, 0.0, 0.7692307692307692, 0.0
0.482857142857143, 0.6, 0.0, 0.6666666666666667, 0.0
0.5134054834054835, 0.5714285714285714, 0.0, 0.75, 0.0
0.5876911976911978, 0.6666666666666667, 0.0, 0.75, 0.0
0.5106204906204908, 0.5, 0.0, 0.7272727272727273, 0.0
0.4666666666666668, 0.5714285714285714, 0.0, 0.6666666666666667, 0.0
0.47365079365079377, 0.6, 0.0, 0.6666666666666667, 0.0
0.5081962481962483, 0.5454545454545454, 0.0, 0.7272727272727273, 0.0
0.32888888888888895, 0.5, 0.0, 0.6666666666666667, 0.0
0.4966137566137567, 0.6, 0.0, 0.6666666666666667, 0.0
0.4153224553224554, 0.5, 0.0, 0.7692307692307692, 0.0
0.3965323565323565, 0.5714285714285714, 0.0, 0.7692307692307692, 0.0
0.5001709401709403, 0.6666666666666667, 0.0, 0.7692307692307692, 0.0
0.5587412587412589, 0.6153846153846154, 0.0, 0.7692307692307692, 0.0
0.5003174603174604, 0.6, 0.0, 0.6666666666666667, 0.0
0.4847619047619049, 0.6, 0.0, 0.6666666666666667, 0.0
0.5606349206349207, 0.6, 0.0, 0.7272727272727273, 0.0
0.4465490065490066, 0.5454545454545454, 0.0, 0.7692307692307692, 0.0
0.3522366522366523, 0.5, 0.0, 0.6666666666666667, 0.0
0.3892063492063492, 0.5, 0.0, 0.6666666666666667, 0.0
0.4274795574795575, 0.4444444444444444, 0.0, 0.75, 0.0
0.44626262626262636, 0.4, 0.0, 0.7272727272727273, 0.0
0.37492063492063493, 0.5, 0.0, 0.6666666666666667, 0.0
0.5172871572871575, 0.6, 0.0, 0.7272727272727273, 0.0
0.448888888888889, 0.6666666666666667, 0.0, 0.6666666666666667, 0.0
0.5533311133311134, 0.6, 0.0, 0.7692307692307692, 0.0
0.5490742590742592, 0.5714285714285714, 0.0, 0.7692307692307692, 0.0
0.5423931623931625, 0.6666666666666667, 0.0, 0.7692307692307692, 0.0
0.5232589632589634, 0.5, 0.0, 0.7692307692307692, 0.0
0.5117075517075517, 0.5714285714285714, 0.0, 0.6666666666666667, 0.0
0.38080808080808093, 0.5, 0.0, 0.6666666666666667, 0.0
0.5406349206349206, 0.6, 0.0, 0.6666666666666667, 0.0
0.41070707070707074, 0.4, 0.0, 0.7272727272727273, 0.0
0.4343722943722944, 0.5454545454545454, 0.0, 0.7272727272727273, 0.0
0.4611137011137012, 0.5, 0.0, 0.7692307692307692, 0.0
0.46793650793650793, 0.5, 0.0, 0.6666666666666667, 0.0
0.40080586080586084, 0.5, 0.0, 0.7692307692307692, 0.0
0.47111111111111126, 0.6666666666666667, 0.0, 0.6666666666666667, 0.0
0.5110389610389611, 0.5454545454545454, 0.0, 0.75, 0.0
0.4208080808080809, 0.5454545454545454, 0.0, 0.6666666666666667, 0.0
0.44013468013468027, 0.5454545454545454, 0.0, 0.6666666666666667, 0.0
0.46234025234025233, 0.5, 0.0, 0.7692307692307692, 0.0
0.49223665223665236, 0.6, 0.0, 0.6666666666666667, 0.0
0.3853968253968255, 0.5714285714285714, 0.0, 0.6666666666666667, 0.0
0.39777777777777773, 0.5, 0.0, 0.6666666666666667, 0.0
0.5231746031746033, 0.6, 0.0, 0.6666666666666667, 0.0
0.32888888888888895, 0.4, 0.0, 0.6666666666666667, 0.0
0.3361904761904762, 0.4, 0.0, 0.6666666666666667, 0.0
0.40256410256410263, 0.5, 0.0, 0.7692307692307692, 0.0
0.43841269841269853, 0.5714285714285714, 0.0, 0.6666666666666667, 0.0
0.36666666666666664, 0.5, 0.0, 0.6666666666666667, 0.0
0.44954822954822954, 0.5, 0.0, 0.8, 0.0
0.4766189366189366, 0.5454545454545454, 0.0, 0.7692307692307692, 0.0
0.5419025419025421, 0.6666666666666667, 0.0, 0.7692307692307692, 0.0
0.4648462648462649, 0.5714285714285714, 0.0, 0.7692307692307692, 0.0
0.363968253968254, 0.4, 0.0, 0.75, 0.0
0.4686557886557888, 0.5, 0.0, 0.7692307692307692, 0.0
0.4733333333333335, 0.6, 0.0, 0.6666666666666667, 0.0
0.4854834054834056, 0.5714285714285714, 0.0, 0.7272727272727273, 0.0
0.5182661782661784, 0.6, 0.0, 0.7692307692307692, 0.0
0.4637373737373738, 0.5, 0.0, 0.75, 0.0
0.34905982905982913, 0.4, 0.0, 0.7692307692307692, 0.0
0.5284848484848487, 0.6, 0.0, 0.7272727272727273, 0.0
0.44689754689754696, 0.5, 0.0, 0.7272727272727273, 0.0
0.4768520368520369, 0.5714285714285714, 0.0, 0.7692307692307692, 0.0
0.448888888888889, 0.6, 0.0, 0.6666666666666667, 0.0
0.34, 0.5, 0.0, 0.6666666666666667, 0.0
0.43620971620971627, 0.5, 0.0, 0.8, 0.0
0.4536507936507937, 0.5, 0.0, 0.6666666666666667, 0.0
0.4473881673881675, 0.5714285714285714, 0.0, 0.7272727272727273, 0.0
0.3860583860583861, 0.5, 0.0, 0.7692307692307692, 0.0
0.3589033189033189, 0.5, 0.0, 0.6666666666666667, 0.0
0.4953368853368854, 0.5714285714285714, 0.0, 0.7692307692307692, 0.0
0.46242202242202246, 0.5714285714285714, 0.0, 0.7692307692307692, 0.0
0.48271062271062276, 0.5714285714285714, 0.0, 0.7692307692307692, 0.0
0.5494616494616494, 0.5714285714285714, 0.0, 0.7692307692307692, 0.0
0.46366522366522367, 0.5454545454545454, 0.0, 0.6666666666666667, 0.0
0.518942168942169, 0.6666666666666667, 0.0, 0.7692307692307692, 0.0
0.49284271284271297, 0.5714285714285714, 0.0, 0.7272727272727273, 0.0
0.41649461649461655, 0.5, 0.0, 0.7272727272727273, 0.0
0.41653457653457665, 0.4, 0.0, 0.7692307692307692, 0.0
0.4652503052503053, 0.5714285714285714, 0.0, 0.7692307692307692, 0.0
0.533968253968254, 0.6, 0.0, 0.6666666666666667, 0.0
0.5505006105006106, 0.6666666666666667, 0.0, 0.7692307692307692, 0.0
0.5776434676434677, 0.6666666666666667, 0.0, 0.7692307692307692, 0.0
0.38262404262404265, 0.5, 0.0, 0.7692307692307692, 0.0
0.44626262626262636, 0.6, 0.0, 0.7272727272727273, 0.0
0.5163636363636365, 0.5454545454545454, 0.0, 0.8, 0.0
0.47486291486291493, 0.5, 0.0, 0.7272727272727273, 0.0
0.39445887445887445, 0.4, 0.0, 0.6666666666666667, 0.0
0.4800000000000001, 0.5, 0.0, 0.6666666666666667, 0.0
0.47650793650793644, 0.5714285714285714, 0.0, 0.6666666666666667, 0.0
0.5014285714285716, 0.6, 0.0, 0.75, 0.0
0.4893772893772894, 0.6, 0.0, 0.7692307692307692, 0.0
0.5167003367003368, 0.5454545454545454, 0.0, 0.7272727272727273, 0.0
0.36789580789580795, 0.4444444444444444, 0.0, 0.7692307692307692, 0.0
0.5143722943722945, 0.6, 0.0, 0.7272727272727273, 0.0
0.5714285714285715, 0.6666666666666667, 0.0, 0.6666666666666667, 0.0
0.48507936507936517, 0.6666666666666667, 0.0, 0.8, 0.0
0.5556880156880157, 0.5714285714285714, 0.0, 0.7692307692307692, 0.0
0.5044059644059644, 0.5714285714285714, 0.0, 0.6666666666666667, 0.0
0.5007215007215008, 0.5714285714285714, 0.0, 0.7272727272727273, 0.0
0.40031746031746046, 0.5714285714285714, 0.0, 0.6666666666666667, 0.0
0.5187301587301588, 0.6, 0.0, 0.6666666666666667, 0.0
0.5134176934176935, 0.5714285714285714, 0.0, 0.7692307692307692, 0.0
0.5356088356088357, 0.5454545454545454, 0.0, 0.7692307692307692, 0.0
0.4547089947089948, 0.5714285714285714, 0.0, 0.6666666666666667, 0.0
0.5173737373737375, 0.5, 0.0, 0.7272727272727273, 0.0
0.4983261183261184, 0.5714285714285714, 0.0, 0.7272727272727273, 0.0
0.4357864357864358, 0.5, 0.0, 0.7272727272727273, 0.0
0.5589033189033189, 0.6, 0.33333333333333337, 0.6666666666666667, 0.0
0.5787279387279388, 0.6, 0.0, 0.7692307692307692, 0.0
0.3517460317460318, 0.4, 0.0, 0.6666666666666667, 0.0
0.5884848484848485, 0.6, 0.4, 0.7272727272727273, 0.0
0.5551973951973952, 0.6, 0.0, 0.8, 0.0
0.38764568764568774, 0.5, 0.0, 0.7692307692307692, 0.0
0.37587301587301597, 0.5, 0.0, 0.6666666666666667, 0.0
0.4042979242979243, 0.5, 0.0, 0.7692307692307692, 0.0
0.3671550671550671, 0.5, 0.0, 0.7692307692307692, 0.0
0.4590476190476192, 0.6666666666666667, 0.0, 0.6666666666666667, 0.0
0.558903318903319, 0.6, 0.0, 0.6666666666666667, 0.0
0.3714285714285715, 0.4, 0.0, 0.6666666666666667, 0.0
0.41890331890331894, 0.5, 0.0, 0.6666666666666667, 0.0
0.4537373737373738, 0.5, 0.0, 0.7272727272727273, 0.0
0.4751515151515153, 0.6, 0.0, 0.7272727272727273, 0.0
0.48683760683760696, 0.5, 0.0, 0.7692307692307692, 0.0
0.5254234654234655, 0.5, 0.0, 0.7692307692307692, 0.0
0.6135642135642136, 0.6666666666666667, 0.4, 0.7272727272727273, 0.0
0.39737373737373743, 0.5, 0.0, 0.7272727272727273, 0.0
0.36404040404040405, 0.5, 0.0, 0.7272727272727273, 0.0
0.5504884004884006, 0.6666666666666667, 0.0, 0.7692307692307692, 0.0
0.504761904761905, 0.6666666666666667, 0.0, 0.6666666666666667, 0.0
0.4044444444444445, 0.5, 0.0, 0.6666666666666667, 0.0
0.38001443001443, 0.5, 0.0, 0.75, 0.0
0.48129648129648134, 0.5714285714285714, 0.0, 0.7692307692307692, 0.0
0.4484126984126985, 0.5714285714285714, 0.0, 0.75, 0.0
0.3846753246753247, 0.5, 0.0, 0.7272727272727273, 0.0
0.43096681096681094, 0.5454545454545454, 0.0, 0.6666666666666667, 0.0
0.4494638694638695, 0.5, 0.0, 0.7692307692307692, 0.0
0.44478632478632485, 0.5454545454545454, 0.0, 0.7692307692307692, 0.0
0.406984126984127, 0.4, 0.0, 0.6666666666666667, 0.0
0.4703174603174604, 0.5714285714285714, 0.0, 0.75, 0.0
0.4565323565323566, 0.5714285714285714, 0.0, 0.7692307692307692, 0.0
0.4461760461760463, 0.5, 0.0, 0.7272727272727273, 0.0
0.3915151515151516, 0.4, 0.0, 0.7272727272727273, 0.0
0.41769119769119784, 0.5, 0.0, 0.7272727272727273, 0.0
0.38843304843304854, 0.5, 0.0, 0.6666666666666667, 0.0
0.40253968253968264, 0.6, 0.0, 0.6666666666666667, 0.0
0.4496947496947497, 0.5714285714285714, 0.0, 0.7692307692307692, 0.0
0.5189033189033191, 0.5714285714285714, 0.0, 0.6666666666666667, 0.0
0.4466666666666668, 0.6, 0.0, 0.6666666666666667, 0.0
0.4174891774891776, 0.5454545454545454, 0.0, 0.6666666666666667, 0.0
0.36715506715506724, 0.5, 0.0, 0.7692307692307692, 0.0
0.4724867724867725, 0.5714285714285714, 0.0, 0.6666666666666667, 0.0
0.39555555555555555, 0.5, 0.0, 0.6666666666666667, 0.0
0.4228571428571429, 0.5714285714285714, 0.0, 0.6666666666666667, 0.0
0.45890331890331887, 0.5, 0.0, 0.6666666666666667, 0.0
0.3327272727272728, 0.4, 0.0, 0.6666666666666667, 0.0
0.44828060828060834, 0.5714285714285714, 0.0, 0.7692307692307692, 0.0
0.5027106227106227, 0.5714285714285714, 0.0, 0.7692307692307692, 0.0
0.4733477633477634, 0.5454545454545454, 0.0, 0.75, 0.0
0.49932437932437934, 0.5714285714285714, 0.0, 0.7692307692307692, 0.0
0.5665800865800867, 0.6, 0.0, 0.7272727272727273, 0.0
0.5537373737373738, 0.6, 0.0, 0.7272727272727273, 0.0
0.5418181818181819, 0.6, 0.0, 0.7272727272727273, 0.0
0.524829244829245, 0.6, 0.0, 0.6666666666666667, 0.0
0.572929292929293, 0.6, 0.4, 0.7272727272727273, 0.0
0.46042328042328046, 0.5714285714285714, 0.0, 0.6666666666666667, 0.0
0.5463758463758465, 0.5714285714285714, 0.0, 0.7692307692307692, 0.0
0.4938217338217339, 0.5714285714285714, 0.0, 0.7692307692307692, 0.0
0.5477034077034078, 0.5, 0.2857142857142857, 0.8, 0.0
0.5057142857142857, 0.5714285714285714, 0.0, 0.6666666666666667, 0.0
0.43375439375439384, 0.6, 0.0, 0.7692307692307692, 0.0
0.49395641395641393, 0.5454545454545454, 0.0, 0.7692307692307692, 0.0
0.42271062271062276, 0.5, 0.0, 0.7692307692307692, 0.0
0.4476456876456877, 0.5, 0.0, 0.7692307692307692, 0.0
0.5399977799977801, 0.6666666666666667, 0.0, 0.7692307692307692, 0.0
0.3711111111111112, 0.4, 0.0, 0.6666666666666667, 0.0
0.5872150072150072, 0.6, 0.4, 0.7272727272727273, 0.0
0.3066666666666667, 0.4, 0.0, 0.6666666666666667, 0.0
0.4269841269841271, 0.5714285714285714, 0.0, 0.6666666666666667, 0.0
0.455873015873016, 0.5714285714285714, 0.0, 0.6666666666666667, 0.0
0.47432419432419437, 0.5, 0.0, 0.7272727272727273, 0.0
0.3355555555555556, 0.4, 0.0, 0.6666666666666667, 0.0
0.5144566544566546, 0.5714285714285714, 0.0, 0.7692307692307692, 0.0
0.49976689976689986, 0.5, 0.0, 0.7692307692307692, 0.0
0.4520035520035521, 0.5454545454545454, 0.0, 0.7692307692307692, 0.0
0.5804884004884007, 0.6666666666666667, 0.0, 0.7692307692307692, 0.0
0.48328042328042325, 0.5, 0.0, 0.8, 0.0
0.4082154882154883, 0.5454545454545454, 0.0, 0.6666666666666667, 0.0
0.566837606837607, 0.6, 0.0, 0.7692307692307692, 0.0
0.5493772893772895, 0.6, 0.0, 0.7692307692307692, 0.0
0.4353823953823955, 0.5714285714285714, 0.0, 0.7272727272727273, 0.0
0.3822222222222223, 0.4, 0.0, 0.6666666666666667, 0.0
0.371919191919192, 0.5454545454545454, 0.0, 0.6666666666666667, 0.0
0.42230658230658236, 0.5, 0.0, 0.7692307692307692, 0.0
0.5564213564213565, 0.6, 0.0, 0.7272727272727273, 0.0
0.4764335664335665, 0.5, 0.0, 0.7692307692307692, 0.0
0.47215007215007226, 0.5714285714285714, 0.0, 0.7272727272727273, 0.0
0.41883597883597884, 0.5, 0.0, 0.6666666666666667, 0.0
0.3843578643578644, 0.5, 0.0, 0.7272727272727273, 0.0
0.5423931623931625, 0.6, 0.0, 0.7692307692307692, 0.0
0.5204018204018205, 0.5714285714285714, 0.0, 0.7692307692307692, 0.0
0.38040182040182047, 0.4, 0.0, 0.7692307692307692, 0.0
0.4582854182854184, 0.6, 0.0, 0.7692307692307692, 0.0
0.3514285714285715, 0.4, 0.0, 0.6666666666666667, 0.0
0.5196440596440597, 0.5, 0.0, 0.6666666666666667, 0.0
0.42689754689754694, 0.5, 0.0, 0.7272727272727273, 0.0
0.3933333333333334, 0.5, 0.0, 0.6666666666666667, 0.0
0.35682539682539693, 0.4, 0.0, 0.6666666666666667, 0.0
0.5071550671550672, 0.5714285714285714, 0.0, 0.7692307692307692, 0.0
0.5100144300144301, 0.5714285714285714, 0.0, 0.6666666666666667, 0.0
0.5130136530136532, 0.6666666666666667, 0.0, 0.7692307692307692, 0.0
0.44048840048840054, 0.5, 0.0, 0.7692307692307692, 0.0
0.48478114478114487, 0.5, 0.0, 0.7272727272727273, 0.0
0.4066666666666667, 0.5, 0.0, 0.75, 0.0
0.4669841269841271, 0.5714285714285714, 0.0, 0.6666666666666667, 0.0
0.5692063492063493, 0.6, 0.0, 0.6666666666666667, 0.0
0.486058386058386, 0.5454545454545454, 0.0, 0.7692307692307692, 0.0
0.44954304954304963, 0.5, 0.0, 0.7272727272727273, 0.0
0.47922077922077927, 0.5, 0.0, 0.6666666666666667, 0.0
0.5223088023088024, 0.5714285714285714, 0.0, 0.7272727272727273, 0.0
0.5096081696081697, 0.6, 0.0, 0.7692307692307692, 0.0
0.5159018759018759, 0.5454545454545454, 0.0, 0.8, 0.0
0.4553705553705554, 0.5454545454545454, 0.0, 0.7692307692307692, 0.0
0.4292929292929294, 0.5454545454545454, 0.0, 0.7272727272727273, 0.0
0.4960439560439562, 0.6666666666666667, 0.0, 0.7692307692307692, 0.0
0.5392429792429793, 0.5714285714285714, 0.0, 0.7692307692307692, 0.0
0.47206349206349213, 0.5714285714285714, 0.0, 0.6666666666666667, 0.0
0.5204262404262405, 0.6, 0.0, 0.7692307692307692, 0.0
0.5096947496947498, 0.5714285714285714, 0.0, 0.7692307692307692, 0.0
0.5276456876456878, 0.6, 0.0, 0.7692307692307692, 0.0
0.48556998556998565, 0.5454545454545454, 0.0, 0.6666666666666667, 0.0
0.2914285714285715, 0.33333333333333337, 0.0, 0.6666666666666667, 0.0
0.5162770562770563, 0.5454545454545454, 0.0, 0.7272727272727273, 0.0
0.433968253968254, 0.5714285714285714, 0.0, 0.6666666666666667, 0.0
0.5165079365079366, 0.5714285714285714, 0.0, 0.6666666666666667, 0.0
0.3462626262626263, 0.4, 0.0, 0.7272727272727273, 0.0
0.47225589225589226, 0.5454545454545454, 0.0, 0.7272727272727273, 0.0
0.4310245310245311, 0.5, 0.0, 0.7272727272727273, 0.0
0.4426262626262627, 0.5, 0.0, 0.7272727272727273, 0.0
0.46518518518518526, 0.5, 0.0, 0.6666666666666667, 0.0
0.4758922558922559, 0.5, 0.0, 0.7272727272727273, 0.0
0.4284271284271284, 0.5, 0.0, 0.6666666666666667, 0.0
0.5214285714285715, 0.5, 0.0, 0.75, 0.0
0.4517460317460318, 0.5714285714285714, 0.0, 0.6666666666666667, 0.0
0.49183039183039184, 0.5714285714285714, 0.0, 0.7692307692307692, 0.0
0.481989121989122, 0.5, 0.0, 0.7692307692307692, 0.0
0.45907425907425914, 0.5454545454545454, 0.0, 0.7692307692307692, 0.0
0.5112554112554114, 0.5714285714285714, 0.0, 0.7272727272727273, 0.0
0.5732467532467533, 0.6, 0.0, 0.7272727272727273, 0.0
0.5194372294372295, 0.5714285714285714, 0.0, 0.75, 0.0
0.3144588744588745, 0.4, 0.0, 0.6666666666666667, 0.0
0.3395959595959596, 0.4, 0.0, 0.7272727272727273, 0.0
0.39445665445665445, 0.5714285714285714, 0.0, 0.7692307692307692, 0.0
0.5177777777777779, 0.6, 0.0, 0.7272727272727273, 0.0
0.5715995115995118, 0.6666666666666667, 0.0, 0.7692307692307692, 0.0
0.4785836385836386, 0.5714285714285714, 0.0, 0.7692307692307692, 0.0
0.5045288045288047, 0.6666666666666667, 0.0, 0.7692307692307692, 0.0
0.5157264957264959, 0.6666666666666667, 0.0, 0.7692307692307692, 0.0
0.3969696969696971, 0.5, 0.0, 0.7272727272727273, 0.0
0.5695238095238097, 0.6, 0.0, 0.6666666666666667, 0.0
0.5585858585858587, 0.6666666666666667, 0.0, 0.6666666666666667, 0.0
0.3144444444444445, 0.4, 0.0, 0.75, 0.0
0.4976911976911978, 0.6, 0.0, 0.7272727272727273, 0.0
0.6003030303030304, 0.6666666666666667, 0.0, 0.75, 0.0
0.5642712842712844, 0.6, 0.0, 0.7272727272727273, 0.0
0.5187301587301588, 0.5714285714285714, 0.0, 0.6666666666666667, 0.0
0.5513419913419914, 0.6, 0.0, 0.8, 0.0
0.4736507936507936, 0.5714285714285714, 0.0, 0.6666666666666667, 0.0
0.4647619047619049, 0.6, 0.0, 0.6666666666666667, 0.0
0.4766137566137567, 0.6, 0.0, 0.6666666666666667, 0.0
0.3768520368520369, 0.5454545454545454, 0.0, 0.7692307692307692, 0.0
0.39142857142857146, 0.4, 0.0, 0.6666666666666667, 0.0
0.5115151515151516, 0.6, 0.0, 0.7272727272727273, 0.0
0.5511111111111113, 0.6666666666666667, 0.0, 0.6666666666666667, 0.0
0.44920634920634933, 0.6, 0.0, 0.6666666666666667, 0.0
0.5252525252525254, 0.6666666666666667, 0.0, 0.7272727272727273, 0.0
0.3623931623931624, 0.5, 0.0, 0.7692307692307692, 0.0
0.523838383838384, 0.6, 0.0, 0.6666666666666667, 0.0
0.4404040404040404, 0.5454545454545454, 0.0, 0.8, 0.0
0.395959595959596, 0.5, 0.0, 0.7272727272727273, 0.0
0.4603174603174604, 0.5, 0.0, 0.6666666666666667, 0.0
0.35483405483405484, 0.4, 0.0, 0.7272727272727273, 0.0
0.4539682539682541, 0.5714285714285714, 0.0, 0.6666666666666667, 0.0
0.4873015873015874, 0.5714285714285714, 0.0, 0.6666666666666667, 0.0
0.4574869574869575, 0.5, 0.0, 0.7692307692307692, 0.0
0.4492063492063493, 0.5, 0.0, 0.6666666666666667, 0.0
0.42097902097902107, 0.5454545454545454, 0.0, 0.7692307692307692, 0.0
0.5804884004884004, 0.6, 0.4, 0.7692307692307692, 0.0
0.4528042328042329, 0.5714285714285714, 0.0, 0.6666666666666667, 0.0
0.44929070929070936, 0.5714285714285714, 0.0, 0.7692307692307692, 0.0
0.4821356421356422, 0.5714285714285714, 0.0, 0.7272727272727273, 0.0
0.4246827246827248, 0.5, 0.0, 0.7692307692307692, 0.0
0.3960439560439561, 0.6, 0.0, 0.7692307692307692, 0.0
0.47142857142857153, 0.5714285714285714, 0.0, 0.6666666666666667, 0.0
0.5928427128427128, 0.6, 0.33333333333333337, 0.7272727272727273, 0.0
0.5305894105894107, 0.5714285714285714, 0.0, 0.7692307692307692, 0.0
0.40943722943722943, 0.5, 0.0, 0.8, 0.0
0.5115151515151516, 0.6, 0.0, 0.7272727272727273, 0.0
0.46167388167388174, 0.5454545454545454, 0.0, 0.7272727272727273, 0.0
0.36507936507936506, 0.5, 0.0, 0.6666666666666667, 0.0
0.5066955266955268, 0.5714285714285714, 0.0, 0.6666666666666667, 0.0
0.45292929292929307, 0.5, 0.0, 0.7272727272727273, 0.0
0.5046753246753246, 0.5714285714285714, 0.0, 0.7272727272727273, 0.0
0.5478499278499279, 0.5, 0.2857142857142857, 0.7272727272727273, 0.0
0.4604884004884005, 0.5, 0.0, 0.7692307692307692, 0.0
0.3993073593073594, 0.5454545454545454, 0.0, 0.7272727272727273, 0.0
0.4915995115995117, 0.5714285714285714, 0.0, 0.7692307692307692, 0.0
0.47644799644799646, 0.5454545454545454, 0.0, 0.7692307692307692, 0.0
0.4907070707070708, 0.6, 0.0, 0.7272727272727273, 0.0
0.5044444444444446, 0.6, 0.0, 0.6666666666666667, 0.0
0.4651037851037852, 0.6, 0.0, 0.7692307692307692, 0.0
0.322962962962963, 0.4444444444444444, 0.0, 0.6666666666666667, 0.0
0.4244444444444445, 0.6, 0.0, 0.6666666666666667, 0.0
0.3873015873015873, 0.4, 0.0, 0.6666666666666667, 0.0
0.4047619047619049, 0.5, 0.0, 0.6666666666666667, 0.0
0.4869841269841271, 0.5714285714285714, 0.0, 0.6666666666666667, 0.0
0.45578643578643585, 0.5, 0.0, 0.7272727272727273, 0.0
0.5246753246753247, 0.5714285714285714, 0.0, 0.7272727272727273, 0.0
0.5052503052503053, 0.5714285714285714, 0.0, 0.7692307692307692, 0.0
0.49050505050505055, 0.5, 0.0, 0.6666666666666667, 0.0
0.4913612313612315, 0.5714285714285714, 0.0, 0.7272727272727273, 0.0
0.39661375661375664, 0.4444444444444444, 0.0, 0.6666666666666667, 0.0
0.4906349206349207, 0.5714285714285714, 0.0, 0.75, 0.0
0.37407407407407417, 0.5, 0.0, 0.6666666666666667, 0.0
0.42556998556998565, 0.5454545454545454, 0.0, 0.6666666666666667, 0.0
0.47737373737373745, 0.6, 0.0, 0.7272727272727273, 0.0
0.5367003367003368, 0.6666666666666667, 0.0, 0.7272727272727273, 0.0
0.45777777777777795, 0.6, 0.0, 0.6666666666666667, 0.0
0.4808080808080809, 0.6, 0.0, 0.6666666666666667, 0.0
0.39479557479557487, 0.4444444444444444, 0.0, 0.7272727272727273, 0.0
0.4687157287157288, 0.5714285714285714, 0.0, 0.7272727272727273, 0.0
0.42181818181818187, 0.5, 0.0, 0.7272727272727273, 0.0
0.5495093795093796, 0.5714285714285714, 0.0, 0.75, 0.0
0.4317460317460318, 0.5, 0.0, 0.6666666666666667, 0.0
0.39587301587301593, 0.5, 0.0, 0.8, 0.0
0.468888888888889, 0.5, 0.0, 0.6666666666666667, 0.0
0.5752669552669553, 0.6, 0.33333333333333337, 0.6666666666666667, 0.0
0.48920634920634926, 0.5, 0.0, 0.7272727272727273, 0.0
0.38262626262626276, 0.4, 0.0, 0.7272727272727273, 0.0
0.4573737373737375, 0.5, 0.0, 0.7272727272727273, 0.0
0.5122222222222224, 0.6, 0.0, 0.75, 0.0
0.5334176934176935, 0.6, 0.0, 0.7692307692307692, 0.0
0.5111111111111113, 0.6666666666666667, 0.0, 0.8, 0.0
0.3255699855699855, 0.4, 0.0, 0.6, 0.0
0.5317460317460319, 0.6666666666666667, 0.0, 0.6666666666666667, 0.0
0.4762962962962964, 0.6, 0.0, 0.6666666666666667, 0.0
0.4756998556998558, 0.5714285714285714, 0.0, 0.7272727272727273, 0.0
0.513992673992674, 0.6666666666666667, 0.0, 0.7692307692307692, 0.0
0.48112554112554123, 0.5454545454545454, 0.0, 0.6666666666666667, 0.0
0.44181818181818194, 0.6, 0.0, 0.7272727272727273, 0.0
0.5054834054834055, 0.5714285714285714, 0.0, 0.7272727272727273, 0.0
0.33324675324675324, 0.4, 0.0, 0.7272727272727273, 0.0
0.5558585858585859, 0.6, 0.0, 0.75, 0.0
0.40689754689754687, 0.5, 0.0, 0.7272727272727273, 0.0
0.4366810966810968, 0.5454545454545454, 0.0, 0.6666666666666667, 0.0
0.44920634920634916, 0.5, 0.0, 0.6666666666666667, 0.0
0.534139194139194, 0.5, 0.33333333333333337, 0.7692307692307692, 0.0
0.45883597883597893, 0.5, 0.0, 0.6666666666666667, 0.0
0.4311111111111112, 0.6666666666666667, 0.0, 0.6666666666666667, 0.0
0.4112457912457913, 0.5, 0.0, 0.6666666666666667, 0.0
0.4870684870684871, 0.5714285714285714, 0.0, 0.7692307692307692, 0.0
0.3868686868686869, 0.5, 0.0, 0.6666666666666667, 0.0
0.40131313131313134, 0.5454545454545454, 0.0, 0.75, 0.0
0.37875679875679874, 0.4, 0.0, 0.7692307692307692, 0.0
0.4444444444444446, 0.6, 0.0, 0.6666666666666667, 0.0
0.46435786435786447, 0.5714285714285714, 0.0, 0.7272727272727273, 0.0
0.36920634920634926, 0.5714285714285714, 0.0, 0.6666666666666667, 0.0
0.39737373737373743, 0.5, 0.0, 0.7272727272727273, 0.0
0.5262026862026863, 0.6, 0.0, 0.7692307692307692, 0.0
0.5546031746031747, 0.6, 0.0, 0.6666666666666667, 0.0
0.5128116328116328, 0.5454545454545454, 0.0, 0.7692307692307692, 0.0
0.4603174603174604, 0.5714285714285714, 0.0, 0.6666666666666667, 0.0
0.44144300144300147, 0.5714285714285714, 0.0, 0.6666666666666667, 0.0
0.463941983941984, 0.5454545454545454, 0.0, 0.7692307692307692, 0.0
0.535873015873016, 0.6, 0.0, 0.6666666666666667, 0.0
0.3514285714285715, 0.4, 0.0, 0.6666666666666667, 0.0
0.43138787138787144, 0.5, 0.0, 0.7692307692307692, 0.0
0.44343434343434346, 0.5, 0.0, 0.7272727272727273, 0.0
0.5201709401709402, 0.5, 0.0, 0.7692307692307692, 0.0
0.30623154623154625, 0.33333333333333337, 0.0, 0.7692307692307692, 0.0
0.4295238095238096, 0.5, 0.0, 0.6666666666666667, 0.0
0.49587301587301597, 0.5714285714285714, 0.0, 0.6666666666666667, 0.0
0.42828060828060827, 0.5, 0.0, 0.7692307692307692, 0.0
0.5450793650793652, 0.5714285714285714, 0.0, 0.8, 0.0
0.49248677248677253, 0.5, 0.0, 0.6666666666666667, 0.0
0.3942257742257743, 0.4, 0.0, 0.7692307692307692, 0.0
0.4177777777777779, 0.5, 0.0, 0.6666666666666667, 0.0
0.5110245310245312, 0.5714285714285714, 0.0, 0.7272727272727273, 0.0
0.46848484848484856, 0.5, 0.0, 0.7272727272727273, 0.0
0.5112820512820514, 0.5, 0.0, 0.7692307692307692, 0.0
0.4700144300144301, 0.5714285714285714, 0.0, 0.6666666666666667, 0.0
0.42437229437229446, 0.5714285714285714, 0.0, 0.75, 0.0
0.37754467754467763, 0.33333333333333337, 0.0, 0.7692307692307692, 0.0
0.5425396825396827, 0.6666666666666667, 0.0, 0.6666666666666667, 0.0
0.4621511821511822, 0.5454545454545454, 0.0, 0.6666666666666667, 0.0
0.3698412698412698, 0.4, 0.0, 0.6666666666666667, 0.0
0.5479076479076479, 0.5454545454545454, 0.33333333333333337, 0.7272727272727273, 0.0
0.4273881673881675, 0.5, 0.0, 0.7272727272727273, 0.0
0.37413919413919416, 0.4, 0.0, 0.7692307692307692, 0.0
0.482857142857143, 0.6, 0.0, 0.6666666666666667, 0.0
0.5134054834054835, 0.5714285714285714, 0.0, 0.75, 0.0
0.5876911976911978, 0.6666666666666667, 0.0, 0.75, 0.0
0.5106204906204908, 0.5, 0.0, 0.7272727272727273, 0.0
0.4666666666666668, 0.5714285714285714, 0.0, 0.6666666666666667, 0.0
0.47365079365079377, 0.6, 0.0, 0.6666666666666667, 0.0
0.5081962481962483, 0.5454545454545454, 0.0, 0.7272727272727273, 0.0
0.32888888888888895, 0.5, 0.0, 0.6666666666666667, 0.0
0.4966137566137567, 0.6, 0.0, 0.6666666666666667, 0.0
0.4153224553224554, 0.5, 0.0, 0.7692307692307692, 0.0
0.3965323565323565, 0.5714285714285714, 0.0, 0.7692307692307692, 0.0
0.5001709401709403, 0.6666666666666667, 0.0, 0.7692307692307692, 0.0
0.5587412587412589, 0.6153846153846154, 0.0, 0.7692307692307692, 0.0
0.5003174603174604, 0.6, 0.0, 0.6666666666666667, 0.0
0.4847619047619049, 0.6, 0.0, 0.6666666666666667, 0.0
0.5606349206349207, 0.6, 0.0, 0.7272727272727273, 0.0
0.4465490065490066, 0.5454545454545454, 0.0, 0.7692307692307692, 0.0
0.3522366522366523, 0.5, 0.0, 0.6666666666666667, 0.0
0.3892063492063492, 0.5, 0.0, 0.6666666666666667, 0.0
0.4274795574795575, 0.4444444444444444, 0.0, 0.75, 0.0
0.44626262626262636, 0.4, 0.0, 0.7272727272727273, 0.0
0.37492063492063493, 0.5, 0.0, 0.6666666666666667, 0.0
0.5172871572871575, 0.6, 0.0, 0.7272727272727273, 0.0
0.448888888888889, 0.6666666666666667, 0.0, 0.6666666666666667, 0.0
0.5533311133311134, 0.6, 0.0, 0.7692307692307692, 0.0
0.5490742590742592, 0.5714285714285714, 0.0, 0.7692307692307692, 0.0
0.5423931623931625, 0.6666666666666667, 0.0, 0.7692307692307692, 0.0
0.5232589632589634, 0.5, 0.0, 0.7692307692307692, 0.0
0.5117075517075517, 0.5714285714285714, 0.0, 0.6666666666666667, 0.0
0.38080808080808093, 0.5, 0.0, 0.6666666666666667, 0.0
0.5406349206349206, 0.6, 0.0, 0.6666666666666667, 0.0
0.41070707070707074, 0.4, 0.0, 0.7272727272727273, 0.0
0.4343722943722944, 0.5454545454545454, 0.0, 0.7272727272727273, 0.0
0.4611137011137012, 0.5, 0.0, 0.7692307692307692, 0.0
0.46793650793650793, 0.5, 0.0, 0.6666666666666667, 0.0
0.40080586080586084, 0.5, 0.0, 0.7692307692307692, 0.0
0.47111111111111126, 0.6666666666666667, 0.0, 0.6666666666666667, 0.0
0.5110389610389611, 0.5454545454545454, 0.0, 0.75, 0.0
0.4208080808080809, 0.5454545454545454, 0.0, 0.6666666666666667, 0.0
0.44013468013468027, 0.5454545454545454, 0.0, 0.6666666666666667, 0.0
0.46234025234025233, 0.5, 0.0, 0.7692307692307692, 0.0
0.49223665223665236, 0.6, 0.0, 0.6666666666666667, 0.0
0.3853968253968255, 0.5714285714285714, 0.0, 0.6666666666666667, 0.0
0.39777777777777773, 0.5, 0.0, 0.6666666666666667, 0.0
0.5231746031746033, 0.6, 0.0, 0.6666666666666667, 0.0
0.32888888888888895, 0.4, 0.0, 0.6666666666666667, 0.0
0.3361904761904762, 0.4, 0.0, 0.6666666666666667, 0.0
0.40256410256410263, 0.5, 0.0, 0.7692307692307692, 0.0
0.43841269841269853, 0.5714285714285714, 0.0, 0.6666666666666667, 0.0
0.36666666666666664, 0.5, 0.0, 0.6666666666666667, 0.0
0.44954822954822954, 0.5, 0.0, 0.8, 0.0
0.4766189366189366, 0.5454545454545454, 0.0, 0.7692307692307692, 0.0
0.5419025419025421, 0.6666666666666667, 0.0, 0.7692307692307692, 0.0
0.4648462648462649, 0.5714285714285714, 0.0, 0.7692307692307692, 0.0
0.363968253968254, 0.4, 0.0, 0.75, 0.0
0.4686557886557888, 0.5, 0.0, 0.7692307692307692, 0.0
0.4733333333333335, 0.6, 0.0, 0.6666666666666667, 0.0
0.4854834054834056, 0.5714285714285714, 0.0, 0.7272727272727273, 0.0
0.5182661782661784, 0.6, 0.0, 0.7692307692307692, 0.0
0.4637373737373738, 0.5, 0.0, 0.75, 0.0
0.34905982905982913, 0.4, 0.0, 0.7692307692307692, 0.0
0.5284848484848487, 0.6, 0.0, 0.7272727272727273, 0.0
0.44689754689754696, 0.5, 0.0, 0.7272727272727273, 0.0
0.4768520368520369, 0.5714285714285714, 0.0, 0.7692307692307692, 0.0
0.448888888888889, 0.6, 0.0, 0.6666666666666667, 0.0
0.34, 0.5, 0.0, 0.6666666666666667, 0.0
0.43620971620971627, 0.5, 0.0, 0.8, 0.0
0.4536507936507937, 0.5, 0.0, 0.6666666666666667, 0.0
0.4473881673881675, 0.5714285714285714, 0.0, 0.7272727272727273, 0.0
0.3860583860583861, 0.5, 0.0, 0.7692307692307692, 0.0
0.3589033189033189, 0.5, 0.0, 0.6666666666666667, 0.0
0.4953368853368854, 0.5714285714285714, 0.0, 0.7692307692307692, 0.0
0.46242202242202246, 0.5714285714285714, 0.0, 0.7692307692307692, 0.0
0.48271062271062276, 0.5714285714285714, 0.0, 0.7692307692307692, 0.0
0.5494616494616494, 0.5714285714285714, 0.0, 0.7692307692307692, 0.0
0.46366522366522367, 0.5454545454545454, 0.0, 0.6666666666666667, 0.0
0.518942168942169, 0.6666666666666667, 0.0, 0.7692307692307692, 0.0
0.49284271284271297, 0.5714285714285714, 0.0, 0.7272727272727273, 0.0
0.41649461649461655, 0.5, 0.0, 0.7272727272727273, 0.0
0.41653457653457665, 0.4, 0.0, 0.7692307692307692, 0.0
0.4652503052503053, 0.5714285714285714, 0.0, 0.7692307692307692, 0.0
0.533968253968254, 0.6, 0.0, 0.6666666666666667, 0.0
0.5505006105006106, 0.6666666666666667, 0.0, 0.7692307692307692, 0.0
0.5776434676434677, 0.6666666666666667, 0.0, 0.7692307692307692, 0.0
0.38262404262404265, 0.5, 0.0, 0.7692307692307692, 0.0
0.44626262626262636, 0.6, 0.0, 0.7272727272727273, 0.0
0.5163636363636365, 0.5454545454545454, 0.0, 0.8, 0.0
0.47486291486291493, 0.5, 0.0, 0.7272727272727273, 0.0
0.39445887445887445, 0.4, 0.0, 0.6666666666666667, 0.0
0.4800000000000001, 0.5, 0.0, 0.6666666666666667, 0.0
0.47650793650793644, 0.5714285714285714, 0.0, 0.6666666666666667, 0.0
0.5014285714285716, 0.6, 0.0, 0.75, 0.0
0.4893772893772894, 0.6, 0.0, 0.7692307692307692, 0.0
0.5167003367003368, 0.5454545454545454, 0.0, 0.7272727272727273, 0.0
0.36789580789580795, 0.4444444444444444, 0.0, 0.7692307692307692, 0.0
0.5143722943722945, 0.6, 0.0, 0.7272727272727273, 0.0
0.5714285714285715, 0.6666666666666667, 0.0, 0.6666666666666667, 0.0
0.48507936507936517, 0.6666666666666667, 0.0, 0.8, 0.0
0.5556880156880157, 0.5714285714285714, 0.0, 0.7692307692307692, 0.0
0.5044059644059644, 0.5714285714285714, 0.0, 0.6666666666666667, 0.0
0.5007215007215008, 0.5714285714285714, 0.0, 0.7272727272727273, 0.0
0.40031746031746046, 0.5714285714285714, 0.0, 0.6666666666666667, 0.0
0.5187301587301588, 0.6, 0.0, 0.6666666666666667, 0.0
0.5134176934176935, 0.5714285714285714, 0.0, 0.7692307692307692, 0.0
0.5356088356088357, 0.5454545454545454, 0.0, 0.7692307692307692, 0.0
0.4547089947089948, 0.5714285714285714, 0.0, 0.6666666666666667, 0.0
0.5173737373737375, 0.5, 0.0, 0.7272727272727273, 0.0
0.4983261183261184, 0.5714285714285714, 0.0, 0.7272727272727273, 0.0
0.4357864357864358, 0.5, 0.0, 0.7272727272727273, 0.0
0.5589033189033189, 0.6, 0.33333333333333337, 0.6666666666666667, 0.0
0.5787279387279388, 0.6, 0.0, 0.7692307692307692, 0.0
0.3517460317460318, 0.4, 0.0, 0.6666666666666667, 0.0
0.5884848484848485, 0.6, 0.4, 0.7272727272727273, 0.0
0.5551973951973952, 0.6, 0.0, 0.8, 0.0
0.38764568764568774, 0.5, 0.0, 0.7692307692307692, 0.0
0.37587301587301597, 0.5, 0.0, 0.6666666666666667, 0.0
0.4042979242979243, 0.5, 0.0, 0.7692307692307692, 0.0
0.3671550671550671, 0.5, 0.0, 0.7692307692307692, 0.0
0.4590476190476192, 0.6666666666666667, 0.0, 0.6666666666666667, 0.0
0.558903318903319, 0.6, 0.0, 0.6666666666666667, 0.0
0.3714285714285715, 0.4, 0.0, 0.6666666666666667, 0.0
0.41890331890331894, 0.5, 0.0, 0.6666666666666667, 0.0
0.4537373737373738, 0.5, 0.0, 0.7272727272727273, 0.0
0.4751515151515153, 0.6, 0.0, 0.7272727272727273, 0.0
0.48683760683760696, 0.5, 0.0, 0.7692307692307692, 0.0
0.5254234654234655, 0.5, 0.0, 0.7692307692307692, 0.0
0.6135642135642136, 0.6666666666666667, 0.4, 0.7272727272727273, 0.0
0.39737373737373743, 0.5, 0.0, 0.7272727272727273, 0.0
0.36404040404040405, 0.5, 0.0, 0.7272727272727273, 0.0
0.5504884004884006, 0.6666666666666667, 0.0, 0.7692307692307692, 0.0
0.504761904761905, 0.6666666666666667, 0.0, 0.6666666666666667, 0.0
0.4044444444444445, 0.5, 0.0, 0.6666666666666667, 0.0
0.38001443001443, 0.5, 0.0, 0.75, 0.0
0.48129648129648134, 0.5714285714285714, 0.0, 0.7692307692307692, 0.0
0.4484126984126985, 0.5714285714285714, 0.0, 0.75, 0.0
0.3846753246753247, 0.5, 0.0, 0.7272727272727273, 0.0
0.43096681096681094, 0.5454545454545454, 0.0, 0.6666666666666667, 0.0
0.4494638694638695, 0.5, 0.0, 0.7692307692307692, 0.0
0.44478632478632485, 0.5454545454545454, 0.0, 0.7692307692307692, 0.0
0.406984126984127, 0.4, 0.0, 0.6666666666666667, 0.0
0.4703174603174604, 0.5714285714285714, 0.0, 0.75, 0.0
0.4565323565323566, 0.5714285714285714, 0.0, 0.7692307692307692, 0.0
0.4461760461760463, 0.5, 0.0, 0.7272727272727273, 0.0
0.3915151515151516, 0.4, 0.0, 0.7272727272727273, 0.0
0.41769119769119784, 0.5, 0.0, 0.7272727272727273, 0.0
0.38843304843304854, 0.5, 0.0, 0.6666666666666667, 0.0
0.40253968253968264, 0.6, 0.0, 0.6666666666666667, 0.0
0.4496947496947497, 0.5714285714285714, 0.0, 0.7692307692307692, 0.0
0.5189033189033191, 0.5714285714285714, 0.0, 0.6666666666666667, 0.0
0.4466666666666668, 0.6, 0.0, 0.6666666666666667, 0.0
0.4174891774891776, 0.5454545454545454, 0.0, 0.6666666666666667, 0.0
0.36715506715506724, 0.5, 0.0, 0.7692307692307692, 0.0
0.4724867724867725, 0.5714285714285714, 0.0, 0.6666666666666667, 0.0
0.39555555555555555, 0.5, 0.0, 0.6666666666666667, 0.0
0.4228571428571429, 0.5714285714285714, 0.0, 0.6666666666666667, 0.0
0.45890331890331887, 0.5, 0.0, 0.6666666666666667, 0.0
0.3327272727272728, 0.4, 0.0, 0.6666666666666667, 0.0
0.44828060828060834, 0.5714285714285714, 0.0, 0.7692307692307692, 0.0
0.5027106227106227, 0.5714285714285714, 0.0, 0.7692307692307692, 0.0
0.4733477633477634, 0.5454545454545454, 0.0, 0.75, 0.0
0.49932437932437934, 0.5714285714285714, 0.0, 0.7692307692307692, 0.0
0.5665800865800867, 0.6, 0.0, 0.7272727272727273, 0.0
0.5537373737373738, 0.6, 0.0, 0.7272727272727273, 0.0
0.5418181818181819, 0.6, 0.0, 0.7272727272727273, 0.0
0.524829244829245, 0.6, 0.0, 0.6666666666666667, 0.0
0.572929292929293, 0.6, 0.4, 0.7272727272727273, 0.0
0.46042328042328046, 0.5714285714285714, 0.0, 0.6666666666666667, 0.0
0.5463758463758465, 0.5714285714285714, 0.0, 0.7692307692307692, 0.0
0.4938217338217339, 0.5714285714285714, 0.0, 0.7692307692307692, 0.0
0.5477034077034078, 0.5, 0.2857142857142857, 0.8, 0.0
0.5057142857142857, 0.5714285714285714, 0.0, 0.6666666666666667, 0.0
0.43375439375439384, 0.6, 0.0, 0.7692307692307692, 0.0
0.49395641395641393, 0.5454545454545454, 0.0, 0.7692307692307692, 0.0
0.42271062271062276, 0.5, 0.0, 0.7692307692307692, 0.0
0.4476456876456877, 0.5, 0.0, 0.7692307692307692, 0.0
0.5399977799977801, 0.6666666666666667, 0.0, 0.7692307692307692, 0.0
0.3711111111111112, 0.4, 0.0, 0.6666666666666667, 0.0
0.5872150072150072, 0.6, 0.4, 0.7272727272727273, 0.0
0.3066666666666667, 0.4, 0.0, 0.6666666666666667, 0.0
0.4269841269841271, 0.5714285714285714, 0.0, 0.6666666666666667, 0.0
0.455873015873016, 0.5714285714285714, 0.0, 0.6666666666666667, 0.0
0.47432419432419437, 0.5, 0.0, 0.7272727272727273, 0.0
0.3355555555555556, 0.4, 0.0, 0.6666666666666667, 0.0
0.5144566544566546, 0.5714285714285714, 0.0, 0.7692307692307692, 0.0
0.49976689976689986, 0.5, 0.0, 0.7692307692307692, 0.0
0.4520035520035521, 0.5454545454545454, 0.0, 0.7692307692307692, 0.0
0.5804884004884007, 0.6666666666666667, 0.0, 0.7692307692307692, 0.0
0.48328042328042325, 0.5, 0.0, 0.8, 0.0
0.4082154882154883, 0.5454545454545454, 0.0, 0.6666666666666667, 0.0
0.566837606837607, 0.6, 0.0, 0.7692307692307692, 0.0
0.5493772893772895, 0.6, 0.0, 0.7692307692307692, 0.0
0.4353823953823955, 0.5714285714285714, 0.0, 0.7272727272727273, 0.0
0.3822222222222223, 0.4, 0.0, 0.6666666666666667, 0.0
0.371919191919192, 0.5454545454545454, 0.0, 0.6666666666666667, 0.0
0.42230658230658236, 0.5, 0.0, 0.7692307692307692, 0.0
0.5564213564213565, 0.6, 0.0, 0.7272727272727273, 0.0
0.4764335664335665, 0.5, 0.0, 0.7692307692307692, 0.0
0.47215007215007226, 0.5714285714285714, 0.0, 0.7272727272727273, 0.0
0.41883597883597884, 0.5, 0.0, 0.6666666666666667, 0.0
0.3843578643578644, 0.5, 0.0, 0.7272727272727273, 0.0
0.5423931623931625, 0.6, 0.0, 0.7692307692307692, 0.0
0.5204018204018205, 0.5714285714285714, 0.0, 0.7692307692307692, 0.0
0.38040182040182047, 0.4, 0.0, 0.7692307692307692, 0.0
0.4582854182854184, 0.6, 0.0, 0.7692307692307692, 0.0
0.3514285714285715, 0.4, 0.0, 0.6666666666666667, 0.0
0.5196440596440597, 0.5, 0.0, 0.6666666666666667, 0.0
0.42689754689754694, 0.5, 0.0, 0.7272727272727273, 0.0
0.3933333333333334, 0.5, 0.0, 0.6666666666666667, 0.0
0.35682539682539693, 0.4, 0.0, 0.6666666666666667, 0.0
0.5071550671550672, 0.5714285714285714, 0.0, 0.7692307692307692, 0.0
0.5100144300144301, 0.5714285714285714, 0.0, 0.6666666666666667, 0.0
0.5130136530136532, 0.6666666666666667, 0.0, 0.7692307692307692, 0.0
0.44048840048840054, 0.5, 0.0, 0.7692307692307692, 0.0
0.48478114478114487, 0.5, 0.0, 0.7272727272727273, 0.0
0.4066666666666667, 0.5, 0.0, 0.75, 0.0
0.4669841269841271, 0.5714285714285714, 0.0, 0.6666666666666667, 0.0
0.5692063492063493, 0.6, 0.0, 0.6666666666666667, 0.0
0.486058386058386, 0.5454545454545454, 0.0, 0.7692307692307692, 0.0
0.44954304954304963, 0.5, 0.0, 0.7272727272727273, 0.0
0.47922077922077927, 0.5, 0.0, 0.6666666666666667, 0.0
0.5223088023088024, 0.5714285714285714, 0.0, 0.7272727272727273, 0.0
0.5096081696081697, 0.6, 0.0, 0.7692307692307692, 0.0
0.5159018759018759, 0.5454545454545454, 0.0, 0.8, 0.0
0.4553705553705554, 0.5454545454545454, 0.0, 0.7692307692307692, 0.0
0.4292929292929294, 0.5454545454545454, 0.0, 0.7272727272727273, 0.0
0.4960439560439562, 0.6666666666666667, 0.0, 0.7692307692307692, 0.0
0.5392429792429793, 0.5714285714285714, 0.0, 0.7692307692307692, 0.0
0.47206349206349213, 0.5714285714285714, 0.0, 0.6666666666666667, 0.0
0.5204262404262405, 0.6, 0.0, 0.7692307692307692, 0.0
0.5096947496947498, 0.5714285714285714, 0.0, 0.7692307692307692, 0.0
0.5276456876456878, 0.6, 0.0, 0.7692307692307692, 0.0
0.48556998556998565, 0.5454545454545454, 0.0, 0.6666666666666667, 0.0
0.2914285714285715, 0.33333333333333337, 0.0, 0.6666666666666667, 0.0
0.5162770562770563, 0.5454545454545454, 0.0, 0.7272727272727273, 0.0
0.433968253968254, 0.5714285714285714, 0.0, 0.6666666666666667, 0.0
0.5165079365079366, 0.5714285714285714, 0.0, 0.6666666666666667, 0.0
0.3462626262626263, 0.4, 0.0, 0.7272727272727273, 0.0
0.47225589225589226, 0.5454545454545454, 0.0, 0.7272727272727273, 0.0
0.4310245310245311, 0.5, 0.0, 0.7272727272727273, 0.0
0.4426262626262627, 0.5, 0.0, 0.7272727272727273, 0.0
0.46518518518518526, 0.5, 0.0, 0.6666666666666667, 0.0
0.4758922558922559, 0.5, 0.0, 0.7272727272727273, 0.0
0.4284271284271284, 0.5, 0.0, 0.6666666666666667, 0.0
0.5214285714285715, 0.5, 0.0, 0.75, 0.0
0.4517460317460318, 0.5714285714285714, 0.0, 0.6666666666666667, 0.0
0.49183039183039184, 0.5714285714285714, 0.0, 0.7692307692307692, 0.0
0.481989121989122, 0.5, 0.0, 0.7692307692307692, 0.0
0.45907425907425914, 0.5454545454545454, 0.0, 0.7692307692307692, 0.0
0.5112554112554114, 0.5714285714285714, 0.0, 0.7272727272727273, 0.0
0.5732467532467533, 0.6, 0.0, 0.7272727272727273, 0.0
0.5194372294372295, 0.5714285714285714, 0.0, 0.75, 0.0
0.3144588744588745, 0.4, 0.0, 0.6666666666666667, 0.0
0.3395959595959596, 0.4, 0.0, 0.7272727272727273, 0.0
0.39445665445665445, 0.5714285714285714, 0.0, 0.7692307692307692, 0.0
0.5177777777777779, 0.6, 0.0, 0.7272727272727273, 0.0
0.5715995115995118, 0.6666666666666667, 0.0, 0.7692307692307692, 0.0
0.4785836385836386, 0.5714285714285714, 0.0, 0.7692307692307692, 0.0
0.5045288045288047, 0.6666666666666667, 0.0, 0.7692307692307692, 0.0
0.5157264957264959, 0.6666666666666667, 0.0, 0.7692307692307692, 0.0
0.3969696969696971, 0.5, 0.0, 0.7272727272727273, 0.0
0.5695238095238097, 0.6, 0.0, 0.6666666666666667, 0.0
0.5585858585858587, 0.6666666666666667, 0.0, 0.6666666666666667, 0.0
0.3144444444444445, 0.4, 0.0, 0.75, 0.0
0.4976911976911978, 0.6, 0.0, 0.7272727272727273, 0.0
0.6003030303030304, 0.6666666666666667, 0.0, 0.75, 0.0
0.5642712842712844, 0.6, 0.0, 0.7272727272727273, 0.0
0.5187301587301588, 0.5714285714285714, 0.0, 0.6666666666666667, 0.0
0.5513419913419914, 0.6, 0.0, 0.8, 0.0
0.4736507936507936, 0.5714285714285714, 0.0, 0.6666666666666667, 0.0
0.4647619047619049, 0.6, 0.0, 0.6666666666666667, 0.0
0.4766137566137567, 0.6, 0.0, 0.6666666666666667, 0.0
0.3768520368520369, 0.5454545454545454, 0.0, 0.7692307692307692, 0.0
0.39142857142857146, 0.4, 0.0, 0.6666666666666667, 0.0
0.5115151515151516, 0.6, 0.0, 0.7272727272727273, 0.0
0.5511111111111113, 0.6666666666666667, 0.0, 0.6666666666666667, 0.0
0.44920634920634933, 0.6, 0.0, 0.6666666666666667, 0.0
0.5252525252525254, 0.6666666666666667, 0.0, 0.7272727272727273, 0.0
0.3623931623931624, 0.5, 0.0, 0.7692307692307692, 0.0
0.523838383838384, 0.6, 0.0, 0.6666666666666667, 0.0
