0.6782530432530434, 0.6666666666666667, 0.5, 0.8888888888888888, 0.0
0.7427694527694529, 0.75, 0.6666666666666667, 0.8888888888888888, 0.0
0.7052279202279202, 0.75, 0.6, 0.7777777777777778, 0.0
0.6545635845635847, 0.6666666666666667, 0.5454545454545454, 0.75, 0.0
0.6993687793687795, 0.6923076923076923, 0.6, 0.7857142857142857, 0.0
0.6811396011396014, 0.6666666666666667, 0.5833333333333333, 0.8888888888888888, 0.0
0.713025123025123, 0.6923076923076923, 0.6, 0.8888888888888888, 0.0
0.6323232323232323, 0.625, 0.5, 0.75, 0.0
0.6800427350427353, 0.6666666666666667, 0.5555555555555556, 0.8, 0.0
0.6876257076257077, 0.6666666666666667, 0.5454545454545454, 0.7857142857142857, 0.0
0.7123905723905727, 0.7272727272727273, 0.5555555555555556, 0.8888888888888888, 0.0
0.6929551929551931, 0.6666666666666667, 0.6363636363636364, 0.7777777777777778, 0.0
0.7162393162393166, 0.7272727272727273, 0.6363636363636364, 0.7777777777777778, 0.0
0.6733954933954934, 0.6666666666666667, 0.5, 0.8333333333333334, 0.0
0.6567858067858068, 0.6666666666666667, 0.5454545454545454, 0.75, 0.0
0.6893447293447295, 0.6666666666666667, 0.5, 0.8888888888888888, 0.0
0.6887632737632738, 0.6666666666666667, 0.5833333333333333, 0.7777777777777778, 0.0
0.7069696969696971, 0.7, 0.625, 0.8888888888888888, 0.0
0.6507511007511008, 0.6363636363636364, 0.5555555555555556, 0.7, 0.0
0.6583333333333334, 0.6666666666666667, 0.4444444444444444, 0.75, 0.0
0.6514322714322716, 0.6363636363636364, 0.5555555555555556, 0.75, 0.0
0.6822222222222224, 0.6666666666666667, 0.5555555555555556, 0.7777777777777778, 0.0
0.7000447700447702, 0.7, 0.5555555555555556, 0.8888888888888888, 0.0
0.6735353535353537, 0.6666666666666667, 0.5555555555555556, 0.8, 0.0
0.6834356384356385, 0.6666666666666667, 0.5833333333333333, 0.8888888888888888, 0.0
0.7101846301846304, 0.7272727272727273, 0.5555555555555556, 0.7857142857142857, 0.0
0.668881118881119, 0.6666666666666667, 0.5555555555555556, 0.8888888888888888, 0.0
0.7114322714322715, 0.7, 0.5454545454545454, 0.8888888888888888, 0.0
0.6906410256410259, 0.6666666666666667, 0.5555555555555556, 0.8888888888888888, 0.0
0.6958689458689461, 0.6923076923076923, 0.5833333333333333, 0.8, 0.0
0.6663584563584565, 0.6666666666666667, 0.5, 0.7777777777777778, 0.0
0.6752706552706554, 0.6666666666666667, 0.5555555555555556, 0.8333333333333334, 0.0
0.656810411810412, 0.6666666666666667, 0.5, 0.8181818181818181, 0.0
0.6846814296814298, 0.6666666666666667, 0.5833333333333333, 0.75, 0.0
0.6752136752136754, 0.6666666666666667, 0.5, 0.8333333333333334, 0.0
0.674765604765605, 0.6666666666666667, 0.5555555555555556, 0.7777777777777778, 0.0
0.655959595959596, 0.6666666666666667, 0.6, 0.75, 0.0
0.6847228697228699, 0.6666666666666667, 0.5555555555555556, 0.8888888888888888, 0.0
0.6550854700854701, 0.6666666666666667, 0.5454545454545454, 0.7272727272727273, 0.0
0.6541595441595442, 0.625, 0.5, 0.7777777777777778, 0.0
0.6510113960113961, 0.6666666666666667, 0.5, 0.75, 0.0
0.6628205128205129, 0.6666666666666667, 0.5454545454545454, 0.75, 0.0
0.6793991193991196, 0.6923076923076923, 0.5, 0.8333333333333334, 0.0
0.7049994449994451, 0.7, 0.6, 0.8, 0.0
0.6983540533540534, 0.6923076923076923, 0.6, 0.8888888888888888, 0.0
0.6994276094276095, 0.7, 0.6, 0.8, 0.0
0.7303988603988606, 0.75, 0.6, 0.8, 0.0
0.6441932141932143, 0.6363636363636364, 0.5, 0.75, 0.0
0.6905244755244756, 0.6666666666666667, 0.625, 0.7692307692307692, 0.0
0.6526521626521629, 0.6363636363636364, 0.4444444444444444, 0.7777777777777778, 0.0
0.6743351093351095, 0.6666666666666667, 0.5555555555555556, 0.7857142857142857, 0.0
0.6534356384356385, 0.6666666666666667, 0.5, 0.8, 0.0
0.6983423983423985, 0.6923076923076923, 0.5, 0.8888888888888888, 0.0
0.6850932400932402, 0.6666666666666667, 0.5, 0.8888888888888888, 0.0
0.6740857290857292, 0.6666666666666667, 0.4444444444444444, 0.7692307692307692, 0.0
0.6751307951307953, 0.6923076923076923, 0.5454545454545454, 0.7692307692307692, 0.0
0.6470396270396271, 0.6666666666666667, 0.5, 0.7692307692307692, 0.0
0.6861538461538462, 0.75, 0.5, 0.7777777777777778, 0.0
0.6855646205646208, 0.6666666666666667, 0.5555555555555556, 0.7777777777777778, 0.0
0.695757575757576, 0.6666666666666667, 0.5833333333333333, 0.8, 0.0
0.6561447811447814, 0.625, 0.5454545454545454, 0.7777777777777778, 0.0
0.694866614866615, 0.6923076923076923, 0.5833333333333333, 0.7777777777777778, 0.0
0.6886202686202688, 0.6923076923076923, 0.5555555555555556, 0.8, 0.0
0.6570551670551672, 0.6666666666666667, 0.5, 0.8181818181818181, 0.0
0.6771898471898473, 0.6923076923076923, 0.5555555555555556, 0.8, 0.0
0.6910554260554261, 0.6923076923076923, 0.6, 0.7777777777777778, 0.0
0.6854066304066305, 0.6666666666666667, 0.5, 0.8, 0.0
0.6700595700595703, 0.6666666666666667, 0.5, 0.7777777777777778, 0.0
0.7062043512043512, 0.7, 0.625, 0.8, 0.0
0.6890067340067341, 0.7, 0.5833333333333333, 0.8888888888888888, 0.0
0.6925200725200729, 0.6666666666666667, 0.5833333333333333, 0.8181818181818181, 0.0
0.6862289562289564, 0.6666666666666667, 0.5555555555555556, 0.8181818181818181, 0.0
0.6673413623413624, 0.6666666666666667, 0.6, 0.7777777777777778, 0.0
0.6521730121730123, 0.6666666666666667, 0.5, 0.7777777777777778, 0.0
0.673958818958819, 0.6666666666666667, 0.5454545454545454, 0.8888888888888888, 0.0
0.7097668997668999, 0.7, 0.5454545454545454, 0.8888888888888888, 0.0
0.6553729603729603, 0.6363636363636364, 0.5833333333333333, 0.75, 0.0
0.6992217042217045, 0.6923076923076923, 0.6, 0.7777777777777778, 0.0
0.7033851333851335, 0.7, 0.6, 0.7777777777777778, 0.0
0.6982595182595185, 0.6923076923076923, 0.6, 0.8, 0.0
0.653874643874644, 0.6666666666666667, 0.5, 0.8, 0.0
0.6796749546749548, 0.6666666666666667, 0.5454545454545454, 0.8888888888888888, 0.0
0.6844703444703446, 0.6666666666666667, 0.6, 0.7777777777777778, 0.0
0.6962548562548565, 0.6666666666666667, 0.6, 0.8888888888888888, 0.0
0.7064413364413367, 0.6923076923076923, 0.6363636363636364, 0.8, 0.0
0.7064128464128465, 0.6923076923076923, 0.6, 0.8, 0.0
0.6627894327894329, 0.6666666666666667, 0.5, 0.8888888888888888, 0.0
0.6652641802641803, 0.6666666666666667, 0.5, 0.7692307692307692, 0.0
0.6727117327117328, 0.6923076923076923, 0.5, 0.75, 0.0
0.6744535094535097, 0.6666666666666667, 0.5555555555555556, 0.8, 0.0
0.6980445480445482, 0.7, 0.6, 0.7777777777777778, 0.0
0.6522649572649575, 0.6666666666666667, 0.4444444444444444, 0.8888888888888888, 0.0
0.6845894845894847, 0.6923076923076923, 0.625, 0.7777777777777778, 0.0
0.6725925925925929, 0.6666666666666667, 0.5833333333333333, 0.7777777777777778, 0.0
0.693820993820994, 0.7, 0.5454545454545454, 0.7857142857142857, 0.0
0.6916091316091318, 0.6923076923076923, 0.4444444444444444, 0.8, 0.0
0.6898692048692051, 0.6923076923076923, 0.6, 0.7777777777777778, 0.0
0.6787645687645689, 0.7, 0.4444444444444444, 0.7777777777777778, 0.0
0.6831662781662782, 0.6923076923076923, 0.6, 0.8181818181818181, 0.0
0.6936985236985239, 0.7, 0.5555555555555556, 0.8, 0.0
0.6670642320642322, 0.6666666666666667, 0.5454545454545454, 0.75, 0.0
0.687872312872313, 0.6923076923076923, 0.5555555555555556, 0.8333333333333334, 0.0
0.6913817663817665, 0.6923076923076923, 0.5555555555555556, 0.8888888888888888, 0.0
0.6863986013986014, 0.6923076923076923, 0.5555555555555556, 0.8, 0.0
0.6794276094276095, 0.6666666666666667, 0.5, 0.8888888888888888, 0.0
0.6842191142191143, 0.6923076923076923, 0.6363636363636364, 0.75, 0.0
0.7071302771302772, 0.7, 0.5833333333333333, 0.8888888888888888, 0.0
0.6850932400932402, 0.6923076923076923, 0.5555555555555556, 0.8181818181818181, 0.0
0.6987950937950937, 0.6666666666666667, 0.5, 0.8888888888888888, 0.0
0.6899197099197101, 0.6666666666666667, 0.6, 0.7777777777777778, 0.0
0.6750259000259002, 0.6666666666666667, 0.5555555555555556, 0.8888888888888888, 0.0
0.6904247604247605, 0.6923076923076923, 0.5555555555555556, 0.8, 0.0
0.66974876974877, 0.6666666666666667, 0.5555555555555556, 0.8, 0.0
0.6918686868686871, 0.7, 0.5555555555555556, 0.8, 0.0
0.6860282310282311, 0.6666666666666667, 0.5555555555555556, 0.8888888888888888, 0.0
0.6824664224664226, 0.6666666666666667, 0.6, 0.8, 0.0
0.6803698153698156, 0.6666666666666667, 0.5555555555555556, 0.7857142857142857, 0.0
0.6879797979797982, 0.7, 0.5555555555555556, 0.7777777777777778, 0.0
0.674933954933955, 0.6923076923076923, 0.5, 0.8, 0.0
0.6776379176379178, 0.6666666666666667, 0.5555555555555556, 0.7777777777777778, 0.0
0.6913338513338516, 0.7, 0.6, 0.7777777777777778, 0.0
0.6982996632996634, 0.7272727272727273, 0.6, 0.7777777777777778, 0.0
0.6707174307174307, 0.6666666666666667, 0.5555555555555556, 0.8888888888888888, 0.0
0.6780821030821031, 0.6923076923076923, 0.5, 0.75, 0.0
0.6933670033670035, 0.6666666666666667, 0.5555555555555556, 0.8, 0.0
0.6713558663558665, 0.6666666666666667, 0.5555555555555556, 0.7777777777777778, 0.0
0.6924242424242425, 0.7, 0.5555555555555556, 0.7777777777777778, 0.0
0.6967262367262369, 0.6666666666666667, 0.6, 0.8888888888888888, 0.0
0.6879966329966332, 0.6666666666666667, 0.5555555555555556, 0.8, 0.0
0.6497060347060348, 0.6363636363636364, 0.5555555555555556, 0.8, 0.0
0.6568518518518521, 0.6363636363636364, 0.5, 0.8, 0.0
0.7182369482369483, 0.75, 0.5555555555555556, 0.8181818181818181, 0.0
0.6935353535353536, 0.6666666666666667, 0.5555555555555556, 0.8333333333333334, 0.0
0.6584550634550635, 0.6363636363636364, 0.5555555555555556, 0.7692307692307692, 0.0
0.7049857549857551, 0.7, 0.5454545454545454, 0.8181818181818181, 0.0
0.6694516594516596, 0.6363636363636364, 0.375, 0.8888888888888888, 0.0
0.7119865319865322, 0.7272727272727273, 0.5555555555555556, 0.8888888888888888, 0.0
0.6788119288119289, 0.7, 0.5454545454545454, 0.8, 0.0
0.6637567987567988, 0.6666666666666667, 0.5, 0.7692307692307692, 0.0
0.6724190624190627, 0.6923076923076923, 0.5, 0.7777777777777778, 0.0
0.6863571613571615, 0.6923076923076923, 0.5555555555555556, 0.8888888888888888, 0.0
0.7077034077034079, 0.7272727272727273, 0.625, 0.7857142857142857, 0.0
0.6899844599844601, 0.6666666666666667, 0.5454545454545454, 0.8888888888888888, 0.0
0.6939316239316242, 0.6666666666666667, 0.5, 0.8, 0.0
0.6493278943278944, 0.6666666666666667, 0.5555555555555556, 0.75, 0.0
0.658865578865579, 0.6666666666666667, 0.5, 0.8888888888888888, 0.0
0.6734097384097385, 0.6666666666666667, 0.5833333333333333, 0.7777777777777778, 0.0
0.6915669515669517, 0.6666666666666667, 0.5555555555555556, 0.8888888888888888, 0.0
0.7115573315573318, 0.7, 0.5833333333333333, 0.8888888888888888, 0.0
0.658965293965294, 0.6666666666666667, 0.5555555555555556, 0.75, 0.0
0.6537218337218337, 0.6666666666666667, 0.5454545454545454, 0.7272727272727273, 0.0
0.7121970621970625, 0.7272727272727273, 0.625, 0.7857142857142857, 0.0
0.6801359751359752, 0.6666666666666667, 0.5555555555555556, 0.7777777777777778, 0.0
0.6760017760017761, 0.6666666666666667, 0.5, 0.7857142857142857, 0.0
0.6663131313131314, 0.6666666666666667, 0.5555555555555556, 0.7777777777777778, 0.0
0.697717652717653, 0.6666666666666667, 0.6, 0.7857142857142857, 0.0
0.6697565397565398, 0.6666666666666667, 0.5, 0.8888888888888888, 0.0
0.6716161616161618, 0.6666666666666667, 0.5, 0.8181818181818181, 0.0
0.6623659673659675, 0.6666666666666667, 0.5454545454545454, 0.7777777777777778, 0.0
0.6987878787878791, 0.7, 0.6, 0.7777777777777778, 0.0
0.6736803936803938, 0.6923076923076923, 0.5, 0.8888888888888888, 0.0
0.6683087283087285, 0.6666666666666667, 0.5454545454545454, 0.7777777777777778, 0.0
0.6984770784770785, 0.6666666666666667, 0.5, 0.8888888888888888, 0.0
0.7217637917637919, 0.6923076923076923, 0.6, 0.8888888888888888, 0.0
0.6605581455581457, 0.6666666666666667, 0.5, 0.8, 0.0
0.6892100492100492, 0.6923076923076923, 0.5555555555555556, 0.8888888888888888, 0.0
0.6931986531986533, 0.6666666666666667, 0.5555555555555556, 0.8888888888888888, 0.0
0.705828800828801, 0.6923076923076923, 0.6, 0.8888888888888888, 0.0
0.6952564102564105, 0.6923076923076923, 0.5, 0.9, 0.0
0.6701263551263552, 0.6666666666666667, 0.5, 0.8888888888888888, 0.0
0.6931572131572133, 0.6666666666666667, 0.6363636363636364, 0.7777777777777778, 0.0
0.6906319606319609, 0.6923076923076923, 0.5, 0.7777777777777778, 0.0
0.6624333074333075, 0.6666666666666667, 0.5555555555555556, 0.75, 0.0
0.7059712509712511, 0.7, 0.5555555555555556, 0.8888888888888888, 0.0
0.6537632737632738, 0.6666666666666667, 0.5, 0.8, 0.0
0.6635949235949237, 0.6666666666666667, 0.5, 0.9, 0.0
0.6925874125874129, 0.7, 0.5555555555555556, 0.8, 0.0
0.6912962962962965, 0.6666666666666667, 0.5, 0.8888888888888888, 0.0
0.6568855218855221, 0.6363636363636364, 0.5555555555555556, 0.7777777777777778, 0.0
0.6606008806008806, 0.6666666666666667, 0.5, 0.7692307692307692, 0.0
0.6745830095830099, 0.6666666666666667, 0.5454545454545454, 0.7777777777777778, 0.0
0.7027713027713031, 0.6923076923076923, 0.5833333333333333, 0.8888888888888888, 0.0
0.6966420616420618, 0.6666666666666667, 0.5833333333333333, 0.8181818181818181, 0.0
0.6760968660968663, 0.6666666666666667, 0.5555555555555556, 0.7692307692307692, 0.0
0.671811706811707, 0.6666666666666667, 0.5555555555555556, 0.8888888888888888, 0.0
0.6876184926184927, 0.6923076923076923, 0.5555555555555556, 0.8, 0.0
0.6929474229474231, 0.7272727272727273, 0.5555555555555556, 0.7777777777777778, 0.0
0.6969722869722871, 0.7272727272727273, 0.5, 0.8888888888888888, 0.0
0.6317016317016317, 0.625, 0.375, 0.75, 0.0
0.6816564916564919, 0.6923076923076923, 0.5555555555555556, 0.7857142857142857, 0.0
0.6843900543900544, 0.6923076923076923, 0.6363636363636364, 0.75, 0.0
0.6674928774928777, 0.6666666666666667, 0.5, 0.8, 0.0
0.6894819994819997, 0.7, 0.5, 0.7777777777777778, 0.0
0.6661538461538463, 0.6666666666666667, 0.5555555555555556, 0.7777777777777778, 0.0
0.7018609168609171, 0.6666666666666667, 0.625, 0.9, 0.0
0.6862393162393163, 0.6923076923076923, 0.5, 0.7777777777777778, 0.0
0.6724146224146226, 0.6363636363636364, 0.5555555555555556, 0.7857142857142857, 0.0
0.7107381507381508, 0.7, 0.6363636363636364, 0.7692307692307692, 0.0
0.7052965552965555, 0.6923076923076923, 0.6, 0.8, 0.0
0.672810892810893, 0.6666666666666667, 0.5, 0.7857142857142857, 0.0
0.652895622895623, 0.6666666666666667, 0.375, 0.7777777777777778, 0.0
0.6855459355459357, 0.7, 0.6, 0.7857142857142857, 0.0
0.652988862988863, 0.6363636363636364, 0.5, 0.8888888888888888, 0.0
0.6941427091427094, 0.6923076923076923, 0.625, 0.7777777777777778, 0.0
0.6610341510341512, 0.6666666666666667, 0.5, 0.7857142857142857, 0.0
0.6651851851851853, 0.6666666666666667, 0.4444444444444444, 0.8888888888888888, 0.0
0.68483423983424, 0.6666666666666667, 0.5, 0.8888888888888888, 0.0
0.6709608909608912, 0.6666666666666667, 0.5555555555555556, 0.7777777777777778, 0.0
0.6870642320642322, 0.6923076923076923, 0.5555555555555556, 0.8181818181818181, 0.0
0.660843045843046, 0.6666666666666667, 0.5555555555555556, 0.7777777777777778, 0.0
0.6890139490139492, 0.6666666666666667, 0.5555555555555556, 0.8888888888888888, 0.0
0.697694897694898, 0.6923076923076923, 0.6, 0.8888888888888888, 0.0
0.722938357938358, 0.7272727272727273, 0.5, 0.8888888888888888, 0.0
0.6534006734006735, 0.6363636363636364, 0.5, 0.75, 0.0
0.6778800828800831, 0.6923076923076923, 0.5, 0.8, 0.0
0.6457666407666409, 0.6666666666666667, 0.5, 0.8333333333333334, 0.0
0.6531908831908834, 0.6363636363636364, 0.5, 0.7777777777777778, 0.0
0.6859686609686609, 0.6666666666666667, 0.5833333333333333, 0.8888888888888888, 0.0
0.6896386946386948, 0.7272727272727273, 0.4444444444444444, 0.8, 0.0
0.680800310800311, 0.6666666666666667, 0.5555555555555556, 0.8888888888888888, 0.0
0.6865332815332817, 0.6923076923076923, 0.5833333333333333, 0.8, 0.0
0.6736208236208238, 0.6923076923076923, 0.5454545454545454, 0.75, 0.0
0.6596917896917899, 0.6666666666666667, 0.5555555555555556, 0.7777777777777778, 0.0
0.6848238798238799, 0.6923076923076923, 0.5555555555555556, 0.7777777777777778, 0.0
0.6774410774410776, 0.6666666666666667, 0.4444444444444444, 0.7777777777777778, 0.0
0.693822843822844, 0.6666666666666667, 0.5, 0.8888888888888888, 0.0
0.6835606985606987, 0.6923076923076923, 0.5454545454545454, 0.8181818181818181, 0.0
0.692878787878788, 0.7, 0.5454545454545454, 0.8888888888888888, 0.0
0.6601191401191403, 0.6666666666666667, 0.375, 0.7777777777777778, 0.0
0.7145635845635847, 0.6923076923076923, 0.5555555555555556, 0.8333333333333334, 0.0
0.6982517482517484, 0.7272727272727273, 0.5555555555555556, 0.8888888888888888, 0.0
0.6951787101787104, 0.6923076923076923, 0.5833333333333333, 0.8888888888888888, 0.0
0.6897267547267548, 0.7, 0.4444444444444444, 0.7692307692307692, 0.0
0.6929696229696233, 0.6666666666666667, 0.5555555555555556, 0.8888888888888888, 0.0
0.6711706811706813, 0.6666666666666667, 0.5555555555555556, 0.8888888888888888, 0.0
0.6852447552447553, 0.6923076923076923, 0.6, 0.75, 0.0
0.6909608909608912, 0.6923076923076923, 0.5555555555555556, 0.8, 0.0
0.7011538461538463, 0.6666666666666667, 0.6, 0.8888888888888888, 0.0
0.6940235690235692, 0.7, 0.6, 0.7777777777777778, 0.0
0.667819402819403, 0.6666666666666667, 0.5, 0.8888888888888888, 0.0
0.6484356384356386, 0.6666666666666667, 0.5, 0.8, 0.0
0.6741077441077442, 0.6666666666666667, 0.5, 0.8888888888888888, 0.0
0.6805400155400158, 0.6923076923076923, 0.5454545454545454, 0.8888888888888888, 0.0
0.7003146853146854, 0.7272727272727273, 0.5454545454545454, 0.8888888888888888, 0.0
0.6616847966847968, 0.6666666666666667, 0.5454545454545454, 0.7777777777777778, 0.0
0.7031507381507384, 0.75, 0.5555555555555556, 0.8, 0.0
0.7068971768971771, 0.7, 0.5, 0.9, 0.0
0.6644276094276095, 0.6666666666666667, 0.625, 0.7777777777777778, 0.0
0.6931908831908834, 0.7, 0.5, 0.8333333333333334, 0.0
0.6667883967883969, 0.6666666666666667, 0.5555555555555556, 0.8, 0.0
0.7119321419321422, 0.6923076923076923, 0.5833333333333333, 0.9, 0.0
0.6701787101787103, 0.6666666666666667, 0.5454545454545454, 0.8, 0.0
0.7049494949494952, 0.7, 0.5, 0.8888888888888888, 0.0
0.6854156954156956, 0.6923076923076923, 0.5555555555555556, 0.7777777777777778, 0.0
0.7021173271173272, 0.6923076923076923, 0.5833333333333333, 0.8, 0.0
0.6954726754726757, 0.6923076923076923, 0.5454545454545454, 0.8888888888888888, 0.0
0.6774087024087027, 0.6923076923076923, 0.5454545454545454, 0.8, 0.0
0.6693563843563847, 0.6923076923076923, 0.5, 0.7777777777777778, 0.0
0.69485754985755, 0.7, 0.6, 0.7777777777777778, 0.0
0.6671937321937323, 0.6923076923076923, 0.5555555555555556, 0.7777777777777778, 0.0
0.6971976171976173, 0.75, 0.5555555555555556, 0.8181818181818181, 0.0
0.670885780885781, 0.6923076923076923, 0.5, 0.7777777777777778, 0.0
0.686928256928257, 0.6666666666666667, 0.5555555555555556, 0.8888888888888888, 0.0
0.6700181300181302, 0.6666666666666667, 0.5555555555555556, 0.8, 0.0
0.6576689976689978, 0.6363636363636364, 0.5, 0.9, 0.0
0.6775783475783477, 0.6666666666666667, 0.5555555555555556, 0.7692307692307692, 0.0
0.6882841232841235, 0.6666666666666667, 0.6, 0.7777777777777778, 0.0
0.6937037037037039, 0.6666666666666667, 0.6, 0.8, 0.0
0.7004649054649057, 0.7272727272727273, 0.5555555555555556, 0.8, 0.0
0.6393524993524994, 0.6363636363636364, 0.5, 0.75, 0.0
0.7293473193473196, 0.7, 0.6363636363636364, 0.9, 0.0
0.672878787878788, 0.6666666666666667, 0.5833333333333333, 0.75, 0.0
0.674840714840715, 0.6666666666666667, 0.5454545454545454, 0.8181818181818181, 0.0
0.6549844599844601, 0.6666666666666667, 0.5454545454545454, 0.75, 0.0
0.7010696710696713, 0.7, 0.625, 0.7777777777777778, 0.0
0.6597902097902099, 0.6666666666666667, 0.5, 0.8888888888888888, 0.0
0.6751100751100753, 0.6666666666666667, 0.5555555555555556, 0.7777777777777778, 0.0
0.6926443926443928, 0.6666666666666667, 0.5454545454545454, 0.9, 0.0
0.6705050505050506, 0.6666666666666667, 0.5, 0.8888888888888888, 0.0
0.6965993265993267, 0.7, 0.6, 0.8181818181818181, 0.0
0.6795713545713546, 0.6923076923076923, 0.5, 0.7777777777777778, 0.0
0.6411279461279462, 0.6363636363636364, 0.5, 0.75, 0.0
0.6374747474747476, 0.6363636363636364, 0.5, 0.7777777777777778, 0.0
0.6674592074592077, 0.6363636363636364, 0.5, 0.8, 0.0
0.6680880230880232, 0.6363636363636364, 0.5, 0.8181818181818181, 0.0
0.6861538461538463, 0.6666666666666667, 0.5555555555555556, 0.8888888888888888, 0.0
0.6933475783475785, 0.6923076923076923, 0.5454545454545454, 0.8888888888888888, 0.0
0.6699243349243351, 0.6666666666666667, 0.5, 0.7857142857142857, 0.0
0.6755892255892257, 0.6666666666666667, 0.5, 0.8888888888888888, 0.0
0.6644042994042995, 0.6666666666666667, 0.5454545454545454, 0.7777777777777778, 0.0
0.7222817922817925, 0.7, 0.6, 0.8888888888888888, 0.0
0.6840494690494692, 0.6923076923076923, 0.6, 0.8888888888888888, 0.0
0.6737153587153588, 0.6666666666666667, 0.5555555555555556, 0.7777777777777778, 0.0
0.6854156954156956, 0.6666666666666667, 0.5555555555555556, 0.8, 0.0
0.6696718096718098, 0.6666666666666667, 0.6, 0.7857142857142857, 0.0
0.7045635845635846, 0.7, 0.5555555555555556, 0.8888888888888888, 0.0
0.6822248122248123, 0.6923076923076923, 0.6, 0.7777777777777778, 0.0
0.6798906648906651, 0.6923076923076923, 0.5, 0.7857142857142857, 0.0
0.6814154364154366, 0.6666666666666667, 0.6, 0.7777777777777778, 0.0
0.6591025641025643, 0.6666666666666667, 0.5, 0.7692307692307692, 0.0
0.7044871794871795, 0.6666666666666667, 0.5555555555555556, 0.8888888888888888, 0.0
0.705892255892256, 0.7, 0.6, 0.8181818181818181, 0.0
0.6791621341621343, 0.6923076923076923, 0.5555555555555556, 0.8, 0.0
0.6932498982498985, 0.6923076923076923, 0.5, 0.7857142857142857, 0.0
0.6775097125097126, 0.6666666666666667, 0.6, 0.75, 0.0
0.6589821289821292, 0.6363636363636364, 0.5, 0.8181818181818181, 0.0
0.6711209161209163, 0.6363636363636364, 0.5555555555555556, 0.7857142857142857, 0.0
0.6716006216006217, 0.6923076923076923, 0.5, 0.75, 0.0
0.6805477855477856, 0.6666666666666667, 0.5833333333333333, 0.75, 0.0
0.6802628852628855, 0.6923076923076923, 0.5, 0.8, 0.0
0.652105672105672, 0.6666666666666667, 0.5, 0.7777777777777778, 0.0
0.6701515151515153, 0.625, 0.5555555555555556, 0.7777777777777778, 0.0
0.673780108780109, 0.6666666666666667, 0.5555555555555556, 0.7777777777777778, 0.0
0.6932659932659935, 0.7, 0.5454545454545454, 0.8888888888888888, 0.0
0.6893195693195694, 0.6923076923076923, 0.5833333333333333, 0.8181818181818181, 0.0
0.6994366744366746, 0.6666666666666667, 0.5555555555555556, 0.8888888888888888, 0.0
0.6750168350168352, 0.6666666666666667, 0.5555555555555556, 0.75, 0.0
0.7031144781144782, 0.7272727272727273, 0.5454545454545454, 0.8888888888888888, 0.0
0.6905231805231807, 0.7, 0.5454545454545454, 0.7777777777777778, 0.0
0.6798051948051949, 0.6666666666666667, 0.5, 0.8888888888888888, 0.0
0.64998445998446, 0.6666666666666667, 0.5454545454545454, 0.8, 0.0
0.7113221963221965, 0.7272727272727273, 0.6, 0.7777777777777778, 0.0
0.6917917267917271, 0.6666666666666667, 0.6, 0.7857142857142857, 0.0
0.6695299145299146, 0.6923076923076923, 0.5, 0.8, 0.0
0.7284265734265735, 0.75, 0.6, 0.8888888888888888, 0.0
0.6687917637917639, 0.6666666666666667, 0.5555555555555556, 0.7777777777777778, 0.0
0.6867767417767419, 0.7, 0.5454545454545454, 0.7777777777777778, 0.0
0.6531649831649832, 0.6666666666666667, 0.5, 0.7777777777777778, 0.0
0.6514646464646465, 0.6666666666666667, 0.5, 0.75, 0.0
0.6619191919191921, 0.6666666666666667, 0.5, 0.8, 0.0
0.7026236726236728, 0.75, 0.5555555555555556, 0.7692307692307692, 0.0
0.7100427350427352, 0.7, 0.5833333333333333, 0.8888888888888888, 0.0
0.6921393421393424, 0.7, 0.5, 0.8, 0.0
0.6483190883190885, 0.6666666666666667, 0.5, 0.8181818181818181, 0.0
0.6967612017612019, 0.6923076923076923, 0.5555555555555556, 0.8888888888888888, 0.0
0.6725019425019425, 0.6923076923076923, 0.5, 0.75, 0.0
0.673888888888889, 0.6666666666666667, 0.5, 0.75, 0.0
0.6809168609168611, 0.7, 0.5, 0.8, 0.0
0.6656487956487959, 0.6666666666666667, 0.5, 0.8, 0.0
0.6978160728160729, 0.6923076923076923, 0.5454545454545454, 0.8, 0.0
0.7033592333592337, 0.6666666666666667, 0.6363636363636364, 0.8333333333333334, 0.0
0.6873245273245275, 0.6923076923076923, 0.5555555555555556, 0.8888888888888888, 0.0
0.6511124061124062, 0.6666666666666667, 0.4444444444444444, 0.7777777777777778, 0.0
0.6736208236208238, 0.6666666666666667, 0.5555555555555556, 0.7777777777777778, 0.0
0.598013468013468, 0.5833333333333333, 0.4444444444444444, 0.7777777777777778, 0.0
0.6615824915824917, 0.6666666666666667, 0.5, 0.8, 0.0
0.6800712250712252, 0.6923076923076923, 0.5555555555555556, 0.8, 0.0
0.6964646464646467, 0.7, 0.6, 0.7777777777777778, 0.0
0.6929797979797983, 0.6666666666666667, 0.5555555555555556, 0.8888888888888888, 0.0
0.6646814296814298, 0.6363636363636364, 0.5555555555555556, 0.8181818181818181, 0.0
0.6293019943019943, 0.625, 0.5, 0.75, 0.0
0.7221393421393424, 0.7, 0.6363636363636364, 0.8, 0.0
0.6661214711214712, 0.6666666666666667, 0.5454545454545454, 0.7777777777777778, 0.0
0.699773374773375, 0.6923076923076923, 0.5454545454545454, 0.7777777777777778, 0.0
0.6926443926443928, 0.6923076923076923, 0.5555555555555556, 0.7777777777777778, 0.0
0.6443447293447293, 0.6363636363636364, 0.5, 0.75, 0.0
0.6826184926184927, 0.6666666666666667, 0.5555555555555556, 0.8181818181818181, 0.0
0.6852615902615905, 0.6923076923076923, 0.5454545454545454, 0.7777777777777778, 0.0
0.7006319606319608, 0.75, 0.5555555555555556, 0.7777777777777778, 0.0
0.7051877751877754, 0.7, 0.6363636363636364, 0.7777777777777778, 0.0
0.690800310800311, 0.6923076923076923, 0.5, 0.8, 0.0
0.6963299663299665, 0.7, 0.5, 0.8888888888888888, 0.0
0.678840973840974, 0.6666666666666667, 0.6, 0.7777777777777778, 0.0
0.6733864283864286, 0.6363636363636364, 0.5555555555555556, 0.8888888888888888, 0.0
0.6765073815073817, 0.6666666666666667, 0.5555555555555556, 0.8, 0.0
0.7100608650608653, 0.6923076923076923, 0.625, 0.8181818181818181, 0.0
0.6830989380989382, 0.6923076923076923, 0.5454545454545454, 0.8888888888888888, 0.0
0.6576689976689979, 0.6363636363636364, 0.5, 0.8, 0.0
0.7176120176120178, 0.75, 0.6, 0.8888888888888888, 0.0
0.6887555037555039, 0.6923076923076923, 0.5833333333333333, 0.7777777777777778, 0.0
0.6803872053872055, 0.6666666666666667, 0.5555555555555556, 0.7777777777777778, 0.0
0.6967101417101418, 0.7, 0.5555555555555556, 0.8181818181818181, 0.0
0.6685521885521887, 0.6666666666666667, 0.5, 0.8888888888888888, 0.0
0.6803146853146855, 0.6666666666666667, 0.5555555555555556, 0.8181818181818181, 0.0
0.6909686609686612, 0.6923076923076923, 0.5555555555555556, 0.8, 0.0
0.6908430458430459, 0.6923076923076923, 0.625, 0.8, 0.0
0.6634097384097386, 0.6666666666666667, 0.5, 0.8333333333333334, 0.0
0.7098743848743851, 0.6923076923076923, 0.625, 0.8888888888888888, 0.0
0.6696386946386946, 0.6363636363636364, 0.5454545454545454, 0.8, 0.0
0.6642890442890442, 0.6666666666666667, 0.5454545454545454, 0.7692307692307692, 0.0
0.6915073815073816, 0.7, 0.6, 0.75, 0.0
0.6692191142191143, 0.6666666666666667, 0.5, 0.75, 0.0
0.6921885521885524, 0.6666666666666667, 0.5555555555555556, 0.8888888888888888, 0.0
0.6883281533281536, 0.6923076923076923, 0.5555555555555556, 0.7777777777777778, 0.0
0.6785806785806787, 0.6666666666666667, 0.5, 0.8, 0.0
0.6632504532504534, 0.6666666666666667, 0.5, 0.7777777777777778, 0.0
0.6765760165760167, 0.6923076923076923, 0.5, 0.8, 0.0
0.6926541976541978, 0.6923076923076923, 0.5555555555555556, 0.7857142857142857, 0.0
0.6875006475006475, 0.7, 0.5, 0.8181818181818181, 0.0
0.7042683242683245, 0.7, 0.5555555555555556, 0.8181818181818181, 0.0
0.6998005698005699, 0.7, 0.5555555555555556, 0.8888888888888888, 0.0
0.6520033670033671, 0.6363636363636364, 0.5555555555555556, 0.7777777777777778, 0.0
0.6917119917119919, 0.6923076923076923, 0.6363636363636364, 0.7777777777777778, 0.0
0.6606578606578608, 0.6923076923076923, 0.5, 0.8, 0.0
0.6550505050505052, 0.6666666666666667, 0.5, 0.75, 0.0
0.6715501165501166, 0.6923076923076923, 0.5, 0.75, 0.0
0.6766415066415068, 0.6666666666666667, 0.6, 0.8181818181818181, 0.0
0.6622462722462725, 0.6363636363636364, 0.5454545454545454, 0.8888888888888888, 0.0
0.6806850556850558, 0.7, 0.5, 0.8, 0.0
0.6717119917119919, 0.6363636363636364, 0.5555555555555556, 0.8888888888888888, 0.0