0.5527160493827161, 0.5555555555555556, 0.2222222222222222, 0.7777777777777778, 0.0
0.5778528528528529, 0.5555555555555556, 0.30000000000000004, 0.7777777777777778, 0.0
0.5337855297157623, 0.5555555555555556, 0.19999999999999996, 0.7777777777777778, 0.0
0.564047619047619, 0.625, 0.2222222222222222, 0.7777777777777778, 0.0
0.5737373737373738, 0.625, 0.2222222222222222, 0.7777777777777778, 0.0
0.5603174603174603, 0.5555555555555556, 0.2222222222222222, 0.8888888888888888, 0.0
0.5808785529715763, 0.625, 0.33333333333333337, 0.8, 0.0
0.5352339181286551, 0.5, 0.25, 0.8, 0.0
0.5193766937669376, 0.5555555555555556, 0.2222222222222222, 0.75, 0.0
0.49940476190476185, 0.5, 0.11111111111111116, 0.8888888888888888, 0.0
0.5185185185185186, 0.5, 0.2222222222222222, 0.8, 0.0
0.5492724867724869, 0.5555555555555556, 0.25, 0.7777777777777778, 0.0
0.526068376068376, 0.5, 0.19999999999999996, 0.8888888888888888, 0.0
0.5397286821705427, 0.5555555555555556, 0.11111111111111116, 0.7777777777777778, 0.0
0.5640625, 0.5555555555555556, 0.2222222222222222, 0.8888888888888888, 0.0
0.5573361823361824, 0.5555555555555556, 0.2222222222222222, 0.8888888888888888, 0.0
0.5846491228070175, 0.625, 0.2222222222222222, 0.7777777777777778, 0.0
0.5509259259259258, 0.5555555555555556, 0.2222222222222222, 0.7777777777777778, 0.0
0.5394607843137255, 0.5277777777777778, 0.30000000000000004, 0.75, 0.0
0.5615497076023391, 0.6125, 0.2222222222222222, 0.8, 0.0
0.5943121693121693, 0.6125, 0.30000000000000004, 0.7777777777777778, 0.0
0.599074074074074, 0.5555555555555556, 0.33333333333333337, 0.7777777777777778, 0.0
0.5227124183006535, 0.5555555555555556, 0.25, 0.75, 0.0
0.5666666666666667, 0.5555555555555556, 0.30000000000000004, 0.7777777777777778, 0.0
0.5327160493827161, 0.5277777777777778, 0.2222222222222222, 0.8888888888888888, 0.0
0.5454861111111111, 0.5, 0.30000000000000004, 0.8888888888888888, 0.0
0.5240143369175627, 0.5, 0.25, 0.7777777777777778, 0.0
0.5510840108401084, 0.6, 0.2222222222222222, 0.8888888888888888, 0.0
0.5790343915343915, 0.5555555555555556, 0.2222222222222222, 0.8888888888888888, 0.0
0.5324324324324325, 0.5555555555555556, 0.11111111111111116, 0.7777777777777778, 0.0
0.5690058479532165, 0.5555555555555556, 0.2222222222222222, 0.7777777777777778, 0.0
0.5772222222222223, 0.625, 0.25, 0.7777777777777778, 0.0
0.5946581196581195, 0.625, 0.2222222222222222, 0.7777777777777778, 0.0
0.5700694444444444, 0.5555555555555556, 0.11111111111111116, 0.7777777777777778, 0.0
0.5732384823848238, 0.625, 0.125, 0.7777777777777778, 0.0
0.5519607843137254, 0.5555555555555556, 0.2222222222222222, 0.8888888888888888, 0.0
0.5540343915343916, 0.5777777777777777, 0.2222222222222222, 0.7777777777777778, 0.0
0.558531746031746, 0.5555555555555556, 0.2222222222222222, 0.8, 0.0
0.5519519519519519, 0.5, 0.125, 0.7777777777777778, 0.0
0.5503623188405797, 0.5555555555555556, 0.30000000000000004, 0.8888888888888888, 0.0
0.5585470085470086, 0.5555555555555556, 0.11111111111111116, 0.7777777777777778, 0.0
0.517094017094017, 0.5555555555555556, 0.11111111111111116, 0.7777777777777778, 0.0
0.49814814814814806, 0.5, 0.2222222222222222, 0.7777777777777778, 0.0
0.5553523035230352, 0.5555555555555556, 0.30000000000000004, 0.8888888888888888, 0.0
0.5398148148148147, 0.5277777777777778, 0.2222222222222222, 0.8, 0.0
0.5744152046783625, 0.5777777777777777, 0.2222222222222222, 0.7777777777777778, 0.0
0.5474673202614379, 0.5555555555555556, 0.19999999999999996, 0.8, 0.0
0.5425154320987653, 0.5555555555555556, 0.2222222222222222, 0.75, 0.0
0.569973544973545, 0.5555555555555556, 0.2222222222222222, 0.8888888888888888, 0.0
0.5472222222222223, 0.5555555555555556, 0.2222222222222222, 0.7777777777777778, 0.0
0.5499305555555555, 0.5555555555555556, 0.2222222222222222, 0.8888888888888888, 0.0
0.5795833333333333, 0.6125, 0.11111111111111116, 0.8888888888888888, 0.0
0.5741741741741742, 0.5555555555555556, 0.2222222222222222, 0.8888888888888888, 0.0
0.6025883838383839, 0.6125, 0.30000000000000004, 0.8888888888888888, 0.0
0.5353835978835978, 0.5, 0.2222222222222222, 0.7777777777777778, 0.0
0.557748538011696, 0.5555555555555556, 0.30000000000000004, 0.7777777777777778, 0.0
0.6040849673202614, 0.625, 0.4, 0.8, 0.0
0.51929012345679, 0.5277777777777778, 0.2222222222222222, 0.75, 0.0
0.5868749999999999, 0.6, 0.19999999999999996, 0.8888888888888888, 0.0
0.5977642276422764, 0.6666666666666667, 0.2222222222222222, 0.7777777777777778, 0.0
0.5122916666666667, 0.5555555555555556, 0.2222222222222222, 0.75, 0.0
0.5241602067183463, 0.5, 0.2222222222222222, 0.8888888888888888, 0.0
0.5374305555555556, 0.625, 0.11111111111111116, 0.8, 0.0
0.5345345345345346, 0.5555555555555556, 0.2222222222222222, 0.7777777777777778, 0.0
0.5704678362573099, 0.6125, 0.2222222222222222, 0.75, 0.0
0.527136752136752, 0.5, 0.2222222222222222, 0.75, 0.0
0.5427631578947367, 0.5555555555555556, 0.2222222222222222, 0.8888888888888888, 0.0
0.5620772946859904, 0.5902777777777778, 0.2222222222222222, 0.8888888888888888, 0.0
0.5402046783625731, 0.5277777777777778, 0.30000000000000004, 0.7777777777777778, 0.0
0.5616013071895424, 0.5555555555555556, 0.30000000000000004, 0.7777777777777778, 0.0
0.5276315789473685, 0.5555555555555556, 0.2222222222222222, 0.7777777777777778, 0.0
0.5302248677248678, 0.5555555555555556, 0.11111111111111116, 0.7777777777777778, 0.0
0.6018518518518519, 0.625, 0.2222222222222222, 0.7777777777777778, 0.0
0.5498412698412698, 0.5, 0.30000000000000004, 0.8888888888888888, 0.0
0.5495210727969347, 0.5555555555555556, 0.125, 0.7777777777777778, 0.0
0.5382996632996633, 0.5555555555555556, 0.25, 0.7777777777777778, 0.0
0.5153100775193798, 0.5555555555555556, 0.2222222222222222, 0.75, 0.0
0.5740240240240241, 0.5555555555555556, 0.2222222222222222, 0.8888888888888888, 0.0
0.5444444444444445, 0.5555555555555556, 0.11111111111111116, 0.7777777777777778, 0.0
0.5613695090439276, 0.5555555555555556, 0.2222222222222222, 0.8888888888888888, 0.0
0.5487127371273712, 0.5555555555555556, 0.2222222222222222, 0.75, 0.0
0.5645833333333332, 0.5902777777777778, 0.2222222222222222, 0.8888888888888888, 0.0
0.5609375000000001, 0.5555555555555556, 0.2222222222222222, 0.8888888888888888, 0.0
0.564766081871345, 0.5555555555555556, 0.2222222222222222, 0.8888888888888888, 0.0
0.5636111111111111, 0.5555555555555556, 0.2222222222222222, 0.8, 0.0
0.5842592592592593, 0.625, 0.30000000000000004, 0.8, 0.0
0.5543447293447293, 0.5555555555555556, 0.2222222222222222, 0.8888888888888888, 0.0
0.5628472222222223, 0.5625, 0.25, 0.8, 0.0
0.5011904761904762, 0.5, 0.19999999999999996, 0.7777777777777778, 0.0
0.5102852852852854, 0.5, 0.11111111111111116, 0.7777777777777778, 0.0
0.5821937321937322, 0.625, 0.2222222222222222, 0.7777777777777778, 0.0
0.5537749287749287, 0.6, 0.2222222222222222, 0.7777777777777778, 0.0
0.5198099415204678, 0.5, 0.30000000000000004, 0.75, 0.0
0.509349593495935, 0.5, 0.2222222222222222, 0.8888888888888888, 0.0
0.6211257309941519, 0.625, 0.4444444444444444, 0.7777777777777778, 0.0
0.5342857142857143, 0.5, 0.2222222222222222, 0.8888888888888888, 0.0
0.566031746031746, 0.6, 0.2222222222222222, 0.7777777777777778, 0.0
0.5394570707070708, 0.6, 0.2222222222222222, 0.7777777777777778, 0.0
0.5335416666666666, 0.5, 0.2222222222222222, 0.8, 0.0
0.5484567901234568, 0.5277777777777778, 0.2222222222222222, 0.7777777777777778, 0.0
