0.0920634920634921, 0.0, 0.0, 0.5, 0.0
0.10368940368940369, 0.0, 0.0, 0.4, 0.0
0.09259874492432633, 0.0, 0.0, 0.5, 0.0
0.05975056689342404, 0.0, 0.0, 0.5, 0.0
0.09529220779220778, 0.0, 0.0, 0.5, 0.0
0.15029478458049886, 0.0, 0.0, 0.6666666666666667, 0.0
0.10553709856035437, 0.0, 0.0, 0.5, 0.0
0.14440267335004178, 0.1111111111111111, 0.0, 0.5, 0.0
0.1165118079752226, 0.0, 0.0, 0.4, 0.0
0.10842781557067271, 0.0, 0.0, 0.6666666666666667, 0.0
0.13084215167548502, 0.0, 0.0, 0.5, 0.0
0.05546107331821617, 0.0, 0.0, 0.5, 0.0
0.13947903947903947, 0.0, 0.0, 0.6666666666666667, 0.0
0.0806016980435585, 0.0, 0.0, 0.5, 0.0
0.07886904761904762, 0.0, 0.0, 0.6666666666666667, 0.0
0.10844525844525844, 0.0, 0.0, 0.6666666666666667, 0.0
0.035296574770258986, 0.0, 0.0, 0.33333333333333337, 0.0
0.11747921390778535, 0.0, 0.0, 0.5, 0.0
0.07644724556489263, 0.0, 0.0, 0.33333333333333337, 0.0
0.1225563909774436, 0.0, 0.0, 0.5, 0.0
0.07180650037792896, 0.0, 0.0, 0.5, 0.0
0.15066137566137572, 0.0, 0.0, 0.4, 0.0
0.086577964519141, 0.0, 0.0, 0.4, 0.0
0.11223758320532515, 0.0, 0.0, 0.5, 0.0
0.1113095238095238, 0.0, 0.0, 0.6666666666666667, 0.0
0.08720238095238095, 0.0, 0.0, 0.6666666666666667, 0.0
0.13922171018945212, 0.0, 0.0, 0.5, 0.0
0.1148277197057685, 0.0, 0.0, 0.6666666666666667, 0.0
0.10088813303099017, 0.0, 0.0, 0.6666666666666667, 0.0
0.06486486486486487, 0.0, 0.0, 0.5, 0.0
0.06443191311612363, 0.0, 0.0, 0.5, 0.0
0.0665079365079365, 0.0, 0.0, 0.4, 0.0
0.11764346764346764, 0.0, 0.0, 0.5, 0.0
0.06107142857142857, 0.0, 0.0, 0.4, 0.0
0.06997677119628339, 0.0, 0.0, 0.4, 0.0
0.12287581699346406, 0.0, 0.0, 0.6666666666666667, 0.0
0.0828042328042328, 0.0, 0.0, 0.5, 0.0
0.1150604686318972, 0.0, 0.0, 0.5, 0.0
0.06038181038181037, 0.0, 0.0, 0.33333333333333337, 0.0
0.12351621808143548, 0.0, 0.0, 0.6666666666666667, 0.0
0.06571021571021571, 0.0, 0.0, 0.5, 0.0
0.10097680097680097, 0.0, 0.0, 0.4, 0.0
0.09846079846079846, 0.0, 0.0, 0.5, 0.0
0.11881533101045295, 0.0, 0.0, 0.6666666666666667, 0.0
0.1660241874527589, 0.2222222222222222, 0.0, 0.5, 0.0
0.07251461988304093, 0.0, 0.0, 0.5, 0.0
0.07016806722689076, 0.0, 0.0, 0.5, 0.0
0.10535714285714287, 0.0, 0.0, 0.4, 0.0
0.1399848828420257, 0.0, 0.0, 0.6666666666666667, 0.0
0.12828483245149913, 0.0, 0.0, 0.5, 0.0
0.13095238095238096, 0.0, 0.0, 0.6666666666666667, 0.0
0.08845238095238095, 0.0, 0.0, 0.6666666666666667, 0.0
0.11151866151866154, 0.0, 0.0, 0.6666666666666667, 0.0
0.1479617604617605, 0.0, 0.0, 0.6666666666666667, 0.0
0.10062358276643991, 0.0, 0.0, 0.5, 0.0
0.10284043441938179, 0.0, 0.0, 0.5, 0.0
0.12794117647058822, 0.0, 0.0, 0.5, 0.0
0.09356261022927688, 0.0, 0.0, 0.4, 0.0
0.11204365079365082, 0.0, 0.0, 0.6666666666666667, 0.0
0.07344173441734417, 0.0, 0.0, 0.5, 0.0
0.08865079365079365, 0.0, 0.0, 0.4, 0.0
0.14448135843484683, 0.0, 0.0, 0.6666666666666667, 0.0
0.07811507936507936, 0.0, 0.0, 0.5, 0.0
0.08168168168168168, 0.0, 0.0, 0.5, 0.0
0.083312447786132, 0.0, 0.0, 0.4, 0.0
0.06986161986161986, 0.0, 0.0, 0.4, 0.0
0.13245614035087722, 0.0, 0.0, 0.6666666666666667, 0.0
0.09070048309178745, 0.0, 0.0, 0.6666666666666667, 0.0
0.08746867167919797, 0.0, 0.0, 0.4, 0.0
0.11914098972922502, 0.0, 0.0, 0.4, 0.0
0.11305346700083542, 0.0, 0.0, 0.5, 0.0
0.091005291005291, 0.0, 0.0, 0.5, 0.0
0.0733044733044733, 0.0, 0.0, 0.5, 0.0
0.12480725623582765, 0.0, 0.0, 0.6666666666666667, 0.0
0.12419266557197592, 0.0, 0.0, 0.5, 0.0
0.08439153439153439, 0.0, 0.0, 0.4, 0.0
0.06866002214839424, 0.0, 0.0, 0.33333333333333337, 0.0
0.1422994422994423, 0.0, 0.0, 0.6666666666666667, 0.0
0.09198209198209198, 0.0, 0.0, 0.5, 0.0
0.10959763750461425, 0.0, 0.0, 0.6666666666666667, 0.0
0.08912117692605498, 0.0, 0.0, 0.4, 0.0
0.13184523809523807, 0.0, 0.0, 0.6666666666666667, 0.0
0.12785218253968256, 0.0, 0.0, 0.6666666666666667, 0.0
0.10428153717627402, 0.0, 0.0, 0.6666666666666667, 0.0
0.12140873015873015, 0.0, 0.0, 0.5, 0.0
0.10976631393298059, 0.0, 0.0, 0.5, 0.0
0.12419617419617421, 0.0, 0.0, 0.6666666666666667, 0.0
0.14952380952380953, 0.0, 0.0, 0.5, 0.0
0.13008314436885868, 0.0, 0.0, 0.5, 0.0
0.05928785928785928, 0.0, 0.0, 0.5, 0.0
0.053113553113553105, 0.0, 0.0, 0.33333333333333337, 0.0
0.16231176231176234, 0.0, 0.0, 0.5, 0.0
0.08500417710944028, 0.0, 0.0, 0.33333333333333337, 0.0
0.11149825783972125, 0.0, 0.0, 0.6666666666666667, 0.0
0.06629072681704261, 0.0, 0.0, 0.5, 0.0
0.1315873015873016, 0.0, 0.0, 0.6666666666666667, 0.0
0.09680272108843538, 0.0, 0.0, 0.4, 0.0
0.11684704184704184, 0.0, 0.0, 0.5, 0.0
0.11128968253968252, 0.0, 0.0, 0.5, 0.0
0.11516754850088182, 0.0, 0.0, 0.4, 0.0
