0.5209656084656085, 0.5, 0.2222222222222222, 0.8, 0.0
0.5559722222222223, 0.5555555555555556, 0.2222222222222222, 0.7777777777777778, 0.0
0.5143650793650795, 0.5, 0.2222222222222222, 0.7777777777777778, 0.0
0.5490740740740742, 0.625, 0.11111111111111116, 0.7777777777777778, 0.0
0.5409891598915989, 0.5555555555555556, 0.2222222222222222, 0.8888888888888888, 0.0
0.5547720797720798, 0.625, 0.2222222222222222, 0.7777777777777778, 0.0
0.5754901960784312, 0.5555555555555556, 0.30000000000000004, 0.7777777777777778, 0.0
0.575900900900901, 0.625, 0.2222222222222222, 0.7777777777777778, 0.0
0.5488095238095237, 0.6, 0.125, 0.75, 0.0
0.5871604938271606, 0.625, 0.33333333333333337, 0.75, 0.0
0.5806159420289856, 0.625, 0.30000000000000004, 0.8888888888888888, 0.0
0.5588541666666667, 0.5555555555555556, 0.2222222222222222, 0.8888888888888888, 0.0
0.5553418803418804, 0.5555555555555556, 0.2222222222222222, 0.8, 0.0
0.5924242424242424, 0.625, 0.33333333333333337, 0.7777777777777778, 0.0
0.5284511784511785, 0.5, 0.2222222222222222, 0.75, 0.0
0.5465488215488216, 0.5, 0.2222222222222222, 0.8888888888888888, 0.0
0.5658950617283951, 0.5555555555555556, 0.30000000000000004, 0.7777777777777778, 0.0
0.5266975308641975, 0.5, 0.30000000000000004, 0.7777777777777778, 0.0
0.5518253968253969, 0.5555555555555556, 0.2222222222222222, 0.75, 0.0
0.5402777777777777, 0.6, 0.19999999999999996, 0.7777777777777778, 0.0
0.5623582766439911, 0.5555555555555556, 0.2222222222222222, 0.7777777777777778, 0.0
0.5569783197831979, 0.5555555555555556, 0.125, 0.8888888888888888, 0.0
0.5298765432098765, 0.5, 0.2222222222222222, 0.7777777777777778, 0.0
0.5418590668590669, 0.5, 0.19999999999999996, 0.7777777777777778, 0.0
0.5627777777777778, 0.5555555555555556, 0.30000000000000004, 0.7777777777777778, 0.0
0.5442192192192191, 0.5555555555555556, 0.11111111111111116, 0.7777777777777778, 0.0
0.568918918918919, 0.5555555555555556, 0.33333333333333337, 0.8888888888888888, 0.0
0.5313973063973064, 0.5555555555555556, 0.2222222222222222, 0.7777777777777778, 0.0
0.5802631578947368, 0.5902777777777778, 0.30000000000000004, 0.8888888888888888, 0.0
0.5495014245014246, 0.5555555555555556, 0.2222222222222222, 0.7777777777777778, 0.0
0.5656045751633988, 0.5555555555555556, 0.2222222222222222, 0.8, 0.0
0.6041666666666667, 0.625, 0.30000000000000004, 0.8888888888888888, 0.0
0.5436186186186187, 0.5555555555555556, 0.2222222222222222, 0.8, 0.0
0.5843749999999999, 0.6, 0.2222222222222222, 0.7777777777777778, 0.0
0.49921875, 0.4444444444444444, 0.2222222222222222, 0.7777777777777778, 0.0
0.5708656330749354, 0.625, 0.2222222222222222, 0.8888888888888888, 0.0
0.581388888888889, 0.5902777777777778, 0.30000000000000004, 0.8888888888888888, 0.0
0.5712962962962964, 0.5902777777777778, 0.2222222222222222, 0.7777777777777778, 0.0
0.537330623306233, 0.5, 0.2222222222222222, 0.8888888888888888, 0.0
0.5472222222222222, 0.5555555555555556, 0.2222222222222222, 0.7777777777777778, 0.0
0.5349826388888888, 0.5555555555555556, 0.30000000000000004, 0.75, 0.0
0.5626633986928105, 0.5555555555555556, 0.2222222222222222, 0.7777777777777778, 0.0
0.541600529100529, 0.5555555555555556, 0.11111111111111116, 0.7777777777777778, 0.0
0.5398765432098767, 0.5555555555555556, 0.19999999999999996, 0.8888888888888888, 0.0
0.5673245614035088, 0.5777777777777777, 0.2222222222222222, 0.7777777777777778, 0.0
0.5601010101010101, 0.5555555555555556, 0.30000000000000004, 0.8, 0.0
0.5684281842818427, 0.625, 0.2222222222222222, 0.8888888888888888, 0.0
0.5454761904761904, 0.5555555555555556, 0.2222222222222222, 0.8, 0.0
0.5539351851851853, 0.5555555555555556, 0.2222222222222222, 0.7777777777777778, 0.0
0.539039039039039, 0.5555555555555556, 0.2222222222222222, 0.7777777777777778, 0.0
0.5359722222222223, 0.5, 0.2222222222222222, 0.7777777777777778, 0.0
0.5757575757575758, 0.5555555555555556, 0.2222222222222222, 0.7777777777777778, 0.0
0.5178395061728396, 0.5, 0.19999999999999996, 0.8888888888888888, 0.0
0.5041666666666667, 0.5, 0.2222222222222222, 0.75, 0.0
0.5676767676767677, 0.625, 0.19999999999999996, 0.7777777777777778, 0.0
0.5423772609819122, 0.5, 0.2222222222222222, 0.75, 0.0
0.5487573099415205, 0.5277777777777778, 0.2222222222222222, 0.8, 0.0
0.5234299516908213, 0.5, 0.2222222222222222, 0.7777777777777778, 0.0
0.5921296296296296, 0.6125, 0.4, 0.7777777777777778, 0.0
0.5083333333333333, 0.5, 0.11111111111111116, 0.8, 0.0
0.5751461988304093, 0.5555555555555556, 0.30000000000000004, 0.7777777777777778, 0.0
0.5857456140350877, 0.6, 0.30000000000000004, 0.8, 0.0
0.5686609686609686, 0.5555555555555556, 0.2222222222222222, 0.8888888888888888, 0.0
0.5786786786786786, 0.5555555555555556, 0.2222222222222222, 0.75, 0.0
0.5132936507936509, 0.5555555555555556, 0.2222222222222222, 0.75, 0.0
0.512173202614379, 0.5, 0.2222222222222222, 0.7777777777777778, 0.0
0.5197089947089948, 0.5555555555555556, 0.2222222222222222, 0.7777777777777778, 0.0
0.5396551724137931, 0.5555555555555556, 0.2222222222222222, 0.8888888888888888, 0.0
0.5740451388888889, 0.5777777777777777, 0.30000000000000004, 0.8888888888888888, 0.0
0.5658408408408409, 0.6, 0.2222222222222222, 0.7777777777777778, 0.0
0.5836640211640212, 0.6125, 0.2222222222222222, 0.8888888888888888, 0.0
0.5473577235772359, 0.5555555555555556, 0.19999999999999996, 0.7777777777777778, 0.0
0.5326754385964912, 0.5, 0.2222222222222222, 0.7777777777777778, 0.0
0.5618233618233619, 0.5, 0.2222222222222222, 0.8888888888888888, 0.0
0.517042042042042, 0.5555555555555556, 0.25, 0.7777777777777778, 0.0
0.5675694444444443, 0.6125, 0.2222222222222222, 0.75, 0.0
0.5483695652173913, 0.5555555555555556, 0.2222222222222222, 0.7777777777777778, 0.0
0.5731481481481482, 0.5555555555555556, 0.33333333333333337, 0.8, 0.0
0.5937134502923976, 0.625, 0.2222222222222222, 0.7777777777777778, 0.0
0.5731209150326798, 0.5555555555555556, 0.2222222222222222, 0.8888888888888888, 0.0
0.5224806201550387, 0.5555555555555556, 0.2222222222222222, 0.7777777777777778, 0.0
0.5715909090909091, 0.5555555555555556, 0.2222222222222222, 0.8888888888888888, 0.0
0.5254273504273504, 0.5555555555555556, 0.2222222222222222, 0.8888888888888888, 0.0
0.5135714285714285, 0.5555555555555556, 0.2222222222222222, 0.75, 0.0
0.5518733850129199, 0.5555555555555556, 0.2222222222222222, 0.8888888888888888, 0.0
0.595460704607046, 0.625, 0.25, 0.8888888888888888, 0.0
0.5443055555555556, 0.5, 0.19999999999999996, 0.8888888888888888, 0.0
0.5650584795321637, 0.5555555555555556, 0.2222222222222222, 0.7777777777777778, 0.0
0.5429365079365079, 0.5, 0.2222222222222222, 0.75, 0.0
0.5702777777777779, 0.6125, 0.2222222222222222, 0.8888888888888888, 0.0
0.535625, 0.5555555555555556, 0.2222222222222222, 0.7777777777777778, 0.0
0.5284534534534535, 0.5, 0.2222222222222222, 0.7777777777777778, 0.0
0.5848191214470286, 0.625, 0.2222222222222222, 0.8888888888888888, 0.0
0.5665242165242165, 0.5555555555555556, 0.19999999999999996, 0.7777777777777778, 0.0
0.5438194444444444, 0.5555555555555556, 0.19999999999999996, 0.7777777777777778, 0.0
0.5812678062678062, 0.5555555555555556, 0.2222222222222222, 0.8888888888888888, 0.0
0.5410416666666668, 0.5277777777777778, 0.2222222222222222, 0.8888888888888888, 0.0
0.5528528528528529, 0.5555555555555556, 0.25, 0.8888888888888888, 0.0
0.555420054200542, 0.5555555555555556, 0.2222222222222222, 0.8888888888888888, 0.0
0.5204861111111112, 0.5, 0.30000000000000004, 0.75, 0.0
