0.5416666666666666, 0.5, 0.30000000000000004, 0.7777777777777778, 0.0
0.5593434343434344, 0.5555555555555556, 0.2222222222222222, 0.8888888888888888, 0.0
0.5914983164983164, 0.625, 0.19999999999999996, 0.8888888888888888, 0.0
0.5437865497076023, 0.5777777777777777, 0.11111111111111116, 0.8888888888888888, 0.0
0.5295045045045046, 0.5, 0.2222222222222222, 0.75, 0.0
0.486449864498645, 0.5, 0.19999999999999996, 0.7777777777777778, 0.0
0.5281084656084656, 0.5277777777777778, 0.2222222222222222, 0.8888888888888888, 0.0
0.5692760942760942, 0.5555555555555556, 0.25, 0.8888888888888888, 0.0
0.5625396825396826, 0.6, 0.125, 0.7777777777777778, 0.0
0.5252525252525252, 0.5, 0.2222222222222222, 0.8888888888888888, 0.0
0.5676638176638176, 0.5555555555555556, 0.11111111111111116, 0.7777777777777778, 0.0
0.5336043360433604, 0.5, 0.11111111111111116, 0.8888888888888888, 0.0
0.5693672839506172, 0.625, 0.2222222222222222, 0.8888888888888888, 0.0
0.5864197530864197, 0.625, 0.30000000000000004, 0.8888888888888888, 0.0
0.5096801346801346, 0.5555555555555556, 0.11111111111111116, 0.8888888888888888, 0.0
0.5949820788530465, 0.625, 0.2222222222222222, 0.8, 0.0
0.5754985754985755, 0.5555555555555556, 0.11111111111111116, 0.8888888888888888, 0.0
0.5574074074074074, 0.5555555555555556, 0.2222222222222222, 0.7777777777777778, 0.0
0.5343669250645995, 0.5, 0.25, 0.7777777777777778, 0.0
0.5261648745519713, 0.5, 0.11111111111111116, 0.8, 0.0
0.5852852852852852, 0.625, 0.2222222222222222, 0.8888888888888888, 0.0
0.6042397660818712, 0.6458333333333334, 0.2222222222222222, 0.8888888888888888, 0.0
0.5469047619047619, 0.5555555555555556, 0.25, 0.7777777777777778, 0.0
0.5453431372549019, 0.6, 0.2222222222222222, 0.75, 0.0
0.5198830409356725, 0.5, 0.2222222222222222, 0.8888888888888888, 0.0
0.5466269841269841, 0.5555555555555556, 0.19999999999999996, 0.7777777777777778, 0.0
0.5504629629629628, 0.5555555555555556, 0.2222222222222222, 0.7777777777777778, 0.0
0.5699074074074074, 0.6125, 0.2222222222222222, 0.8888888888888888, 0.0
0.5856481481481481, 0.6, 0.30000000000000004, 0.8, 0.0
0.5804131054131054, 0.625, 0.2222222222222222, 0.8888888888888888, 0.0
0.5438888888888889, 0.5277777777777778, 0.2222222222222222, 0.75, 0.0
0.5397932816537468, 0.5, 0.2222222222222222, 0.8888888888888888, 0.0
0.47324561403508775, 0.4722222222222222, 0.125, 0.7777777777777778, 0.0
0.5640277777777778, 0.625, 0.2222222222222222, 0.7777777777777778, 0.0
0.5504901960784313, 0.6, 0.11111111111111116, 0.75, 0.0
0.5582582582582583, 0.5555555555555556, 0.30000000000000004, 0.7777777777777778, 0.0
0.5533591731266151, 0.6, 0.2222222222222222, 0.8, 0.0
0.5825163398692811, 0.5277777777777778, 0.30000000000000004, 0.8888888888888888, 0.0
0.5502032520325203, 0.5, 0.30000000000000004, 0.8888888888888888, 0.0
0.54320987654321, 0.5555555555555556, 0.2222222222222222, 0.7777777777777778, 0.0
0.5580176767676768, 0.5277777777777778, 0.2222222222222222, 0.8888888888888888, 0.0
0.5563813813813813, 0.6, 0.2222222222222222, 0.7777777777777778, 0.0
0.5557588075880758, 0.625, 0.2222222222222222, 0.7777777777777778, 0.0
0.5659876543209876, 0.5555555555555556, 0.33333333333333337, 0.75, 0.0
0.547514619883041, 0.5277777777777778, 0.2222222222222222, 0.8, 0.0
0.5134722222222223, 0.5, 0.125, 0.7777777777777778, 0.0
0.5550925925925926, 0.5555555555555556, 0.2222222222222222, 0.8888888888888888, 0.0
0.5261261261261261, 0.5, 0.125, 0.8888888888888888, 0.0
0.5681944444444444, 0.6125, 0.2222222222222222, 0.8, 0.0
0.5777100271002711, 0.625, 0.2222222222222222, 0.7777777777777778, 0.0
0.5425710594315245, 0.5555555555555556, 0.2222222222222222, 0.7777777777777778, 0.0
0.5073830409356725, 0.5, 0.2222222222222222, 0.7777777777777778, 0.0
0.5266666666666666, 0.5, 0.11111111111111116, 0.7777777777777778, 0.0
0.5072351421188631, 0.5, 0.11111111111111116, 0.8, 0.0
0.5545795795795795, 0.5555555555555556, 0.11111111111111116, 0.7777777777777778, 0.0
0.5377314814814814, 0.5555555555555556, 0.2222222222222222, 0.75, 0.0
0.5880490956072352, 0.625, 0.2222222222222222, 0.8888888888888888, 0.0
0.5684027777777778, 0.5555555555555556, 0.19999999999999996, 0.8888888888888888, 0.0
0.5643055555555556, 0.5277777777777778, 0.33333333333333337, 0.8888888888888888, 0.0
0.559009009009009, 0.5555555555555556, 0.2222222222222222, 0.8, 0.0
0.5775641025641026, 0.5555555555555556, 0.125, 0.8888888888888888, 0.0
0.5282879818594106, 0.5, 0.2222222222222222, 0.7777777777777778, 0.0
0.5251461988304094, 0.5, 0.30000000000000004, 0.7777777777777778, 0.0
0.5432017543859649, 0.5555555555555556, 0.2222222222222222, 0.7777777777777778, 0.0
0.5295795795795795, 0.5, 0.2222222222222222, 0.7777777777777778, 0.0
0.5437169312169312, 0.5277777777777778, 0.2222222222222222, 0.8888888888888888, 0.0
0.5730158730158731, 0.5555555555555556, 0.2222222222222222, 0.8888888888888888, 0.0
0.5371913580246914, 0.5, 0.2222222222222222, 0.7777777777777778, 0.0
0.5358918128654971, 0.5, 0.2222222222222222, 0.8888888888888888, 0.0
0.574002849002849, 0.5555555555555556, 0.2222222222222222, 0.8888888888888888, 0.0
0.5264245014245015, 0.5, 0.2222222222222222, 0.7777777777777778, 0.0
0.555, 0.5555555555555556, 0.19999999999999996, 0.8, 0.0
0.57, 0.5277777777777778, 0.33333333333333337, 0.7777777777777778, 0.0
0.5403409090909093, 0.5, 0.30000000000000004, 0.8, 0.0
0.5675474254742547, 0.5555555555555556, 0.2222222222222222, 0.7777777777777778, 0.0
0.5208010335917312, 0.5, 0.2222222222222222, 0.7777777777777778, 0.0
0.5540204678362572, 0.5277777777777778, 0.2222222222222222, 0.7777777777777778, 0.0
0.5436237373737374, 0.5555555555555556, 0.19999999999999996, 0.8888888888888888, 0.0
0.5705555555555556, 0.6, 0.2222222222222222, 0.7777777777777778, 0.0
0.5588734567901233, 0.5555555555555556, 0.2222222222222222, 0.7777777777777778, 0.0
0.5801801801801801, 0.5555555555555556, 0.25, 0.8888888888888888, 0.0
0.5619241192411925, 0.5555555555555556, 0.2222222222222222, 0.8888888888888888, 0.0
0.5257834757834757, 0.5555555555555556, 0.2222222222222222, 0.8888888888888888, 0.0
0.5155381944444444, 0.5, 0.19999999999999996, 0.75, 0.0
0.5903508771929825, 0.6125, 0.125, 0.7777777777777778, 0.0
0.5141737891737892, 0.5, 0.25, 0.7777777777777778, 0.0
0.5841666666666667, 0.6125, 0.2222222222222222, 0.8888888888888888, 0.0
0.48521021021021016, 0.5, 0.2222222222222222, 0.75, 0.0
0.5291666666666667, 0.5, 0.125, 0.7777777777777778, 0.0
0.5563492063492065, 0.5555555555555556, 0.2222222222222222, 0.8, 0.0
0.5295289855072465, 0.5, 0.2222222222222222, 0.7777777777777778, 0.0
0.5819444444444445, 0.6125, 0.2222222222222222, 0.8, 0.0
0.5576754385964913, 0.5555555555555556, 0.19999999999999996, 0.7777777777777778, 0.0
0.5813390313390314, 0.5555555555555556, 0.2222222222222222, 0.8888888888888888, 0.0
0.5591540404040404, 0.5555555555555556, 0.11111111111111116, 0.7777777777777778, 0.0
0.5343304843304844, 0.5555555555555556, 0.11111111111111116, 0.8888888888888888, 0.0
0.5517361111111112, 0.5, 0.30000000000000004, 0.8888888888888888, 0.0
0.5778490028490029, 0.5555555555555556, 0.30000000000000004, 0.8, 0.0
0.545625, 0.5277777777777778, 0.25, 0.7777777777777778, 0.0
0.5265972222222223, 0.5, 0.2222222222222222, 0.7777777777777778, 0.0
