0.08749463749463748, 0.0, 0.0, 0.4, 0.0
0.10313051146384479, 0.0, 0.0, 0.5, 0.0
0.08088972431077694, 0.0, 0.0, 0.5, 0.0
0.11657218442932729, 0.0, 0.0, 0.6666666666666667, 0.0
0.13246585455887783, 0.0, 0.0, 0.5, 0.0
0.12664682539682542, 0.0, 0.0, 0.6666666666666667, 0.0
0.1137844611528822, 0.0, 0.0, 0.6666666666666667, 0.0
0.07069444444444443, 0.0, 0.0, 0.6666666666666667, 0.0
0.15463659147869677, 0.0, 0.0, 0.6666666666666667, 0.0
0.12789987789987792, 0.0, 0.0, 0.5, 0.0
0.09897039897039897, 0.0, 0.0, 0.5, 0.0
0.14905273937532001, 0.0, 0.0, 0.6666666666666667, 0.0
0.1270516717325228, 0.0, 0.0, 0.6666666666666667, 0.0
0.07323232323232325, 0.0, 0.0, 0.5, 0.0
0.08948896631823461, 0.0, 0.0, 0.5, 0.0
0.16786994367639532, 0.2222222222222222, 0.0, 0.6666666666666667, 0.0
0.10667095667095668, 0.0, 0.0, 0.5, 0.0
0.09601190476190476, 0.0, 0.0, 0.6666666666666667, 0.0
0.06861471861471861, 0.0, 0.0, 0.4, 0.0
0.08876488095238094, 0.0, 0.0, 0.4, 0.0
0.15565476190476188, 0.2222222222222222, 0.0, 0.5, 0.0
0.11850459482038429, 0.0, 0.0, 0.4, 0.0
0.1383662408052652, 0.0, 0.0, 0.6666666666666667, 0.0
0.10870748299319727, 0.0, 0.0, 0.5, 0.0
0.12782312925170067, 0.0, 0.0, 0.5, 0.0
0.09710884353741496, 0.0, 0.0, 0.5, 0.0
0.10321637426900584, 0.0, 0.0, 0.5, 0.0
0.13302361595044523, 0.0, 0.0, 0.5, 0.0
0.0943452380952381, 0.0, 0.0, 0.5, 0.0
0.10111540111540111, 0.0, 0.0, 0.5, 0.0
0.10448979591836735, 0.0, 0.0, 0.5, 0.0
0.1007936507936508, 0.0, 0.0, 0.5, 0.0
0.12696324143692564, 0.0, 0.0, 0.6666666666666667, 0.0
0.10478174603174603, 0.0, 0.0, 0.4, 0.0
0.14877734877734877, 0.0, 0.0, 0.6666666666666667, 0.0
0.13013937282229968, 0.0, 0.0, 0.6666666666666667, 0.0
0.11969881969881971, 0.0, 0.0, 0.6666666666666667, 0.0
0.10272690272690273, 0.0, 0.0, 0.5, 0.0
0.128978428978429, 0.0, 0.0, 0.6666666666666667, 0.0
0.1059651817716334, 0.0, 0.0, 0.4, 0.0
0.10311507936507938, 0.0, 0.0, 0.6666666666666667, 0.0
0.1267636684303351, 0.0, 0.0, 0.6666666666666667, 0.0
0.11631393298059965, 0.0, 0.0, 0.5, 0.0
0.0456885456885457, 0.0, 0.0, 0.33333333333333337, 0.0
0.0671470342522974, 0.0, 0.0, 0.6666666666666667, 0.0
0.09735449735449736, 0.0, 0.0, 0.5, 0.0
0.10440287226001513, 0.0, 0.0, 0.5, 0.0
0.09033613445378151, 0.0, 0.0, 0.5, 0.0
0.13209671465485423, 0.0, 0.0, 0.6666666666666667, 0.0
0.03616780045351474, 0.0, 0.0, 0.4, 0.0
0.1483352690669764, 0.0, 0.0, 0.6666666666666667, 0.0
0.12211981566820278, 0.0, 0.0, 0.5, 0.0
0.1419799498746867, 0.0, 0.0, 0.6666666666666667, 0.0
0.09680272108843539, 0.0, 0.0, 0.6666666666666667, 0.0
0.1498069498069498, 0.2222222222222222, 0.0, 0.6666666666666667, 0.0
0.07644110275689223, 0.0, 0.0, 0.5, 0.0
0.10978835978835978, 0.0, 0.0, 0.33333333333333337, 0.0
0.0661531279178338, 0.0, 0.0, 0.4, 0.0
0.08689508323654664, 0.0, 0.0, 0.5, 0.0
0.12873015873015875, 0.0, 0.0, 0.6666666666666667, 0.0
0.0907936507936508, 0.0, 0.0, 0.4, 0.0
0.08961640211640211, 0.0, 0.0, 0.5, 0.0
0.15686918445539136, 0.0, 0.0, 0.6666666666666667, 0.0
0.07473544973544974, 0.0, 0.0, 0.6666666666666667, 0.0
0.09376153562200074, 0.0, 0.0, 0.33333333333333337, 0.0
0.10474426807760143, 0.0, 0.0, 0.6666666666666667, 0.0
0.10641923436041083, 0.0, 0.0, 0.5, 0.0
0.15529878618113915, 0.09999999999999998, 0.0, 0.6666666666666667, 0.0
0.12426587301587302, 0.0, 0.0, 0.6666666666666667, 0.0
0.11526077097505669, 0.0, 0.0, 0.4, 0.0
0.1408390022675737, 0.0, 0.0, 0.6666666666666667, 0.0
0.08936507936507936, 0.0, 0.0, 0.6666666666666667, 0.0
0.08763668430335096, 0.0, 0.0, 0.4, 0.0
0.08551587301587302, 0.0, 0.0, 0.5, 0.0
0.10102707749766572, 0.0, 0.0, 0.5, 0.0
0.10024565381708239, 0.0, 0.0, 0.5, 0.0
0.1328344671201814, 0.0, 0.0, 0.5, 0.0
0.05669934640522875, 0.0, 0.0, 0.4, 0.0
0.09568579568579567, 0.0, 0.0, 0.5, 0.0
0.09793233082706766, 0.0, 0.0, 0.5, 0.0
0.10358215358215359, 0.0, 0.0, 0.5, 0.0
0.12492877492877492, 0.0, 0.0, 0.4, 0.0
0.09889663182346109, 0.0, 0.0, 0.6666666666666667, 0.0
0.10944240944240945, 0.0, 0.0, 0.5, 0.0
0.0687830687830688, 0.0, 0.0, 0.6666666666666667, 0.0
0.10219780219780218, 0.0, 0.0, 0.5, 0.0
0.08642857142857142, 0.0, 0.0, 0.4, 0.0
0.08900226757369613, 0.0, 0.0, 0.5, 0.0
0.09997964997964998, 0.0, 0.0, 0.5, 0.0
0.1113832199546485, 0.0, 0.0, 0.4, 0.0
0.11393849206349206, 0.0, 0.0, 0.5, 0.0
0.057753357753357756, 0.0, 0.0, 0.6666666666666667, 0.0
0.11324955908289241, 0.0, 0.0, 0.6666666666666667, 0.0
0.1096938775510204, 0.0, 0.0, 0.5, 0.0
0.0865327380952381, 0.0, 0.0, 0.6666666666666667, 0.0
0.09271469271469271, 0.0, 0.0, 0.6666666666666667, 0.0
0.09223770809136662, 0.0, 0.0, 0.5, 0.0
0.11262786596119931, 0.0, 0.0, 0.4, 0.0
0.07070707070707072, 0.0, 0.0, 0.5, 0.0
0.12781954887218044, 0.0, 0.0, 0.5, 0.0
