0.6275583906833908, 0.6316198867046326, 0.5954296520472994, 0.6202964878812337, 0.6028603375687127, 0.612639386757034, 0.6225687044437045, 0.6126691132941136, 0.6180884162134163, 0.6120806630733103,        
0.6393282996959468, 0.6352188495010032, 0.6138282150994017, 0.6013613007363009, 0.6303527082938848, 0.5972158125099302, 0.6016547804047807, 0.5676824564324566, 0.6178085567916077, 0.622784669034669,        
0.6368860768860769, 0.6081130263333653, 0.5771040302290302, 0.6492742673992673, 0.5792618121880336, 0.6349077665254138, 0.6118995535869914, 0.6233517408517408, 0.570611471861472, 0.5917603461353462,        
0.6104412688784574, 0.59787783975284, 0.601729242979243, 0.6013511951011953, 0.6220729364797163, 0.5864117092058271, 0.6490903399801705, 0.6357341949989012, 0.5613984626484628, 0.5773153317270966,        
0.6240808497058499, 0.5813256650756653, 0.5864451874378347, 0.6107186563436564, 0.6285354147486504, 0.6099448944301886, 0.6321169462345935, 0.6183950417773949, 0.628096243425191, 0.6241548000022578,        
0.6344919432419434, 0.6117334517334517, 0.6063514726014728, 0.6076196311858078, 0.6138531335222515, 0.6170728400140164, 0.6171391340141342, 0.6261500982534266, 0.6093096391625804, 0.6072793872793876,        
0.625692663817664, 0.6170153280815047, 0.6049080739521917, 0.6360999376440553, 0.6197109603359606, 0.6219313094313097, 0.6205935037185035, 0.6062322329271483, 0.6176838439338439, 0.6059190809190812,        
0.6124902140343319, 0.6274015567765568, 0.6586189504939506, 0.6188405766346944, 0.63501819574188, 0.6043314736111347, 0.587860840715435, 0.6247677322677323, 0.6290326802826806, 0.5971801578051579,        
0.6357875646011241, 0.6422390645416962, 0.6433374495874497, 0.6353594322344323, 0.6300214228554208, 0.598686706811707, 0.6262565978083221, 0.616589405636059, 0.6326062472386004, 0.6127840215340215,        
0.6178665316165318, 0.6201092426092427, 0.6026182151182152, 0.6178975914777134, 0.6118977496968524, 0.609587102712103, 0.6199653315094494, 0.6032134069634072, 0.6366521904021903, 0.5883975283975286,        
0.6066375291375293, 0.6030108780108782, 0.6244538563288563, 0.622857556755862, 0.6127593362519836, 0.6084129147688473, 0.5944059471601846, 0.6203133903133903, 0.6231923443787851, 0.6301673557923559,        
0.6365906457008154, 0.6365701972319623, 0.6038860907610907, 0.5787819315760493, 0.6095389795389796, 0.6161989630739632, 0.6290529621038098, 0.6007563058410518, 0.5721689149630328, 0.6292401117401117,        
0.6076672385994422, 0.6277832352832352, 0.6231378575128577, 0.6423312825979824, 0.6405570355570357, 0.6470215378303613, 0.628614389423213, 0.6112990495343437, 0.6323261583188055, 0.6141004475750239,        
0.5837490096110787, 0.6191605113296289, 0.6240603269279741, 0.6388435139421983, 0.6100925191366369, 0.5838612667289139, 0.6085835692085695, 0.5838193350905216, 0.6314490483483507, 0.6321778915528918,        
0.6272245115995118, 0.6262309803486275, 0.6319353563103564, 0.6190496730937909, 0.6146909340659341, 0.6147369759869762, 0.6352795121545124, 0.6351007278973381, 0.5760291967919089, 0.6317235542235544,        
0.6562213480963481, 0.616690947940948, 0.6313408350908353, 0.6128004171754171, 0.6042108315413401, 0.6445942605869077, 0.6378037471787473, 0.6312128965805438, 0.6407754133121784, 0.6016127663186489,        
0.582268521708177, 0.6073514638955817, 0.6280191105191105, 0.6161183846110319, 0.6112953901089496, 0.6161801624301624, 0.6144193612413953, 0.6435939292189293, 0.6380848549598551, 0.6256542145126394,        
0.6499067367817368, 0.6096231687333383, 0.6278690753690754, 0.624414493781393, 0.6215939615939617, 0.6005634044143516, 0.6051544520294522, 0.6393357568357569, 0.6229532321007896, 0.6246833721833724,        
0.6197100897468547, 0.6299212824212824, 0.6318352551403401, 0.5915000331912099, 0.6416765520054996, 0.6239346424272896, 0.6113039506789508, 0.6604267723017723, 0.6376657625999732, 0.5925628514611566,        
0.6336061623561623, 0.6443099955599957, 0.6252313658563661, 0.6321658393349572, 0.6008373747711986, 0.591693537943538, 0.6039571730012908, 0.5953205692612472, 0.6190783467621703, 0.609195734820735,        
0.6108694506999595, 0.6050192862692865, 0.6125456215897394, 0.620527006518386, 0.5939314389314391, 0.6186558580308581, 0.6277221852221853, 0.627843888567573, 0.6015971065971069, 0.6251606292234411,        
0.5971692278309926, 0.6331406978098154, 0.623370055870056, 0.6018396151870731, 0.6235764941273418, 0.5981386900136904, 0.6727385096901548, 0.5956670963136483, 0.6465576325745818, 0.5992430716508486,        
0.5899451011951012, 0.6376341945091947, 0.6304841223591225, 0.6461925111925113, 0.5908954362630835, 0.6373587877264348, 0.5917392289775142, 0.6058557746120061, 0.6276499154440331, 0.6348202723202723,        
0.5952217689717689, 0.5667035701226878, 0.555007689750337, 0.6235819735819736, 0.6498637827314299, 0.6066320199408436, 0.6157071863321865, 0.6301511451511452, 0.6458419997758235, 0.6165853822103825,        
0.6340223896473897, 0.6155485949235951, 0.6113807720057721, 0.6110775063716241, 0.6065444291547232, 0.5788410894660896, 0.6081900003591181, 0.5550508968156029, 0.6320610870610871, 0.6328459503459506,        
0.6313255725755726, 0.6056545501282344, 0.6054429829429833, 0.6310666028886371, 0.6122107753357754, 0.6326136826136827, 0.6233270560856768, 0.6185908549511493, 0.6093719369143099, 0.6221260343686815,        
0.6328675844852317, 0.5836268823768826, 0.6108612667934704, 0.6334305524983492, 0.6362142487142488, 0.5894992954314989, 0.6246896542155163, 0.5789584027084028, 0.6162202739788951, 0.6185576460576462,        
0.628546892921893, 0.613990985865986, 0.5738927974097466, 0.6495895893322362, 0.6231771931771933, 0.6063178719428722, 0.6343743121285496, 0.6362344137344139, 0.6404796361046363, 0.6043156611906614,        
0.6305707024457025, 0.6109027084027084, 0.6177028581440348, 0.6128592934842935, 0.6098270017020018, 0.6131465293965296, 0.6331626941796432, 0.6075177096868275, 0.6303237252389795, 0.6206089772640122,        
0.6200147905157877, 0.6099641562141561, 0.6185013197725063, 0.6258132376882379, 0.6049459105709107, 0.6231580225330227, 0.6517676767676769, 0.6138702038702041, 0.590788928504446, 0.6167890674140675,        
0.5996651034151036, 0.6303366268807448, 0.6124354811854815, 0.5891637882814355, 0.6097391779595172, 0.6379253154253156, 0.6034666490916492, 0.6044325690649222, 0.5997890997891001, 0.5879388204388205,        
0.5948045663486842, 0.5912133658824836, 0.6141992498242501, 0.6272339697339699, 0.6262701752108533, 0.619324398368516, 0.6266518321603068, 0.6249520724096997, 0.6362221001553007, 0.6172061040811042,        
0.6194706872648049, 0.6384494903244902, 0.6221249560232613, 0.6285863156451392, 0.6346297343723816, 0.6155465830465832, 0.5929956536761124, 0.5796925296925297, 0.6109182946682947, 0.5988825403898935,        
0.6001943096783576, 0.6230056286306288, 0.6242182817182818, 0.6039509102009103, 0.6280400345841525, 0.6128661112852292, 0.6246764115514118, 0.6352953543631512, 0.6085267795929562, 0.6266882545559017,        
0.6024029172334258, 0.6376526972482855, 0.6104343341843343, 0.6251750423609845, 0.6373026048026049, 0.6104621767121768, 0.6187012306865252, 0.648588147963148, 0.6379800142667791, 0.5952176119549003,        
0.6153595478595479, 0.5954577135827139, 0.6117377067377068, 0.5875753718974058, 0.614068813811461, 0.6142493386243388, 0.645781088136565, 0.6315723288149758, 0.6177075239575238, 0.649820174378998,        
0.622256586006586, 0.6315595515595516, 0.58614528989529, 0.633350260850261, 0.6131210126972841, 0.5915915756356933, 0.5837824906574909, 0.622495143745144, 0.6231676425426425, 0.6148854455060837,        
0.644679714348832, 0.602941317941318, 0.5758542383542384, 0.5880453002879473, 0.6026604045671845, 0.6319139425389426, 0.5897596616346619, 0.5943248260546365, 0.5978702044143221, 0.6114982593659065,        
0.6445862130788601, 0.6234790862732039, 0.6465488215488215, 0.6217674745217119, 0.619647066680965, 0.5996164021164022, 0.6053388231354334, 0.6174950520289503, 0.6364015505191979, 0.5858320614570617,        
0.6326610657860658, 0.6397967038408215, 0.6349369040545512, 0.6129587202013673, 0.5927870740370741, 0.6251441151441153, 0.5763899880076352, 0.6246608021608024, 0.6436353080470728, 0.6244165674250423,        
0.6232601888851891, 0.5811514465926232, 0.606322354116472, 0.6197588291338295, 0.6200858169608169, 0.6298693626634805, 0.6444025010936774, 0.6037765992177759, 0.607619833869834, 0.6064208136634608,        
0.6582607451028502, 0.6453628316128317, 0.6018294668294669, 0.6401887695637696, 0.6265385309135308, 0.6351062132312132, 0.6525929394679392, 0.624712532837533, 0.5981181012960674, 0.6168597880462289,        
0.5855266492766495, 0.5994416000666002, 0.58074081011581, 0.6239809445567174, 0.6129850473600474, 0.6292686711436712, 0.6041666204166205, 0.6028647278647281, 0.5763269645497962, 0.6187775881525882,        
0.6197544585044584, 0.6165826303326305, 0.5831803381803385, 0.6301969217223455, 0.6192557469763353, 0.6137828144078143, 0.6403031690531692, 0.608826343148377, 0.6031768694268695, 0.6000553272979745,        
0.6298084642177364, 0.6329680912308032, 0.5994631525881527, 0.6360591260591261, 0.632858437858438, 0.5870272211448684, 0.6069109131609133, 0.6522143488319959, 0.5752008408258409, 0.6121904946904947,        
0.6289230073128378, 0.6507496629187808, 0.5981772054198529, 0.5875203962703964, 0.6171278843705313, 0.5973367835867837, 0.6283473118218883, 0.6506465511612569, 0.6376798664298665, 0.5990024096274097,        
0.6201646392822864, 0.6158904983904985, 0.6307414576164578, 0.6245979252229252, 0.6236743811743813, 0.6142719399337044, 0.6338484432234435, 0.623452935952936, 0.6334593415843417, 0.6195812602430252,        
0.5821312021312023, 0.66001406001406, 0.5964054382436735, 0.6271945143636319, 0.6079842473910271, 0.5903147900574374, 0.6319860613242966, 0.6376869658119658, 0.5750837942014414, 0.6325128806378807,        
0.6125755263255265, 0.602472130266248, 0.6610674510674511, 0.5973464960964961, 0.6016692347200822, 0.6362566259992731, 0.6303371818812996, 0.628328268953269, 0.6147869370576251, 0.6238847726347726,        
0.6614120601620601, 0.6090860990860992, 0.6553550112741289, 0.6089346995596998, 0.6073354192104194, 0.6118586043586045, 0.6140864010716953, 0.6392764996441468, 0.629692367817368, 0.5817873792873794,        
0.6216174525365703, 0.6099259550362492, 0.644258463924466, 0.6397558185693779, 0.6166588041588043, 0.6071789090539093, 0.6096082770715125, 0.6131853060732374, 0.611769133644134, 0.5885192585192586,        
0.6327505092946272, 0.6181528481097446, 0.608393759018759, 0.6047752601429074, 0.6274673365849837, 0.613984288946901, 0.605683009800657, 0.6527272324812895, 0.5868593674843677, 0.5929813201504379,        
0.6118011849261851, 0.6286000695927169, 0.6072130647130648, 0.6047035372035372, 0.5990319171569174, 0.5746084702334705, 0.6310021857504412, 0.612389334593282, 0.6291966094907272, 0.5940580253080253,        
0.6092889055389057, 0.5808068783068786, 0.591135484885485, 0.6385041578791578, 0.607339427813566, 0.6338555616496795, 0.6015218115218118, 0.6134576391041907, 0.6238972560663736, 0.6286517155161224,        
0.6190906080736591, 0.6192873792873796, 0.6310975829725831, 0.6408431383431384, 0.6412776535183659, 0.6461365486365487, 0.6195896886338063, 0.6509788234364505, 0.5831011581011581, 0.6296328399269577,        
0.6259282465900113, 0.609729390979391, 0.6087737725237725, 0.617300384800385, 0.6071052023195594, 0.6326232332482334, 0.63052716346834, 0.6314302441624422, 0.6183006345506349, 0.5588545314838421,        
0.6374684465860937, 0.6081840573219885, 0.5858365739721674, 0.6207465913715916, 0.6230880693380695, 0.622928410097528, 0.6271638437814909, 0.6183047630474101, 0.6155748418248417, 0.6035952010952013,        
0.5882558645058646, 0.6330035895477072, 0.6058390683390683, 0.6454542910792912, 0.6187245428770856, 0.5925308950308953, 0.6392299679936769, 0.6491197320459535, 0.6246824988736756, 0.6431120037370037,        
0.5922951816701817, 0.5930385355385357, 0.625123969168087, 0.6301408776408778, 0.5798987265088962, 0.60970510970511, 0.6475306828248006, 0.6232351676101676, 0.6045084545084546, 0.6189683233433235,        
0.5874134661634663, 0.5917122216019278, 0.620483821733822, 0.6267301448551452, 0.6295300070300072, 0.6233633958633962, 0.6338636132386134, 0.6223594461094464, 0.6389488520738521, 0.6278942313133492,        
0.6364143264143265, 0.6435113342896572, 0.6182078569578571, 0.6084591565841567, 0.6273507511007513, 0.6089355742296919, 0.62250259000259, 0.5943605006105008, 0.6451510989010988, 0.6157968882968885,        
0.6083734103587045, 0.5688013103454281, 0.605505313042078, 0.592570115070115, 0.5982345323521795, 0.6139110780287252, 0.6126461815021139, 0.5949088180338182, 0.638034928034928, 0.621108401832086,        
0.6407780414030415, 0.5978768916268918, 0.6188425313792961, 0.6221662621004729, 0.5881485981062254, 0.6062543012543014, 0.5863033045385987, 0.5939570852856858, 0.6258505111446289, 0.6147137584637588,        
0.6212731481481484, 0.6252258852258855, 0.6162802475302477, 0.6269621119621122, 0.6268850253776724, 0.6017421467421467, 0.595735343641625, 0.598841248205655, 0.6254705746231172, 0.5984862599086738,        
0.6279103766603769, 0.6114427239427241, 0.5927164815032463, 0.6388165728606905, 0.6182662496471072, 0.6084112415362417, 0.5887204230954234, 0.6168469615896087, 0.6311735024235025, 0.638725186850187,        
0.6482608132608134, 0.5930271933948406, 0.63267755840039, 0.6426621757871761, 0.6214468170718173, 0.5880831899581902, 0.6203800366300368, 0.6359808016058017, 0.6312521968771971, 0.6154478745655217,        
0.5837989978431156, 0.6026147463647464, 0.620988640988641, 0.6307842851592853, 0.613556347212857, 0.6319217975997637, 0.6022351491101492, 0.6296462333962336, 0.6272910654160655, 0.6440427587118766,        
0.6056214625631375, 0.61133436008436, 0.5952255614755617, 0.6053426665926669, 0.6112115662115662, 0.6276773879715057, 0.6244117810294283, 0.6167885275643898, 0.6094466181966183, 0.6108321825233591,        
0.5898721417471418, 0.6429533647180707, 0.6505661468161469, 0.5941893876820349, 0.6136237115050674, 0.6406976356976357, 0.6095223784929669, 0.6592649942649943, 0.6263432265840989, 0.6150297850297852,        
0.6117129629629631, 0.628778613100647, 0.6106714581714583, 0.6356956823133295, 0.6261810656882021, 0.5904327154327158, 0.6355132857338741, 0.6329229104229106, 0.6183187980601775, 0.5746454110860891,        
0.5997665829794446, 0.6224668999301355, 0.6337680837680839, 0.6378046153469883, 0.6101312195429844, 0.6125873420364949, 0.6062081396272575, 0.6012232402673582, 0.5918529972206444, 0.6342244854956718,        
0.6119493591920064, 0.5935297341547344, 0.5890956224455729, 0.5989008404449583, 0.6207293136131622, 0.6009345515595518, 0.6288491169847104, 0.6187149949861817, 0.6174540356158005, 0.6356105468605467,        
0.6271556684056684, 0.5774081705331707, 0.5785271672771675, 0.6336851928028401, 0.6429495645597341, 0.624831777699425, 0.6410643754393754, 0.6346040692383245, 0.6383194868856635, 0.5927429569341335,        
0.6125360044851571, 0.6147663642400486, 0.6268297905797908, 0.61146585168644, 0.5869092481592483, 0.6300693315399197, 0.6254875761493409, 0.6313112581862581, 0.6304654033330503, 0.6104984952411424,        
0.6202813390313392, 0.599548830798831, 0.6333616383616384, 0.6208325470825471, 0.5866604675926712, 0.6054315591815593, 0.6337351537351539, 0.5966275119216298, 0.5917196229696231, 0.5822209805260655,        
0.6311932511932511, 0.6167958321634794, 0.6313109344359344, 0.6065875056316232, 0.5973283031358805, 0.5838939301439302, 0.5988390544640545, 0.6137148397741617, 0.5897243687684863, 0.6129520710770712,        
0.6378810269251447, 0.621279183779184, 0.6104118335368336, 0.6567556286306286, 0.6038562091503269, 0.5810274910274913, 0.5788560780086205, 0.6488151894401895, 0.6088124211005566, 0.630614801864802,        
0.6263687701187703, 0.6219438323114796, 0.611834646834647, 0.6328446403814055, 0.613135746772337, 0.5726145151145151, 0.6238538187192225, 0.6134602625043802, 0.6167360186110187, 0.6099102833026065,        
0.6378763828763828, 0.6163458481255093, 0.5943617724867727, 0.6075561244311244, 0.6226383785705821, 0.6137582093832095, 0.6126348822884219, 0.6273588464266431, 0.6396816183705515, 0.5881510850260852,        
0.6074495371186549, 0.6340562215562215, 0.6082955007955009, 0.6180635042923182, 0.651944949114067, 0.6197785602197371, 0.6273862140038611, 0.6347035834535836, 0.5972779031970209, 0.608116039733687,        
0.6021117539867541, 0.6020482526732529, 0.6387654094271742, 0.6223084091834092, 0.6264015843409242, 0.6315013649204826, 0.6170533633033635, 0.5886063011063012, 0.6539548836240012, 0.6445303076553076,        
0.6053374063300535, 0.6166919238953138, 0.6623294951236129, 0.6348742788174494, 0.6080487105487106, 0.6142427017427019, 0.6001025023451495, 0.6179176147926148, 0.6483128445628448, 0.5977041599468073,        
0.6321550753168401, 0.5855130286380289, 0.6180150405150406, 0.6333193426943425, 0.6098476523476524, 0.618399054649055, 0.6256867791794263, 0.627478863728864, 0.6224183183374362, 0.6239139101639102,        
0.6125676638176639, 0.6110196190206162, 0.6150590109781288, 0.6351983201983205, 0.6058613132510192, 0.5965033237459709, 0.6160162522662523, 0.6072177359677363, 0.5935642511913699, 0.6136547249047248,        
0.6550269488137134, 0.6262806406556406, 0.6256848706848707, 0.6426169432419431, 0.6239620564620566, 0.6142230454730455, 0.6198398088839263, 0.614931161117602, 0.620740229638535, 0.6256889767482988,        
0.6078172533681011, 0.611132154882155, 0.5846634846634848, 0.5938705629882102, 0.6149649655899656, 0.6049028980278981, 0.6170797027047029, 0.6197730891113244, 0.6255718546159723, 0.6170837958337959,        
0.6327078368254838, 0.6143263218263217, 0.6364229057979058, 0.5894812023488497, 0.6158167502995092, 0.6359210234210234, 0.6242801874051875, 0.633270872253923, 0.6013693468840529, 0.6172920135420138,        
0.6172747160247163, 0.6162920875420874, 0.6419015937765938, 0.6279361148111148, 0.6173748242498245, 0.6180982171423349, 0.6406575328266506, 0.6178938763684526, 0.5904073935323937, 0.6223185610685609,        
0.6395468420468422, 0.6016235507411978, 0.62672588985089, 0.6424649503039335, 0.6314672827172829, 0.6194919405213525, 0.5897104515854518, 0.62925579184303, 0.5775273691450165, 0.5885850641732995,        
0.6499905932109323, 0.6392661165087637, 0.6024305786805789, 0.6243043568816251, 0.5909202262878737, 0.6120664289414289, 0.5921697284197285, 0.6280909062688723, 0.6286771027797949, 0.63488601669913,        
0.6244398257110123, 0.6191520344062719, 0.600839411133529, 0.6181762681762683, 0.6247970085470086, 0.605246928996929, 0.6294987882487885, 0.6092083610833612, 0.6203246521996525, 0.5939246864246864,        
0.6074788174788175, 0.6548796307270882, 0.6699973406223406, 0.6538566526066525, 0.6473393926335104, 0.6106444372620845, 0.6227378703671808, 0.5924599107788764, 0.5965062479892991, 0.6105831205831208,        
0.61449889299154, 0.6050793838929434, 0.6341314853447207, 0.615905945905946, 0.6394591989930972, 0.6122134578384578, 0.6122993767061564, 0.5835131303881306, 0.6139317164317166, 0.6171558326730742,        
0.5980984532708671, 0.6271957862399039, 0.6096016837193309, 0.617881794131794, 0.654113953856601, 0.6308150888659364, 0.6101978699405171, 0.607182154004188, 0.6094382931882933, 0.6068423937173938,        
0.6423572117537636, 0.5884337303330324, 0.623100048100048, 0.6266711297961299, 0.6317688058129236, 0.6049648499648502, 0.597970203054949, 0.6218058561808563, 0.6098549748182102, 0.630190060484178,        
0.6414525211135382, 0.6112924431889948, 0.6186342130092132, 0.6284830678580681, 0.6341687016687015, 0.5541118141118143, 0.6061824246015425, 0.6407054959144742, 0.6185506113472216, 0.6216626769916246,        
0.5999956062456063, 0.5907138059680435, 0.6159881322381324, 0.6122190028323932, 0.6350126956376955, 0.6310532754282757, 0.6302805204101316, 0.6249662960281108, 0.6220168720168722, 0.6309774716024719,        
0.6344224525474527, 0.588445350945351, 0.6187464537096891, 0.6348495948495948, 0.6068345208431416, 0.6231372793872795, 0.5966025970263261, 0.6204719950482663, 0.6291067266067267, 0.6241750501676974,        
0.6133626803479747, 0.6235892307583484, 0.5895657814407815, 0.6288934963503932, 0.6290321715321717, 0.6015703400629872, 0.586525789025789, 0.6291669613205008, 0.6536746874483664, 0.60384694009694,        
0.6077453687380159, 0.6159452530040765, 0.6010394004144003, 0.6278831816331817, 0.6342753776078802, 0.6065330620415367, 0.638417502311347, 0.6462687265653368, 0.6126569757925692, 0.593687848099613,        
