3 6 9 13 18 19 23 24 31 
3 8 9 14 17 20 23 26 27 
3 4 12 16 19 21 25 30 
2 7 11 13 17 20 22 26 27 
2 4 11 13 16 20 21 24 29 
2 4 12 13 18 19 23 26 27 
1 5 10 13 18 19 21 26 27 
1 7 9 14 17 19 23 26 27 
3 8 9 15 18 19 22 26 27 
2 7 10 15 17 20 22 26 27 
2 4 11 13 17 19 21 24 29 
3 7 12 16 20 21 25 31 
2 7 11 13 17 20 22 24 30 
1 4 10 14 17 19 22 25 30 
3 6 11 15 16 20 21 25 31 
2 8 9 13 17 19 23 26 27 
3 6 9 15 16 19 21 24 30 
1 4 10 15 16 20 21 26 27 
1 7 9 14 16 20 22 24 30 
2 4 11 14 16 20 22 25 30 
3 8 12 13 17 19 23 24 31 
3 7 10 14 18 19 22 26 27 
1 7 10 15 17 19 23 26 27 
2 4 10 16 19 23 25 30 
1 6 12 14 16 19 22 26 27 
2 5 12 14 18 19 21 26 27 
1 6 10 16 19 23 26 27 
2 7 12 15 17 20 23 24 31 
3 6 12 15 18 20 23 26 27 
3 6 12 15 17 19 23 26 27 
1 5 12 14 18 19 21 26 27 
2 6 10 13 16 19 23 25 30 
1 5 10 13 16 20 22 25 30 
1 8 12 15 18 19 22 25 31 
1 7 11 13 16 19 22 24 30 
2 6 10 16 20 21 24 30 
3 5 9 17 20 22 26 27 
3 5 11 14 16 19 21 25 30 
2 5 12 15 18 19 23 25 30 
2 5 12 14 16 20 22 24 30 
3 6 10 15 18 19 22 26 27 
3 8 12 15 16 20 22 26 27 
2 7 12 13 17 19 22 26 27 
3 8 11 13 16 20 22 26 27 
2 7 11 15 18 20 22 24 31 
2 8 12 14 16 19 22 24 30 
1 5 11 18 20 21 25 30 
1 8 12 13 18 20 21 26 27 
2 7 10 14 16 20 23 24 31 
3 6 10 15 16 19 22 25 31 
2 6 9 13 16 20 22 26 27 
3 7 12 15 16 19 22 24 30 
1 8 11 15 18 19 21 24 31 
2 5 12 15 16 20 23 24 30 
2 5 12 16 19 22 26 27 
3 5 9 14 17 19 23 26 27 
1 7 10 14 18 20 23 25 31 
1 5 12 13 16 20 21 26 27 
3 7 10 13 17 19 22 25 31 
3 4 9 16 19 22 25 30 
1 4 12 15 18 20 23 24 30 
2 5 11 15 18 19 21 26 27 
3 5 11 15 17 20 21 25 31 
3 6 9 13 16 19 21 24 30 
2 8 12 14 16 19 22 26 27 
1 8 11 14 17 19 21 24 31 
3 4 12 18 20 21 25 31 
3 6 12 13 16 20 23 25 31 
1 5 9 15 18 20 22 25 30 
3 6 10 16 19 23 24 31 
3 5 11 16 20 21 26 27 
2 6 9 16 20 22 25 31 
1 5 11 18 19 21 26 27 
1 5 9 18 19 21 26 27 
1 8 9 13 17 19 23 24 31 
3 6 12 15 16 19 23 26 27 
3 7 9 18 20 22 24 31 
3 7 12 14 18 20 22 25 31 
1 7 12 15 18 19 21 24 30 
2 6 12 14 16 19 23 24 30 
1 5 10 15 17 20 21 24 30 
3 4 12 16 20 21 24 30 
3 5 10 16 20 22 26 27 
3 6 11 17 20 22 24 31 
2 6 10 14 18 20 23 25 31 
2 5 9 14 17 19 21 25 30 
1 6 9 13 18 19 21 24 29 
2 6 10 18 19 23 25 31 
1 6 10 18 20 21 26 27 
2 5 12 14 18 20 22 26 27 
2 7 11 16 19 23 24 31 
3 6 9 15 18 20 23 24 31 
2 7 9 13 16 20 23 24 31 
3 8 11 13 17 20 23 24 31 
2 8 10 14 17 19 21 25 31 
1 7 9 15 16 20 23 25 31 
1 6 9 13 18 20 23 26 27 
2 4 11 18 19 21 25 30 
2 5 9 15 18 19 21 24 30 
1 7 11 18 20 22 24 30 
3 8 12 16 20 21 24 31 
1 7 11 15 17 20 21 25 31 
1 5 9 17 19 22 24 30 
3 6 12 18 19 21 26 27 
2 7 12 14 16 20 21 26 27 
1 4 10 13 17 20 23 24 30 
1 6 11 15 16 20 22 26 27 
3 7 12 13 16 20 21 24 31 
1 7 12 18 20 21 26 27 
1 5 9 14 16 19 23 26 27 
3 6 12 14 17 19 22 26 27 
1 8 12 13 18 20 22 26 27 
2 7 12 15 17 20 21 26 27 
1 5 12 15 16 19 21 26 27 
2 5 9 14 17 20 22 26 27 
1 4 10 18 20 22 24 30 
2 4 12 15 18 19 21 24 30 
2 5 12 14 18 20 21 26 27 
1 8 9 13 16 19 23 25 30 
3 8 10 13 16 20 21 25 31 
3 7 12 16 19 22 25 31 
3 8 10 13 18 19 23 24 31 
2 5 9 17 20 23 25 30 
2 8 9 14 16 20 21 25 31 
3 5 12 13 16 19 22 26 27 
2 6 12 15 17 19 21 25 31 
2 8 10 16 19 21 24 30 
2 8 11 15 18 19 21 25 31 
3 6 12 13 16 20 23 24 31 
2 6 9 14 18 20 23 25 31 
2 7 9 17 19 21 24 31 
1 5 12 13 18 19 21 24 30 
3 8 12 14 16 20 22 26 27 
3 6 12 15 17 19 23 24 31 
1 5 10 13 18 20 21 24 30 
3 5 11 13 17 20 23 26 27 
1 7 9 15 16 19 23 25 30 
1 6 10 13 18 20 23 26 27 
3 5 9 15 17 19 21 25 31 
3 8 10 18 20 23 24 31 
1 5 10 17 19 21 24 30 
3 8 11 15 16 20 23 25 31 
2 4 12 15 16 20 21 24 30 
3 6 9 14 18 20 21 25 31 
3 4 12 15 17 19 21 25 31 
2 4 12 17 20 22 26 27 
2 7 10 15 16 20 21 26 27 
2 5 10 15 16 19 23 26 27 
2 7 9 13 17 20 21 26 27 
1 4 12 13 16 19 21 25 30 
1 5 11 13 16 20 21 26 27 
3 6 11 14 16 19 23 24 31 
1 5 12 13 18 20 22 25 30 
2 8 12 18 19 23 24 31 
3 7 11 13 16 19 23 25 31 
1 4 11 14 17 19 21 25 30 
3 5 12 18 20 22 25 31 
3 8 9 14 16 19 22 25 31 
1 6 12 14 17 19 22 26 27 
1 4 11 13 17 19 21 26 27 
3 4 10 15 16 20 21 24 30 
2 7 12 13 16 19 22 24 30 
3 5 11 18 19 23 26 27 
1 4 11 18 19 22 25 30 
1 7 10 17 20 21 26 27 
2 8 9 13 16 19 22 26 27 
1 8 11 13 17 20 21 26 27 
2 5 9 14 16 20 21 25 30 
3 7 10 15 18 19 21 24 31 
1 7 10 18 20 22 24 30 
2 7 9 13 16 19 22 25 30 
2 8 9 13 16 19 21 24 30 
1 6 9 13 17 20 22 24 29 
2 5 11 14 18 19 22 26 27 
1 7 9 15 18 19 23 25 31 
1 8 10 14 16 19 23 25 31 
3 5 9 15 18 19 22 24 30 
3 8 9 13 17 19 21 26 27 
2 8 12 15 18 19 21 25 31 
1 6 10 15 16 20 22 24 30 
1 5 10 14 16 20 23 24 30 
2 5 11 18 19 23 24 30 
1 5 10 15 18 19 22 26 27 
1 8 10 18 19 22 24 31 
1 8 10 14 18 20 23 25 31 
3 6 12 13 16 19 22 24 30 
1 8 12 14 18 20 23 26 27 
3 5 11 16 19 21 26 27 
1 5 10 15 16 19 23 24 30 
1 4 11 17 20 22 25 30 
3 5 11 13 16 20 23 24 30 
2 5 11 16 19 23 25 30 
3 4 10 15 17 20 22 25 31 
2 5 11 13 17 19 21 25 30 
1 5 12 13 17 19 23 24 30 
1 7 12 16 19 21 25 30 
1 7 12 13 16 19 22 24 30 
2 7 10 14 17 19 23 26 27 
2 6 12 17 20 21 25 31 
1 7 9 13 16 19 23 25 30 
3 5 12 15 16 19 22 26 27 
2 4 9 17 19 22 26 27 
2 5 9 15 17 19 21 25 30 
1 7 10 15 17 20 22 24 30 
3 8 10 14 18 20 21 24 31 
1 5 9 16 20 23 25 30 
3 7 9 13 17 19 21 24 30 
1 4 9 14 17 20 23 24 30 
1 7 9 14 17 20 21 25 30 
1 5 12 16 19 21 24 29 
1 8 12 13 17 19 21 24 31 
3 6 12 16 19 23 26 27 
3 7 9 13 17 20 23 26 27 
2 6 9 14 17 20 23 25 30 
1 7 11 13 18 19 21 24 30 
1 5 10 15 17 20 22 26 27 
1 7 12 14 18 20 23 26 27 
1 8 11 18 20 23 24 31 
3 7 12 14 17 20 21 26 27 
3 7 9 13 18 20 23 26 27 
1 7 11 17 20 22 25 31 
3 8 12 13 18 19 21 25 31 
2 7 11 14 16 19 21 24 30 
3 6 12 17 20 22 26 27 
3 8 10 13 17 20 21 26 27 
2 6 9 13 18 19 21 25 30 
2 7 12 17 19 21 24 31 
1 8 9 13 17 19 22 25 31 
3 4 10 17 20 21 26 27 
1 6 9 15 18 19 22 26 27 
2 5 9 13 17 19 21 25 30 
1 7 10 16 20 23 26 27 
3 4 9 16 19 22 26 27 
2 6 10 13 16 20 22 24 30 
2 8 10 13 18 19 23 24 31 
1 5 11 15 17 19 23 24 30 
1 7 11 13 17 19 21 26 27 
2 4 9 18 19 21 24 30 
2 7 10 13 18 20 23 26 27 
1 5 12 17 20 23 24 30 
2 7 11 15 16 20 23 25 31 
1 5 9 15 17 20 21 24 30 
2 7 12 16 20 22 25 31 
2 6 11 13 16 19 21 25 30 
2 7 11 13 18 19 21 26 27 
2 4 9 16 19 21 25 30 
1 6 12 16 19 21 24 29 
2 4 9 16 19 23 25 30 
3 6 10 18 20 21 24 31 
2 8 9 15 16 20 21 24 31 
1 8 11 16 20 21 26 27 
1 6 11 14 16 20 22 26 27 
2 4 11 14 18 20 21 26 27 
1 5 9 15 18 19 21 25 30 
3 7 12 18 19 23 25 31 
3 8 9 15 18 20 22 26 27 
2 5 10 14 18 20 22 26 27 
3 8 9 14 17 19 21 25 31 
2 7 10 15 18 20 21 24 31 
2 5 9 13 16 20 21 26 27 
3 5 11 17 20 22 24 30 
3 7 12 14 18 20 21 24 31 
3 5 11 13 17 20 22 26 27 
3 8 10 14 18 20 23 24 31 
2 8 10 13 16 19 23 25 31 
3 5 11 14 17 19 21 26 27 
1 5 9 16 19 21 25 30 
3 8 10 13 16 20 21 24 30 
1 5 11 16 19 21 26 27 
1 8 10 14 18 20 21 25 31 
1 7 11 13 18 19 21 26 27 
2 5 12 14 18 20 23 24 30 
3 8 10 15 17 20 21 24 31 
2 7 9 15 16 20 21 24 31 
3 8 11 14 16 19 23 24 31 
2 8 11 15 17 20 22 25 31 
3 7 9 18 20 22 26 27 
3 8 9 14 16 20 22 26 27 
1 4 11 17 19 22 24 30 
3 8 12 15 17 20 22 26 27 
1 5 11 15 18 20 22 25 30 
3 4 9 15 17 19 23 24 31 
1 7 11 14 16 20 23 24 31 
2 4 9 14 18 20 22 25 30 
3 8 11 16 19 21 24 30 
3 5 9 18 19 21 25 31 
2 6 10 13 16 20 23 24 30 
2 6 12 13 16 19 22 24 30 
3 4 10 17 19 23 24 31 
2 5 10 15 16 20 22 25 30 
1 4 9 17 19 23 26 27 
3 5 11 14 18 19 21 24 30 
2 7 12 15 16 19 23 25 31 
3 8 9 15 18 20 21 25 31 
1 5 12 14 16 19 23 25 30 
2 4 10 15 16 20 22 26 27 
2 7 10 18 20 23 25 31 
1 4 11 13 18 20 21 24 30 
1 6 12 16 19 22 25 30 
1 5 9 15 17 20 21 25 30 
2 4 11 17 19 21 24 30 
2 7 12 14 17 19 22 24 31 
2 5 9 13 16 19 21 26 27 
1 6 9 15 18 19 23 26 27 
3 4 12 13 17 19 22 25 31 
3 8 12 15 17 19 23 24 31 
2 8 9 14 16 20 21 24 30 
2 6 12 17 20 22 25 31 
1 8 11 15 17 20 21 24 31 
1 5 12 14 16 20 21 26 27 
1 8 11 15 16 19 23 26 27 
1 5 12 16 19 21 26 27 
3 7 12 13 16 19 21 24 30 
1 5 10 15 16 20 22 26 27 
2 5 9 14 17 19 23 24 30 
2 4 10 15 18 19 21 24 30 
3 6 12 14 17 20 21 26 27 
2 8 10 13 17 20 21 26 27 
2 5 10 13 16 19 23 25 30 
1 7 11 13 16 19 23 24 30 
3 8 12 13 17 19 21 25 31 
1 8 12 16 20 21 26 27 
3 5 11 14 17 19 23 26 27 
3 6 10 13 16 20 22 26 27 
