0,0	 	 0,0	 0,0	 	 	 0,0	 0,0	 	 0,0        
0,1	 0,22222222222222224	 0,08333333333333333	 0,0	 	 	 0,5	 0,0	 	 0,0	        
0,0	 	 0,0	 0,0	 	 0,0	 0,5	 0,0	 0,0	 0,0	        
0,0	 0,0	 0,0	 	 	 0,0	 0,0	 0,0	 0,0	 0,0	        
0,0	 0,0	 0,0	 0,0	 	 	 0,0	 	 0,0	 	        
0,0	 0,0	 0,0	 0,0	 	 	 	 	 0,08	         
0,0	 0,0	 0,08333333333333333	 0,0	 	 	 0,0	 0,0	 	 0,0	        
0,125	 	 0,0	 	 	 	 0,0 0,0	 0,0	         
0,0	 0,0	 0,0	 0,0	 	 	 	 	 0,5 0,0        
0,125	 0,0	 0,0	 	 	 	 0,0	 0,0	 	 0,0        
0,0	 	 0,0	 0,0	 	 	 0,0	 	 0,0	         
0,0	 0,0	 0,0	 0,0	 	 0,0	 	 	 	 0,0        
0,0	 0,0	 0,0	 	 	 	 	 0,0 0,0 0,0        
0,0	 0,25	 0,0	 0,0	 	 	 0,5	 	 	 0,0        
0,0	 0,0	 0,0	 0,0	 	 	 	 0,5	 0,5	 0,5	        
0,22222222222222224	 	 0,0	 0,0	 	 	 0,0	 0,5	 0,0	 0,0	        
0,0	 0,0	 0,0	 0,0	 	 	 	 	 0,0 0,0        
	 	 0,0	 0,0	 	 0,0	 0,0	 0,0	 	 0,0        
0,0	 0,0	 0,1	 0,0	 	 	 0,0	 0,0	 	 0,0	        
0,125	 0,0	 0,0	 	 	 0,0	 0,0	 0,0	 	 0,0	        
0,0	 0,0	 0,0	 	 	 	 0,5	 	 0,0	         
	 0,5	 0,25	 	 	 0,0	 	 0,5 0,0	         
0,0	 	 0,0	 0,25	 	 	 0,0	 0,0	 	 0,0        
0,0	 0,0	 0,0	 0,0	 	 	 0,0	 	 0,0	 0,0	        
0,0	 0,0	 0,0	 	 	 0,0	 0,5	 0,0	 	 0,0	        
0,0	 	 0,0	 0,0	 	 	 0,0	 0,5	 	 0,0        
0,25	 0,0	 0,0	 0,5	 	 	 0,0	 0,0	 0,0	 0,0	        
0,0	 0,0	 0,11111111111111112	 0,0	 	 0,0	 	 	 0,5	 0,0	        
0,0	 	 0,0	 0,0	 	 	 	 0,5 0,0	         
0,0	 0,0	 0,0	 0,0	 	 	 0,0	 	 	 0,0        
0,0	 0,0	 0,13333333333333333	 0,0	 	 	 0,0	 	 0,0	 0,0	        
0,0	 	 0,0	 0,0	 	 	 	 	 0,0	         
0,0	 0,0	 0,0	 	 	 0,0	 	 	 0,0	         
0,1	 0,0	 0,0	 	 	 	 0,0	 0,0	 0,5	 0,0	        
0,0	 0,5	 0,0	 0,0	 	 	 	 0,5	 	 0,0        
0,0	 0,0	 0,0	 0,0	 	 	 	 	 0,0 0,0        
0,125	 0,0	 0,08333333333333333	 0,0	 	 	 	 0,5	 	 0,0        
0,0	 0,0	 0,0	 0,0	 	 	 	 0,0	 0,5	 0,0	        
0,0	 	 0,0	 	 	 0,0	 	 0,0 0,0	         
0,0	 0,0	 0,0	 0,5	 	 0,0	 	 0,0	 	 0,0	        
0,0	 0,0	 0,125	 0,0	 	 0,0	 0,0	 	 0,0	 	        
0,0	 0,0	 0,0	 0,5	 	 0,0	 	 0,5	 0,0	 0,0	        
	 	 0,0	 0,0	 	 	 0,0 0,0	 0,0	         
0,0	 	 0,0	 0,0	 	 	 0,0	 	 0,0	         
0,0	 0,5	 0,1	 0,0	 	 	 	 0,0	 0,0	 0,0	        
0,0	 0,0	 0,125	 	 	 	 0,0	 0,0	 	 0,0        
0,0	 0,0	 0,0	 	 	 	 	 	 0,0	         
0,0	 0,0	 0,0	 	 	 	 0,0	 0,0	 0,0	 0,0	        
0,0	 	 0,0	 	 	 	 0,0	 0,4	 0,0	         
	 0,0	 0,0	 	 	 	 0,0 0,0 0,25	         
0,0	 0,0	 0,0	 	 	 	 0,0	 0,0	 	 0,0        
0,0	 0,25	 0,0	 	 	 0,5	 0,5	 	 	 0,0        
0,0	 0,0	 0,0	 	 	 	 0,0	 0,5	 	 0,0        
0,0	 	 0,0	 	 	 	 	 	 0,0	         
0,0	 0,0	 0,0625	 0,0	 	 0,5	 	 0,0	 	 0,0	        
0,0	 	 0,0	 	 	 0,5	 0,0	 	 0,0 0,0        
0,0	 0,0	 0,0	 	 	 	 0,0	 0,0	 	 0,0        
0,0	 	 0,0	 	 	 0,0	 	 	 0,0	         
0,0	 0,0	 0,0	 0,0	 	 0,0	 	 0,0	 0,0	 0,0	        
0,0	 0,0	 0,0	 0,5	 	 	 0,0	 0,0	 0,0	 0,0	        
0,0	 0,0	 0,0	 	 	 	 0,0	 0,0	 	 0,0        
0,0	 0,0	 0,0	 	 0,5	 	 0,0	 	 	 0,0        
0,0	 0,0	 0,1	 0,0	 	 0,0	 	 0,0	 	 0,0	        
0,1	 0,0	 0,0	 0,0	 	 	 0,0	 	 	         
0,16666666666666666	 0,0	 0,0	 	 	 0,0	 	 0,0	 0,0	 0,0	        
0,0	 0,0	 0,0	 0,25	 	 	 	 0,5	 0,0	 0,0	        
	 	 0,5	 	 	 0,5 0,0 0,0 0,5 0,0        
0,16666666666666666	 0,0	 0,0	 0,0	 	 	 0,5	 0,0	 	 0,0	        
	 0,0	 0,0	 	 	 	 0,0 0,0 0,0	         
0,1	 0,0	 0,0	 0,0	 	 0,0	 0,5	 0,0	 	 0,0	        
0,25	 0,5	 0,0	 0,0	 	 	 	 0,0	 	 0,0        
0,0	 0,0	 0,0	 0,0	 	 0,5	 	 	 0,0	 0,0	        
0,0	 	 0,0	 0,0	 	 0,0	 0,0	 0,0	 0,0	 0,0	        
0,0	 0,0	 0,08333333333333333	 0,25	 	 	 	 	 0,5 0,0        
0,0	 0,5	 0,16666666666666666	 	 	 	 0,5	 	 0,0	         
0,0	 0,0	 0,0	 0,0	 	 	 0,0	 0,0	 	 0,0	        
0,0	 0,0	 0,0	 	 	 0,0	 	 0,5	 0,0	 	        
0,0	 0,0	 0,0	 0,0	 	 	 	 0,0	 	         
	 	 0,0	 	 	 0,0	 0,5	 0,0	 0,0	         
0,0	 0,25	 0,0	 0,0	 	 0,0	 	 0,5	 	 	        
0,0	 0,25	 0,0	 	 	 	 0,0	 0,0	 	 0,0        
	 0,0	 0,0	 0,0	 	 	 0,5	 0,0	 	 0,0        
0,0	 0,25	 0,0	 0,0	 	 	 0,0	 	 0,0	 0,0	        
0,0	 0,0	 0,125	 0,0	 	 	 0,0	 	 0,5	 0,0	        
0,0	 0,0	 0,08333333333333333	 0,25	 	 	 0,0	 0,0	 0,5	 0,0	        
0,0	 0,0	 0,08333333333333333	 	 	 0,5	 	 0,0	 	 0,0        
0,16666666666666666	 0,3333333333333333	 0,0	 	 	 	 0,0	 	 0,0 0,0        
0,0	 	 0,0	 0,0	 0,5	 	 0,0	 0,0	 	 0,5	        
0,0	 0,25	 0,0	 0,0	 	 	 	 	 0,0 0,0        
0,0	 0,0	 0,1	 	 	 	 0,5	 0,5	 0,0	 0,0	        
0,0	 0,0	 0,16666666666666666	 0,13333333333333333	 	 0,0	 0,5	 0,0	 	 0,0	        
0,0	 	 0,0	 0,0	 	 	 0,0	 	 0,0	         
0,0	 0,0	 0,0	 0,25	 	 	 0,0	 	 	 0,0        
0,0	 0,0	 0,0	 0,0	 	 0,0	 	 0,0	 0,0	 0,0	        
0,0	 	 0,0	 0,25	 	 	 0,0	 0,0	 0,0	 0,0	        
0,0	 	 	 0,0	 	 	 0,0 0,0 0,5 0,0        
0,0	 0,0	 0,0	 0,0	 	 	 	 	 0,0 0,0        
0,0	 0,0	 0,0	 0,0	 	 	 0,0	 	 	 0,0        
0,5	 	 0,0	 0,0	 	 0,0	 0,0	 0,0	 0,0	 0,0	        
0,08333333333333333	 	 0,0	 0,25	 	 	 0,5	 0,0	 	 0,0        
	 0,0	 0,0	 0,0	 	 0,0	 	 	 0,5 0,0        
0,0	 0,0	 0,0	 0,0	 	 	 	 0,0	 	 0,0        
0,0	 0,5833333333333334	 0,0	 	 	 	 	 0,0 0,0	         
0,0	 0,0	 0,0	 0,0	 	 0,0	 0,0	 0,5	 0,0	 0,0	        
0,0	 0,25	 0,0	 0,0	 	 0,25	 	 0,0	 	 0,0	        
0,0	 0,5	 0,0	 0,0	 	 	 0,0	 0,0	 	 0,0	        
0,0	 0,25	 0,0	 	 0,4	 	 0,0	 0,0	 	 0,0	        
0,0	 0,0	 0,0	 	 	 	 	 	 0,0	         
0,0	 0,25	 0,0	 0,0	 	 	 	 0,0	 0,0	 0,0	        
0,0	 0,0	 0,0	 0,0	 	 	 0,0	 0,0	 0,0	 0,0	        
0,0	 0,0	 0,16666666666666666	 0,4	 	 	 0,0	 	 0,0	 0,0	        
0,16666666666666666	 0,16666666666666666	 0,0	 0,0	 0,0	 	 0,0	 	 	 0,0	        
0,125	 0,0	 0,0	 0,0	 	 0,0	 0,5	 	 0,6666666666666667	 0,0	        
0,0	 0,0	 0,0	 0,0	 	 	 0,0	 0,0	 0,0	 0,0	        
0,0	 0,16666666666666666	 0,0	 0,0	 	 	 	 	 0,0	         
	 0,0	 0,0	 0,0	 	 	 0,5	 0,0	 0,0	 0,0	        
0,0	 0,0	 0,125	 0,0	 	 0,5	 	 0,0	 	 0,0	        
0,0	 0,0	 0,125	 	 	 	 0,0	 0,0	 0,4	 0,0	        
0,07142857142857142	 0,0	 0,25	 	 	 	 0,0	 0,5	 	 0,0        
0,0	 	 0,0	 0,0	 	 0,0	 0,0	 0,5	 	 0,0	        
0,0	 0,0	 0,08333333333333333	 0,0	 	 	 0,0	 0,0	 	 0,0	        
0,0	 0,0	 0,0	 0,0	 	 	 0,5	 	 0,5	 0,0	        
0,0	 	 0,0	 0,0	 	 	 0,0	 0,0	 	 0,0        
0,0	 0,0	 0,0	 0,0	 	 	 	 	 0,0 0,0        
0,0	 0,0	 0,07142857142857142	 	 	 0,0	 0,0	 0,0	 	 0,0	        
0,1	 	 0,5	 0,0	 	 	 	 	 0,0	         
0,5	 0,0	 0,0	 0,0	 	 	 	 	 0,0	         
0,0	 0,5	 0,0	 0,0	 	 0,0	 0,0	 	 	 0,5	        
	 0,0	 0,0	 0,0	 	 0,0	 0,5	 	 	 0,0        
0,16666666666666666	 0,0	 0,125	 	 	 	 	 0,0 0,0	         
0,0	 0,0	 0,1	 0,0	 	 	 0,0	 	 	 0,0        
0,0	 0,0	 0,0625	 0,0	 	 	 	 0,0	 	 0,0        
0,0	 0,0	 0,0	 0,0	 	 	 0,0	 0,0	 	 0,0	        
0,0	 0,0	 0,0	 	 	 0,5	 0,0	 0,0	 	 0,0	        
0,0	 0,16666666666666666	 0,0	 	 0,5	 	 	 0,0	 0,0	 0,0	        
0,0	 0,0	 0,0	 0,0	 	 	 	 	 0,0	         
0,0	 	 0,0	 0,5	 	 0,5	 0,0	 	 0,5	 0,0	        
0,0	 0,16666666666666666	 0,0	 0,0	 	 	 	 0,0	 0,0	 0,0	        
0,0	 0,5	 0,0	 0,25	 	 	 0,0	 0,0	 	 0,0	        
0,0	 	 0,0	 0,0	 	 	 0,0	 	 0,0	         
0,0	 0,0	 0,0	 	 	 	 0,0	 	 0,0	         
0,0	 	 0,0	 	 	 	 0,0 	 0,0	         
0,0	 0,0	 0,0	 0,0	 	 	 0,0	 	 	 0,0        
0,0	 0,5	 0,08333333333333333	 0,16666666666666666	 	 0,0	 0,0	 	 	 0,5	        
0,0	 	 0,0	 0,0	 	 	 	 	 0,0	         
0,0	 0,0	 0,0	 0,0	 	 	 0,0	 0,0	 	 0,0	        
0,0	 0,0	 0,1	 	 	 	 0,0	 	 	         
0,0	 0,25	 0,1	 	 	 	 0,5	 	 0,0 0,0        
0,0	 0,0	 0,0	 	 	 	 0,5	 0,0	 	 0,0        
0,0	 	 0,0	 0,0	 	 	 0,0	 	 0,0 0,0        
0,25	 0,0	 0,0	 	 	 0,0	 	 0,0	 0,0	 0,0	        
0,0	 0,25	 0,0	 	 0,5	 	 0,5	 0,0	 	 	        
0,25	 0,0	 0,25	 	 	 0,0	 	 0,0	 	 0,0        
0,0	 0,1	 0,0	 0,0	 	 	 0,0	 	 	 0,0        
0,0	 	 0,0	 0,0	 	 	 	 0,0 0,0 0,0        
0,0	 	 0,0	 	 	 	 	 	 0,0	         
0,0	 	 0,0	 	 0,5	 	 	 0,25	 0,0	         
0,0	 0,0	 0,125	 0,0	 	 	 0,0	 0,0	 0,0	 0,0	        
0,0	 0,0	 0,16666666666666666	 0,16666666666666666	 	 	 	 	 0,0	         
0,0	 	 0,0	 	 	 	 0,0	 0,5	 0,0	         
0,14285714285714285	 0,0	 0,0	 0,25	 	 	 0,0	 0,0	 0,4	 0,0	        
0,0	 0,0	 0,125	 0,0	 	 	 0,0	 	 0,5	 0,0	        
0,0	 	 0,0	 0,0	 	 	 0,0	 0,5	 0,0	 0,5	        
0,0	 0,16666666666666666	 0,0	 	 	 	 	 0,0 0,0	         
0,0	 0,0	 0,0	 0,0	 	 0,0	 0,0	 0,0	 	 0,0	        
0,0	 0,0	 0,0	 0,0	 	 	 0,0	 0,0	 0,0	 0,0	        
0,0	 0,2	 0,5	 0,0	 	 	 0,0	 	 	 0,0        
0,0	 0,0	 	 0,0	 	 0,0	 0,0	 	 0,5	 0,0	        
0,0	 0,0	 0,0	 0,0	 	 	 0,0	 	 0,0	 0,0	        
0,0	 0,5	 0,0	 0,25	 	 	 	 0,0	 0,0	 0,0	        
0,0	 	 0,0	 0,0	 	 	 	 	 0,0	         
	 	 0,0	 0,0	 	 	 0,0 0,0 0,0	         
0,0	 0,0	 0,0	 	 	 	 	 0,0 0,07142857142857142	         
0,0	 0,0	 0,0	 0,0	 	 	 0,0	 	 	 0,0        
0,0	 0,0	 0,0	 0,5	 	 0,5	 	 0,0	 	 0,5	        
	 0,0	 0,0	 0,0	 	 0,5	 0,0	 	 	 0,0        
0,0	 0,0	 0,0	 	 	 	 0,0	 0,0	 0,0	 0,0	        
0,125	 0,0	 0,0	 	 	 	 0,5	 0,0	 0,5	 0,0	        
0,2	 0,0	 0,1	 0,0	 	 	 0,0	 0,0	 	 0,0	        
0,0	 0,0	 0,0	 0,0	 	 	 0,0	 0,0	 	 0,0	        
0,125	 	 0,0	 0,0	 	 0,0	 0,5	 0,0	 	 0,0	        
	 0,0	 0,0	 0,25	 	 	 0,0	 0,5	 	 0,0        
0,0	 0,0	 0,0	 	 	 	 0,0	 0,0	 	 0,0        
0,125	 0,5	 0,0	 0,0	 	 	 	 	 0,0	         
0,0	 	 0,0	 	 	 	 0,0 0,0	 0,0	         
0,25	 0,0	 0,0	 0,0	 	 0,0	 0,0	 0,25	 	 0,0	        
0,25	 	 0,0	 0,0	 	 0,0	 0,0	 	 	 0,0        
0,45	 0,5	 0,0	 	 	 	 0,0	 0,0	 0,5	 0,0	        
0,0	 0,0	 0,0	 0,0	 	 	 0,0	 0,0	 	 0,0	        
0,0	 0,25	 0,0	 0,0	 	 	 	 0,0	 	 0,0        
0,0	 0,0	 0,0	 0,0	 	 0,0	 	 0,0	 	 0,0	        
0,0	 0,0	 0,0	 	 	 0,0	 0,5	 0,0	 	 0,0	        
0,0	 0,4	 0,0	 0,0	 	 	 	 	 0,16666666666666666	         
0,08333333333333333	 0,5	 0,125	 0,4	 	 	 0,5	 	 	 0,0        
0,0	 0,0	 0,0	 0,0	 	 	 0,0	 0,0	 	 0,0	        
0,0	 0,0	 0,0	 0,0	 	 	 0,0	 0,0	 0,0	 0,0	        
0,26	 0,0	 0,0	 	 	 	 0,5	 0,0	 0,5	 0,0	        
0,1	 0,0	 0,0	 0,0	 	 	 0,0	 0,0	 0,0	 0,0	        
0,125	 0,0	 0,25	 0,0	 0,5	 	 0,25	 	 	 0,0	        
0,0	 	 0,0	 0,0	 	 	 	 0,0	 0,0	         
