0.5982142857142857, , 0.5714285714285714, 0.7142857142857143, , , 0.5714285714285714, 0.5714285714285714, , 0.5714285714285714        
0.6119047619047618, 0.6285714285714286, 0.6130952380952381, 0.5714285714285714, , , 0.6666666666666667, 0.5714285714285714, , 0.5714285714285714,        
0.6190476190476191, , 0.5357142857142857, 0.5714285714285714, , 0.5714285714285714, 0.6, 0.5714285714285714, 0.625, 0.5714285714285714,        
0.5714285714285714, 0.33333333333333337, 0.5714285714285714, , , 0.5714285714285714, 0.33333333333333337, 0.5714285714285714, 0.5714285714285714, 0.33333333333333337,        
0.625, 0.5099206349206349, 0.5714285714285714, 0.625, , , 0.5714285714285714, , 0.5714285714285714, ,        
0.5919642857142857, 0.33333333333333337, 0.5595238095238095, 0.5714285714285714, , , , , 0.5452380952380953,         
0.5714285714285714, 0.5952380952380952, 0.6071428571428572, 0.5982142857142857, , , 0.33333333333333337, 0.5714285714285714, , 0.5714285714285714,        
0.6205357142857143, , 0.5714285714285714, , , , 0.625 0.625, 0.5714285714285714,         
0.625, 0.5714285714285714, 0.5714285714285714, 0.625, , , , , 0.7142857142857143 0.0        
0.5848214285714286, 0.5714285714285714, 0.625, , , , 0.5714285714285714, 0.5714285714285714, , 0.0        
0.5714285714285714, , 0.33333333333333337, 0.5714285714285714, , , 0.5714285714285714, , 0.5714285714285713,         
0.5714285714285714, 0.33333333333333337, 0.6190476190476191, 0.625, , 0.5714285714285714, , , , 0.0        
0.625, 0.5714285714285714, 0.4920634920634921, , , , , 0.6666666666666667 0.625 0.0        
0.5714285714285714, 0.6607142857142857, 0.5873015873015873, 0.5714285714285714, , , 0.7142857142857143, , , 0.0        
0.6011904761904763, 0.625, 0.4523809523809524, 0.5714285714285714, , , , 0.6666666666666667, 0.6666666666666667, 0.6666666666666667,        
0.6190476190476191, , 0.5714285714285714, 0.5714285714285714, , , 0.33333333333333337, 0.6666666666666667, 0.625, 0.5714285714285714,        
0.5982142857142857, 0.5714285714285714, 0.5982142857142857, 0.5714285714285714, , , , , 0.0 0.0        
, , 0.5714285714285714, 0.5714285714285714, , 0.5714285714285714, 0.5714285714285714, 0.625, , 0.0        
0.6035714285714285, 0.5, 0.6011904761904763, 0.5, , , 0.33333333333333337, 0.625, , 0.625,        
0.6023809523809525, 0.5714285714285714, 0.5535714285714286, , , 0.5714285714285714, 0.625, 0.625, , 0.5714285714285714,        
0.5714285714285714, 0.5714285714285714, 0.5550595238095237, , , , 0.6666666666666667, , 0.5985449735449735,         
, 0.6666666666666667, 0.6190476190476191, , , 0.5714285714285714, , 0.6666666666666667 0.6190476190476191,         
0.5714285714285714, , 0.5714285714285714, 0.5857142857142856, , , 0.5714285714285714, 0.5714285714285714, , 0.6666666666666667        
0.5982142857142857, 0.625, 0.5669642857142857, 0.625, , , 0.625, , 0.625, 0.5714285714285714,        
0.5848214285714286, 0.5714285714285714, 0.6031746031746031, , , 0.5714285714285714, 0.6666666666666667, 0.5714285714285714, , 0.5714285714285714,        
0.5982142857142857, , 0.5714285714285714, 0.5714285714285714, , , 0.625, 0.7142857142857143, , 0.0        
0.6, 0.5714285714285714, 0.5558441558441558, 0.5, , , 0.5714285714285714, 0.5714285714285714, 0.625, 0.5,        
0.5714285714285714, 0.5714285714285714, 0.6011904761904762, 0.5357142857142857, , 0.5714285714285714, , , 0.7142857142857143, 0.5714285714285714,        
0.7142857142857143, , 0.5714285714285714, 0.5714285714285714, , , , 0.6666666666666667 0.47619047619047616,         
0.6086309523809523, 0.5, 0.5714285714285714, 0.5892857142857143, , , 0.5714285714285714, , , 0.0        
0.5892857142857143, 0.5714285714285714, 0.5892857142857143, 0.5982142857142857, , , 0.33333333333333337, , 0.5714285714285714, 0.5714285714285714,        
0.6038961038961039, , 0.625, 0.5714285714285714, , , , , 0.5714285714285714,         
0.5821428571428571, 0.4523809523809524, 0.592687074829932, , , 0.5714285714285714, , , 0.5848214285714286,         
0.6011904761904763, 0.4791666666666667, 0.5714285714285714, , , , 0.625, 0.7272727272727273, 0.6666666666666667, 0.6363636363636364,        
0.5714285714285714, 0.6666666666666667, 0.5714285714285714, 0.5714285714285714, , , , 0.7142857142857143, , 0.0        
0.621031746031746, 0.4523809523809524, 0.4523809523809524, 0.5714285714285714, , , , , 0.625 0.0        
0.6190476190476191, 0.5714285714285714, 0.6051587301587302, 0.625, , , , 0.7142857142857143, , 0.0        
0.5714285714285714, 0.4166666666666667, 0.5982142857142857, 0.5714285714285714, , , , 0.5714285714285714, 0.6666666666666667, 0.625,        
0.594047619047619, , 0.5714285714285714, , , 0.5714285714285714, , 0.0 0.5099206349206349,         
0.625, 0.5714285714285714, 0.5345238095238095, 0.6666666666666667, , 0.5714285714285714, , 0.5714285714285714, , 0.625,        
0.5714285714285714, 0.5857142857142856, 0.5357142857142858, 0.5714285714285714, , 0.5714285714285714, 0.5714285714285714, , 0.5714285714285714, ,        
0.5982142857142857, 0.5714285714285714, 0.5669642857142857, 0.6666666666666667, , 0.5714285714285714, , 0.6666666666666667, 0.625, 0.5714285714285714,        
, , 0.5714285714285714, 0.5555555555555556, , , 0.5714285714285714 0.625, 0.5714285714285714,         
0.5714285714285714, , 0.5714285714285714, 0.625, , , 0.625, , 0.5982142857142857,         
0.5761904761904761, 0.5714285714285714, 0.5523809523809524, 0.5714285714285714, , , , 0.5714285714285714, 0.5714285714285714, 0.5714285714285714,        
0.6071428571428571, 0.625, 0.6035714285714285, , , , 0.5714285714285714, 0.625, , 0.0        
0.5714285714285714, 0.5714285714285714, 0.5126777983920842, , , , , , 0.5714285714285714,         
0.5714285714285714, 0.5714285714285714, 0.5848214285714286, , , , 0.5714285714285714, 0.5714285714285714, 0.5714285714285714, 0.6666666666666667,        
0.5714285714285714, , 0.5714285714285714, , , , 0.5714285714285714, 0.625, 0.5714285714285714,         
, 0.5857142857142856, 0.5714285714285714, , , , 0.33333333333333337 0.0 0.6190476190476191,         
0.625, 0.4920634920634921, 0.33333333333333337, , , , 0.625, 0.6666666666666667, , 0.0        
0.5357142857142857, 0.6458333333333334, 0.5079365079365079, , , 0.625, 0.5714285714285714, , , 0.0        
0.625, 0.6031746031746031, 0.5761904761904761, , , , 0.5, 0.7142857142857143, , 0.0        
0.5714285714285714, , 0.5714285714285714, , , , , , 0.5714285714285714,         
0.5714285714285714, 0.5714285714285714, 0.5744047619047619, 0.6666666666666667, , 0.6, , 0.5714285714285714, , 0.625,        
0.6625, , 0.5714285714285714, , , 0.6666666666666667, 0.33333333333333337, , 0.625 0.0        
0.5714285714285714, 0.4523809523809524, 0.5238095238095238, , , , 0.625, 0.625, , 0.5714285714285714        
0.5982142857142857, , 0.5714285714285714, , , 0.5714285714285714, , , 0.5714285714285714,         
0.5848214285714286, 0.4523809523809524, 0.5, 0.5714285714285714, , 0.5714285714285714, , 0.625, 0.625, 0.5714285714285714,        
0.5714285714285714, 0.625, 0.5714285714285714, 0.6666666666666667, , , 0.5714285714285714, 0.6666666666666667, 0.625, 0.5714285714285714,        
0.5714285714285714, 0.5714285714285714, 0.5982142857142857, , , , 0.5714285714285714, 0.5714285714285714, , 0.0        
0.6035714285714285, 0.5714285714285714, 0.552721088435374, , 0.6666666666666667, , 0.5714285714285714, , , 0.0        
0.6111111111111112, 0.5714285714285714, 0.5642857142857143, 0.625, , 0.5714285714285714, , 0.5714285714285714, , 0.6666666666666667,        
0.5982142857142857, 0.5848214285714286, 0.5714285714285714, 0.5714285714285714, , , 0.5714285714285714, , ,         
0.6142857142857142, 0.5111111111111111, 0.5714285714285714, , , 0.5714285714285714, , 0.5714285714285714, 0.625, 0.5714285714285714,        
0.5714285714285714, 0.625, 0.6078571428571429, 0.5625, , , , 0.75, 0.5714285714285714, 0.6,        
, , 0.7142857142857143, , , 0.6 0.5714285714285714 0.5714285714285714 0.7142857142857143 0.0        
0.6488095238095238, 0.5857142857142856, 0.5714285714285714, 0.5714285714285714, , , 0.625, 0.5714285714285714, , 0.6363636363636364,        
, 0.5714285714285714, 0.5714285714285714, , , , 0.0 0.0 0.5714285714285714,         
0.6119047619047618, 0.4791666666666667, 0.6038961038961039, 0.625, , 0.5714285714285714, 0.7142857142857143, 0.5714285714285714, , 0.5,        
0.5857142857142856, 0.6, 0.6071428571428571, 0.5714285714285714, , , , 0.5714285714285714, , 0.5714285714285714        
0.5982142857142857, 0.33333333333333337, 0.6031746031746031, 0.5982142857142857, , 0.6, , , 0.6, 0.625,        
0.5714285714285714, , 0.5714285714285714, 0.625, , 0.5714285714285714, 0.5714285714285714, 0.6666666666666667, 0.625, 0.33333333333333337,        
0.5843253968253969, 0.625, 0.6121031746031748, 0.5857142857142856, , , , , 0.5 0.0        
0.5848214285714286, 0.6, 0.621031746031746, , , , 0.6666666666666667, , 0.4920634920634921,         
0.5982142857142857, 0.625, 0.625, 0.625, , , 0.5714285714285714, 0.5714285714285714, , 0.625,        
0.6142857142857142, 0.5892857142857143, 0.5345238095238095, , , 0.5714285714285714, , 0.7142857142857143, 0.625, ,        
0.625, 0.5714285714285714, 0.5714285714285714, 0.5714285714285714, , , , 0.6666666666666667, ,         
, , 0.5714285714285714, , , 0.5099206349206349, 0.6, 0.625, 0.5119047619047619,         
0.580952380952381, 0.4666666666666667, 0.6071428571428571, 0.5714285714285714, , 0.5714285714285714, , 0.6, , ,        
0.5982142857142857, 0.5547619047619048, 0.587012987012987, , , , 0.625, 0.625, , 0.0        
, 0.5714285714285714, 0.5714285714285714, 0.5714285714285714, , , 0.6666666666666667, 0.5714285714285714, , 0.0        
0.5848214285714286, 0.6125, 0.5873015873015873, 0.5982142857142857, , , 0.625, , 0.6, 0.6666666666666667,        
0.5904761904761905, 0.5857142857142856, 0.5952380952380952, 0.5982142857142857, , , 0.625, , 0.6, 0.5714285714285714,        
0.5714285714285714, 0.33333333333333337, 0.641468253968254, 0.6190476190476191, , , 0.625, 0.6, 0.625, 0.5714285714285714,        
0.5714285714285714, 0.33333333333333337, 0.5476190476190476, , , 0.5, , 0.6666666666666667, , 0.5714285714285714        
0.5892857142857143, 0.5333333333333333, 0.5857142857142856, , , , 0.5714285714285714, , 0.625 0.0        
0.5892857142857143, , 0.5714285714285714, 0.5982142857142857, 0.6666666666666667, , 0.6, 0.625, , 0.6666666666666667,        
0.5982142857142857, 0.4666666666666667, 0.5982142857142857, 0.625, , , , , 0.625 0.5714285714285714        
0.6, 0.5714285714285714, 0.6202380952380953, , , , 0.625, 0.6666666666666667, 0.5714285714285714, 0.5714285714285714,        
0.5821428571428571, 0.4523809523809524, 0.6507936507936508, 0.5892857142857143, , 0.5714285714285714, 0.7142857142857143, 0.5714285714285714, , 0.5714285714285714,        
0.6071428571428571, , 0.5714285714285714, 0.5982142857142857, , , 0.5714285714285714, , 0.5714285714285714,         
0.6220238095238095, 0.5714285714285714, 0.5892857142857143, 0.5857142857142856, , , 0.625, , , 0.0        
0.6035714285714285, 0.4523809523809524, 0.5491496598639455, 0.5714285714285714, , 0.5714285714285714, , 0.625, 0.625, 0.33333333333333337,        
0.625, , 0.625, 0.6190476190476191, , , 0.5714285714285714, 0.5714285714285714, 0.625, 0.625,        
0.5714285714285714, , , 0.5714285714285714, , , 0.5714285714285714 0.625 0.6666666666666667 0.0        
0.6190476190476191, 0.5714285714285714, 0.5982142857142857, 0.5714285714285714, , , , , 0.5714285714285714 0.0        
0.5714285714285714, 0.5714285714285714, 0.5034013605442177, 0.5714285714285714, , , 0.33333333333333337, , , 0.0        
0.75, , 0.5714285714285714, 0.625, , 0.5714285714285714, 0.5, 0.625, 0.625, 0.5714285714285714,        
0.5962301587301587, , 0.5714285714285714, 0.625, , , 0.625, 0.6666666666666667, , 0.0        
, 0.33333333333333337, 0.6666666666666667, 0.5714285714285714, , 0.5714285714285714, , , 0.6 0.0        
0.5982142857142857, 0.5714285714285714, 0.6029761904761904, 0.5625, , , , 0.625, , 0.0        
0.5714285714285714, 0.6666666666666667, 0.6626984126984127, , , , , 0.5714285714285714 0.33333333333333337,         
0.5714285714285714, 0.4523809523809524, 0.5714285714285714, 0.625, , 0.4285714285714286, 0.625, 0.6666666666666667, 0.6, 0.625,        
0.5982142857142857, 0.4791666666666667, 0.5952380952380952, 0.5714285714285714, , 0.5714285714285714, , 0.5714285714285714, , 0.6666666666666667,        
0.5982142857142857, 0.6, 0.5714285714285714, 0.5982142857142857, , , 0.33333333333333337, 0.5714285714285714, , 0.5714285714285714,        
0.625, 0.55, 0.6157738095238094, , 0.5, , 0.33333333333333337, 0.5714285714285714, , 0.625,        
0.5714285714285714, 0.5982142857142857, 0.4920634920634921, , , , , , 0.5714285714285714,         
0.5714285714285714, 0.5, 0.5982142857142857, 0.5714285714285714, , , , 0.6666666666666667, 0.625, 0.6666666666666667,        
0.5785714285714285, 0.5714285714285714, 0.5848214285714286, 0.6190476190476191, , , 0.5714285714285714, 0.5714285714285714, 0.5714285714285714, 0.33333333333333337,        
0.5714285714285714, 0.5714285714285714, 0.5654761904761905, 0.625, , , 0.5714285714285714, , 0.625, 0.5714285714285714,        
0.6507936507936508, 0.6031746031746031, 0.5406746031746031, 0.5714285714285714, 0.6666666666666667, , 0.5, , , 0.5714285714285714,        
0.5982142857142857, 0.625, 0.5714285714285714, 0.5982142857142857, , 0.5714285714285714, 0.625, , 0.7142857142857143, 0.5714285714285714,        
0.6220238095238095, 0.5714285714285714, 0.6011904761904763, 0.6, , , 0.5714285714285714, 0.6666666666666667, 0.5, 0.5714285714285714,        
0.5848214285714286, 0.6126984126984126, 0.6036641929499073, 0.625, , , , , 0.5714285714285714,         
, 0.5714285714285714, 0.5714285714285714, 0.625, , , 0.6, 0.625, 0.5714285714285714, 0.6666666666666667,        
0.6038961038961039, 0.5982142857142857, 0.6398809523809523, 0.625, , 0.6, , 0.5714285714285714, , 0.5714285714285714,        
0.6586538461538461, 0.33333333333333337, 0.6049107142857143, , , , 0.5714285714285714, 0.5714285714285714, 0.5714285714285714, 0.5714285714285714,        
0.5865646258503402, 0.5714285714285714, 0.6157738095238094, , , , 0.5714285714285714, 0.6666666666666667, , 0.0        
0.5714285714285714, , 0.5714285714285714, 0.625, , 0.5714285714285714, 0.33333333333333337, 0.7, , 0.625,        
0.5982142857142857, 0.625, 0.5565476190476191, 0.5357142857142857, , , 0.5714285714285714, 0.5714285714285714, , 0.5714285714285714,        
0.5982142857142857, 0.33333333333333337, 0.5714285714285714, 0.5982142857142857, , , 0.6666666666666667, , 0.7142857142857143, 0.7,        
0.5714285714285714, , 0.5714285714285714, 0.625, , , 0.625, 0.625, , 0.0        
0.5698051948051948, 0.4523809523809524, 0.5988095238095238, 0.625, , , , , 0.0 0.0        
0.5892857142857143, 0.625, 0.572278911564626, , , 0.5714285714285714, 0.5714285714285714, 0.6666666666666667, , 0.625,        
0.6385714285714286, , 0.6666666666666667, 0.5714285714285714, , , , , 0.5714285714285714,         
0.75, 0.5714285714285714, 0.5892857142857143, 0.625, , , , , 0.5450680272108842,         
0.5714285714285714, 0.6666666666666667, 0.5714285714285714, 0.5714285714285714, , 0.5714285714285714, 0.4523809523809524, , , 0.6666666666666667,        
, 0.5, 0.5714285714285714, 0.5714285714285714, , 0.5714285714285714, 0.7142857142857143, , , 0.0        
0.6126984126984126, 0.625, 0.5476190476190477, , , , , 0.0 0.5714285714285714,         
0.5982142857142857, 0.5714285714285714, 0.580952380952381, 0.6666666666666667, , , 0.33333333333333337, , , 0.0        
0.5714285714285714, 0.5714285714285714, 0.5639880952380951, 0.5982142857142857, , , , 0.5714285714285714, , 0.0        
0.5714285714285714, 0.5982142857142857, 0.5714285714285714, 0.5714285714285714, , , 0.5714285714285714, 0.6363636363636364, , 0.5714285714285714,        
0.5714285714285714, 0.625, 0.5848214285714286, , , 0.6, 0.5714285714285714, 0.625, , 0.5714285714285714,        
0.5714285714285714, 0.6321428571428571, 0.5952380952380952, , 0.6666666666666667, , , 0.5714285714285714, 0.5714285714285714, 0.6666666666666667,        
0.6086309523809523, 0.5714285714285714, 0.5714285714285714, 0.6125, , , , , 0.5714285714285714,         
0.6071428571428571, , 0.5714285714285714, 0.7142857142857143, , 0.6, 0.5714285714285714, , 0.7142857142857143, 0.625,        
0.5714285714285714, 0.621031746031746, 0.5848214285714286, 0.5555555555555556, , , , 0.625, 0.625, 0.6666666666666667,        
0.6035714285714285, 0.625, 0.5928571428571429, 0.6125, , , 0.5714285714285714, 0.625, , 0.5714285714285714,        
0.5785714285714285, , 0.5714285714285714, 0.5714285714285714, , , 0.33333333333333337, , 0.5714285714285714,         
0.5714285714285714, 0.5714285714285714, 0.6031746031746031, , , , 0.625, , 0.5714285714285714,         
0.5714285714285714, , 0.5714285714285714, , , , 0.625 , 0.5714285714285714,         
0.6031746031746031, 0.5714285714285714, 0.5714285714285714, 0.625, , , 0.33333333333333337, , , 0.0        
0.5714285714285714, 0.6666666666666667, 0.6041666666666666, 0.6031746031746031, , 0.5714285714285714, 0.33333333333333337, , , 0.6666666666666667,        
0.5988095238095238, , 0.5714285714285714, 0.625, , , , , 0.625,         
0.625, 0.625, 0.5943877551020408, 0.5714285714285714, , , 0.5714285714285714, 0.625, , 0.5714285714285714,        
0.6303571428571428, 0.5714285714285714, 0.6380952380952382, , , , 0.5714285714285714, , ,         
0.5714285714285714, 0.5857142857142856, 0.5771428571428572, , , , 0.6666666666666667, , 0.625 0.0        
0.5714285714285714, 0.5714285714285714, 0.5857142857142856, , , , 0.7, 0.5714285714285714, , 0.0        
0.5714285714285714, , 0.6458333333333334, 0.625, , , 0.5714285714285714, , 0.625 0.5714285714285714        
0.6125, 0.5099206349206349, 0.5714285714285714, , , 0.5714285714285714, , 0.625, 0.6, 0.6666666666666667,        
0.5982142857142857, 0.5857142857142856, 0.5952380952380952, , 0.6666666666666667, , 0.6666666666666667, 0.5714285714285714, , ,        
0.6357142857142857, 0.5714285714285714, 0.6428571428571428, , , 0.5714285714285714, , 0.625, , 0.0        
0.5714285714285714, 0.5592857142857144, 0.5848214285714286, 0.5982142857142857, , , 0.625, , , 0.0        
0.625, , 0.625, 0.625, , , , 0.0 0.5714285714285714 0.0        
0.5821428571428571, , 0.5714285714285714, , , , , , 0.33333333333333337,         
0.5982142857142857, , 0.5714285714285714, , 0.6666666666666667, , , 0.625, 0.5714285714285714,         
0.5892857142857143, 0.5714285714285714, 0.6309523809523809, 0.5714285714285714, , , 0.625, 0.625, 0.5714285714285714, 0.5714285714285714,        
0.5714285714285714, 0.5714285714285714, 0.6031746031746031, 0.580952380952381, , , , , 0.5714285714285714,         
0.5714285714285714, , 0.5714285714285714, , , , 0.5714285714285714, 0.6666666666666667, 0.5714285714285714,         
0.6003401360544218, 0.580952380952381, 0.5873015873015873, 0.5357142857142857, , , 0.625, 0.5555555555555556, 0.5714285714285714, 0.33333333333333337,        
0.6248647186147187, 0.5714285714285714, 0.6261904761904762, 0.5714285714285714, , , 0.5714285714285714, , 0.625, 0.5714285714285714,        
0.5714285714285714, , 0.5714285714285714, 0.5714285714285714, , , 0.625, 0.6666666666666667, 0.625, 0.7142857142857143,        
0.5714285714285714, 0.6190476190476191, 0.6051587301587302, , , , , 0.0 0.5119047619047619,         
0.5982142857142857, 0.5714285714285714, 0.5714285714285714, 0.5714285714285714, , 0.5714285714285714, 0.33333333333333337, 0.5982142857142857, , 0.5714285714285714,        
0.6071428571428571, 0.5714285714285714, 0.5238095238095237, 0.625, , , 0.5714285714285714, 0.5714285714285714, 0.5714285714285714, 0.5714285714285714,        
0.5714285714285714, 0.6297619047619047, 0.7071428571428571, 0.5982142857142857, , , 0.33333333333333337, , , 0.0        
0.5714285714285714, 0.625, , 0.5714285714285714, , 0.5714285714285714, 0.5714285714285714, , 0.6666666666666667, 0.6666666666666667,        
0.5892857142857143, 0.5714285714285714, 0.5406746031746031, 0.625, , , 0.625, , 0.625, 0.6666666666666667,        
0.5848214285714286, 0.6458333333333334, 0.33333333333333337, 0.5857142857142856, , , , 0.5714285714285714, 0.625, 0.5714285714285714,        
0.5821428571428571, , 0.5714285714285714, 0.5714285714285714, , , , , 0.5,         
, , 0.5714285714285714, 0.625, , , 0.0 0.5714285714285714 0.4920634920634921,         
0.5714285714285714, 0.5714285714285714, 0.5714285714285714, , , , , 0.0 0.5578231292517006,         
0.5892857142857143, 0.5714285714285714, 0.4523809523809524, 0.5714285714285714, , , 0.625, , , 0.5714285714285714        
0.5654761904761905, 0.5714285714285714, 0.5714285714285714, 0.625, , 0.6, , 0.5714285714285714, , 0.6666666666666667,        
, 0.5714285714285714, 0.5714285714285714, 0.6190476190476191, , 0.6, 0.6, , , 0.0        
0.5714285714285714, 0.33333333333333337, 0.4523809523809524, , , , 0.5714285714285714, 0.5714285714285714, 0.625, 0.5714285714285714,        
0.5919642857142857, 0.5714285714285714, 0.5714285714285714, , , , 0.6, 0.6666666666666667, 0.6, 0.5714285714285714,        
0.6376190476190476, 0.5714285714285714, 0.6352380952380953, 0.6035714285714285, , , 0.625, 0.5714285714285714, , 0.6666666666666667,        
0.621031746031746, 0.4791666666666667, 0.5099206349206349, 0.5714285714285714, , , 0.5714285714285714, 0.625, , 0.625,        
0.5785714285714285, , 0.6666666666666667, 0.5714285714285714, , 0.5714285714285714, 0.6, 0.5714285714285714, , 0.6666666666666667,        
, 0.5714285714285714, 0.5714285714285714, 0.5857142857142856, , , 0.5714285714285714, 0.6666666666666667, , 0.0        
0.5714285714285714, 0.33333333333333337, 0.4920634920634921, , , , 0.5714285714285714, 0.625, , 0.0        
0.6273809523809524, 0.6, 0.4920634920634921, 0.5714285714285714, , , , , 0.5535714285714286,         
0.5714285714285714, , 0.5714285714285714, , , , 0.625 0.625, 0.6190476190476191,         
0.5991071428571428, 0.5714285714285714, 0.5, 0.5, , 0.5714285714285714, 0.625, 0.6458333333333334, , 0.5714285714285714,        
0.5857142857142856, , 0.6666666666666667, 0.5714285714285714, , 0.5714285714285714, 0.625, , , 0.0        
0.6125, 0.6333333333333333, 0.5714285714285714, , , , 0.6, 0.5714285714285714, 0.7142857142857143, 0.625,        
0.5669642857142857, 0.5714285714285714, 0.5714285714285714, 0.5714285714285714, , , 0.33333333333333337, 0.5714285714285714, , 0.5714285714285714,        
0.5714285714285714, 0.6333333333333333, 0.5678571428571428, 0.5714285714285714, , , , 0.6666666666666667, , 0.5714285714285714        
0.5892857142857143, 0.625, 0.5714285714285714, 0.5892857142857143, , 0.5714285714285714, , 0.5714285714285714, , 0.5714285714285714,        
0.5714285714285714, 0.5714285714285714, 0.5119047619047619, , , 0.5714285714285714, 0.6666666666666667, 0.5714285714285714, , 0.7,        
0.5714285714285714, 0.5714285714285714, 0.621031746031746, 0.5714285714285714, , , , , 0.6031746031746031,         
0.6011904761904762, 0.6666666666666667, 0.6309523809523809, 0.6666666666666667, , , 0.7142857142857143, , , 0.0        
0.6071428571428571, 0.5857142857142856, 0.5785714285714285, 0.5714285714285714, , , 0.33333333333333337, 0.5714285714285714, , 0.5714285714285714,        
0.5982142857142857, 0.4523809523809524, 0.5982142857142857, 0.625, , , 0.5714285714285714, 0.5714285714285714, 0.625, 0.5714285714285714,        
0.6166666666666668, 0.5714285714285714, 0.580952380952381, , , , 0.6, 0.625, 0.7142857142857143, 0.5714285714285714,        
0.630952380952381, 0.33333333333333337, 0.5714285714285714, 0.5714285714285714, , , 0.5714285714285714, 0.625, 0.5714285714285714, 0.33333333333333337,        
0.6023809523809525, 0.6666666666666667, 0.6309523809523809, 0.5982142857142857, 0.6666666666666667, , 0.5857142857142856, , , 0.625,        
0.5714285714285714, , 0.5714285714285714, 0.5714285714285714, , , , 0.625, 0.5119047619047619,         
