 , , , , 
 , , , , 
0.5714285714285714, 0.5714285714285714, 0.5714285714285714, 0.5714285714285714, 0.5714285714285714
0.5714285714285714, 0.5714285714285714, 0.5714285714285714, 0.5714285714285714, 0.5714285714285714
 , , , , 
 , , , , 
 , , , , 
 , , , , 
 , , , , 
 , , , , 
 , , , , 
0.5714285714285714, 0.5714285714285714, 0.5714285714285714, 0.5714285714285714, 0.5714285714285714
 , , , , 
 , , , , 
 , , , , 
 , , , , 
 , , , , 
0.5714285714285714, 0.5714285714285714, 0.5714285714285714, 0.5714285714285714, 0.5714285714285714
 , , , , 
0.5714285714285714, 0.5714285714285714, 0.5714285714285714, 0.5714285714285714, 0.5714285714285714
 , , , , 
0.5714285714285714, 0.5714285714285714, 0.5714285714285714, 0.5714285714285714, 0.5714285714285714
 , , , , 
 , , , , 
0.5714285714285714, 0.5714285714285714, 0.5714285714285714, 0.5714285714285714, 0.5714285714285714
 , , , , 
 , , , , 
0.5714285714285714, 0.5714285714285714, 0.5714285714285714, 0.5714285714285714, 0.5714285714285714
 , , , , 
 , , , , 
 , , , , 
 , , , , 
0.5857142857142856, 0.5857142857142856, 0.5714285714285714, 0.6, 0.0
 , , , , 
 , , , , 
 , , , , 
 , , , , 
 , , , , 
0.5714285714285714, 0.5714285714285714, 0.5714285714285714, 0.5714285714285714, 0.5714285714285714
0.5714285714285714, 0.5714285714285714, 0.5714285714285714, 0.5714285714285714, 0.5714285714285714
0.5714285714285714, 0.5714285714285714, 0.5714285714285714, 0.5714285714285714, 0.5714285714285714
0.5714285714285714, 0.5714285714285714, 0.5714285714285714, 0.5714285714285714, 0.0
 , , , , 
 , , , , 
 , , , , 
 , , , , 
 , , , , 
 , , , , 
 , , , , 
 , , , , 
 , , , , 
0.625, 0.625, 0.625, 0.625, 0.625
 , , , , 
 , , , , 
0.6, 0.6, 0.6, 0.6, 0.6
0.6666666666666667, 0.6666666666666667, 0.6666666666666667, 0.6666666666666667, 0.6666666666666667
 , , , , 
0.5714285714285714, 0.5714285714285714, 0.5714285714285714, 0.5714285714285714, 0.5714285714285714
0.5714285714285714, 0.5714285714285714, 0.5714285714285714, 0.5714285714285714, 0.5714285714285714
 , , , , 
 , , , , 
 , , , , 
0.5714285714285714, 0.5714285714285714, 0.5714285714285714, 0.5714285714285714, 0.5714285714285714
 , , , , 
0.5714285714285714, 0.5714285714285714, 0.5714285714285714, 0.5714285714285714, 0.5714285714285714
 , , , , 
0.6, 0.6, 0.6, 0.6, 0.6
 , , , , 
 , , , , 
0.5714285714285714, 0.5714285714285714, 0.5714285714285714, 0.5714285714285714, 0.5714285714285714
 , , , , 
0.6, 0.6, 0.6, 0.6, 0.6
0.5714285714285714, 0.5714285714285714, 0.5714285714285714, 0.5714285714285714, 0.5714285714285714
 , , , , 
 , , , , 
 , , , , 
0.5714285714285714, 0.5714285714285714, 0.5714285714285714, 0.5714285714285714, 0.5714285714285714
 , , , , 
 , , , , 
0.5714285714285714, 0.5714285714285714, 0.5714285714285714, 0.5714285714285714, 0.5714285714285714
 , , , , 
 , , , , 
 , , , , 
 , , , , 
 , , , , 
0.5, 0.5, 0.5, 0.5, 0.5
 , , , , 
 , , , , 
 , , , , 
 , , , , 
0.5714285714285714, 0.5714285714285714, 0.5714285714285714, 0.5714285714285714, 0.0
 , , , , 
 , , , , 
0.5714285714285714, 0.5714285714285714, 0.5714285714285714, 0.5714285714285714, 0.5714285714285714
 , , , , 
 , , , , 
 , , , , 
 , , , , 
0.5714285714285714, 0.5714285714285714, 0.5714285714285714, 0.5714285714285714, 0.5714285714285714
 , , , , 
0.5714285714285714, 0.5714285714285714, 0.5714285714285714, 0.5714285714285714, 0.5714285714285714
 , , , , 
 , , , , 
0.4285714285714286, 0.4285714285714286, 0.4285714285714286, 0.4285714285714286, 0.4285714285714286
0.5714285714285714, 0.5714285714285714, 0.5714285714285714, 0.5714285714285714, 0.0
 , , , , 
 , , , , 
 , , , , 
 , , , , 
 , , , , 
 , , , , 
 , , , , 
0.5714285714285714, 0.5714285714285714, 0.5714285714285714, 0.5714285714285714, 0.5714285714285714
 , , , , 
 , , , , 
 , , , , 
0.6, 0.6, 0.6, 0.6, 0.6
 , , , , 
 , , , , 
0.5714285714285714, 0.5714285714285714, 0.5714285714285714, 0.5714285714285714, 0.5714285714285714
 , , , , 
 , , , , 
 , , , , 
 , , , , 
0.5714285714285714, 0.5714285714285714, 0.5714285714285714, 0.5714285714285714, 0.5714285714285714
 , , , , 
 , , , , 
0.5714285714285714, 0.5714285714285714, 0.5714285714285714, 0.5714285714285714, 0.5714285714285714
0.5714285714285714, 0.5714285714285714, 0.5714285714285714, 0.5714285714285714, 0.5714285714285714
 , , , , 
 , , , , 
 , , , , 
 , , , , 
0.6, 0.6, 0.6, 0.6, 0.6
 , , , , 
 , , , , 
0.6, 0.6, 0.6, 0.6, 0.6
 , , , , 
 , , , , 
 , , , , 
 , , , , 
 , , , , 
 , , , , 
0.5714285714285714, 0.5714285714285714, 0.5714285714285714, 0.5714285714285714, 0.5714285714285714
 , , , , 
 , , , , 
 , , , , 
 , , , , 
 , , , , 
 , , , , 
0.5714285714285714, 0.5714285714285714, 0.5714285714285714, 0.5714285714285714, 0.5714285714285714
 , , , , 
0.5714285714285714, 0.5714285714285714, 0.5714285714285714, 0.5714285714285714, 0.5714285714285714
 , , , , 
 , , , , 
 , , , , 
 , , , , 
 , , , , 
 , , , , 
 , , , , 
 , , , , 
 , , , , 
 , , , , 
 , , , , 
0.5714285714285714, 0.5714285714285714, 0.5714285714285714, 0.5714285714285714, 0.5714285714285714
 , , , , 
 , , , , 
0.5714285714285714, 0.5714285714285714, 0.5714285714285714, 0.5714285714285714, 0.5714285714285714
 , , , , 
 , , , , 
 , , , , 
 , , , , 
 , , , , 
 , , , , 
0.5904761904761905, 0.6, 0.5714285714285714, 0.6, 0.0
0.6, 0.6, 0.6, 0.6, 0.6
 , , , , 
 , , , , 
 , , , , 
 , , , , 
0.5714285714285714, 0.5714285714285714, 0.5714285714285714, 0.5714285714285714, 0.5714285714285714
 , , , , 
 , , , , 
 , , , , 
 , , , , 
0.5714285714285714, 0.5714285714285714, 0.5714285714285714, 0.5714285714285714, 0.5714285714285714
0.6190476190476191, 0.6190476190476191, 0.5714285714285714, 0.6666666666666667, 0.0
 , , , , 
 , , , , 
 , , , , 
0.5714285714285714, 0.5714285714285714, 0.5714285714285714, 0.5714285714285714, 0.5714285714285714
0.5714285714285714, 0.5714285714285714, 0.5714285714285714, 0.5714285714285714, 0.0
 , , , , 
 , , , , 
 , , , , 
 , , , , 
 , , , , 
 , , , , 
 , , , , 
 , , , , 
