0.7142857142857143, 0.7142857142857143, 0.7142857142857143, 0.7142857142857143, 0.7142857142857143
0.5714285714285714, 0.5714285714285714, 0.5714285714285714, 0.5714285714285714, 0.5714285714285714
0.5714285714285714, 0.5714285714285714, 0.5714285714285714, 0.5714285714285714, 0.0
 , , , , 
0.625, 0.625, 0.625, 0.625, 0.625
0.5714285714285714, 0.5714285714285714, 0.5714285714285714, 0.5714285714285714, 0.5714285714285714
0.5982142857142857, 0.5982142857142857, 0.5714285714285714, 0.625, 0.0
 , , , , 
0.625, 0.625, 0.625, 0.625, 0.625
 , , , , 
0.5714285714285714, 0.5714285714285714, 0.5714285714285714, 0.5714285714285714, 0.5714285714285714
0.625, 0.625, 0.625, 0.625, 0.625
 , , , , 
0.5714285714285714, 0.5714285714285714, 0.5714285714285714, 0.5714285714285714, 0.5714285714285714
0.5714285714285714, 0.5714285714285714, 0.5714285714285714, 0.5714285714285714, 0.5714285714285714
0.5714285714285714, 0.5714285714285714, 0.5714285714285714, 0.5714285714285714, 0.5714285714285714
0.5714285714285714, 0.5714285714285714, 0.5714285714285714, 0.5714285714285714, 0.5714285714285714
0.5714285714285714, 0.5714285714285714, 0.5714285714285714, 0.5714285714285714, 0.5714285714285714
0.5, 0.5, 0.5, 0.5, 0.5
 , , , , 
 , , , , 
 , , , , 
0.5857142857142856, 0.5857142857142856, 0.5714285714285714, 0.6, 0.0
0.625, 0.625, 0.625, 0.625, 0.625
 , , , , 
0.5714285714285714, 0.5714285714285714, 0.5714285714285714, 0.5714285714285714, 0.0
0.5, 0.5, 0.5, 0.5, 0.5
0.5357142857142857, 0.5357142857142857, 0.5, 0.5714285714285714, 0.0
0.5714285714285714, 0.5714285714285714, 0.5714285714285714, 0.5714285714285714, 0.0
0.5892857142857143, 0.5714285714285714, 0.5714285714285714, 0.625, 0.0
0.5982142857142857, 0.5982142857142857, 0.5714285714285714, 0.625, 0.0
0.5714285714285714, 0.5714285714285714, 0.5714285714285714, 0.5714285714285714, 0.5714285714285714
 , , , , 
 , , , , 
0.5714285714285714, 0.5714285714285714, 0.5714285714285714, 0.5714285714285714, 0.0
0.5714285714285714, 0.5714285714285714, 0.5714285714285714, 0.5714285714285714, 0.5714285714285714
0.625, 0.625, 0.625, 0.625, 0.625
0.5714285714285714, 0.5714285714285714, 0.5714285714285714, 0.5714285714285714, 0.0
 , , , , 
0.6666666666666667, 0.6666666666666667, 0.6666666666666667, 0.6666666666666667, 0.6666666666666667
0.5714285714285714, 0.5714285714285714, 0.5714285714285714, 0.5714285714285714, 0.5714285714285714
0.6666666666666667, 0.6666666666666667, 0.6666666666666667, 0.6666666666666667, 0.6666666666666667
0.6157407407407408, 0.625, 0.5555555555555556, 0.6666666666666667, 0.0
0.6071428571428571, 0.625, 0.5714285714285714, 0.625, 0.0
0.5714285714285714, 0.5714285714285714, 0.5714285714285714, 0.5714285714285714, 0.5714285714285714
 , , , , 
 , , , , 
 , , , , 
 , , , , 
 , , , , 
 , , , , 
 , , , , 
 , , , , 
 , , , , 
0.6666666666666667, 0.6666666666666667, 0.6666666666666667, 0.6666666666666667, 0.6666666666666667
 , , , , 
 , , , , 
 , , , , 
0.5714285714285714, 0.5714285714285714, 0.5714285714285714, 0.5714285714285714, 0.0
0.6666666666666667, 0.6666666666666667, 0.6666666666666667, 0.6666666666666667, 0.6666666666666667
 , , , , 
 , , , , 
0.625, 0.625, 0.625, 0.625, 0.625
0.5714285714285714, 0.5714285714285714, 0.5714285714285714, 0.5714285714285714, 0.0
 , , , , 
0.5625, 0.5625, 0.5, 0.625, 0.0
 , , , , 
0.5714285714285714, 0.5714285714285714, 0.5714285714285714, 0.5714285714285714, 0.5714285714285714
 , , , , 
0.625, 0.625, 0.625, 0.625, 0.625
0.5714285714285714, 0.5714285714285714, 0.5714285714285714, 0.5714285714285714, 0.5714285714285714
0.5982142857142857, 0.5982142857142857, 0.5714285714285714, 0.625, 0.0
0.625, 0.625, 0.625, 0.625, 0.625
0.5857142857142856, 0.5857142857142856, 0.5714285714285714, 0.6, 0.0
 , , , , 
0.625, 0.625, 0.625, 0.625, 0.625
 , , , , 
0.5714285714285714, 0.5714285714285714, 0.5714285714285714, 0.5714285714285714, 0.5714285714285714
 , , , , 
0.5714285714285714, 0.5714285714285714, 0.5714285714285714, 0.5714285714285714, 0.5714285714285714
 , , , , 
0.5714285714285714, 0.5714285714285714, 0.5714285714285714, 0.5714285714285714, 0.5714285714285714
0.5982142857142857, 0.5982142857142857, 0.5714285714285714, 0.625, 0.0
0.5982142857142857, 0.5982142857142857, 0.5714285714285714, 0.625, 0.0
0.6190476190476191, 0.6190476190476191, 0.5714285714285714, 0.6666666666666667, 0.0
 , , , , 
 , , , , 
0.5982142857142857, 0.5982142857142857, 0.5714285714285714, 0.625, 0.0
0.625, 0.625, 0.625, 0.625, 0.625
 , , , , 
0.5892857142857143, 0.5714285714285714, 0.5714285714285714, 0.625, 0.0
0.5982142857142857, 0.5982142857142857, 0.5714285714285714, 0.625, 0.0
0.5857142857142856, 0.5857142857142856, 0.5714285714285714, 0.6, 0.0
0.5714285714285714, 0.5714285714285714, 0.5714285714285714, 0.5714285714285714, 0.5714285714285714
0.6190476190476191, 0.6190476190476191, 0.5714285714285714, 0.6666666666666667, 0.0
0.5714285714285714, 0.5714285714285714, 0.5714285714285714, 0.5714285714285714, 0.5714285714285714
0.5714285714285714, 0.5714285714285714, 0.5714285714285714, 0.5714285714285714, 0.5714285714285714
0.5714285714285714, 0.5714285714285714, 0.5714285714285714, 0.5714285714285714, 0.5714285714285714
0.625, 0.625, 0.625, 0.625, 0.625
0.625, 0.625, 0.625, 0.625, 0.0
0.5714285714285714, 0.5714285714285714, 0.5714285714285714, 0.5714285714285714, 0.5714285714285714
0.5625, 0.5625, 0.5, 0.625, 0.0
 , , , , 
0.625, 0.625, 0.625, 0.625, 0.0
0.5714285714285714, 0.5714285714285714, 0.5714285714285714, 0.5714285714285714, 0.5714285714285714
0.5982142857142857, 0.5982142857142857, 0.5714285714285714, 0.625, 0.0
 , , , , 
 , , , , 
0.5714285714285714, 0.5714285714285714, 0.5714285714285714, 0.5714285714285714, 0.0
0.6190476190476191, 0.6190476190476191, 0.5714285714285714, 0.6666666666666667, 0.0
0.625, 0.625, 0.625, 0.625, 0.0
0.5714285714285714, 0.5714285714285714, 0.5714285714285714, 0.5714285714285714, 0.5714285714285714
0.5982142857142857, 0.5982142857142857, 0.5714285714285714, 0.625, 0.0
0.6, 0.6, 0.6, 0.6, 0.6
0.625, 0.625, 0.625, 0.625, 0.625
0.625, 0.625, 0.625, 0.625, 0.625
0.625, 0.625, 0.625, 0.625, 0.625
 , , , , 
 , , , , 
0.625, 0.625, 0.625, 0.625, 0.0
0.5357142857142857, 0.5357142857142857, 0.5, 0.5714285714285714, 0.0
0.5982142857142857, 0.5982142857142857, 0.5714285714285714, 0.625, 0.0
0.625, 0.625, 0.625, 0.625, 0.625
0.625, 0.625, 0.625, 0.625, 0.625
 , , , , 
0.5714285714285714, 0.5714285714285714, 0.5714285714285714, 0.5714285714285714, 0.5714285714285714
0.625, 0.625, 0.625, 0.625, 0.625
0.5714285714285714, 0.5714285714285714, 0.5714285714285714, 0.5714285714285714, 0.5714285714285714
0.5714285714285714, 0.5714285714285714, 0.5714285714285714, 0.5714285714285714, 0.5714285714285714
 , , , , 
0.6666666666666667, 0.6666666666666667, 0.6666666666666667, 0.6666666666666667, 0.6666666666666667
0.5982142857142857, 0.5982142857142857, 0.5714285714285714, 0.625, 0.0
0.5714285714285714, 0.5714285714285714, 0.5714285714285714, 0.5714285714285714, 0.0
 , , , , 
 , , , , 
0.6125, 0.6125, 0.6, 0.625, 0.0
0.7142857142857143, 0.7142857142857143, 0.7142857142857143, 0.7142857142857143, 0.7142857142857143
0.5555555555555556, 0.5555555555555556, 0.5555555555555556, 0.5555555555555556, 0.5555555555555556
0.6125, 0.6125, 0.6, 0.625, 0.0
0.5714285714285714, 0.5714285714285714, 0.5714285714285714, 0.5714285714285714, 0.5714285714285714
 , , , , 
 , , , , 
0.625, 0.625, 0.625, 0.625, 0.625
0.6031746031746031, 0.5714285714285714, 0.5714285714285714, 0.6666666666666667, 0.0
0.625, 0.625, 0.625, 0.625, 0.625
0.5714285714285714, 0.5714285714285714, 0.5714285714285714, 0.5714285714285714, 0.5714285714285714
 , , , , 
 , , , , 
 , , , , 
0.625, 0.625, 0.625, 0.625, 0.625
 , , , , 
 , , , , 
 , , , , 
0.5982142857142857, 0.5982142857142857, 0.5714285714285714, 0.625, 0.0
0.625, 0.625, 0.625, 0.625, 0.625
 , , , , 
 , , , , 
0.5714285714285714, 0.5714285714285714, 0.5714285714285714, 0.5714285714285714, 0.5714285714285714
0.580952380952381, 0.5714285714285714, 0.5714285714285714, 0.6, 0.0
 , , , , 
0.5357142857142857, 0.5357142857142857, 0.5, 0.5714285714285714, 0.0
0.5714285714285714, 0.5714285714285714, 0.5714285714285714, 0.5714285714285714, 0.5714285714285714
0.5714285714285714, 0.5714285714285714, 0.5714285714285714, 0.5714285714285714, 0.0
 , , , , 
0.5714285714285714, 0.5714285714285714, 0.5714285714285714, 0.5714285714285714, 0.5714285714285714
0.625, 0.625, 0.625, 0.625, 0.0
0.5982142857142857, 0.5982142857142857, 0.5714285714285714, 0.625, 0.0
0.5714285714285714, 0.5714285714285714, 0.5714285714285714, 0.5714285714285714, 0.0
0.625, 0.625, 0.625, 0.625, 0.625
0.5857142857142856, 0.5857142857142856, 0.5714285714285714, 0.6, 0.0
0.5714285714285714, 0.5714285714285714, 0.5714285714285714, 0.5714285714285714, 0.0
0.625, 0.625, 0.625, 0.625, 0.625
 , , , , 
0.5714285714285714, 0.5714285714285714, 0.5714285714285714, 0.5714285714285714, 0.5714285714285714
0.625, 0.625, 0.625, 0.625, 0.625
0.6190476190476191, 0.6190476190476191, 0.5714285714285714, 0.6666666666666667, 0.0
 , , , , 
 , , , , 
0.6035714285714285, 0.625, 0.5714285714285714, 0.625, 0.0
0.5714285714285714, 0.5714285714285714, 0.5714285714285714, 0.5714285714285714, 0.5714285714285714
0.5714285714285714, 0.5714285714285714, 0.5714285714285714, 0.5714285714285714, 0.5714285714285714
0.5857142857142856, 0.5857142857142856, 0.5714285714285714, 0.6, 0.0
 , , , , 
0.5714285714285714, 0.5714285714285714, 0.5714285714285714, 0.5714285714285714, 0.5714285714285714
 , , , , 
0.5, 0.5, 0.5, 0.5, 0.5
0.5714285714285714, 0.5714285714285714, 0.5714285714285714, 0.5714285714285714, 0.5714285714285714
 , , , , 
0.5714285714285714, 0.5714285714285714, 0.5714285714285714, 0.5714285714285714, 0.0
0.5714285714285714, 0.5714285714285714, 0.5714285714285714, 0.5714285714285714, 0.5714285714285714
0.5892857142857143, 0.5714285714285714, 0.5714285714285714, 0.625, 0.0
 , , , , 
0.5714285714285714, 0.5714285714285714, 0.5714285714285714, 0.5714285714285714, 0.5714285714285714
0.6666666666666667, 0.6666666666666667, 0.6666666666666667, 0.6666666666666667, 0.6666666666666667
0.5714285714285714, 0.5714285714285714, 0.5714285714285714, 0.5714285714285714, 0.5714285714285714
0.625, 0.625, 0.625, 0.625, 0.0
 , , , , 
0.5714285714285714, 0.5714285714285714, 0.5714285714285714, 0.5714285714285714, 0.5714285714285714
0.5982142857142857, 0.5982142857142857, 0.5714285714285714, 0.625, 0.0
0.5714285714285714, 0.5714285714285714, 0.5714285714285714, 0.5714285714285714, 0.5714285714285714
