0.661612417330953, 0.6956521739130435, 0.0, 0.8421052631578947, 0.0
0.6553231730100461, 0.6666666666666667, 0.5384615384615384, 0.7567567567567568, 0.0
0.6354672977473077, 0.6666666666666667, 0.5, 0.7428571428571429, 0.0
0.6197940428426362, 0.6666666666666667, 0.4347826086956522, 0.7272727272727273, 0.0
0.5876918335703943, 0.625, 0.3846153846153846, 0.6956521739130435, 0.0
0.5717358795444508, 0.625, 0.34782608695652173, 0.6956521739130435, 0.0
0.551147817782089, 0.6, 0.34782608695652173, 0.6666666666666667, 0.0
0.5357883406579057, 0.6, 0.34782608695652173, 0.6666666666666667, 0.0
0.5026545689946621, 0.5333333333333333, 0.34782608695652173, 0.6, 0.0
0.49011655729875564, 0.5263157894736843, 0.34782608695652173, 0.56, 0.0
0.486935270749048, 0.5263157894736843, 0.34782608695652173, 0.56, 0.0
0.477463713066964, 0.5263157894736843, 0.34782608695652173, 0.5263157894736843, 0.0
0.4739549411371395, 0.5, 0.34782608695652173, 0.5263157894736843, 0.0
0.47249295283304593, 0.5, 0.34782608695652173, 0.5833333333333333, 0.0
0.48204850838860147, 0.5, 0.34782608695652173, 0.5833333333333333, 0.0
0.48040606895668836, 0.5, 0.31999999999999995, 0.5833333333333333, 0.0
0.4761370631087351, 0.5, 0.31999999999999995, 0.56, 0.0
0.45944580108424493, 0.5, 0.31999999999999995, 0.56, 0.0
0.44491948529477127, 0.4242424242424242, 0.31999999999999995, 0.5263157894736843, 0.0
0.43965632740003446, 0.42105263157894735, 0.31999999999999995, 0.5263157894736843, 0.0
0.43938886031334534, 0.42105263157894735, 0.2727272727272727, 0.5454545454545454, 0.0
0.4335409070969712, 0.42105263157894735, 0.2727272727272727, 0.5454545454545454, 0.0
0.42374368677343505, 0.42105263157894735, 0.2727272727272727, 0.5263157894736843, 0.0
0.4124376438884447, 0.3846153846153846, 0.2727272727272727, 0.5263157894736843, 0.0
0.3971772707333348, 0.3846153846153846, 0.2727272727272727, 0.5263157894736843, 0.0
0.38114729680862414, 0.36363636363636365, 0.2727272727272727, 0.47619047619047616, 0.0
0.37645593878393274, 0.36363636363636365, 0.2727272727272727, 0.47619047619047616, 0.0
0.37433953666753067, 0.36363636363636365, 0.2727272727272727, 0.47619047619047616, 0.0
0.3766917134056723, 0.36363636363636365, 0.2727272727272727, 0.47619047619047616, 0.0
0.3735019207421954, 0.34782608695652173, 0.2727272727272727, 0.47619047619047616, 0.0
0.3735019207421954, 0.34782608695652173, 0.2727272727272727, 0.47619047619047616, 0.0
0.3735019207421954, 0.34782608695652173, 0.2727272727272727, 0.47619047619047616, 0.0
0.3735019207421954, 0.34782608695652173, 0.2727272727272727, 0.47619047619047616, 0.0
0.3735019207421954, 0.34782608695652173, 0.2727272727272727, 0.47619047619047616, 0.0
0.36726410397806286, 0.34782608695652173, 0.2222222222222222, 0.47619047619047616, 0.0
0.3610262872139303, 0.34782608695652173, 0.2222222222222222, 0.47619047619047616, 0.0
0.3610262872139303, 0.34782608695652173, 0.2222222222222222, 0.47619047619047616, 0.0
0.3614999554221523, 0.34782608695652173, 0.2222222222222222, 0.47619047619047616, 0.0
0.3586291420250231, 0.34782608695652173, 0.2222222222222222, 0.47619047619047616, 0.0
0.35364192651149184, 0.34782608695652173, 0.19047619047619047, 0.47619047619047616, 0.0
