0.6189424214424215, 0.7272727272727273, 0.0, 0.8125, 0.0
0.7402231991254762, 0.7567567567567568, 0.6428571428571428, 0.8125, 0.0
0.7258445395795108, 0.7692307692307692, 0.5517241379310345, 0.782608695652174, 0.0
0.6922398610944721, 0.7333333333333334, 0.5333333333333333, 0.7741935483870968, 0.0
0.6696762033580721, 0.7333333333333334, 0.4444444444444444, 0.7741935483870968, 0.0
0.636243446533045, 0.6896551724137931, 0.4285714285714286, 0.7647058823529411, 0.0
0.6126528473240397, 0.6857142857142857, 0.3529411764705882, 0.7441860465116279, 0.0
0.6123719530576756, 0.6428571428571428, 0.3529411764705882, 0.7441860465116279, 0.0
0.5788417036548007, 0.6153846153846154, 0.3529411764705882, 0.7441860465116279, 0.0
0.5466796280043531, 0.5384615384615384, 0.3529411764705882, 0.6829268292682926, 0.0
0.5364062354564506, 0.5384615384615384, 0.3529411764705882, 0.6829268292682926, 0.0
0.5248011380890637, 0.5384615384615384, 0.3529411764705882, 0.65, 0.0
0.5171403193756133, 0.5384615384615384, 0.3529411764705882, 0.64, 0.0
0.5111868589873705, 0.5384615384615384, 0.3529411764705882, 0.6153846153846154, 0.0
0.5113405302663615, 0.5217391304347826, 0.3529411764705882, 0.6086956521739131, 0.0
0.5072342500731247, 0.5217391304347826, 0.3529411764705882, 0.6086956521739131, 0.0
0.49475614846458826, 0.47619047619047616, 0.3529411764705882, 0.5833333333333333, 0.0
0.4805070320415588, 0.47619047619047616, 0.3529411764705882, 0.5833333333333333, 0.0
0.4605916838994418, 0.47619047619047616, 0.3529411764705882, 0.5217391304347826, 0.0
0.4550769088194493, 0.47619047619047616, 0.3529411764705882, 0.5217391304347826, 0.0
0.45136400336741345, 0.4545454545454546, 0.3529411764705882, 0.5217391304347826, 0.0
0.44669519547279907, 0.4545454545454546, 0.3529411764705882, 0.5217391304347826, 0.0
0.43945509258052234, 0.4545454545454546, 0.3529411764705882, 0.5, 0.0
0.42924216385426966, 0.4347826086956522, 0.3529411764705882, 0.5, 0.0
0.4277991624112682, 0.4347826086956522, 0.3529411764705882, 0.5, 0.0
0.4277991624112682, 0.4347826086956522, 0.3529411764705882, 0.5, 0.0
0.4341483687604745, 0.4347826086956522, 0.3529411764705882, 0.5, 0.0
0.42694793918152835, 0.4347826086956522, 0.3529411764705882, 0.5, 0.0
0.4149116094981398, 0.4347826086956522, 0.3529411764705882, 0.5, 0.0
0.40138503944983067, 0.38095238095238093, 0.2857142857142857, 0.5, 0.0
0.4000141880789793, 0.38095238095238093, 0.2857142857142857, 0.5, 0.0
0.39709211015690127, 0.38095238095238093, 0.2857142857142857, 0.5, 0.0
0.3997616628264539, 0.38095238095238093, 0.3529411764705882, 0.5, 0.0
0.3996088744383714, 0.38095238095238093, 0.3529411764705882, 0.5, 0.0
0.40076327559277264, 0.38095238095238093, 0.3529411764705882, 0.5, 0.0
0.40076327559277264, 0.38095238095238093, 0.3529411764705882, 0.5, 0.0
0.39484696967646665, 0.38095238095238093, 0.3529411764705882, 0.5, 0.0
0.3936204184499154, 0.38095238095238093, 0.3529411764705882, 0.5, 0.0
0.39123946606896304, 0.38095238095238093, 0.3529411764705882, 0.5, 0.0
0.39123946606896304, 0.38095238095238093, 0.3529411764705882, 0.5, 0.0
