0.6816568741704689, 0.7272727272727273, 0.0, 0.8148148148148149, 0.0
0.6736878252189649, 0.6666666666666667, 0.47058823529411764, 0.8333333333333334, 0.0
0.6194974559429932, 0.5925925925925926, 0.4285714285714286, 0.8148148148148149, 0.0
0.5747543893745136, 0.5517241379310345, 0.4285714285714286, 0.736842105263158, 0.0
0.5521918808513012, 0.5217391304347826, 0.4, 0.6875, 0.0
0.5324972742364047, 0.5217391304347826, 0.38095238095238093, 0.6857142857142857, 0.0
0.510158681521837, 0.5217391304347826, 0.3157894736842105, 0.6486486486486487, 0.0
0.5300614287043653, 0.5333333333333333, 0.38095238095238093, 0.6451612903225806, 0.0
0.5146554926554926, 0.5333333333333333, 0.38095238095238093, 0.6111111111111112, 0.0
0.49055860621877606, 0.5, 0.38095238095238093, 0.6, 0.0
0.46883604758467334, 0.48, 0.38095238095238093, 0.5517241379310345, 0.0
0.4587170983446963, 0.4347826086956522, 0.3529411764705882, 0.56, 0.0
0.46942025184948133, 0.4545454545454546, 0.3529411764705882, 0.5806451612903225, 0.0
0.43858121054064264, 0.38095238095238093, 0.3529411764705882, 0.56, 0.0
0.4366418166012486, 0.38095238095238093, 0.3529411764705882, 0.5517241379310345, 0.0
0.44096692677343513, 0.4, 0.3529411764705882, 0.5454545454545454, 0.0
0.43465056114672473, 0.4, 0.30000000000000004, 0.5454545454545454, 0.0
0.4279838944800581, 0.38095238095238093, 0.30000000000000004, 0.5454545454545454, 0.0
0.421435456337417, 0.38095238095238093, 0.30000000000000004, 0.5454545454545454, 0.0
0.4211479617970489, 0.38095238095238093, 0.30000000000000004, 0.5517241379310345, 0.0
0.41267248665490724, 0.38095238095238093, 0.30000000000000004, 0.5517241379310345, 0.0
0.4038273853960129, 0.38095238095238093, 0.30000000000000004, 0.5454545454545454, 0.0
0.3945292760979035, 0.38095238095238093, 0.30000000000000004, 0.5, 0.0
0.38400424557287305, 0.37037037037037035, 0.30000000000000004, 0.5, 0.0
0.3865683481369756, 0.37037037037037035, 0.30000000000000004, 0.5, 0.0
0.38913245070107816, 0.37037037037037035, 0.30000000000000004, 0.5, 0.0
0.3853473469159744, 0.37037037037037035, 0.30000000000000004, 0.5, 0.0
0.378496887433936, 0.37037037037037035, 0.30000000000000004, 0.5, 0.0
0.38167149060853917, 0.37037037037037035, 0.30000000000000004, 0.5, 0.0
0.37500482394187246, 0.37037037037037035, 0.30000000000000004, 0.47619047619047616, 0.0
0.3648368920348101, 0.3529411764705882, 0.30000000000000004, 0.47619047619047616, 0.0
0.36851274834224534, 0.3529411764705882, 0.30000000000000004, 0.47619047619047616, 0.0
0.3616070131756406, 0.3529411764705882, 0.2222222222222222, 0.47619047619047616, 0.0
0.3616070131756406, 0.3529411764705882, 0.2222222222222222, 0.47619047619047616, 0.0
0.3565276480962755, 0.3529411764705882, 0.2222222222222222, 0.47619047619047616, 0.0
0.3565276480962755, 0.3529411764705882, 0.2222222222222222, 0.47619047619047616, 0.0
0.35763875920738664, 0.3529411764705882, 0.2222222222222222, 0.47619047619047616, 0.0
0.34236746550472047, 0.3529411764705882, 0.2222222222222222, 0.41666666666666663, 0.0
0.3497530864197531, 0.37037037037037035, 0.2222222222222222, 0.41666666666666663, 0.0
0.3497530864197531, 0.37037037037037035, 0.2222222222222222, 0.41666666666666663, 0.0
