0.7211361000195612, 0.7272727272727273, 0.5714285714285714, 0.8333333333333334, 0.0
0.7110473148009215, 0.7, 0.6206896551724138, 0.8333333333333334, 0.0
0.6814474851532677, 0.6829268292682926, 0.5384615384615384, 0.8666666666666667, 0.0
0.6237334097425914, 0.6428571428571428, 0.42105263157894735, 0.7857142857142857, 0.0
0.6008453874074697, 0.6206896551724138, 0.4, 0.75, 0.0
0.5894439332523923, 0.6206896551724138, 0.4, 0.7407407407407407, 0.0
0.5924885105202418, 0.631578947368421, 0.4, 0.75, 0.0
0.5927659290471773, 0.65, 0.4, 0.7272727272727273, 0.0
0.5764283583175547, 0.6086956521739131, 0.4, 0.7058823529411764, 0.0
0.5599903813214553, 0.6086956521739131, 0.4, 0.7058823529411764, 0.0
0.5574357824613579, 0.6086956521739131, 0.4, 0.6666666666666667, 0.0
0.5546572623918161, 0.6060606060606061, 0.4, 0.6842105263157895, 0.0
0.5425039211995732, 0.5833333333333333, 0.4, 0.6285714285714286, 0.0
0.5188548053536611, 0.5333333333333333, 0.4, 0.6086956521739131, 0.0
0.488649885583524, 0.47619047619047616, 0.4, 0.6086956521739131, 0.0
0.4750687324371533, 0.4545454545454546, 0.4, 0.5833333333333333, 0.0
0.4569879243563453, 0.42105263157894735, 0.4, 0.5833333333333333, 0.0
0.4528816441631086, 0.42105263157894735, 0.4, 0.5714285714285714, 0.0
0.4539206052020698, 0.4285714285714286, 0.4, 0.5714285714285714, 0.0
0.45899997028143485, 0.4285714285714286, 0.4, 0.5714285714285714, 0.0
0.4501173553118633, 0.4285714285714286, 0.4, 0.5217391304347826, 0.0
0.4481970533915614, 0.4285714285714286, 0.3846153846153846, 0.5217391304347826, 0.0
0.44021913758755865, 0.42105263157894735, 0.3846153846153846, 0.5, 0.0
0.4316615116386283, 0.41666666666666663, 0.34782608695652173, 0.5, 0.0
0.4214438066383146, 0.41666666666666663, 0.34782608695652173, 0.5, 0.0
0.42173227484440295, 0.41666666666666663, 0.3157894736842105, 0.5, 0.0
0.42173227484440295, 0.41666666666666663, 0.3157894736842105, 0.5, 0.0
0.4201449732571014, 0.41666666666666663, 0.3157894736842105, 0.5, 0.0
0.426076468662281, 0.41666666666666663, 0.34782608695652173, 0.5, 0.0
0.426076468662281, 0.41666666666666663, 0.34782608695652173, 0.5, 0.0
0.4154271180129303, 0.41666666666666663, 0.2857142857142857, 0.5, 0.0
0.40374378219166357, 0.4, 0.2857142857142857, 0.5, 0.0
0.4008866393345207, 0.4, 0.2857142857142857, 0.5, 0.0
0.39465793550461753, 0.4, 0.2857142857142857, 0.4571428571428572, 0.0
0.39359136922065985, 0.4, 0.2857142857142857, 0.48484848484848486, 0.0
0.3830863187156094, 0.3846153846153846, 0.2727272727272727, 0.48484848484848486, 0.0
0.3653276929020637, 0.3846153846153846, 0.21052631578947367, 0.4545454545454546, 0.0
0.3602194677938385, 0.36363636363636365, 0.21052631578947367, 0.4545454545454546, 0.0
0.3476398908175125, 0.36363636363636365, 0.21052631578947367, 0.4347826086956522, 0.0
0.34548611145233893, 0.36363636363636365, 0.21052631578947367, 0.4444444444444444, 0.0
