0.6805732666602232, 0.7428571428571429, 0.33333333333333337, 0.8108108108108107, 0.0
0.7110055806998794, 0.7428571428571429, 0.5714285714285714, 0.8125, 0.0
0.6795263182837573, 0.7142857142857143, 0.36363636363636365, 0.8, 0.0
0.6546100149488493, 0.6857142857142857, 0.2857142857142857, 0.8, 0.0
0.6454867870681825, 0.6923076923076923, 0.4, 0.7906976744186046, 0.0
0.630037315511, 0.6666666666666667, 0.4, 0.7619047619047619, 0.0
0.6145303429513956, 0.6666666666666667, 0.4, 0.7619047619047619, 0.0
0.6117953002163529, 0.6666666666666667, 0.4, 0.7619047619047619, 0.0
0.60886489728595, 0.6666666666666667, 0.4, 0.72, 0.0
0.5897599919806994, 0.6, 0.38095238095238093, 0.6896551724137931, 0.0
0.5809358626919603, 0.6, 0.38095238095238093, 0.6857142857142857, 0.0
0.5629394985047157, 0.6, 0.38095238095238093, 0.6666666666666667, 0.0
0.5510472477490019, 0.5925925925925926, 0.38095238095238093, 0.64, 0.0
0.5356570169384813, 0.5833333333333333, 0.38095238095238093, 0.64, 0.0
0.5088640190866599, 0.5, 0.38095238095238093, 0.6, 0.0
0.5021839744935719, 0.48, 0.38095238095238093, 0.6, 0.0
0.5008506411602386, 0.48, 0.38095238095238093, 0.6, 0.0
0.5008506411602386, 0.48, 0.38095238095238093, 0.6, 0.0
0.490409523703841, 0.48, 0.38095238095238093, 0.6, 0.0
0.4933276378477616, 0.48, 0.38095238095238093, 0.6153846153846154, 0.0
0.48302607975672984, 0.48, 0.38095238095238093, 0.6, 0.0
0.46840199818527994, 0.48, 0.38095238095238093, 0.56, 0.0
0.46903914661190194, 0.4545454545454546, 0.38095238095238093, 0.5714285714285714, 0.0
0.460874776555215, 0.4444444444444444, 0.38095238095238093, 0.5714285714285714, 0.0
0.45602991663789133, 0.4444444444444444, 0.38095238095238093, 0.56, 0.0
0.4454303500886681, 0.4444444444444444, 0.2857142857142857, 0.56, 0.0
0.4441957821874335, 0.4444444444444444, 0.2857142857142857, 0.56, 0.0
0.43834393033558156, 0.4347826086956522, 0.2857142857142857, 0.5185185185185186, 0.0
0.4352843490151307, 0.41666666666666663, 0.2857142857142857, 0.5185185185185186, 0.0
0.4352843490151307, 0.41666666666666663, 0.2857142857142857, 0.5185185185185186, 0.0
0.4340497811138961, 0.41666666666666663, 0.2857142857142857, 0.5, 0.0
0.4292295721707486, 0.41666666666666663, 0.2857142857142857, 0.5, 0.0
0.42367401661519305, 0.41666666666666663, 0.2857142857142857, 0.5, 0.0
0.4189121118532883, 0.41666666666666663, 0.2857142857142857, 0.5, 0.0
0.4093883023294788, 0.41666666666666663, 0.2857142857142857, 0.4444444444444444, 0.0
0.4062489725234823, 0.41666666666666663, 0.2857142857142857, 0.4444444444444444, 0.0
0.40355989689323024, 0.41666666666666663, 0.2857142857142857, 0.4444444444444444, 0.0
0.401906031045816, 0.41666666666666663, 0.2857142857142857, 0.4444444444444444, 0.0
0.401906031045816, 0.41666666666666663, 0.2857142857142857, 0.4444444444444444, 0.0
0.39993072240384075, 0.41666666666666663, 0.2857142857142857, 0.4444444444444444, 0.0
