0.6035878854572486, 0.6666666666666667, 0.0, 0.8, 0.0
0.6406191902091418, 0.6666666666666667, 0.0, 0.8333333333333334, 0.0
0.6012871878636112, 0.6666666666666667, 0.0, 0.8, 0.0
0.6114398650311963, 0.6666666666666667, 0.0, 0.8461538461538461, 0.0
0.6386937732030609, 0.6666666666666667, 0.0, 0.8, 0.0
0.6061244232303593, 0.6666666666666667, 0.0, 0.8235294117647058, 0.0
0.5915593379931615, 0.6666666666666667, 0.0, 0.8125, 0.0
0.6421612260002353, 0.7029411764705882, 0.0, 0.8, 0.0
0.5814312001357701, 0.6666666666666667, 0.0, 0.8421052631578947, 0.0
0.6017254680876971, 0.6666666666666667, 0.0, 0.8235294117647058, 0.0
0.6646650454858154, 0.7058823529411764, 0.0, 0.8235294117647058, 0.0
0.6246608306865408, 0.6666666666666667, 0.0, 0.8, 0.0
0.62703856371813, 0.6666666666666667, 0.0, 0.8235294117647058, 0.0
0.6489004425476357, 0.6666666666666667, 0.0, 0.8181818181818181, 0.0
0.6450532731802082, 0.7058823529411764, 0.0, 0.8181818181818181, 0.0
0.6204314658036557, 0.6666666666666667, 0.0, 0.8, 0.0
0.6238317908441748, 0.6666666666666667, 0.0, 0.8181818181818181, 0.0
0.644268772593076, 0.6666666666666667, 0.0, 0.8421052631578947, 0.0
0.6271470174618308, 0.6666666666666667, 0.0, 0.8, 0.0
0.6167799590903307, 0.6666666666666667, 0.0, 0.8235294117647058, 0.0
0.6210109076061758, 0.6666666666666667, 0.0, 0.8235294117647058, 0.0
0.6133994322197647, 0.6666666666666667, 0.0, 0.8571428571428572, 0.0
0.6309501284089049, 0.6666666666666667, 0.0, 0.8, 0.0
0.5952644362985592, 0.6666666666666667, 0.0, 0.8461538461538461, 0.0
0.654324271073497, 0.7, 0.0, 0.8421052631578947, 0.0
0.6237283776022164, 0.6666666666666667, 0.0, 0.8235294117647058, 0.0
0.6357578831843538, 0.6666666666666667, 0.0, 0.8, 0.0
0.602671746754564, 0.6666666666666667, 0.0, 0.8333333333333334, 0.0
0.6315351437061963, 0.6666666666666667, 0.0, 0.7777777777777778, 0.0
0.6167930392434026, 0.6666666666666667, 0.0, 0.8571428571428572, 0.0
0.6457086217116166, 0.6666666666666667, 0.0, 0.8, 0.0
0.6265440774109504, 0.6666666666666667, 0.0, 0.8421052631578947, 0.0
0.6131992589358432, 0.6666666666666667, 0.0, 0.8181818181818181, 0.0
0.5995091691460651, 0.6666666666666667, 0.0, 0.8, 0.0
0.6486714653981446, 0.6666666666666667, 0.0, 0.8235294117647058, 0.0
0.6279044556521336, 0.6666666666666667, 0.0, 0.8421052631578947, 0.0
0.6028667936523975, 0.6666666666666667, 0.0, 0.8571428571428572, 0.0
0.6185138562847539, 0.6666666666666667, 0.0, 0.8, 0.0
0.5958297543720661, 0.6666666666666667, 0.0, 0.8148148148148149, 0.0
0.5881010794717215, 0.6666666666666667, 0.0, 0.8235294117647058, 0.0
0.6339951573007838, 0.6666666666666667, 0.0, 0.8333333333333334, 0.0
0.6344711046420562, 0.6666666666666667, 0.0, 0.8235294117647058, 0.0
0.6260365173755266, 0.6666666666666667, 0.0, 0.8333333333333334, 0.0
0.6324104333943479, 0.6666666666666667, 0.0, 0.8, 0.0
0.6055374641175217, 0.6666666666666667, 0.0, 0.8, 0.0
0.6277091017384127, 0.6666666666666667, 0.0, 0.8, 0.0
0.6388414165240789, 0.6666666666666667, 0.0, 0.8, 0.0
0.6166417494713698, 0.6666666666666667, 0.0, 0.8235294117647058, 0.0
0.6396645601560461, 0.6862745098039216, 0.0, 0.8235294117647058, 0.0
0.5754556082032863, 0.6666666666666667, 0.0, 0.8181818181818181, 0.0
0.6429886479189886, 0.6666666666666667, 0.0, 0.8421052631578947, 0.0
0.5986626316870407, 0.6666666666666667, 0.0, 0.8148148148148149, 0.0
0.615427042523276, 0.6666666666666667, 0.0, 0.8, 0.0
0.6149303868073217, 0.7029411764705882, 0.0, 0.8, 0.0
0.6622918256220183, 0.6666666666666667, 0.0, 0.782608695652174, 0.0
0.6437951273013189, 0.6666666666666667, 0.0, 0.8571428571428572, 0.0
0.6462905508377645, 0.6666666666666667, 0.0, 0.8235294117647058, 0.0
0.6180004454036961, 0.6666666666666667, 0.0, 0.8, 0.0
0.6211615080352458, 0.6666666666666667, 0.0, 0.8, 0.0
0.5844010246719226, 0.625, 0.0, 0.8235294117647058, 0.0
0.6233629231778376, 0.6666666666666667, 0.0, 0.8235294117647058, 0.0
0.652998658405005, 0.6666666666666667, 0.0, 0.8571428571428572, 0.0
0.5573347961234958, 0.6666666666666667, 0.0, 0.8, 0.0
0.6203651251021355, 0.6666666666666667, 0.0, 0.8333333333333334, 0.0
0.6569744171950054, 0.6666666666666667, 0.0, 0.8, 0.0
0.577067941088839, 0.6666666666666667, 0.0, 0.8235294117647058, 0.0
0.6010542566308819, 0.6666666666666667, 0.0, 0.8, 0.0
0.6249919274152013, 0.6666666666666667, 0.0, 0.8, 0.0
0.6072978426042434, 0.6666666666666667, 0.0, 0.8181818181818181, 0.0
0.6129894294445378, 0.6201923076923077, 0.0, 0.8421052631578947, 0.0
0.6145469186529559, 0.6458333333333334, 0.0, 0.8, 0.0
0.5993295816670429, 0.6666666666666667, 0.0, 0.8421052631578947, 0.0
0.6272051951702644, 0.6666666666666667, 0.0, 0.8181818181818181, 0.0
0.5965040410823826, 0.6666666666666667, 0.0, 0.8, 0.0
0.6037085422031242, 0.6666666666666667, 0.0, 0.8181818181818181, 0.0
0.6240609807289373, 0.6666666666666667, 0.0, 0.8, 0.0
0.5850731409400141, 0.6666666666666667, 0.0, 0.8, 0.0
0.5669825916162345, 0.6666666666666667, 0.0, 0.8148148148148149, 0.0
0.5786064117154438, 0.6666666666666667, 0.0, 0.8, 0.0
0.6201740455418608, 0.6666666666666667, 0.0, 0.8235294117647058, 0.0
0.6007837976723425, 0.6666666666666667, 0.0, 0.8235294117647058, 0.0
0.6407259080153478, 0.6666666666666667, 0.0, 0.8571428571428572, 0.0
0.6438737967685334, 0.6666666666666667, 0.0, 0.8, 0.0
0.6331186538779418, 0.6666666666666667, 0.0, 0.8, 0.0
0.6122895382338106, 0.6666666666666667, 0.0, 0.8, 0.0
0.5840215779805564, 0.6458333333333334, 0.0, 0.8333333333333334, 0.0
0.6266245429288908, 0.6666666666666667, 0.0, 0.8, 0.0
0.6051240086695735, 0.6666666666666667, 0.0, 0.782608695652174, 0.0
0.6529451806077193, 0.6666666666666667, 0.0, 0.8235294117647058, 0.0
0.6094235895396888, 0.6666666666666667, 0.0, 0.7777777777777778, 0.0
0.6285091982034705, 0.6666666666666667, 0.0, 0.8, 0.0
0.5857462118491531, 0.6666666666666667, 0.0, 0.8, 0.0
0.5823057425031111, 0.625, 0.0, 0.7777777777777778, 0.0
0.6058650027303278, 0.6666666666666667, 0.0, 0.7692307692307692, 0.0
0.5934162442018479, 0.6666666666666667, 0.0, 0.8, 0.0
0.5878320454367029, 0.6666666666666667, 0.0, 0.8333333333333334, 0.0
0.6391905365589575, 0.6666666666666667, 0.0, 0.8, 0.0
0.620758860430586, 0.6666666666666667, 0.0, 0.8235294117647058, 0.0
0.6201804196000926, 0.6666666666666667, 0.0, 0.7777777777777778, 0.0
0.6136802234099985, 0.6666666666666667, 0.0, 0.8571428571428572, 0.0
