0.8200071803561497, 0.8157894736842105, 0.7297297297297297, 0.9259259259259259, 0.0
0.7535903144957482, 0.7646733111849391, 0.6, 0.84375, 0.0
0.7271400680548866, 0.7285012285012284, 0.6, 0.8372093023255813, 0.0
0.7102534088503649, 0.7142857142857143, 0.6, 0.8043478260869565, 0.0
0.6873108182823418, 0.6923076923076923, 0.53125, 0.7872340425531915, 0.0
0.6700461813139884, 0.675, 0.53125, 0.7872340425531915, 0.0
0.6613613574507029, 0.6666666666666667, 0.53125, 0.7435897435897436, 0.0
0.653085184966504, 0.6588137472283814, 0.53125, 0.7142857142857143, 0.0
0.6428270785524686, 0.6493243243243243, 0.5263157894736843, 0.7045454545454546, 0.0
0.6303245335264324, 0.6339712918660287, 0.5263157894736843, 0.7, 0.0
0.6181110913546862, 0.625, 0.5263157894736843, 0.6842105263157895, 0.0
0.6030902763997982, 0.6153846153846154, 0.5142857142857142, 0.6739130434782609, 0.0
0.5984643409176688, 0.6, 0.5142857142857142, 0.6739130434782609, 0.0
0.5936923117406052, 0.5945945945945945, 0.5142857142857142, 0.6578947368421053, 0.0
0.5887129838260503, 0.5945945945945945, 0.5142857142857142, 0.6578947368421053, 0.0
0.585401530440693, 0.5921690921690921, 0.5142857142857142, 0.6578947368421053, 0.0
0.5779573039985217, 0.5875547217010633, 0.48484848484848486, 0.6571428571428571, 0.0
0.5710189185965613, 0.5773524720893142, 0.48484848484848486, 0.6341463414634146, 0.0
0.5686761517071001, 0.5795454545454545, 0.48484848484848486, 0.6341463414634146, 0.0
0.567548451494359, 0.5795454545454545, 0.48484848484848486, 0.641025641025641, 0.0
0.5655591392725828, 0.5732142857142857, 0.48571428571428577, 0.641025641025641, 0.0
0.5603419254562978, 0.5677655677655677, 0.47058823529411764, 0.641025641025641, 0.0
0.5540072506887687, 0.563301282051282, 0.47058823529411764, 0.641025641025641, 0.0
0.5482117780665544, 0.563301282051282, 0.4545454545454546, 0.641025641025641, 0.0
0.5425294797870569, 0.5555555555555556, 0.4545454545454546, 0.6190476190476191, 0.0
0.5359798663022264, 0.5555555555555556, 0.4411764705882353, 0.6190476190476191, 0.0
0.5327749383178868, 0.554093567251462, 0.4411764705882353, 0.6190476190476191, 0.0
0.5283617522411135, 0.5526315789473684, 0.4117647058823529, 0.6190476190476191, 0.0
0.5237083215215061, 0.5441558441558442, 0.4117647058823529, 0.6190476190476191, 0.0
0.5221102278510441, 0.5416988416988417, 0.4117647058823529, 0.6190476190476191, 0.0
0.514800131204447, 0.5278637770897834, 0.3939393939393939, 0.6190476190476191, 0.0
0.5088836886357277, 0.5151515151515151, 0.3939393939393939, 0.6190476190476191, 0.0
0.5054034329312074, 0.5135135135135135, 0.3939393939393939, 0.6190476190476191, 0.0
0.5003687529565118, 0.5135135135135135, 0.375, 0.6190476190476191, 0.0
0.49717316609166384, 0.5, 0.3939393939393939, 0.6190476190476191, 0.0
0.4983657159902396, 0.5, 0.3939393939393939, 0.6190476190476191, 0.0
0.49700276521552406, 0.4852813852813853, 0.3939393939393939, 0.6363636363636364, 0.0
0.4949741908340084, 0.47853535353535354, 0.3939393939393939, 0.6363636363636364, 0.0
0.4880514626013398, 0.4704861111111111, 0.3870967741935484, 0.6363636363636364, 0.0
0.4848647413285238, 0.46875, 0.3870967741935484, 0.6363636363636364, 0.0
0.4798468108109433, 0.4651442307692308, 0.38235294117647056, 0.6363636363636364, 0.0
0.4792064947580074, 0.4580419580419581, 0.38235294117647056, 0.6363636363636364, 0.0
0.4771378371514242, 0.4545454545454546, 0.33333333333333337, 0.6363636363636364, 0.0
0.4729668802918063, 0.44786096256684493, 0.33333333333333337, 0.6363636363636364, 0.0
0.47019259967688165, 0.4375, 0.33333333333333337, 0.6363636363636364, 0.0
0.46804149302209846, 0.4375, 0.33333333333333337, 0.6363636363636364, 0.0
0.46714519451066844, 0.4375, 0.33333333333333337, 0.6363636363636364, 0.0
0.46709991134235135, 0.4375, 0.33333333333333337, 0.6363636363636364, 0.0
0.4664537409974724, 0.4375, 0.33333333333333337, 0.6363636363636364, 0.0
0.46503178672625334, 0.4375, 0.33333333333333337, 0.6190476190476191, 0.0
0.4599054179969435, 0.4375, 0.33333333333333337, 0.6190476190476191, 0.0
0.4601754345093381, 0.4375, 0.33333333333333337, 0.6190476190476191, 0.0
0.4616313539983457, 0.4375, 0.3529411764705882, 0.6190476190476191, 0.0
0.45856975096224084, 0.4242424242424242, 0.3529411764705882, 0.6190476190476191, 0.0
0.4575132298689551, 0.4242424242424242, 0.3529411764705882, 0.6190476190476191, 0.0
0.4570679065376023, 0.4217986314760508, 0.37142857142857144, 0.6190476190476191, 0.0
0.4538947155032869, 0.40625, 0.37142857142857144, 0.6190476190476191, 0.0
0.45221715359387016, 0.40625, 0.37142857142857144, 0.6190476190476191, 0.0
0.45190704067346316, 0.40625, 0.37142857142857144, 0.6190476190476191, 0.0
0.4504887783538726, 0.40625, 0.37142857142857144, 0.6190476190476191, 0.0
0.4489316660392138, 0.40625, 0.3529411764705882, 0.6153846153846154, 0.0
0.44772892191426844, 0.40625, 0.3529411764705882, 0.6153846153846154, 0.0
0.44727417950556625, 0.40625, 0.3529411764705882, 0.6153846153846154, 0.0
0.4479071286311624, 0.40625, 0.3529411764705882, 0.6176470588235294, 0.0
0.44758790820105493, 0.40625, 0.3529411764705882, 0.6176470588235294, 0.0
0.44753432161361856, 0.40625, 0.3529411764705882, 0.6176470588235294, 0.0
0.44744240984891276, 0.40625, 0.3529411764705882, 0.6176470588235294, 0.0
0.44703836944487235, 0.40625, 0.3529411764705882, 0.6176470588235294, 0.0
0.44608452957559125, 0.40625, 0.3529411764705882, 0.6176470588235294, 0.0
0.44608452957559125, 0.40625, 0.3529411764705882, 0.6176470588235294, 0.0
0.44574548670037667, 0.40625, 0.34285714285714286, 0.6176470588235294, 0.0
0.44640784438538617, 0.40625, 0.34285714285714286, 0.6176470588235294, 0.0
0.44640784438538617, 0.40625, 0.34285714285714286, 0.6176470588235294, 0.0
0.44762092993729996, 0.40625, 0.34285714285714286, 0.6176470588235294, 0.0
0.4474946673110373, 0.40625, 0.34285714285714286, 0.6176470588235294, 0.0
0.44691431016818023, 0.40625, 0.34285714285714286, 0.6176470588235294, 0.0
0.44691431016818023, 0.40625, 0.34285714285714286, 0.6176470588235294, 0.0
0.4460222859176158, 0.40625, 0.34285714285714286, 0.6176470588235294, 0.0
0.4457030654875083, 0.40625, 0.34285714285714286, 0.6176470588235294, 0.0
0.4451448517713999, 0.40625, 0.34285714285714286, 0.6176470588235294, 0.0
0.44462257834590063, 0.40625, 0.34285714285714286, 0.6176470588235294, 0.0
0.44462257834590063, 0.40625, 0.34285714285714286, 0.6176470588235294, 0.0
0.44362897156282016, 0.40625, 0.34285714285714286, 0.6176470588235294, 0.0
0.44398526041982644, 0.40625, 0.34285714285714286, 0.6176470588235294, 0.0
0.4439041540525483, 0.40625, 0.34285714285714286, 0.6176470588235294, 0.0
0.44294214424862677, 0.40625, 0.32352941176470584, 0.6176470588235294, 0.0
0.44177027973058103, 0.40625, 0.32352941176470584, 0.6176470588235294, 0.0
0.4407926273185121, 0.403125, 0.32352941176470584, 0.6176470588235294, 0.0
0.4398031368253451, 0.4, 0.32352941176470584, 0.6176470588235294, 0.0
0.4388121458343541, 0.4, 0.32352941176470584, 0.6176470588235294, 0.0
0.43802783210886387, 0.4, 0.32352941176470584, 0.6176470588235294, 0.0
0.4381734850670169, 0.403125, 0.32352941176470584, 0.6176470588235294, 0.0
0.4353155184774326, 0.40625, 0.32352941176470584, 0.6176470588235294, 0.0
0.43408445787137206, 0.396969696969697, 0.32352941176470584, 0.6176470588235294, 0.0
0.4344410436875167, 0.3939393939393939, 0.32352941176470584, 0.6176470588235294, 0.0
0.4344410436875167, 0.3939393939393939, 0.32352941176470584, 0.6176470588235294, 0.0
0.4344410436875167, 0.3939393939393939, 0.32352941176470584, 0.6176470588235294, 0.0
0.4320487023423765, 0.3870967741935484, 0.32352941176470584, 0.6176470588235294, 0.0
0.4307990471772801, 0.3870967741935484, 0.32352941176470584, 0.6176470588235294, 0.0
0.42949536844772385, 0.38472485768500947, 0.32352941176470584, 0.6176470588235294, 0.0
