0.6501960357781095, 0.7272727272727273, 0.0, 0.8571428571428572, 0.0
0.7115464148733149, 0.7407407407407407, 0.5, 0.8387096774193549, 0.0
0.6827146235507681, 0.7161172161172161, 0.4285714285714286, 0.8, 0.0
0.6728341817052855, 0.6923076923076923, 0.4285714285714286, 0.8, 0.0
0.6440464523452037, 0.625, 0.42105263157894735, 0.7804878048780488, 0.0
0.6332626412393979, 0.625, 0.42105263157894735, 0.7804878048780488, 0.0
0.6104690002952887, 0.5904139433551199, 0.42105263157894735, 0.7692307692307692, 0.0
0.5994303268944327, 0.5833333333333333, 0.42105263157894735, 0.7407407407407407, 0.0
0.5964048559015824, 0.5833333333333333, 0.42105263157894735, 0.736842105263158, 0.0
0.5932587199883782, 0.5819892473118279, 0.42105263157894735, 0.736842105263158, 0.0
0.5858640592386204, 0.5714285714285714, 0.4, 0.736842105263158, 0.0
0.5778033708226544, 0.56, 0.4, 0.736842105263158, 0.0
0.5727703285450807, 0.553639846743295, 0.4, 0.736842105263158, 0.0
0.5573067090963701, 0.5384615384615384, 0.4, 0.7272727272727273, 0.0
0.5507476015515999, 0.5333333333333333, 0.4, 0.7272727272727273, 0.0
0.5428952991960414, 0.5333333333333333, 0.4, 0.7272727272727273, 0.0
0.5301906188356235, 0.5240274599542334, 0.3846153846153846, 0.6923076923076923, 0.0
0.5266537624743791, 0.5263157894736843, 0.3846153846153846, 0.6666666666666667, 0.0
0.5095493123825132, 0.5263157894736843, 0.3846153846153846, 0.6666666666666667, 0.0
0.5033398874162128, 0.5240274599542334, 0.3846153846153846, 0.6666666666666667, 0.0
0.49154973859023515, 0.5108695652173914, 0.3846153846153846, 0.64, 0.0
0.4839878733267207, 0.5, 0.3448275862068966, 0.625, 0.0
0.48356523657503725, 0.5, 0.3448275862068966, 0.6451612903225806, 0.0
0.4771727559347482, 0.48324324324324325, 0.31999999999999995, 0.6153846153846154, 0.0
0.4729617199900166, 0.48324324324324325, 0.31999999999999995, 0.625, 0.0
0.46497943579633805, 0.47619047619047616, 0.3076923076923077, 0.625, 0.0
0.4558238289308507, 0.44802867383512546, 0.3076923076923077, 0.6086956521739131, 0.0
0.4426981875066047, 0.44802867383512546, 0.3076923076923077, 0.5806451612903225, 0.0
0.4336808364366219, 0.4444444444444444, 0.3076923076923077, 0.5806451612903225, 0.0
0.426160776291774, 0.4316770186335404, 0.3076923076923077, 0.5625, 0.0
0.4193660544444206, 0.4285714285714286, 0.3076923076923077, 0.5625, 0.0
0.4126858060865406, 0.4285714285714286, 0.3076923076923077, 0.5517241379310345, 0.0
0.41019429954240244, 0.4285714285714286, 0.3076923076923077, 0.5517241379310345, 0.0
0.4159811573354521, 0.4285714285714286, 0.3076923076923077, 0.5517241379310345, 0.0
0.41892185666211634, 0.4285714285714286, 0.3076923076923077, 0.5517241379310345, 0.0
0.41748213783643257, 0.4285714285714286, 0.3076923076923077, 0.5517241379310345, 0.0
0.4128447033754687, 0.4285714285714286, 0.3076923076923077, 0.5517241379310345, 0.0
0.409211514029173, 0.4285714285714286, 0.3076923076923077, 0.5517241379310345, 0.0
0.40770398452164347, 0.4285714285714286, 0.3076923076923077, 0.5517241379310345, 0.0
0.3980117666374751, 0.3851851851851852, 0.3076923076923077, 0.5517241379310345, 0.0
0.39648212344116535, 0.37857142857142856, 0.2962962962962963, 0.5517241379310345, 0.0
0.3882737398055372, 0.3529411764705882, 0.2962962962962963, 0.5517241379310345, 0.0
0.3812099225443603, 0.3529411764705882, 0.2962962962962963, 0.5384615384615384, 0.0
0.3765040435515876, 0.3529411764705882, 0.2962962962962963, 0.5384615384615384, 0.0
0.3769661246803354, 0.3529411764705882, 0.2962962962962963, 0.5384615384615384, 0.0
0.37648993420414495, 0.3529411764705882, 0.2962962962962963, 0.5384615384615384, 0.0
0.3739986928234108, 0.35038363171355497, 0.2962962962962963, 0.5384615384615384, 0.0
0.3745281089983378, 0.34782608695652173, 0.2962962962962963, 0.5555555555555556, 0.0
0.371793284856864, 0.32666666666666666, 0.2962962962962963, 0.5555555555555556, 0.0
0.37129275849058074, 0.34057971014492755, 0.2962962962962963, 0.5555555555555556, 0.0
0.3651670471535803, 0.33333333333333337, 0.2222222222222222, 0.5555555555555556, 0.0
0.35834866902618795, 0.32666666666666666, 0.2222222222222222, 0.5555555555555556, 0.0
0.3556932506141906, 0.31999999999999995, 0.2222222222222222, 0.5555555555555556, 0.0
0.35484529739781634, 0.31789473684210523, 0.2222222222222222, 0.5555555555555556, 0.0
0.35280188402106966, 0.3157894736842105, 0.2222222222222222, 0.5555555555555556, 0.0
0.3542147416947969, 0.31789473684210523, 0.2222222222222222, 0.5555555555555556, 0.0
0.3525550671461063, 0.3157894736842105, 0.2222222222222222, 0.5555555555555556, 0.0
0.3525550671461063, 0.3157894736842105, 0.2222222222222222, 0.5555555555555556, 0.0
0.3524201143795746, 0.3157894736842105, 0.2222222222222222, 0.5555555555555556, 0.0
0.3500340744935347, 0.3157894736842105, 0.16666666666666663, 0.5555555555555556, 0.0
0.34763881283511516, 0.3157894736842105, 0.16666666666666663, 0.5555555555555556, 0.0
0.34884311000118373, 0.3157894736842105, 0.16666666666666663, 0.5555555555555556, 0.0
0.34589216239806225, 0.31009615384615385, 0.16666666666666663, 0.5555555555555556, 0.0
0.3405533787984091, 0.3076923076923077, 0.16666666666666663, 0.5555555555555556, 0.0
0.3403382978267492, 0.3076923076923077, 0.16666666666666663, 0.5555555555555556, 0.0
0.34011607560452695, 0.3076923076923077, 0.16666666666666663, 0.5555555555555556, 0.0
0.3350634961812381, 0.3076923076923077, 0.16666666666666663, 0.5263157894736843, 0.0
0.3328336766180852, 0.3076923076923077, 0.16666666666666663, 0.5263157894736843, 0.0
0.33264374309481837, 0.3076923076923077, 0.16666666666666663, 0.5263157894736843, 0.0
0.33121924167031697, 0.3076923076923077, 0.16666666666666663, 0.5263157894736843, 0.0
0.3291774562951983, 0.3076923076923077, 0.16666666666666663, 0.5263157894736843, 0.0
0.3288070859248279, 0.3076923076923077, 0.16666666666666663, 0.5263157894736843, 0.0
0.3279490068058792, 0.3076923076923077, 0.16666666666666663, 0.5263157894736843, 0.0
0.32664321383341954, 0.3076923076923077, 0.16666666666666663, 0.5263157894736843, 0.0
0.3244097455473197, 0.3076923076923077, 0.16666666666666663, 0.5217391304347826, 0.0
0.3242198120240528, 0.3076923076923077, 0.16666666666666663, 0.5217391304347826, 0.0
0.32468704473766236, 0.3076923076923077, 0.16666666666666663, 0.5217391304347826, 0.0
0.32542303714032145, 0.3076923076923077, 0.16666666666666663, 0.5217391304347826, 0.0
0.3253453370626213, 0.3076923076923077, 0.16666666666666663, 0.5217391304347826, 0.0
0.32555046526774956, 0.3076923076923077, 0.16666666666666663, 0.5217391304347826, 0.0
0.32686798832440306, 0.3076923076923077, 0.16666666666666663, 0.5217391304347826, 0.0
0.32403393241788336, 0.3076923076923077, 0.16666666666666663, 0.5217391304347826, 0.0
0.32403393241788336, 0.3076923076923077, 0.16666666666666663, 0.5217391304347826, 0.0
0.3252241136805284, 0.3076923076923077, 0.19999999999999996, 0.5217391304347826, 0.0
0.3252241136805284, 0.3076923076923077, 0.19999999999999996, 0.5217391304347826, 0.0
0.3252241136805284, 0.3076923076923077, 0.19999999999999996, 0.5217391304347826, 0.0
0.323799612256027, 0.3076923076923077, 0.19999999999999996, 0.5217391304347826, 0.0
0.32431982790782155, 0.30536130536130535, 0.19999999999999996, 0.5217391304347826, 0.0
0.3239270108483378, 0.30536130536130535, 0.19999999999999996, 0.5217391304347826, 0.0
0.32315540591006625, 0.30536130536130535, 0.19999999999999996, 0.5217391304347826, 0.0
0.3217309044855648, 0.303030303030303, 0.19999999999999996, 0.5217391304347826, 0.0
0.3194702826597256, 0.303030303030303, 0.19999999999999996, 0.5217391304347826, 0.0
0.3193925825820255, 0.303030303030303, 0.19999999999999996, 0.5217391304347826, 0.0
0.3209520367730586, 0.303030303030303, 0.19999999999999996, 0.5217391304347826, 0.0
0.31953630945153416, 0.303030303030303, 0.19999999999999996, 0.5217391304347826, 0.0
0.3182542581694829, 0.303030303030303, 0.19999999999999996, 0.5217391304347826, 0.0
0.3182542581694829, 0.303030303030303, 0.19999999999999996, 0.5217391304347826, 0.0
0.31882945457801265, 0.303030303030303, 0.19999999999999996, 0.5217391304347826, 0.0
0.31882945457801265, 0.303030303030303, 0.19999999999999996, 0.5217391304347826, 0.0
0.3176235493721074, 0.303030303030303, 0.19999999999999996, 0.5217391304347826, 0.0
