0.09447089947089947, 0.0, 0.0, 0.6666666666666667, 0.0
0.08765133171912834, 0.0, 0.0, 0.4, 0.0
0.10723544973544973, 0.0, 0.0, 0.6666666666666667, 0.0
0.09034391534391534, 0.0, 0.0, 0.5, 0.0
0.08857949959644874, 0.0, 0.0, 0.5, 0.0
0.1081084656084656, 0.0, 0.0, 0.5, 0.0
0.08839117567931126, 0.0, 0.0, 0.6666666666666667, 0.0
0.11265873015873015, 0.0, 0.0, 0.5, 0.0
0.08613847837985769, 0.0, 0.0, 0.5, 0.0
0.08433862433862435, 0.0, 0.0, 0.4, 0.0
0.1386333064299166, 0.0, 0.0, 0.6666666666666667, 0.0
0.09825637325637325, 0.0, 0.0, 0.5, 0.0
0.10071428571428571, 0.0, 0.0, 0.6666666666666667, 0.0
0.09562169312169312, 0.0, 0.0, 0.4, 0.0
0.09752886002886003, 0.0, 0.0, 0.5, 0.0
0.08155770782889427, 0.0, 0.0, 0.4, 0.0
0.08966931216931218, 0.0, 0.0, 0.6666666666666667, 0.0
0.07543650793650794, 0.0, 0.0, 0.6666666666666667, 0.0
0.11093915343915343, 0.0, 0.0, 0.5, 0.0
0.1026230831315577, 0.0, 0.0, 0.6666666666666667, 0.0
0.08875661375661377, 0.0, 0.0, 0.4, 0.0
0.10276455026455027, 0.0, 0.0, 0.6666666666666667, 0.0
0.129021164021164, 0.0, 0.0, 0.5, 0.0
0.11478835978835979, 0.0, 0.0, 0.5, 0.0
0.09682539682539683, 0.0, 0.0, 0.5, 0.0
0.10674603174603176, 0.0, 0.0, 0.6666666666666667, 0.0
0.11334409470002689, 0.0, 0.0, 0.4, 0.0
0.09451298701298702, 0.0, 0.0, 0.5, 0.0
0.09235449735449737, 0.0, 0.0, 0.6666666666666667, 0.0
0.09531746031746031, 0.0, 0.0, 0.5, 0.0
0.10849753694581281, 0.0, 0.0, 0.4, 0.0
0.10059523809523813, 0.0, 0.0, 0.4, 0.0
0.10944309927360776, 0.0, 0.0, 0.6666666666666667, 0.0
0.05915343915343915, 0.0, 0.0, 0.5, 0.0
0.07142857142857144, 0.0, 0.0, 0.4, 0.0
0.0700132275132275, 0.0, 0.0, 0.4, 0.0
0.07099811676082861, 0.0, 0.0, 0.5, 0.0
0.08059523809523811, 0.0, 0.0, 0.6666666666666667, 0.0
0.11091269841269845, 0.0, 0.0, 0.6666666666666667, 0.0
0.07636243386243385, 0.0, 0.0, 0.4, 0.0
0.0995767195767196, 0.0, 0.0, 0.5, 0.0
0.10178907721280604, 0.0, 0.0, 0.6666666666666667, 0.0
0.08910052910052911, 0.0, 0.0, 0.6666666666666667, 0.0
0.08751681463545871, 0.0, 0.0, 0.6666666666666667, 0.0
0.08747354497354497, 0.0, 0.0, 0.6666666666666667, 0.0
0.09797619047619047, 0.0, 0.0, 0.6666666666666667, 0.0
0.10289682539682538, 0.0, 0.0, 0.33333333333333337, 0.0
0.05484261501210653, 0.0, 0.0, 0.4, 0.0
0.09002645502645502, 0.0, 0.0, 0.33333333333333337, 0.0
0.09187516814635459, 0.0, 0.0, 0.4, 0.0
0.09207671957671959, 0.0, 0.0, 0.5, 0.0
0.08396825396825398, 0.0, 0.0, 0.4, 0.0
0.09065407772304324, 0.0, 0.0, 0.5, 0.0
0.07484775111893759, 0.0, 0.0, 0.4, 0.0
0.09425925925925926, 0.0, 0.0, 0.6666666666666667, 0.0
0.0833994708994709, 0.0, 0.0, 0.6666666666666667, 0.0
0.08867724867724867, 0.0, 0.0, 0.6666666666666667, 0.0
0.09232348111658456, 0.0, 0.0, 0.5, 0.0
0.08703255313424806, 0.0, 0.0, 0.5, 0.0
0.12520850147968793, 0.0, 0.0, 0.6666666666666667, 0.0
0.11744708994708995, 0.0, 0.0, 0.6666666666666667, 0.0
0.1068253968253968, 0.0, 0.0, 0.5, 0.0
0.09275132275132275, 0.0, 0.0, 0.5, 0.0
0.1013227513227513, 0.0, 0.0, 0.5, 0.0
0.07865079365079365, 0.0, 0.0, 0.4, 0.0
0.12941798941798943, 0.0, 0.0, 0.6666666666666667, 0.0
0.056018518518518516, 0.0, 0.0, 0.4, 0.0
0.12575259989053092, 0.0, 0.0, 0.5, 0.0
0.09267195767195767, 0.0, 0.0, 0.5, 0.0
0.09873015873015874, 0.0, 0.0, 0.5, 0.0
0.08661375661375663, 0.0, 0.0, 0.6666666666666667, 0.0
0.1059920634920635, 0.0, 0.0, 0.5, 0.0
0.07367724867724866, 0.0, 0.0, 0.5, 0.0
0.10104923325262306, 0.0, 0.0, 0.5, 0.0
0.07276455026455025, 0.0, 0.0, 0.6666666666666667, 0.0
0.11585956416464893, 0.0, 0.0, 0.6666666666666667, 0.0
0.11502645502645503, 0.0, 0.0, 0.5, 0.0
0.10089947089947092, 0.0, 0.0, 0.4, 0.0
0.08563357546408397, 0.0, 0.0, 0.4, 0.0
0.12306878306878309, 0.0, 0.0, 0.6666666666666667, 0.0
0.13322571966639765, 0.0, 0.0, 0.6666666666666667, 0.0
0.0766881894000538, 0.0, 0.0, 0.5, 0.0
0.10510582010582012, 0.0, 0.0, 0.6666666666666667, 0.0
0.07399470899470899, 0.0, 0.0, 0.33333333333333337, 0.0
0.0897089947089947, 0.0, 0.0, 0.33333333333333337, 0.0
0.08910052910052911, 0.0, 0.0, 0.5, 0.0
0.07985449735449736, 0.0, 0.0, 0.5, 0.0
0.084484126984127, 0.0, 0.0, 0.5, 0.0
0.07222222222222223, 0.0, 0.0, 0.6666666666666667, 0.0
0.08043891293891293, 0.0, 0.0, 0.5, 0.0
0.14267195767195767, 0.0, 0.0, 0.6666666666666667, 0.0
0.07224912563895615, 0.0, 0.0, 0.4, 0.0
0.11771589991928975, 0.0, 0.0, 0.6666666666666667, 0.0
0.10855528652138823, 0.0, 0.0, 0.6666666666666667, 0.0
0.09816137566137567, 0.0, 0.0, 0.6666666666666667, 0.0
0.12074074074074076, 0.0, 0.0, 0.5, 0.0
0.10670634920634921, 0.0, 0.0, 0.6666666666666667, 0.0
0.09038359788359787, 0.0, 0.0, 0.5, 0.0
0.1076271186440678, 0.0, 0.0, 0.5, 0.0
0.09562169312169314, 0.0, 0.0, 0.4, 0.0
