0.13519841269841268, 0.0, 0.0, 0.6666666666666667, 0.0
0.09249999999999999, 0.0, 0.0, 0.5, 0.0
0.059986772486772484, 0.0, 0.0, 0.4, 0.0
0.0843253968253968, 0.0, 0.0, 0.5, 0.0
0.08073344280240831, 0.0, 0.0, 0.33333333333333337, 0.0
0.08121237000547345, 0.0, 0.0, 0.33333333333333337, 0.0
0.10752645502645503, 0.0, 0.0, 0.5, 0.0
0.07707671957671959, 0.0, 0.0, 0.5, 0.0
0.10100529100529101, 0.0, 0.0, 0.5, 0.0
0.08937830687830689, 0.0, 0.0, 0.5, 0.0
0.10469576719576719, 0.0, 0.0, 0.6666666666666667, 0.0
0.07767436267436269, 0.0, 0.0, 0.6666666666666667, 0.0
0.09660052910052909, 0.0, 0.0, 0.5, 0.0
0.12889426957223568, 0.0, 0.0, 0.6666666666666667, 0.0
0.10298941798941798, 0.0, 0.0, 0.5, 0.0
0.13127522195318808, 0.0, 0.0, 0.6666666666666667, 0.0
0.07832010582010582, 0.0, 0.0, 0.6666666666666667, 0.0
0.11474307237019102, 0.0, 0.0, 0.6666666666666667, 0.0
0.09374579124579127, 0.0, 0.0, 0.6666666666666667, 0.0
0.11719576719576721, 0.0, 0.0, 0.6666666666666667, 0.0
0.10160098522167486, 0.0, 0.0, 0.4, 0.0
0.10793650793650791, 0.0, 0.0, 0.6666666666666667, 0.0
0.07817460317460317, 0.0, 0.0, 0.4, 0.0
0.09825396825396825, 0.0, 0.0, 0.5, 0.0
0.0678042328042328, 0.0, 0.0, 0.4, 0.0
0.10144420394420393, 0.0, 0.0, 0.4, 0.0
0.10289682539682538, 0.0, 0.0, 0.6666666666666667, 0.0
0.10665343915343914, 0.0, 0.0, 0.5, 0.0
0.09373015873015873, 0.0, 0.0, 0.4, 0.0
0.08396825396825397, 0.0, 0.0, 0.6666666666666667, 0.0
0.11002645502645504, 0.0, 0.0, 0.6666666666666667, 0.0
0.0698015873015873, 0.0, 0.0, 0.4, 0.0
0.10814814814814815, 0.0, 0.0, 0.6666666666666667, 0.0
0.10597883597883599, 0.0, 0.0, 0.4, 0.0
0.08048941798941799, 0.0, 0.0, 0.5, 0.0
0.07900793650793651, 0.0, 0.0, 0.5, 0.0
0.07830687830687831, 0.0, 0.0, 0.4, 0.0
0.1284944684944685, 0.0, 0.0, 0.6666666666666667, 0.0
0.08693839117567932, 0.0, 0.0, 0.4, 0.0
0.11642857142857145, 0.0, 0.0, 0.6666666666666667, 0.0
0.0956416464891041, 0.0, 0.0, 0.5, 0.0
0.134021164021164, 0.0, 0.0, 0.5, 0.0
0.07134786117836964, 0.0, 0.0, 0.6666666666666667, 0.0
0.08476190476190476, 0.0, 0.0, 0.4, 0.0
0.10743386243386242, 0.0, 0.0, 0.5, 0.0
0.09548941798941799, 0.0, 0.0, 0.6666666666666667, 0.0
0.11022486772486771, 0.0, 0.0, 0.5, 0.0
0.07202380952380952, 0.0, 0.0, 0.5, 0.0
0.0691931216931217, 0.0, 0.0, 0.4, 0.0
0.08726123217648642, 0.0, 0.0, 0.4, 0.0
0.07675925925925926, 0.0, 0.0, 0.5, 0.0
0.13150793650793652, 0.0, 0.0, 0.6666666666666667, 0.0
0.09382275132275134, 0.0, 0.0, 0.4, 0.0
0.09576719576719576, 0.0, 0.0, 0.5, 0.0
0.08035714285714285, 0.0, 0.0, 0.4, 0.0
0.10794973544973545, 0.0, 0.0, 0.6666666666666667, 0.0
0.097010582010582, 0.0, 0.0, 0.6666666666666667, 0.0
0.09613756613756615, 0.0, 0.0, 0.4, 0.0
0.08324074074074074, 0.0, 0.0, 0.6666666666666667, 0.0
0.11980091471616898, 0.0, 0.0, 0.5, 0.0
0.0932142857142857, 0.0, 0.0, 0.5, 0.0
0.08920634920634922, 0.0, 0.0, 0.6666666666666667, 0.0
0.10582251082251082, 0.0, 0.0, 0.6666666666666667, 0.0
0.10243386243386242, 0.0, 0.0, 0.5, 0.0
0.08132275132275131, 0.0, 0.0, 0.5, 0.0
0.16411084207694376, 0.0, 0.0, 0.6666666666666667, 0.0
0.10780199085283833, 0.0, 0.0, 0.6666666666666667, 0.0
0.07984126984126982, 0.0, 0.0, 0.33333333333333337, 0.0
0.07683862433862435, 0.0, 0.0, 0.4, 0.0
0.11063492063492064, 0.0, 0.0, 0.5, 0.0
0.11128547378547379, 0.0, 0.0, 0.6666666666666667, 0.0
0.10719576719576716, 0.0, 0.0, 0.33333333333333337, 0.0
0.041005291005291, 0.0, 0.0, 0.4, 0.0
0.07192628463814904, 0.0, 0.0, 0.4, 0.0
0.08925925925925929, 0.0, 0.0, 0.4, 0.0
0.0697089947089947, 0.0, 0.0, 0.6666666666666667, 0.0
0.07382297551789078, 0.0, 0.0, 0.6666666666666667, 0.0
0.10039682539682543, 0.0, 0.0, 0.5, 0.0
0.09886243386243385, 0.0, 0.0, 0.5, 0.0
0.10528652138821629, 0.0, 0.0, 0.5, 0.0
0.10998677248677248, 0.0, 0.0, 0.6666666666666667, 0.0
0.08582010582010581, 0.0, 0.0, 0.5, 0.0
0.07136131288673662, 0.0, 0.0, 0.5, 0.0
0.1410714285714286, 0.0, 0.0, 0.6666666666666667, 0.0
0.09009259259259259, 0.0, 0.0, 0.5, 0.0
0.0783994708994709, 0.0, 0.0, 0.4, 0.0
0.07211640211640212, 0.0, 0.0, 0.5, 0.0
0.11395502645502645, 0.0, 0.0, 0.6666666666666667, 0.0
0.09334140435835352, 0.0, 0.0, 0.6666666666666667, 0.0
0.11083333333333331, 0.0, 0.0, 0.5, 0.0
0.08711640211640212, 0.0, 0.0, 0.4, 0.0
0.10343018563357546, 0.0, 0.0, 0.5, 0.0
0.10775132275132276, 0.0, 0.0, 0.6666666666666667, 0.0
0.09558201058201057, 0.0, 0.0, 0.5, 0.0
0.08525692762980897, 0.0, 0.0, 0.33333333333333337, 0.0
0.09711640211640214, 0.0, 0.0, 0.5, 0.0
0.11112433862433863, 0.0, 0.0, 0.6666666666666667, 0.0
0.09600529100529101, 0.0, 0.0, 0.6666666666666667, 0.0
0.08743386243386243, 0.0, 0.0, 0.5, 0.0
0.08768518518518519, 0.0, 0.0, 0.5, 0.0
