-5,49492094337956	 -8,793796263658795	 -17,36377258704275	 -4,005298013245033	 -7,5435223564688245	 -15,208046585494971	 -10,409179170344219	 -2,8546255506607925	 -12,7898493259318	 -7,551514081398429	
-15,225510113947529	 -13,704617553753966	 -4,569413838695461	 -3,2042384105960267	 -5,486198077431872	 -4,0021175224986765	 -17,386760812003534	 -2,283700440528634	 -5,595559080095162	 -4,8055089608899095	
-12,020139563642786	 -6,281283045470567	 -4,797884530630235	 -12,0158940397351	 -2,857394831995767	 -6,289041821069349	 -5,490556045895852	 -12,788722466960351	 -2,283901665344964	 -2,2883376004237665	
-4,006713187880929	 -6,281283045470567	 -1,0281181137064788	 -8,811655629139073	 -5,486198077431872	 -10,291159343568026	 -2,8596646072374234	 -11,190132158590307	 -5,138778747026169	 -17,391365763220627	
-2,2895503930748164	 -12,7909763835037	 -7,539532833847511	 -2,2887417218543047	 -2,2859158655966136	 -2,286924298570672	 -13,726390114739631	 -7,536211453744493	 -5,138778747026169	 -12,013772402224774	
-4,006713187880929	 -2,284102925625661	 -5,140590568532393	 -9,61271523178808	 -3,6574653849545817	 -6,174695606140816	 -12,010591350397176	 -6,165991189427313	 -6,280729579698652	 -8,810099761631502	
-0,11447751965374083	 -3,9971801198449066	 -0,22847069193477304	 -2,2887417218543047	 -12,801128847341037	 -12,806776071995765	 -12,010591350397176	 -12,788722466960351	 -4,567803330689928	 -4,004590800741592	
-3,205370550304743	 -3,6545646810010575	 -3,998237108858528	 -7,552847682119205	 -2,2859158655966136	 -4,802541026998412	 -3,202824360105914	 -4,567400881057268	 -8,793021411578112	 -9,611017921779819	
-3,6632806289197064	 -2,284102925625661	 -11,19506390480388	 -14,64794701986755	 -12,001058294382222	 -2,286924298570672	 -4,804236540158871	 -8,792246696035242	 -7,536875495638382	 -3,203672640593273	
-6,2962635809557455	 -3,197744095875925	 -11,994711326575585	 -4,577483443708609	 -13,715495193579681	 -4,573848597141344	 -13,726390114739631	 -4,567400881057268	 -11,990483743061061	 -7,551514081398429	
-3,205370550304743	 -10,050052872752907	 -11,994711326575585	 -6,866225165562914	 -6,400564423670518	 -3,2016940179989413	 -4,003530450132392	 -7,536211453744493	 -2,283901665344964	 -1,0297519201906948	
-2,2895503930748164	 -11,99154035953472	 -4,569413838695461	 -2,8609271523178808	 -8,800776082546962	 -3,6590788777130756	 -5,147396293027362	 -9,591541850220263	 -1,3703409992069786	 -6,292928401165358	
-10,302976768836675	 -4,796616143813888	 -6,168708682238872	 -7,552847682119205	 -7,5435223564688245	 -2,286924298570672	 -7,549514563106797	 -4,567400881057268	 -2,854877081681205	 -6,292928401165358	
-6,181786061302005	 -7,537539654564681	 -8,796121639488762	 -12,0158940397351	 -13,715495193579681	 -0,11434621492853361	 -11,209885260370697	 -1,3702202643171804	 -6,8517049960348935	 -6,292928401165358	
-12,821482201218972	 -15,531899894254494	 -6,168708682238872	 -9,61271523178808	 -8,800776082546962	 -11,205929062996294	 -4,003530450132392	 -6,165991189427313	 -12,7898493259318	 -11,212854242076457	
-13,737302358448899	 -11,19210433556574	 -4,569413838695461	 -7,552847682119205	 -4,000352764794074	 -6,860772895712017	 -7,549514563106797	 -6,165991189427313	 -8,793021411578112	 -2,860422000529708	
-5,723875982687041	 -4,568205851251322	 -6,282944028206258	 -3,2042384105960267	 -7,5435223564688245	 -4,573848597141344	 -7,549514563106797	 -7,536211453744493	 -17,357652656621728	 -6,17851152114417	
-4,579100786149633	 -3,9971801198449066	 -4,569413838695461	 -0,4577483443708609	 -3,4288737983949202	 -12,806776071995765	 -7,549514563106797	 -11,98942731277533	 -2,283901665344964	 -7,551514081398429	
-8,814769013338044	 -0,11420514628128305	 -13,708241516086382	 -6,294039735099338	 -3,4288737983949202	 -8,804658549497088	 -3,6603706972639016	 -2,283700440528634	 -11,990483743061061	 -9,611017921779819	
-2,8619379913435203	 -3,6545646810010575	 -12,79435874834729	 -11,214834437086093	 -7,5435223564688245	 -4,573848597141344	 -5,490556045895852	 -4,795770925110132	 -3,19746233148295	 -8,810099761631502	
-7,5555162971468945	 -3,6545646810010575	 -3,6555310709563686	 -8,811655629139073	 -7,5435223564688245	 -12,806776071995765	 -7,549514563106797	 -0,6851101321585903	 -3,9968279143536876	 -3,203672640593273	
-8,814769013338044	 -6,281283045470567	 -7,539532833847511	 -12,816953642384107	 -3,200282211835259	 -2,286924298570672	 -6,291262135922331	 -3,6539207048458144	 -2,283901665344964	 -6,17851152114417	
-3,6632806289197064	 -3,197744095875925	 -8,796121639488762	 -2,2887417218543047	 -3,6574653849545817	 -0,11434621492853361	 -13,726390114739631	 -13,702202643171804	 -2,283901665344964	 -6,292928401165358	
-1,8316403144598532	 -17,35918223475502	 -6,854120758043192	 -9,61271523178808	 -7,5435223564688245	 -12,00635256749603	 -2,745278022947926	 -3,197180616740088	 -5,481363996827914	 -9,611017921779819	
-17,400582987368605	 -0,6852308776876983	 -2,2847069193477303	 -9,154966887417219	 -9,600846635505777	 -7,546850185283219	 -2,2877316857899386	 -11,98942731277533	 -5,138778747026169	 -4,576675200847533	
-7,5555162971468945	 -2,284102925625661	 -3,4270603790215954	 -5,492980132450331	 -4,571831731193227	 -11,205929062996294	 -13,726390114739631	 -3,197180616740088	 -9,59238699444885	 -13,7300256025426	
-0,5723875982687041	 -12,7909763835037	 -7,539532833847511	 -0,22887417218543046	 -5,600493870711704	 -1,3721545791424035	 -4,575463371579877	 -2,8546255506607925	 -3,9968279143536876	 -17,391365763220627	
-8,814769013338044	 -4,568205851251322	 -11,19506390480388	 -0,6866225165562914	 -7,5435223564688245	 -4,0021175224986765	 -4,003530450132392	 -11,98942731277533	 -2,0555114988104677	 -1,0297519201906948	
-2,2895503930748164	 -5,139231582657737	 -5,711767298369326	 -2,2887417218543047	 -12,001058294382222	 -10,291159343568026	 -3,6603706972639016	 -4,110660792951542	 -6,280729579698652	 -12,814690562373093	
-6,410741100609486	 -0,6852308776876983	 -2,855883649184663	 -11,214834437086093	 -15,544227886056973	 -15,551085230280572	 -9,608473080317742	 -12,788722466960351	 -11,191118160190324	 -0,11441688002118833	
-0,22895503930748165	 -10,278463165315475	 -6,282944028206258	 -6,294039735099338	 -4,571831731193227	 -8,804658549497088	 -8,807766990291263	 -5,138325991189427	 -7,536875495638382	 -15,217445042818047	
-7,5555162971468945	 -0,4568205851251322	 -7,539532833847511	 -2,2887417218543047	 -6,286268630390688	 -7,546850185283219	 -4,804236540158871	 -6,280176211453743	 -2,854877081681205	 -6,292928401165358	
-6,2962635809557455	 -6,167077899189285	 -2,2847069193477303	 -7,552847682119205	 -12,001058294382222	 -4,573848597141344	 -0,9150926743159754	 -7,536211453744493	 -4,796193497224425	 -0,11441688002118833	
-6,2962635809557455	 -3,9971801198449066	 -3,6555310709563686	 -12,0158940397351	 -0,22859158655966136	 -7,546850185283219	 -7,549514563106797	 -9,591541850220263	 -6,280729579698652	 -8,810099761631502	
-4,579100786149633	 -6,167077899189285	 -6,282944028206258	 -5,492980132450331	 -4,000352764794074	 -13,721545791424033	 -12,010591350397176	 -0,9134801762114536	 -6,166534496431404	 -12,814690562373093	
-10,302976768836675	 -6,167077899189285	 -8,22494490965183	 -6,294039735099338	 -3,6574653849545817	 -5,145579671784012	 -3,202824360105914	 -6,280176211453743	 -5,138778747026169	 -2,2883376004237665	
-9,61611165091423	 -0,11420514628128305	 -2,2847069193477303	 -8,811655629139073	 -6,286268630390688	 -7,546850185283219	 -5,490556045895852	 -5,138325991189427	 -6,280729579698652	 -4,576675200847533	
-13,737302358448899	 -12,790976383503702	 -4,569413838695461	 -3,6619867549668874	 -5,714789663991534	 -12,00635256749603	 -0,22877316857899385	 -8,792246696035242	 -11,191118160190324	 -4,004590800741592	
-3,6632806289197064	 -9,593232287627776	 -4,569413838695461	 -2,2887417218543047	 -7,5435223564688245	 -7,546850185283219	 -2,8596646072374234	 -6,280176211453743	 -8,22204599524187	 -13,7300256025426	
-6,181786061302005	 -13,704617553753966	 -3,9982371088585285	 -3,6619867549668874	 -2,857394831995767	 -10,291159343568026	 -2,2877316857899386	 -6,165991189427313	 -12,7898493259318	 -6,292928401165358	
-13,737302358448899	 -0,2284102925625661	 -3,6555310709563686	 -6,179602649006622	 -13,715495193579681	 -12,00635256749603	 -7,549514563106797	 -8,792246696035242	 -3,19746233148295	 -12,814690562373093	
-7,5555162971468945	 -17,35918223475502	 -11,19506390480388	 -3,6619867549668874	 -0,4571831731193227	 -5,488618316569614	 -6,1768755516328335	 -11,190132158590307	 -3,19746233148295	 -10,29751920190695	
-4,006713187880929	 -11,99154035953472	 -3,998237108858528	 -8,811655629139073	 -7,5435223564688245	 -9,605082053996824	 -7,549514563106797	 -3,9964757709251097	 -7,993655828707374	 -7,551514081398429	
-4,006713187880929	 -0,4568205851251322	 -3,6555310709563686	 -9,61271523178808	 -2,2859158655966136	 -6,289041821069349	 -13,726390114739631	 -21,01004405286343	 -0,11419508326724821	 -6,292928401165358	
-12,821482201218972	 -4,568205851251322	 -2,2847069193477303	 -0,11443708609271523	 -10,28662139518476	 -7,546850185283219	 -11,209885260370697	 -5,480881057268722	 -7,194290245836637	 -11,212854242076457	
-11,2187969260666	 -8,793796263658795	 -11,994711326575585	 -7,552847682119205	 -4,571831731193227	 -12,806776071995765	 -4,575463371579877	 -15,529162995594712	 -2,283901665344964	 -8,810099761631502	
-4,006713187880929	 -4,568205851251322	 -0,11423534596738652	 -0,4577483443708609	 -3,200282211835259	 -7,203811540497618	 -8,807766990291263	 -11,98942731277533	 -2,283901665344964	 -13,7300256025426	
-0,4579100786149633	 -4,796616143813888	 -6,282944028206258	 -3,2042384105960267	 -6,8577475967898405	 -7,546850185283219	 -0,11438658428949693	 -3,9964757709251097	 -6,280729579698652	 -8,924516641652689	
-7,5555162971468945	 -7,537539654564681	 -13,708241516086382	 -13,732450331125827	 -4,800423317752888	 -2,286924298570672	 -7,206354810238306	 -9,591541850220263	 -12,7898493259318	 -5,49201024101704	
-6,181786061302005	 -7,537539654564681	 -13,708241516086382	 -12,0158940397351	 -4,000352764794074	 -12,00635256749603	 -0,4575463371579877	 -8,792246696035242	 -15,187946074544012	 -7,551514081398429	
-2,8619379913435203	 -11,99154035953472	 -7,539532833847511	 -3,2042384105960267	 -1,028662139518476	 -6,289041821069349	 -17,386760812003534	 -12,788722466960351	 -8,793021411578112	 -4,576675200847533	
-5,49492094337956	 -6,281283045470567	 -5,140590568532393	 -7,20953642384106	 -4,800423317752888	 -4,802541026998412	 -3,6603706972639016	 -11,98942731277533	 -2,283901665344964	 -1,0297519201906948	
-8,814769013338044	 -4,796616143813888	 -8,796121639488762	 -7,552847682119205	 -5,486198077431872	 -2,286924298570672	 -6,291262135922331	 -3,197180616740088	 -2,283901665344964	 -7,551514081398429	
-7,2120837381856715	 -5,481847021501586	 -0,6854120758043192	 -9,61271523178808	 -9,600846635505777	 -7,546850185283219	 -2,2877316857899386	 -4,795770925110132	 -6,166534496431404	 -1,37300256025426	
-9,61611165091423	 -3,9971801198449066	 -4,569413838695461	 -4,005298013245033	 -10,28662139518476	 -7,546850185283219	 -4,003530450132392	 -11,98942731277533	 -5,70975416336241	 -6,17851152114417	
-4,006713187880929	 -7,537539654564681	 -4,569413838695461	 -4,005298013245033	 -2,2859158655966136	 -3,6590788777130756	 -8,807766990291263	 -13,702202643171804	 -7,536875495638382	 -7,208263441334864	
-7,5555162971468945	 -8,793796263658795	 -11,19506390480388	 -1,029933774834437	 -3,200282211835259	 -8,804658549497088	 -11,209885260370697	 -1,0276651982378855	 -2,283901665344964	 -11,212854242076457	
-11,2187969260666	 -6,281283045470567	 -10,395416483032173	 -12,0158940397351	 -5,714789663991534	 -6,289041821069349	 -6,863195057369815	 -6,280176211453743	 -2,854877081681205	 -4,004590800741592	
-0,4579100786149633	 -1,0278463165315475	 -4,797884530630235	 -2,2887417218543047	 -6,286268630390688	 -5,488618316569614	 -4,003530450132392	 -7,536211453744493	 -13,589214908802537	 -7,551514081398429	
-4,579100786149633	 -3,9971801198449066	 -8,796121639488762	 -6,179602649006622	 -10,28662139518476	 -3,6590788777130756	 -4,575463371579877	 -3,6539207048458144	 -3,19746233148295	 -13,7300256025426	
-7,2120837381856715	 -2,284102925625661	 -4,569413838695461	 -9,61271523178808	 -9,600846635505777	 -6,289041821069349	 -2,2877316857899386	 -17,35612334801762	 -10,27755749405234	 -2,2883376004237665	
-4,579100786149633	 -3,9971801198449066	 -11,19506390480388	 -4,005298013245033	 -8,915071875826794	 -7,546850185283219	 -6,291262135922331	 -6,280176211453743	 -3,19746233148295	 -8,238015361525559	
-0,4579100786149633	 -4,568205851251322	 -0,6854120758043192	 -5,492980132450331	 -1,371549519357968	 -4,802541026998412	 -15,556575463371582	 -4,567400881057268	 -6,166534496431404	 -0,9153350401695066	
-8,814769013338044	 -3,197744095875925	 -8,796121639488762	 -8,811655629139073	 -15,544227886056973	 -5,488618316569614	 -7,549514563106797	 -0,4567400881057268	 -3,9968279143536876	 -2,2883376004237665	
-5,49492094337956	 -4,568205851251322	 -4,569413838695461	 -7,552847682119205	 -6,286268630390688	 -12,00635256749603	 -6,291262135922331	 -11,98942731277533	 -5,595559080095162	 -13,7300256025426	
-7,2120837381856715	 -5,481847021501586	 -7,539532833847511	 -4,80635761589404	 -3,200282211835259	 -12,00635256749603	 -5,490556045895852	 -2,283700440528634	 -6,166534496431404	 -11,212854242076457	
-15,225510113947529	 -15,189284455410647	 -4,797884530630234	 -7,552847682119205	 -6,286268630390688	 -3,6590788777130756	 -8,807766990291263	 -3,9964757709251097	 -12,7898493259318	 -7,551514081398429	
-7,5555162971468945	 -3,6545646810010575	 -3,998237108858528	 -4,80635761589404	 -4,571831731193227	 -7,203811540497618	 -0,4575463371579877	 -3,9964757709251097	 -1,0277557494052338	 -17,391365763220627	
-3,205370550304743	 -11,19210433556574	 -4,569413838695461	 -7,20953642384106	 -7,5435223564688245	 -2,85865537321334	 -10,294792586054722	 -11,98942731277533	 -2,854877081681205	 -2,2883376004237665	
-4,579100786149633	 -12,790976383503702	 -6,282944028206258	 -7,552847682119205	 -12,801128847341037	 -2,286924298570672	 -6,863195057369815	 -8,792246696035242	 -15,530531324345757	 -17,391365763220627	
-4,808055825457115	 -6,167077899189285	 -8,796121639488762	 -4,577483443708609	 -3,200282211835259	 -10,062466913710958	 -12,010591350397176	 -9,591541850220263	 -3,9968279143536876	 -6,292928401165358	
-12,020139563642786	 -6,852308776876983	 -13,708241516086382	 -4,005298013245033	 -7,5435223564688245	 -13,721545791424033	 -2,2877316857899386	 -0,2283700440528634	 -4,796193497224425	 -6,292928401165358	
-11,2187969260666	 -3,9971801198449066	 -10,052710445130014	 -4,80635761589404	 -7,5435223564688245	 -3,2016940179989413	 -7,549514563106797	 -5,709251101321585	 -8,793021411578112	 -4,576675200847533	
-7,5555162971468945	 -15,189284455410647	 -13,708241516086382	 -4,005298013245033	 -7,5435223564688245	 -7,546850185283219	 -0,22877316857899385	 -11,190132158590307	 -5,481363996827914	 -12,013772402224774	
-8,013426375761858	 -2,284102925625661	 -13,708241516086382	 -8,811655629139073	 -7,5435223564688245	 -4,0021175224986765	 -8,807766990291263	 -11,190132158590307	 -6,280729579698652	 -4,004590800741592	
-3,6632806289197064	 -4,796616143813888	 -8,796121639488762	 -12,0158940397351	 -7,5435223564688245	 -3,6590788777130756	 -8,807766990291263	 -5,480881057268722	 -4,567803330689928	 -4,004590800741592	
-4,808055825457115	 -4,568205851251322	 -7,539532833847511	 -8,811655629139073	 -2,2859158655966136	 -13,721545791424033	 -6,291262135922331	 -9,591541850220263	 -13,703409992069785	 -0,11441688002118833	
-5,151488384418337	 -7,194924215720833	 -4,797884530630235	 -9,61271523178808	 -4,571831731193227	 -1,3721545791424035	 -11,209885260370697	 -4,567400881057268	 -13,703409992069785	 -7,551514081398429	
-6,181786061302005	 -13,704617553753966	 -4,569413838695461	 -12,816953642384107	 -12,801128847341037	 -5,145579671784012	 -4,804236540158871	 -5,138325991189427	 -8,793021411578112	 -11,212854242076457	
-4,579100786149633	 -3,9971801198449066	 -4,569413838695461	 -3,6619867549668874	 -2,2859158655966136	 -11,205929062996294	 -4,575463371579877	 -3,9964757709251097	 -6,166534496431404	 -12,013772402224774	
-7,5555162971468945	 -6,167077899189285	 -6,282944028206258	 -8,811655629139073	 -0,685774759678984	 -7,546850185283219	 -0,6863195057369815	 -8,792246696035242	 -7,536875495638382	 -11,212854242076457	
-4,579100786149633	 -2,855128657032076	 -3,6555310709563686	 -3,4331125827814573	 -5,143310697592381	 -6,289041821069349	 -12,010591350397176	 -6,280176211453743	 -7,536875495638382	 -2,2883376004237665	
-10,417454288490415	 -6,281283045470567	 -3,6555310709563686	 -7,20953642384106	 -13,715495193579681	 -8,804658549497088	 -4,003530450132392	 -3,9964757709251097	 -12,7898493259318	 -10,29751920190695	
-12,020139563642786	 -13,704617553753966	 -0,6854120758043192	 -4,577483443708609	 -4,571831731193227	 -8,804658549497088	 -6,291262135922331	 -7,536211453744493	 -4,796193497224425	 -9,611017921779819	
-13,737302358448899	 -5,139231582657737	 -6,282944028206258	 -4,005298013245033	 -1,371549519357968	 -4,573848597141344	 -4,575463371579877	 -11,98942731277533	 -7,536875495638382	 -4,8055089608899095	
-7,5555162971468945	 -11,19210433556574	 -5,140590568532393	 -17,394437086092715	 -11,200987741423408	 -4,0021175224986765	 -8,807766990291263	 -6,280176211453743	 -1,3703409992069786	 -2,2883376004237665	
-7,5555162971468945	 -7,537539654564681	 -3,6555310709563686	 -4,005298013245033	 -1,7144368991974601	 -2,286924298570672	 -8,807766990291263	 -7,536211453744493	 -0,22839016653449642	 -3,6613401606780265	
-8,814769013338044	 -3,9971801198449066	 -13,708241516086382	 -5,149668874172185	 -6,8577475967898405	 -3,4303864478560087	 -8,807766990291263	 -4,567400881057268	 -12,7898493259318	 -13,7300256025426	
-10,074021729529193	 -5,481847021501586	 -4,797884530630235	 -15,563443708609272	 -2,2859158655966136	 -13,721545791424033	 -7,549514563106797	 -11,98942731277533	 -11,191118160190324	 -6,17851152114417	
-15,568942672908753	 -4,568205851251322	 -3,6555310709563686	 -10,29933774834437	 -7,5435223564688245	 -13,721545791424033	 -6,291262135922331	 -4,795770925110132	 -4,796193497224425	 -4,576675200847533	
-8,814769013338044	 -7,537539654564681	 -6,168708682238872	 -8,811655629139073	 -15,544227886056973	 -15,208046585494971	 -11,209885260370697	 -1,0276651982378855	 -7,536875495638382	 -7,551514081398429	
-8,013426375761858	 -11,19210433556574	 -6,168708682238872	 -3,4331125827814573	 -4,571831731193227	 -4,573848597141344	 -7,549514563106797	 -3,197180616740088	 -9,59238699444885	 -7,551514081398429	
-4,808055825457115	 -7,537539654564681	 -3,998237108858528	 -8,811655629139073	 -9,600846635505778	 -13,721545791424033	 -5,490556045895852	 -5,480881057268722	 -3,19746233148295	 -11,212854242076457	
-17,400582987368605	 -10,050052872752907	 -4,569413838695461	 -2,2887417218543047	 -4,000352764794074	 -7,546850185283219	 -4,804236540158871	 -5,709251101321585	 -8,793021411578112	 -2,860422000529708	
-4,121190707534669	 -2,284102925625661	 -6,854120758043192	 -3,6619867549668874	 -3,200282211835259	 -3,6590788777130756	 -13,726390114739631	 -8,792246696035242	 -4,567803330689928	 -6,292928401165358	
-4,579100786149633	 -8,793796263658795	 -10,281181137064788	 -17,394437086092715	 -9,600846635505778	 -2,286924298570672	 -13,726390114739631	 -17,35612334801762	 -6,280729579698652	 -2,2883376004237665	
-3,205370550304743	 -3,6545646810010575	 -7,539532833847511	 -7,552847682119205	 -2,2859158655966136	 -15,208046585494971	 -8,92215357458076	 -3,9964757709251097	 -5,595559080095162	 -7,551514081398429	
-4,579100786149633	 -8,793796263658795	 -2,2847069193477303	 -17,394437086092715	 -6,286268630390688	 -8,804658549497088	 -4,575463371579877	 -7,536211453744493	 -7,536875495638382	 -12,814690562373093	
-7,5555162971468945	 -5,710257314064152	 -12,79435874834729	 -10,29933774834437	 -11,200987741423408	 -4,573848597141344	 -4,804236540158871	 -3,6539207048458144	 -3,19746233148295	 -7,551514081398429	
-15,568942672908753	 -13,704617553753966	 -13,708241516086382	 -8,926092715231787	 -5,486198077431872	 -3,2016940179989413	 -8,807766990291263	 -11,190132158590307	 -6,280729579698652	 -0,4576675200847533	
-8,814769013338044	 -2,284102925625661	 -4,797884530630235	 -0,4577483443708609	 -12,001058294382222	 -7,546850185283219	 -2,2877316857899386	 -3,9964757709251097	 -9,59238699444885	 -7,208263441334864	
-11,2187969260666	 -14,61825872400423	 -6,854120758043192	 -5,492980132450331	 -12,801128847341037	 -4,573848597141344	 -4,575463371579877	 -10,276651982378855	 -7,536875495638382	 -3,6613401606780265	
-7,5555162971468945	 -8,793796263658795	 -8,796121639488762	 -9,61271523178808	 -6,286268630390688	 -6,289041821069349	 -7,549514563106797	 -8,792246696035242	 -1,3703409992069786	 -12,814690562373093	
-15,225510113947529	 -6,281283045470567	 -2,2847069193477303	 -10,985960264900662	 -2,2859158655966136	 -0,6860772895712017	 -4,11791703442189	 -13,702202643171804	 -3,654242664551943	 -6,407345281186546	
-4,808055825457115	 -2,284102925625661	 -2,2847069193477303	 -4,005298013245033	 -8,000705529588148	 -6,289041821069349	 -5,147396293027362	 -5,138325991189427	 -6,280729579698652	 -8,009181601483183	
-3,6632806289197064	 -5,139231582657737	 -4,797884530630235	 -5,149668874172185	 -10,28662139518476	 -4,802541026998412	 -6,863195057369815	 -7,536211453744493	 -4,796193497224425	 -6,17851152114417	
-12,020139563642786	 -6,167077899189285	 -3,1985896870868227	 -7,552847682119205	 -3,6574653849545817	 -9,605082053996824	 -4,575463371579877	 -7,536211453744493	 -11,990483743061061	 -6,292928401165358	
-8,814769013338044	 -17,35918223475502	 -5,483296606434553	 -8,811655629139073	 -8,800776082546962	 -6,289041821069349	 -6,291262135922331	 -0,2283700440528634	 -8,793021411578112	 -8,810099761631502	
-10,074021729529193	 -7,194924215720833	 -3,6555310709563686	 -4,80635761589404	 -5,143310697592381	 -5,145579671784012	 -13,726390114739631	 -11,190132158590307	 -4,567803330689928	 -8,810099761631502	
-7,5555162971468945	 -3,6545646810010575	 -7,539532833847511	 -4,80635761589404	 -7,5435223564688245	 -7,546850185283219	 -12,010591350397176	 -11,98942731277533	 -5,481363996827914	 -3,6613401606780265	
-1,0302976768836674	 -7,537539654564681	 -15,536007051564567	 -7,552847682119205	 -9,600846635505777	 -5,145579671784012	 -4,804236540158871	 -2,283700440528634	 -7,536875495638382	 -12,814690562373093	
-4,579100786149633	 -9,136411702502643	 -11,994711326575585	 -6,294039735099338	 -17,372960578534265	 -8,804658549497088	 -8,807766990291263	 -3,9964757709251097	 -2,283901665344964	 -4,576675200847533	
-4,579100786149633	 -7,537539654564681	 -2,2847069193477303	 -4,80635761589404	 -2,857394831995767	 -4,573848597141344	 -4,11791703442189	 -15,186607929515418	 -3,9968279143536876	 -2,2883376004237665	
-4,579100786149633	 -10,050052872752907	 -4,569413838695461	 -8,811655629139073	 -7,5435223564688245	 -6,174695606140816	 -10,294792586054722	 -3,9964757709251097	 -12,7898493259318	 -2,860422000529708	
-3,205370550304743	 -3,9971801198449066	 -6,282944028206258	 -4,005298013245033	 -10,28662139518476	 -2,286924298570672	 -3,6603706972639016	 -4,567400881057268	 -7,536875495638382	 -12,814690562373093	
-12,020139563642786	 -4,796616143813888	 -7,539532833847511	 -12,0158940397351	 -4,571831731193227	 -7,546850185283219	 -13,726390114739631	 -0,2283700440528634	 -3,9968279143536876	 -13,7300256025426	
-7,5555162971468945	 -3,6545646810010575	 -6,282944028206258	 -11,214834437086093	 -10,0580298086251	 -0,11434621492853361	 -17,386760812003534	 -5,138325991189427	 -3,19746233148295	 -12,013772402224774	
-8,814769013338044	 -17,35918223475502	 -7,539532833847511	 -5,149668874172185	 -3,200282211835259	 -6,174695606140816	 -6,1768755516328335	 -3,197180616740088	 -3,9968279143536876	 -3,203672640593273	
-11,2187969260666	 -17,35918223475502	 -3,998237108858528	 -4,119735099337748	 -6,171972837110856	 -4,0021175224986765	 -3,6603706972639016	 -3,197180616740088	 -2,283901665344964	 -6,17851152114417	
-1,7171627948061123	 -9,593232287627776	 -3,1985896870868227	 -7,552847682119205	 -4,800423317752888	 -10,291159343568026	 -8,807766990291263	 -17,35612334801762	 -3,654242664551943	 -6,8650128012713	
-6,181786061302005	 -9,593232287627776	 -9,59576906126047	 -5,149668874172185	 -12,001058294382222	 -1,3721545791424035	 -11,209885260370697	 -13,588017621145372	 -8,793021411578112	 -13,7300256025426	
-10,302976768836675	 -3,9971801198449066	 -11,19506390480388	 -17,394437086092715	 -4,571831731193227	 -15,208046585494971	 -4,804236540158871	 -7,536211453744493	 -5,481363996827914	 -4,576675200847533	
-11,2187969260666	 -5,481847021501586	 -6,168708682238872	 -4,005298013245033	 -7,5435223564688245	 -4,802541026998412	 -6,291262135922331	 -10,04828193832599	 -2,854877081681205	 -8,810099761631502	
-2,2895503930748164	 -5,139231582657737	 -3,1985896870868227	 -6,179602649006622	 -7,5435223564688245	 -0,11434621492853361	 -4,804236540158871	 -0,1141850220264317	 -2,283901665344964	 -7,551514081398429	
-8,814769013338044	 -11,19210433556574	 -4,569413838695461	 -8,811655629139073	 -7,5435223564688245	 -0,45738485971413445	 -4,804236540158871	 -2,283700440528634	 -7,536875495638382	 -4,004590800741592	
-12,020139563642786	 -11,19210433556574	 -4,797884530630235	 -4,005298013245033	 -5,143310697592381	 -2,85865537321334	 -7,549514563106797	 -3,6539207048458144	 -6,8517049960348935	 -12,013772402224774	
-7,2120837381856715	 -21,01374691575608	 -8,796121639488762	 -12,816953642384107	 -6,286268630390688	 -9,605082053996824	 -6,1768755516328335	 -3,197180616740088	 -6,280729579698652	 -12,814690562373093	
-0,4579100786149633	 -6,281283045470567	 -3,1985896870868227	 -11,214834437086093	 -7,5435223564688245	 -7,546850185283219	 -0,34315975286849076	 -0,1141850220264317	 -6,280729579698652	 -6,292928401165358	
-12,020139563642786	 -7,537539654564681	 -6,282944028206258	 -2,2887417218543047	 -0,4571831731193227	 -4,573848597141344	 -3,202824360105914	 -5,138325991189427	 -11,191118160190324	 -0,11441688002118833	
-6,2962635809557455	 -5,139231582657737	 -10,395416483032173	 -15,220132450331127	 -2,2859158655966136	 -7,546850185283219	 -3,202824360105914	 -0,4567400881057268	 -4,796193497224425	 -8,238015361525559	
-7,5555162971468945	 -13,704617553753966	 -11,19506390480388	 -7,20953642384106	 -12,801128847341037	 -12,806776071995765	 -2,8596646072374234	 -3,197180616740088	 -7,536875495638382	 -10,068685441864574	
-12,020139563642786	 -12,7909763835037	 -5,483296606434553	 -0,6866225165562914	 -12,001058294382222	 -0,45738485971413445	 -12,811297440423656	 -3,6539207048458144	 -3,19746233148295	 -5,49201024101704	
-2,8619379913435203	 -4,568205851251322	 -6,282944028206258	 -0,22887417218543046	 -12,001058294382222	 -7,546850185283219	 -4,003530450132392	 -8,792246696035242	 -0,6851704996034893	 -8,810099761631502	
-7,5555162971468945	 -11,99154035953472	 -13,708241516086382	 -2,2887417218543047	 -8,800776082546962	 -9,147697194282689	 -9,60847308031774	 -8,792246696035242	 -11,191118160190324	 -11,212854242076457	
-13,737302358448899	 -9,593232287627776	 -8,796121639488762	 -8,811655629139073	 -3,200282211835259	 -8,804658549497088	 -11,209885260370697	 -8,792246696035242	 -10,27755749405234	 -12,814690562373093	
-11,2187969260666	 -0,11420514628128305	 -13,708241516086382	 -4,005298013245033	 -4,000352764794074	 -5,488618316569614	 -12,811297440423656	 -8,792246696035242	 -3,654242664551943	 -11,212854242076457	
-21,063863616288312	 -6,167077899189285	 -11,19506390480388	 -4,577483443708609	 -6,400564423670518	 -8,804658549497088	 -4,575463371579877	 -8,792246696035242	 -9,59238699444885	 -11,212854242076457	
-2,2895503930748164	 -8,793796263658795	 -10,395416483032173	 -6,294039735099338	 -8,800776082546962	 -6,174695606140816	 -17,386760812003534	 -4,795770925110132	 -3,9968279143536876	 -12,013772402224774	
-3,205370550304743	 -11,99154035953472	 -12,79435874834729	 -8,811655629139073	 -4,000352764794074	 -5,145579671784012	 -11,209885260370697	 -2,283700440528634	 -3,9968279143536876	 -6,17851152114417	
-3,6632806289197064	 -3,9971801198449066	 -1,0281181137064788	 -4,577483443708609	 -3,6574653849545817	 -13,721545791424033	 -8,807766990291263	 -1,3702202643171804	 -3,4258524980174463	 -5,148759600953475	
-15,225510113947529	 -6,281283045470567	 -6,282944028206258	 -17,394437086092715	 -7,5435223564688245	 -0,45738485971413445	 -2,2877316857899386	 -13,702202643171804	 -11,990483743061061	 -8,810099761631502	
-8,814769013338044	 -4,568205851251322	 -3,998237108858528	 -6,294039735099338	 -5,486198077431872	 -12,00635256749603	 -17,386760812003534	 -5,480881057268722	 -4,796193497224425	 -17,391365763220627	
-5,49492094337956	 -0,4568205851251322	 -3,998237108858528	 -7,552847682119205	 -6,286268630390688	 -8,804658549497088	 -2,2877316857899386	 -6,851101321585903	 -7,536875495638382	 -12,013772402224774	
-3,6632806289197064	 -3,9971801198449066	 -8,796121639488762	 -5,492980132450331	 -9,600846635505777	 -5,145579671784012	 -0,6863195057369815	 -1,3702202643171804	 -6,280729579698652	 -7,551514081398429	
-6,2962635809557455	 -9,593232287627776	 -0,4569413838695461	 -4,005298013245033	 -6,286268630390688	 -13,721545791424033	 -6,291262135922331	 -3,9964757709251097	 -1,3703409992069786	 -6,292928401165358	
-2,2895503930748164	 -3,197744095875925	 -12,79435874834729	 -4,577483443708609	 -8,800776082546962	 -8,804658549497088	 -0,4575463371579877	 -8,906431718061674	 -11,990483743061061	 -0,0	
-1,37373023584489	 -6,167077899189285	 -3,6555310709563686	 -14,64794701986755	 -8,800776082546962	 -13,721545791424033	 -3,6603706972639016	 -4,567400881057268	 -3,654242664551943	 -7,551514081398429	
-4,808055825457115	 -7,537539654564681	 -12,79435874834729	 -4,80635761589404	 -13,715495193579681	 -3,6590788777130756	 -5,490556045895852	 -6,851101321585903	 -7,536875495638382	 -4,004590800741592	
-6,2962635809557455	 -8,793796263658795	 -5,483296606434553	 -6,294039735099338	 -12,001058294382222	 -11,205929062996294	 -15,556575463371582	 -8,792246696035242	 -7,536875495638382	 -7,551514081398429	
-13,737302358448899	 -7,537539654564681	 -6,282944028206258	 -6,294039735099338	 -3,6574653849545817	 -6,289041821069349	 -0,11438658428949693	 -2,283700440528634	 -8,793021411578112	 -15,560695682881612	
-12,821482201218972	 -0,4568205851251322	 -14,622124283825475	 -3,6619867549668874	 -4,571831731193227	 -7,546850185283219	 -4,003530450132392	 -13,702202643171804	 -4,796193497224425	 -17,391365763220627	
-9,61611165091423	 -4,568205851251322	 -7,539532833847511	 -3,2042384105960267	 -3,6574653849545817	 -8,804658549497088	 -13,726390114739631	 -7,536211453744493	 -8,793021411578112	 -8,810099761631502	
-12,020139563642786	 -17,35918223475502	 -11,19506390480388	 -4,577483443708609	 -4,800423317752888	 -0,45738485971413445	 -10,06601941747573	 -7,1936563876651975	 -4,567803330689928	 -7,551514081398429	
-5,723875982687041	 -8,908001409940077	 -9,59576906126047	 -5,149668874172185	 -9,600846635505777	 -5,488618316569614	 -10,981112091791704	 -9,591541850220263	 -3,19746233148295	 -1,37300256025426	
-2,2895503930748164	 -7,537539654564681	 -8,796121639488762	 -6,179602649006622	 -4,571831731193227	 -7,546850185283219	 -2,2877316857899386	 -3,6539207048458144	 -4,567803330689928	 -9,611017921779819	
-4,006713187880929	 -1,3704617553753966	 -7,539532833847511	 -4,005298013245033	 -4,000352764794074	 -8,804658549497088	 -13,726390114739631	 -3,197180616740088	 -6,280729579698652	 -3,6613401606780265	
-2,8619379913435203	 -17,35918223475502	 -4,569413838695461	 -6,179602649006622	 -8,800776082546962	 -3,2016940179989413	 -6,291262135922331	 -6,280176211453743	 -2,283901665344964	 -0,11441688002118833	
-8,814769013338044	 -10,278463165315475	 -2,2847069193477303	 -10,29933774834437	 -4,571831731193227	 -4,573848597141344	 -7,549514563106797	 -11,98942731277533	 -3,9968279143536876	 -12,013772402224774	
-12,020139563642786	 -7,537539654564681	 -3,6555310709563686	 -4,005298013245033	 -9,600846635505777	 -4,0021175224986765	 -7,549514563106797	 -11,98942731277533	 -11,191118160190324	 -4,004590800741592	
-7,5555162971468945	 -3,9971801198449066	 -2,2847069193477303	 -4,119735099337748	 -0,685774759678984	 -6,289041821069349	 -4,003530450132392	 -8,792246696035242	 -11,990483743061061	 -9,611017921779819	
-17,400582987368605	 -3,4261543884384915	 -0,6854120758043192	 -9,61271523178808	 -0,685774759678984	 -12,00635256749603	 -7,549514563106797	 -13,588017621145372	 -7,536875495638382	 -7,551514081398429	
-11,2187969260666	 -4,796616143813888	 -8,796121639488762	 -2,2887417218543047	 -12,801128847341037	 -9,605082053996824	 -6,1768755516328335	 -5,480881057268722	 -5,138778747026169	 -6,17851152114417	
-9,61611165091423	 -7,537539654564681	 -0,22847069193477304	 -7,552847682119205	 -2,2859158655966136	 -12,806776071995765	 -4,575463371579877	 -8,792246696035242	 -2,283901665344964	 -7,551514081398429	
-2,2895503930748164	 -1,0278463165315475	 -3,1985896870868227	 -11,214834437086093	 -4,000352764794074	 -4,802541026998412	 -10,409179170344219	 -11,98942731277533	 -3,654242664551943	 -8,810099761631502	
-4,006713187880929	 -17,35918223475502	 -4,569413838695461	 -2,8609271523178808	 -5,714789663991534	 -9,605082053996824	 -11,209885260370697	 -4,567400881057268	 -11,191118160190324	 -8,810099761631502	
-0,4579100786149633	 -3,6545646810010575	 -3,998237108858528	 -4,005298013245033	 -4,571831731193227	 -2,286924298570672	 -7,549514563106797	 -3,9964757709251097	 -9,59238699444885	 -2,860422000529708	
-6,2962635809557455	 -9,593232287627776	 -1,8277655354781843	 -7,552847682119205	 -0,11429579327983068	 -3,6590788777130756	 -3,6603706972639016	 -2,283700440528634	 -6,166534496431404	 -11,212854242076457	
-4,579100786149633	 -0,4568205851251322	 -7,539532833847511	 -12,0158940397351	 -3,200282211835259	 -11,205929062996294	 -8,807766990291263	 -8,792246696035242	 -4,567803330689928	 -13,7300256025426	
-5,49492094337956	 -7,537539654564681	 -12,79435874834729	 -7,552847682119205	 -13,715495193579681	 -8,804658549497088	 -8,807766990291263	 -6,280176211453743	 -4,567803330689928	 -7,551514081398429	
-7,5555162971468945	 -5,139231582657737	 -10,052710445130014	 -2,8609271523178808	 -2,2859158655966136	 -13,721545791424033	 -6,405648720211828	 -7,536211453744493	 -4,796193497224425	 -2,2883376004237665	
-6,181786061302005	 -8,793796263658795	 -4,797884530630235	 -0,4577483443708609	 -0,11429579327983068	 -10,291159343568026	 -5,147396293027362	 -7,536211453744493	 -4,796193497224425	 -7,551514081398429	
-8,814769013338044	 -2,855128657032076	 -5,483296606434553	 -6,294039735099338	 -12,801128847341037	 -4,0021175224986765	 -1,372639011473963	 -2,283700440528634	 -9,59238699444885	 -4,004590800741592	
-9,61611165091423	 -7,537539654564681	 -11,994711326575585	 -8,811655629139073	 -13,715495193579681	 -4,0021175224986765	 -4,003530450132392	 -0,6851101321585903	 -2,854877081681205	 -3,6613401606780265	
-12,821482201218972	 -5,59605216778287	 -3,6555310709563686	 -2,2887417218543047	 -11,200987741423408	 -8,804658549497088	 -8,807766990291263	 -0,1141850220264317	 -3,4258524980174463	 -2,2883376004237665	
-6,2962635809557455	 -8,793796263658795	 -1,7135301895107977	 -5,7218543046357615	 -8,800776082546962	 -12,00635256749603	 -6,1768755516328335	 -3,9964757709251097	 -11,990483743061061	 -8,238015361525559	
-8,814769013338044	 -7,537539654564681	 -8,796121639488762	 -7,552847682119205	 -3,6574653849545817	 -3,6590788777130756	 -2,2877316857899386	 -7,536211453744493	 -13,703409992069785	 -12,814690562373093	
-3,6632806289197064	 -15,189284455410647	 -3,6555310709563686	 -6,179602649006622	 -11,200987741423408	 -4,573848597141344	 -11,209885260370697	 -17,35612334801762	 -17,357652656621728	 -10,29751920190695	
-9,61611165091423	 -9,593232287627776	 -10,052710445130014	 -10,29933774834437	 -4,571831731193227	 -11,205929062996294	 -2,2877316857899386	 -3,6539207048458144	 -0,45678033306899285	 -6,292928401165358	
-4,808055825457115	 -6,281283045470567	 -2,855883649184663	 -0,11443708609271523	 -4,800423317752888	 -7,203811540497618	 -7,549514563106797	 -9,134801762114536	 -12,7898493259318	 -0,11441688002118833	
-8,814769013338044	 -5,481847021501586	 -3,998237108858528	 -8,811655629139073	 -8,800776082546962	 -4,573848597141344	 -11,209885260370697	 -9,591541850220263	 -3,654242664551943	 -2,860422000529708	
-2,2895503930748164	 -13,704617553753966	 -8,796121639488762	 -2,2887417218543047	 -4,800423317752888	 -2,85865537321334	 -12,010591350397176	 -6,280176211453743	 -17,357652656621728	 -13,7300256025426	
-7,5555162971468945	 -2,284102925625661	 -13,708241516086382	 -8,811655629139073	 -8,800776082546962	 -10,291159343568026	 -0,22877316857899385	 -8,221321585903084	 -11,990483743061061	 -4,576675200847533	
-13,737302358448899	 -12,7909763835037	 -6,168708682238872	 -4,005298013245033	 -7,5435223564688245	 -4,0021175224986765	 -7,549514563106797	 -2,283700440528634	 -3,654242664551943	 -7,551514081398429	
-13,737302358448899	 -7,537539654564681	 -5,140590568532393	 -12,816953642384107	 -7,5435223564688245	 -6,174695606140816	 -8,807766990291263	 -2,283700440528634	 -9,59238699444885	 -0,22883376004237665	
-3,434325589612225	 -11,99154035953472	 -9,59576906126047	 -8,811655629139073	 -15,20134050621748	 -7,546850185283219	 -2,2877316857899386	 -4,567400881057268	 -7,536875495638382	 -2,860422000529708	
-12,821482201218972	 -12,7909763835037	 -7,539532833847511	 -12,0158940397351	 -4,571831731193227	 -8,804658549497088	 -5,490556045895852	 -5,138325991189427	 -4,567803330689928	 -2,860422000529708	
-4,808055825457115	 -0,6852308776876983	 -0,4569413838695461	 -12,0158940397351	 -2,857394831995767	 -17,38062466913711	 -5,490556045895852	 -7,536211453744493	 -3,19746233148295	 -2,2883376004237665	
-7,5555162971468945	 -2,284102925625661	 -3,1985896870868227	 -15,220132450331127	 -7,5435223564688245	 -3,6590788777130756	 -8,807766990291263	 -15,529162995594712	 -3,19746233148295	 -6,292928401165358	
-7,5555162971468945	 -2,740923510750793	 -11,994711326575585	 -13,732450331125827	 -3,4288737983949202	 -0,11434621492853361	 -4,003530450132392	 -8,792246696035242	 -11,191118160190324	 -4,576675200847533	
-9,61611165091423	 -7,537539654564681	 -4,569413838695461	 -11,214834437086093	 -7,5435223564688245	 -11,205929062996294	 -17,386760812003534	 -8,792246696035242	 -4,567803330689928	 -4,004590800741592	
-12,020139563642786	 -1,3704617553753966	 -3,998237108858528	 -6,179602649006622	 -8,800776082546962	 -4,573848597141344	 -2,8596646072374234	 -0,2283700440528634	 -3,654242664551943	 -2,2883376004237665	
-17,400582987368605	 -6,281283045470567	 -0,11423534596738652	 -5,492980132450331	 -2,2859158655966136	 -7,546850185283219	 -0,6863195057369815	 -11,98942731277533	 -0,22839016653449642	 -21,052705923898653	
-15,225510113947529	 -3,197744095875925	 -4,569413838695461	 -11,214834437086093	 -12,001058294382222	 -2,286924298570672	 -12,010591350397176	 -2,283700440528634	 -0,45678033306899285	 -8,238015361525559	
-2,74746047168978	 -12,7909763835037	 -3,998237108858528	 -13,732450331125827	 -12,801128847341037	 -9,605082053996824	 -2,8596646072374234	 -7,536211453744493	 -8,793021411578112	 -13,7300256025426	
-4,579100786149633	 -11,19210433556574	 -13,708241516086382	 -4,005298013245033	 -12,801128847341037	 -3,2016940179989413	 -4,575463371579877	 -4,795770925110132	 -2,283901665344964	 -2,0595038403813897	
-11,2187969260666	 -5,481847021501586	 -7,539532833847511	 -2,2887417218543047	 -12,001058294382222	 -3,430386447856008	 -7,549514563106797	 -2,283700440528634	 -2,854877081681205	 -15,217445042818047	
-4,006713187880929	 -13,704617553753966	 -7,539532833847511	 -17,394437086092715	 -4,000352764794074	 -7,546850185283219	 -17,386760812003534	 -6,165991189427313	 -2,283901665344964	 -2,860422000529708	
-8,814769013338044	 -4,796616143813888	 -7,539532833847511	 -6,179602649006622	 -13,715495193579681	 -17,38062466913711	 -12,010591350397176	 -5,480881057268722	 -12,7898493259318	 -8,238015361525559	
-11,2187969260666	 -8,793796263658795	 -11,19506390480388	 -9,154966887417219	 -7,5435223564688245	 -4,573848597141344	 -6,863195057369815	 -10,04828193832599	 -17,357652656621728	 -3,203672640593273	
-0,686865117922445	 -7,537539654564681	 -4,797884530630235	 -8,811655629139073	 -7,5435223564688245	 -9,605082053996824	 -14,641482789055607	 -8,792246696035242	 -6,280729579698652	 -8,238015361525559	
-2,2895503930748164	 -11,19210433556574	 -5,483296606434553	 -8,811655629139073	 -17,372960578534265	 -4,573848597141344	 -10,294792586054722	 -6,280176211453743	 -2,854877081681205	 -2,2883376004237665	
-2,8619379913435203	 -7,537539654564681	 -4,569413838695461	 -2,2887417218543047	 -8,800776082546962	 -15,551085230280572	 -13,726390114739631	 -0,4567400881057268	 -13,703409992069785	 -3,203672640593273	
-7,5555162971468945	 -3,9971801198449066	 -3,4270603790215954	 -6,408476821192053	 -2,2859158655966136	 -5,488618316569614	 -6,291262135922331	 -4,567400881057268	 -5,481363996827914	 -10,29751920190695	
-11,2187969260666	 -15,531899894254494	 -10,281181137064788	 -6,179602649006622	 -17,372960578534265	 -8,23292747485442	 -4,575463371579877	 -15,529162995594712	 -7,536875495638382	 -7,551514081398429	
-2,2895503930748164	 -7,537539654564681	 -11,994711326575585	 -8,811655629139073	 -13,715495193579681	 -3,6590788777130756	 -13,726390114739631	 -6,280176211453743	 -2,283901665344964	 -5,148759600953475	
-7,5555162971468945	 -3,6545646810010575	 -3,998237108858528	 -7,552847682119205	 -10,0580298086251	 -7,546850185283219	 -3,4315975286849074	 -7,536211453744493	 -2,283901665344964	 -8,810099761631502	
-12,821482201218972	 -7,194924215720833	 -4,797884530630235	 -3,6619867549668874	 -5,486198077431872	 -15,551085230280572	 -8,807766990291263	 -7,536211453744493	 -8,793021411578112	 -4,576675200847533	
-7,2120837381856715	 -10,392668311596758	 -7,539532833847511	 -9,61271523178808	 -4,000352764794074	 -7,546850185283219	 -4,804236540158871	 -6,280176211453743	 -3,9968279143536876	 -9,611017921779819	
-4,006713187880929	 -0,2284102925625661	 -9,59576906126047	 -2,2887417218543047	 -7,5435223564688245	 -6,289041821069349	 -6,291262135922331	 -0,1141850220264317	 -4,796193497224425	 -0,68650128012713	
-7,2120837381856715	 -3,4261543884384915	 -7,539532833847511	 -0,4577483443708609	 -2,2859158655966136	 -7,546850185283219	 -3,6603706972639016	 -7,536211453744493	 -6,280729579698652	 -8,810099761631502	
-7,5555162971468945	 -17,35918223475502	 -13,708241516086382	 -3,2042384105960267	 -4,000352764794074	 -6,174695606140816	 -12,811297440423656	 -3,197180616740088	 -4,567803330689928	 -0,11441688002118833	
-4,579100786149633	 -8,793796263658795	 -6,282944028206258	 -14,64794701986755	 -2,2859158655966136	 -11,205929062996294	 -5,490556045895852	 -6,165991189427313	 -3,9968279143536876	 -11,212854242076457	
-7,5555162971468945	 -6,167077899189285	 -2,855883649184663	 -9,61271523178808	 -2,857394831995767	 -7,546850185283219	 -4,575463371579877	 -3,9964757709251097	 -2,283901665344964	 -7,551514081398429	
-4,579100786149633	 -2,284102925625661	 -7,539532833847511	 -7,552847682119205	 -17,372960578534265	 -4,802541026998412	 -0,11438658428949693	 -2,283700440528634	 -7,194290245836637	 -8,810099761631502	
-7,5555162971468945	 -4,796616143813888	 -7,196826795945351	 -7,552847682119205	 -7,5435223564688245	 -14,636315510852302	 -5,490556045895852	 -5,480881057268722	 -3,9968279143536876	 -12,814690562373093	
-10,302976768836675	 -0,4568205851251322	 -6,282944028206258	 -2,2887417218543047	 -12,801128847341037	 -10,405505558496559	 -4,575463371579877	 -2,8546255506607925	 -7,536875495638382	 -7,551514081398429	
-7,5555162971468945	 -8,793796263658795	 -1,8277655354781843	 -8,811655629139073	 -7,5435223564688245	 -12,806776071995765	 -8,23583406884378	 -5,138325991189427	 -13,703409992069785	 -6,17851152114417	
-10,074021729529193	 -6,281283045470567	 -7,539532833847511	 -4,005298013245033	 -4,000352764794074	 -1,715193223928004	 -4,003530450132392	 -8,792246696035242	 -4,796193497224425	 -10,068685441864574	
-4,006713187880929	 -5,481847021501586	 -2,2847069193477303	 -7,552847682119205	 -4,000352764794074	 -9,605082053996824	 -7,549514563106797	 -7,536211453744493	 -17,357652656621728	 -7,551514081398429	
-7,5555162971468945	 -8,793796263658795	 -3,1985896870868227	 -12,816953642384107	 -12,001058294382222	 -4,0021175224986765	 -3,202824360105914	 -2,283700440528634	 -3,654242664551943	 -11,212854242076457	
-13,737302358448899	 -8,793796263658795	 -3,998237108858528	 -3,2042384105960267	 -2,2859158655966136	 -7,203811540497618	 -2,8596646072374234	 -3,197180616740088	 -11,191118160190324	 -2,860422000529708	
-4,006713187880929	 -11,99154035953472	 -7,539532833847511	 -4,577483443708609	 -7,5435223564688245	 -2,286924298570672	 -4,003530450132392	 -3,197180616740088	 -3,9968279143536876	 -8,810099761631502	
-11,2187969260666	 -1,0278463165315475	 -3,1985896870868227	 -0,22887417218543046	 -4,000352764794074	 -2,286924298570672	 -13,612003530450133	 -0,4567400881057268	 -3,19746233148295	 -8,810099761631502	
-0,4579100786149633	 -4,568205851251322	 -12,79435874834729	 -2,2887417218543047	 -2,857394831995767	 -0,11434621492853361	 -6,291262135922331	 -3,197180616740088	 -6,166534496431404	 -8,810099761631502	
-7,5555162971468945	 -11,99154035953472	 -0,22847069193477304	 -3,6619867549668874	 -15,544227886056973	 -4,0021175224986765	 -0,4575463371579877	 -4,567400881057268	 -7,536875495638382	 -2,2883376004237665	
-12,020139563642786	 -2,284102925625661	 -3,1985896870868227	 -7,552847682119205	 -9,600846635505778	 -6,174695606140816	 -6,1768755516328335	 -15,529162995594712	 -3,19746233148295	 -5,148759600953475	
-6,2962635809557455	 -13,590412407472684	 -13,708241516086382	 -4,577483443708609	 -2,2859158655966136	 -6,289041821069349	 -17,386760812003534	 -12,788722466960351	 -7,536875495638382	 -13,7300256025426	
-13,737302358448899	 -7,537539654564681	 -7,539532833847511	 -12,0158940397351	 -6,171972837110856	 -13,721545791424033	 -6,1768755516328335	 -4,567400881057268	 -5,481363996827914	 -11,212854242076457	
-4,579100786149633	 -3,9971801198449066	 -2,2847069193477303	 -7,552847682119205	 -5,486198077431872	 -6,174695606140816	 -2,2877316857899386	 -3,9964757709251097	 -2,740681998413957	 -8,810099761631502	
-6,181786061302005	 -6,852308776876983	 -10,281181137064788	 -12,0158940397351	 -4,800423317752888	 -4,0021175224986765	 -2,2877316857899386	 -9,591541850220263	 -9,59238699444885	 -6,292928401165358	
-4,006713187880929	 -3,9971801198449066	 -7,539532833847511	 -0,4577483443708609	 -2,2859158655966136	 -3,2016940179989413	 -8,807766990291263	 -11,98942731277533	 -3,996827914353687	 -3,6613401606780265	
-15,568942672908753	 -8,793796263658795	 -8,796121639488762	 -11,214834437086093	 -13,715495193579681	 -2,286924298570672	 -2,2877316857899386	 -1,3702202643171804	 -3,9968279143536876	 -7,551514081398429	
-5,6093984630333	 -11,19210433556574	 -17,36377258704275	 -2,8609271523178808	 -3,200282211835259	 -4,573848597141344	 -7,549514563106797	 -2,283700440528634	 -8,793021411578112	 -2,860422000529708	
-0,4579100786149633	 -3,9971801198449066	 -17,36377258704275	 -13,732450331125827	 -7,5435223564688245	 -8,23292747485442	 -17,386760812003534	 -3,9964757709251097	 -11,990483743061061	 -7,551514081398429	
-17,400582987368605	 -12,7909763835037	 -3,6555310709563686	 -10,29933774834437	 -10,400917188464593	 -6,289041821069349	 -2,745278022947926	 -1,0276651982378855	 -0,6851704996034893	 -6,17851152114417	
-4,006713187880929	 -9,593232287627776	 -12,79435874834729	 -5,149668874172185	 -13,715495193579681	 -8,804658549497088	 -4,003530450132392	 -13,702202643171804	 -5,138778747026169	 -6,292928401165358	
-1,7171627948061126	 -3,9971801198449066	 -4,569413838695461	 -7,552847682119205	 -2,2859158655966136	 -6,174695606140816	 -4,575463371579877	 -8,792246696035242	 -2,283901665344964	 -6,292928401165358	
-11,2187969260666	 -4,568205851251322	 -3,998237108858528	 -8,811655629139073	 -9,600846635505778	 -11,205929062996294	 -7,549514563106797	 -4,567400881057268	 -8,793021411578112	 -11,212854242076457	
-4,006713187880929	 -11,99154035953472	 -9,595769061260468	 -4,577483443708609	 -21,030425963488845	 -3,430386447856008	 -4,804236540158871	 -11,98942731277533	 -5,138778747026169	 -9,611017921779819	
-12,020139563642786	 -0,11420514628128305	 -11,994711326575585	 -3,2042384105960267	 -10,0580298086251	 -6,174695606140816	 -13,726390114739631	 -10,276651982378855	 -11,990483743061061	 -6,292928401165358	
-4,579100786149633	 -11,99154035953472	 -4,797884530630235	 -15,220132450331127	 -4,571831731193227	 -6,174695606140816	 -0,6863195057369815	 -7,536211453744493	 -4,567803330689928	 -11,212854242076457	
-7,5555162971468945	 -11,99154035953472	 -3,6555310709563686	 -3,2042384105960267	 -3,200282211835259	 -0,45738485971413445	 -5,490556045895852	 -13,702202643171804	 -3,19746233148295	 -2,860422000529708	
-4,579100786149633	 -5,481847021501586	 -3,6555310709563686	 -4,80635761589404	 -2,2859158655966136	 -3,2016940179989413	 -2,2877316857899386	 -11,98942731277533	 -0,22839016653449642	 -11,212854242076457	
-0,686865117922445	 -11,19210433556574	 -5,140590568532393	 -7,552847682119205	 -6,171972837110856	 -12,806776071995765	 -8,807766990291263	 -11,190132158590307	 -0,45678033306899285	 -13,7300256025426	
-0,9158201572299266	 -11,99154035953472	 -3,998237108858528	 -13,732450331125827	 -5,486198077431872	 -12,806776071995765	 -9,608473080317742	 -0,4567400881057268	 -7,536875495638382	 -6,17851152114417	
-9,158201572299266	 -3,6545646810010575	 -10,281181137064788	 -4,577483443708609	 -12,001058294382222	 -2,286924298570672	 -15,21341571050309	 -10,276651982378855	 -15,530531324345757	 -6,292928401165358	
-9,61611165091423	 -7,537539654564681	 -4,797884530630235	 -12,0158940397351	 -12,001058294382222	 -0,45738485971413445	 -7,206354810238306	 -3,9964757709251097	 -2,283901665344964	 -6,17851152114417	
-0,4579100786149633	 -6,281283045470567	 -9,595769061260468	 -4,577483443708609	 -6,286268630390688	 -4,0021175224986765	 -2,8596646072374234	 -11,190132158590307	 -6,280729579698652	 -9,611017921779819	
-2,2895503930748164	 -9,593232287627776	 -6,168708682238872	 -4,119735099337748	 -4,571831731193227	 -3,6590788777130756	 -4,804236540158871	 -6,165991189427313	 -3,9968279143536876	 -5,49201024101704	
-4,579100786149633	 -8,793796263658795	 -12,79435874834729	 -2,2887417218543047	 -5,486198077431872	 -4,0021175224986765	 -8,807766990291263	 -3,9964757709251097	 -8,793021411578112	 -1,37300256025426	
-11,2187969260666	 -13,704617553753966	 -6,168708682238872	 -3,6619867549668874	 -11,200987741423408	 -6,174695606140816	 -11,209885260370697	 -6,280176211453743	 -4,796193497224425	 -7,551514081398429	
-6,181786061302005	 -5,481847021501586	 -5,140590568532393	 -2,2887417218543047	 -6,286268630390688	 -8,804658549497088	 -4,003530450132392	 -4,567400881057268	 -2,854877081681205	 -0,4576675200847533	
-4,579100786149633	 -8,793796263658795	 -7,539532833847511	 -15,563443708609272	 -4,571831731193227	 -0,22869242985706723	 -6,291262135922331	 -5,480881057268722	 -6,280729579698652	 -7,551514081398429	
-7,5555162971468945	 -7,537539654564681	 -3,998237108858528	 -4,005298013245033	 -3,200282211835259	 -2,286924298570672	 -0,4575463371579877	 -4,567400881057268	 -6,166534496431404	 -2,2883376004237665	
-12,821482201218972	 -3,197744095875925	 -13,594006170118996	 -7,552847682119205	 -13,715495193579681	 -13,721545791424033	 -8,807766990291263	 -6,280176211453743	 -3,654242664551943	 -4,576675200847533	
-13,737302358448899	 -4,568205851251322	 -2,855883649184663	 -4,005298013245033	 -3,200282211835259	 -0,9147697194282689	 -4,003530450132392	 -5,709251101321585	 -3,996827914353687	 -4,576675200847533	
-11,2187969260666	 -2,284102925625661	 -3,6555310709563686	 -12,816953642384107	 -7,5435223564688245	 -6,174695606140816	 -4,804236540158871	 -4,795770925110132	 -2,283901665344964	 -2,2883376004237665	
-12,020139563642786	 -3,6545646810010575	 -6,168708682238872	 -8,926092715231787	 -4,000352764794074	 -6,289041821069349	 -9,60847308031774	 -7,536211453744493	 -4,567803330689928	 -7,551514081398429	
-3,6632806289197064	 -10,050052872752907	 -2,2847069193477303	 -4,80635761589404	 -11,200987741423408	 -7,546850185283219	 -7,549514563106797	 -12,788722466960351	 -2,854877081681205	 -11,212854242076457	
-8,814769013338044	 -8,793796263658795	 -11,19506390480388	 -2,8609271523178808	 -13,601199400299851	 -4,573848597141344	 -11,209885260370697	 -11,190132158590307	 -6,280729579698652	 -5,148759600953475	
-6,181786061302005	 -3,6545646810010575	 -11,19506390480388	 -0,6866225165562914	 -2,2859158655966136	 -8,804658549497088	 -7,549514563106797	 -0,34255506607929515	 -7,993655828707374	 -10,068685441864574	
-4,006713187880929	 -11,19210433556574	 -6,854120758043192	 -4,577483443708609	 -4,000352764794074	 -9,605082053996824	 -4,003530450132392	 -4,567400881057268	 -11,191118160190324	 -17,391365763220627	
-4,579100786149633	 -8,793796263658795	 -2,2847069193477303	 -8,811655629139073	 -12,001058294382222	 -8,804658549497088	 -3,202824360105914	 -5,480881057268722	 -17,357652656621728	 -8,810099761631502	
-7,5555162971468945	 -2,855128657032076	 -3,6555310709563686	 -4,577483443708609	 -9,600846635505777	 -4,573848597141344	 -2,8596646072374234	 -8,792246696035242	 -8,907216494845361	 -7,551514081398429	
-7,5555162971468945	 -3,4261543884384915	 -3,6555310709563686	 -8,811655629139073	 -4,800423317752888	 -11,205929062996294	 -3,202824360105914	 -7,536211453744493	 -3,9968279143536876	 -6,17851152114417	
-4,808055825457115	 -7,537539654564681	 -6,282944028206258	 -3,2042384105960267	 -7,5435223564688245	 -15,208046585494971	 -8,807766990291263	 -12,788722466960351	 -3,9968279143536876	 -2,2883376004237665	
-4,579100786149633	 -3,9971801198449066	 -7,539532833847511	 -3,6619867549668874	 -4,000352764794074	 -3,6590788777130756	 -0,4575463371579877	 -3,9964757709251097	 -3,9968279143536876	 -2,2883376004237665	
-4,006713187880929	 -8,793796263658795	 -11,994711326575585	 -7,552847682119205	 -5,714789663991534	 -4,0021175224986765	 -1,8301853486319508	 -3,9964757709251097	 -15,187946074544012	 -0,68650128012713	
-6,2962635809557455	 -6,167077899189285	 -2,855883649184663	 -7,552847682119205	 -12,801128847341037	 -13,721545791424033	 -4,575463371579877	 -2,283700440528634	 -6,280729579698652	 -13,7300256025426	
-1,7171627948061123	 -2,855128657032076	 -12,79435874834729	 -8,811655629139073	 -4,000352764794074	 -4,573848597141344	 -4,575463371579877	 -3,9964757709251097	 -3,19746233148295	 -3,6613401606780265	
-0,3434325589612225	 -4,568205851251322	 -6,282944028206258	 -6,179602649006622	 -5,143310697592381	 -5,145579671784012	 -6,1768755516328335	 -18,269603524229073	 -6,166534496431404	 -7,551514081398429	
-12,821482201218972	 -8,793796263658795	 -7,539532833847511	 -15,563443708609272	 -4,571831731193227	 -11,205929062996294	 -7,549514563106797	 -8,792246696035242	 -0,22839016653449642	 -2,2883376004237665	
-4,006713187880929	 -12,7909763835037	 -3,998237108858528	 -3,2042384105960267	 -13,715495193579681	 -6,289041821069349	 -4,003530450132392	 -11,190132158590307	 -8,793021411578112	 -10,29751920190695	
-2,8619379913435203	 -4,796616143813888	 -17,36377258704275	 -4,80635761589404	 -2,857394831995767	 -18,295394388565377	 -7,549514563106797	 -11,190132158590307	 -8,793021411578112	 -7,551514081398429	
-4,808055825457115	 -4,568205851251322	 -5,483296606434553	 -8,010596026490067	 -4,571831731193227	 -5,488618316569614	 -4,804236540158871	 -2,283700440528634	 -6,166534496431404	 -8,810099761631502	
-6,2962635809557455	 -3,6545646810010575	 -11,994711326575585	 -4,577483443708609	 -4,000352764794074	 -3,6590788777130756	 -6,291262135922331	 -3,197180616740088	 -5,138778747026169	 -2,2883376004237665	
-0,9158201572299266	 -4,568205851251322	 -3,6555310709563686	 -9,61271523178808	 -4,571831731193227	 -6,289041821069349	 -0,4575463371579877	 -6,851101321585903	 -4,567803330689928	 -4,004590800741592	
-2,2895503930748164	 -11,19210433556574	 -5,483296606434553	 -5,149668874172185	 -4,000352764794074	 -0,45738485971413445	 -0,4575463371579877	 -2,8546255506607925	 -7,536875495638382	 -4,8055089608899095	
-8,814769013338044	 -5,481847021501586	 -17,36377258704275	 -4,577483443708609	 -12,001058294382222	 -3,2016940179989413	 -3,202824360105914	 -3,9964757709251097	 -7,536875495638382	 -1,37300256025426	
-8,814769013338044	 -7,537539654564681	 -4,569413838695461	 -5,492980132450331	 -8,800776082546962	 -11,205929062996294	 -4,003530450132392	 -7,536211453744493	 -4,567803330689928	 -4,576675200847533	
-7,2120837381856715	 -6,281283045470567	 -2,2847069193477303	 -2,2887417218543047	 -1,371549519357968	 -11,205929062996294	 -0,22877316857899385	 -5,138325991189427	 -7,536875495638382	 -8,810099761631502	
-4,808055825457115	 -3,6545646810010575	 -6,168708682238872	 -3,6619867549668874	 -17,372960578534265	 -13,721545791424033	 -5,490556045895852	 -5,480881057268722	 -7,536875495638382	 -2,2883376004237665	
-4,808055825457115	 -0,2284102925625661	 -4,569413838695461	 -2,8609271523178808	 -7,5435223564688245	 -11,205929062996294	 -2,8596646072374234	 -7,536211453744493	 -4,567803330689928	 -2,2883376004237665	
-4,808055825457115	 -12,790976383503702	 -3,1985896870868227	 -8,811655629139073	 -4,800423317752888	 -4,573848597141344	 -4,575463371579877	 -4,795770925110132	 -6,280729579698652	 -4,576675200847533	
-0,9158201572299266	 -6,167077899189285	 -3,998237108858528	 -4,005298013245033	 -5,486198077431872	 -4,0021175224986765	 -12,811297440423656	 -3,6539207048458144	 -4,567803330689928	 -2,2883376004237665	
-3,6632806289197064	 -6,281283045470567	 -5,483296606434553	 -3,6619867549668874	 -3,6574653849545817	 -15,551085230280572	 -3,202824360105914	 -2,283700440528634	 -7,536875495638382	 -4,576675200847533	
-11,2187969260666	 -17,35918223475502	 -13,708241516086382	 -6,294039735099338	 -6,171972837110856	 -3,6590788777130756	 -8,807766990291263	 -4,567400881057268	 -8,793021411578112	 -6,292928401165358	
-8,814769013338044	 -13,704617553753966	 -4,569413838695461	 -7,552847682119205	 -3,200282211835259	 -6,289041821069349	 -12,811297440423656	 -7,536211453744493	 -0,45678033306899285	 -6,292928401165358	
-2,2895503930748164	 -13,704617553753966	 -2,2847069193477303	 -9,154966887417219	 -8,800776082546962	 -2,286924298570672	 -2,2877316857899386	 -3,6539207048458144	 -7,536875495638382	 -13,7300256025426	
-0,4579100786149633	 -3,9971801198449066	 -10,281181137064788	 -11,214834437086093	 -8,800776082546962	 -7,546850185283219	 -4,003530450132392	 -12,788722466960351	 -3,654242664551943	 -3,43250640063565	
-6,181786061302005	 -4,568205851251322	 -10,281181137064788	 -7,552847682119205	 -12,001058294382222	 -4,0021175224986765	 -2,2877316857899386	 -3,9964757709251097	 -11,191118160190324	 -10,29751920190695	
-17,400582987368605	 -8,793796263658795	 -7,539532833847511	 -7,552847682119205	 -4,000352764794074	 -11,205929062996294	 -3,6603706972639016	 -7,536211453744493	 -11,191118160190324	 -8,810099761631502	
-12,020139563642786	 -3,197744095875925	 -5,483296606434553	 -6,179602649006622	 -13,715495193579681	 -4,0021175224986765	 -11,209885260370697	 -6,280176211453743	 -2,854877081681205	 -12,013772402224774	
-8,814769013338044	 -5,139231582657737	 -8,22494490965183	 -4,005298013245033	 -5,600493870711704	 -3,2016940179989413	 -11,209885260370697	 -8,792246696035242	 -5,481363996827914	 -13,7300256025426	
-6,2962635809557455	 -3,197744095875925	 -7,539532833847511	 -6,179602649006622	 -11,200987741423408	 -7,546850185283219	 -9,150926743159754	 -6,165991189427313	 -3,9968279143536876	 -4,576675200847533	
-6,2962635809557455	 -8,793796263658795	 -6,282944028206258	 -1,3732450331125827	 -8,800776082546962	 -4,0021175224986765	 -7,549514563106797	 -0,1141850220264317	 -2,283901665344964	 -8,810099761631502	
-12,020139563642786	 -17,35918223475502	 -5,483296606434553	 -9,61271523178808	 -7,5435223564688245	 -12,806776071995765	 -1,372639011473963	 -1,3702202643171804	 -17,357652656621728	 -2,2883376004237665	
-4,579100786149633	 -7,537539654564681	 -7,539532833847511	 -8,811655629139073	 -0,685774759678984	 -1,8295394388565378	 -13,726390114739631	 -8,792246696035242	 -7,536875495638382	 -12,814690562373093	
-1,7171627948061123	 -4,796616143813888	 -2,2847069193477303	 -4,80635761589404	 -7,5435223564688245	 -2,286924298570672	 -3,6603706972639016	 -3,197180616740088	 -7,536875495638382	 -12,814690562373093	
-6,181786061302005	 -5,481847021501586	 -3,998237108858528	 -3,4331125827814573	 -4,000352764794074	 -12,00635256749603	 -10,409179170344219	 -7,536211453744493	 -0,11419508326724821	 -7,551514081398429	
-8,814769013338044	 -17,35918223475502	 -3,1985896870868227	 -13,732450331125827	 -2,2859158655966136	 -13,721545791424033	 -6,1768755516328335	 -11,190132158590307	 -2,854877081681205	 -13,7300256025426	
-13,737302358448899	 -4,568205851251322	 -7,539532833847511	 -12,816953642384107	 -2,2859158655966136	 -13,721545791424033	 -8,23583406884378	 -7,536211453744493	 -3,654242664551943	 -4,576675200847533	
-9,61611165091423	 -3,197744095875925	 -11,994711326575585	 -7,20953642384106	 -4,571831731193227	 -17,38062466913711	 -11,209885260370697	 -3,6539207048458144	 -6,280729579698652	 -11,212854242076457	
-2,8619379913435203	 -0,2284102925625661	 -3,998237108858528	 -12,816953642384107	 -0,11429579327983068	 -6,289041821069349	 -13,726390114739631	 -17,35612334801762	 -3,9968279143536876	 -7,551514081398429	
-0,686865117922445	 -2,855128657032076	 -3,998237108858528	 -3,2042384105960267	 -11,200987741423408	 -5,145579671784012	 -5,490556045895852	 -4,567400881057268	 -14,616970658207771	 -3,203672640593273	
-3,6632806289197064	 -7,537539654564681	 -9,59576906126047	 -7,552847682119205	 -14,629861539818327	 -6,174695606140816	 -1,8301853486319508	 -7,536211453744493	 -8,793021411578112	 -2,2883376004237665	
-1,37373023584489	 -5,139231582657737	 -2,2847069193477303	 -8,811655629139073	 -13,715495193579681	 -3,6590788777130756	 -13,726390114739631	 -4,567400881057268	 -3,9968279143536876	 -4,004590800741592	
-2,2895503930748164	 -3,9971801198449066	 -4,569413838695461	 -8,811655629139073	 -11,200987741423408	 -0,22869242985706723	 -6,863195057369815	 -8,792246696035242	 -3,654242664551943	 -3,6613401606780265	
-5,723875982687041	 -2,855128657032076	 -3,998237108858528	 -7,552847682119205	 -3,6574653849545817	 -7,546850185283219	 -4,575463371579877	 -9,591541850220263	 -8,793021411578112	 -11,212854242076457	
-1,37373023584489	 -2,855128657032076	 -0,4569413838695461	 -6,179602649006622	 -4,571831731193227	 -17,38062466913711	 -4,003530450132392	 -7,1936563876651975	 -6,280729579698652	 -6,17851152114417	
-4,006713187880929	 -3,9971801198449066	 -4,569413838695461	 -4,005298013245033	 -8,800776082546962	 -12,806776071995765	 -6,1768755516328335	 -3,9964757709251097	 -15,187946074544012	 -4,8055089608899095	
-4,006713187880929	 -4,796616143813888	 -4,797884530630235	 -6,294039735099338	 -11,200987741423408	 -7,546850185283219	 -5,490556045895852	 -16,442643171806164	 -2,283901665344964	 -12,814690562373093	
-12,020139563642786	 -3,9971801198449066	 -3,998237108858528	 -8,811655629139073	 -7,5435223564688245	 -0,22869242985706723	 -3,202824360105914	 -6,165991189427313	 -13,703409992069785	 -0,343250640063565	
-1,0302976768836674	 -7,537539654564681	 -3,6555310709563686	 -3,6619867549668874	 -4,571831731193227	 -2,286924298570672	 -7,549514563106797	 -3,197180616740088	 -12,7898493259318	 -2,2883376004237665	
-2,8619379913435203	 -6,167077899189285	 -2,855883649184663	 -17,394437086092715	 -1,028662139518476	 -5,145579671784012	 -17,386760812003534	 -13,702202643171804	 -3,19746233148295	 -11,212854242076457	
-12,020139563642786	 -3,9971801198449066	 -2,2847069193477303	 -4,577483443708609	 -11,200987741423408	 -4,0021175224986765	 -1,372639011473963	 -0,1141850220264317	 -2,854877081681205	 -7,551514081398429	
-2,2895503930748164	 -6,852308776876983	 -7,539532833847511	 -4,005298013245033	 -5,486198077431872	 -3,2016940179989413	 -6,1768755516328335	 -5,480881057268722	 -3,19746233148295	 -4,8055089608899095	
-5,151488384418337	 -7,537539654564681	 -13,708241516086382	 -4,005298013245033	 -8,800776082546962	 -2,286924298570672	 -3,6603706972639016	 -8,792246696035242	 -5,70975416336241	 -5,148759600953475	
-2,74746047168978	 -5,139231582657737	 -17,36377258704275	 -7,552847682119205	 -7,5435223564688245	 -12,00635256749603	 -4,003530450132392	 -2,283700440528634	 -0,6851704996034893	 -4,004590800741592	
-17,400582987368605	 -6,852308776876983	 -3,998237108858528	 -8,811655629139073	 -4,571831731193227	 -13,721545791424033	 -17,386760812003534	 -9,591541850220263	 -8,793021411578112	 -0,68650128012713	
-5,723875982687041	 -3,9971801198449066	 -12,79435874834729	 -10,29933774834437	 -4,800423317752888	 -3,2016940179989413	 -2,745278022947926	 -6,280176211453743	 -4,567803330689928	 -13,7300256025426	
-4,579100786149633	 -5,481847021501586	 -7,539532833847511	 -3,2042384105960267	 -11,200987741423408	 -0,22869242985706723	 -12,010591350397176	 -9,591541850220263	 -2,854877081681205	 -9,611017921779819	
-7,5555162971468945	 -15,189284455410647	 -7,539532833847511	 -12,816953642384107	 -11,200987741423408	 -13,721545791424033	 -15,556575463371582	 -7,536211453744493	 -1,3703409992069786	 -4,004590800741592	
-2,2895503930748164	 -8,793796263658795	 -4,569413838695461	 -17,394437086092715	 -7,5435223564688245	 -2,286924298570672	 -2,2877316857899386	 -10,390837004405284	 -7,536875495638382	 -5,49201024101704	
-7,5555162971468945	 -6,281283045470567	 -7,539532833847511	 -6,294039735099338	 -13,715495193579681	 -0,45738485971413445	 -1,372639011473963	 -7,536211453744493	 -7,194290245836637	 -7,551514081398429	
-2,8619379913435203	 -17,35918223475502	 -17,36377258704275	 -7,552847682119205	 -2,857394831995767	 -6,289041821069349	 -12,010591350397176	 -3,9964757709251097	 -8,793021411578112	 -4,576675200847533	
-5,49492094337956	 -3,9971801198449066	 -11,994711326575585	 -7,552847682119205	 -4,571831731193227	 -8,804658549497088	 -6,291262135922331	 -13,702202643171804	 -2,283901665344964	 -2,2883376004237665	
-0,11447751965374083	 -6,167077899189285	 -7,539532833847511	 -11,214834437086093	 -6,8577475967898405	 -4,0021175224986765	 -4,003530450132392	 -4,567400881057268	 -13,703409992069785	 -7,551514081398429	
-9,61611165091423	 -11,19210433556574	 -7,539532833847511	 -3,2042384105960267	 -0,22859158655966136	 -8,804658549497088	 -4,575463371579877	 -4,110660792951541	 -3,9968279143536876	 -12,814690562373093	
-6,2962635809557455	 -2,284102925625661	 -3,6555310709563686	 -17,394437086092715	 -0,685774759678984	 -0,11434621492853361	 -3,202824360105914	 -3,9964757709251097	 -14,616970658207771	 -4,576675200847533	
-2,8619379913435203	 -7,537539654564681	 -0,4569413838695461	 -7,552847682119205	 -8,800776082546962	 -2,286924298570672	 -15,21341571050309	 -8,792246696035242	 -4,796193497224425	 -8,810099761631502	
-8,814769013338044	 -4,568205851251322	 -15,536007051564567	 -12,0158940397351	 -2,857394831995767	 -0,11434621492853361	 -4,575463371579877	 -3,197180616740088	 -0,22839016653449642	 -3,203672640593273	
-3,6632806289197064	 -3,9971801198449066	 -4,569413838695461	 -6,294039735099338	 -12,001058294382222	 -3,2016940179989413	 -3,6603706972639016	 -7,1936563876651975	 -17,357652656621728	 -6,292928401165358	
-4,006713187880929	 -5,481847021501586	 -12,79435874834729	 -13,732450331125827	 -17,372960578534265	 -8,804658549497088	 -11,209885260370697	 -11,190132158590307	 -13,589214908802537	 -11,212854242076457	
-2,2895503930748164	 -4,796616143813888	 -6,282944028206258	 -11,214834437086093	 -4,800423317752888	 -3,6590788777130756	 -2,8596646072374234	 -5,480881057268722	 -9,59238699444885	 -3,6613401606780265	
-4,006713187880929	 -15,189284455410647	 -9,59576906126047	 -5,492980132450331	 -1,8287326924772909	 -8,804658549497088	 -4,804236540158871	 -8,792246696035242	 -8,793021411578112	 -0,4576675200847533	
-0,4579100786149633	 -11,99154035953472	 -2,2847069193477303	 -8,811655629139073	 -3,6574653849545817	 -1,0291159343568026	 -4,575463371579877	 -7,1936563876651975	 -2,283901665344964	 -12,013772402224774	
-0,4579100786149633	 -4,796616143813888	 -5,140590568532393	 -2,2887417218543047	 -4,000352764794074	 -13,721545791424033	 -9,60847308031774	 -11,98942731277533	 -8,907216494845361	 -13,7300256025426	
-8,814769013338044	 -6,167077899189285	 -7,539532833847511	 -4,005298013245033	 -11,200987741423408	 -4,802541026998412	 -0,34315975286849076	 -5,138325991189427	 -8,793021411578112	 -7,551514081398429	
-7,5555162971468945	 -2,284102925625661	 -9,59576906126047	 -14,64794701986755	 -7,5435223564688245	 -6,289041821069349	 -12,811297440423656	 -1,0276651982378855	 -2,283901665344964	 -2,2883376004237665	
-7,5555162971468945	 -6,281283045470567	 -12,79435874834729	 -8,811655629139073	 -4,000352764794074	 -7,546850185283219	 -4,575463371579877	 -2,283700440528634	 -5,481363996827914	 -4,004590800741592	
-7,5555162971468945	 -13,704617553753966	 -6,282944028206258	 -12,0158940397351	 -4,800423317752888	 -18,295394388565377	 -3,202824360105914	 -2,283700440528634	 -7,536875495638382	 -13,7300256025426	
-2,2895503930748164	 -2,284102925625661	 -6,282944028206258	 -4,005298013245033	 -8,800776082546962	 -1,3721545791424035	 -2,2877316857899386	 -4,567400881057268	 -10,27755749405234	 -13,7300256025426	
-9,61611165091423	 -7,537539654564681	 -13,708241516086382	 -11,214834437086093	 -2,743099038715936	 -8,804658549497088	 -0,22877316857899385	 -12,788722466960351	 -3,19746233148295	 -7,551514081398429	
-4,579100786149633	 -9,593232287627776	 -7,196826795945351	 -20,140927152317882	 -8,800776082546962	 -2,286924298570672	 -2,2877316857899386	 -10,276651982378855	 -11,990483743061061	 -4,576675200847533	
-7,5555162971468945	 -4,568205851251322	 -3,1985896870868227	 -5,149668874172185	 -7,5435223564688245	 -12,00635256749603	 -5,147396293027362	 -11,190132158590307	 -0,45678033306899285	 -4,576675200847533	
-4,579100786149633	 -4,568205851251322	 -4,569413838695461	 -5,492980132450331	 -10,400917188464593	 -12,806776071995765	 -11,209885260370697	 -4,567400881057268	 -3,19746233148295	 -4,004590800741592	
-1,37373023584489	 -12,7909763835037	 -4,569413838695461	 -3,6619867549668874	 -13,715495193579681	 -11,205929062996294	 -5,490556045895852	 -7,536211453744493	 -0,9135606661379857	 -0,4576675200847533	
-10,302976768836675	 -7,537539654564681	 -4,569413838695461	 -4,80635761589404	 -4,571831731193227	 -3,2016940179989413	 -4,804236540158871	 -7,536211453744493	 -7,536875495638382	 -6,292928401165358	
-12,821482201218972	 -12,7909763835037	 -11,19506390480388	 -9,154966887417219	 -15,20134050621748	 -4,0021175224986765	 -6,1768755516328335	 -2,283700440528634	 -5,70975416336241	 -9,611017921779819	
-6,86865117922445	 -2,284102925625661	 -6,854120758043192	 -0,11443708609271523	 -8,800776082546962	 -4,573848597141344	 -6,1768755516328335	 -4,567400881057268	 -2,283901665344964	 -0,68650128012713	
-0,686865117922445	 -4,568205851251322	 -2,855883649184663	 -17,394437086092715	 -8,800776082546962	 -8,804658549497088	 -3,6603706972639016	 -2,283700440528634	 -4,567803330689928	 -4,576675200847533	
-6,2962635809557455	 -3,197744095875925	 -13,708241516086382	 -7,552847682119205	 -6,286268630390688	 -3,2016940179989413	 -7,549514563106797	 -12,788722466960351	 -3,19746233148295	 -1,37300256025426	
-2,2895503930748164	 -4,568205851251322	 -7,539532833847511	 -12,0158940397351	 -2,2859158655966136	 -2,286924298570672	 -7,549514563106797	 -5,480881057268722	 -3,9968279143536876	 -6,292928401165358	
-5,49492094337956	 -4,568205851251322	 -4,569413838695461	 -2,2887417218543047	 -7,5435223564688245	 -8,804658549497088	 -3,431597528684908	 -7,536211453744493	 -5,481363996827914	 -6,292928401165358	
-3,205370550304743	 -7,537539654564681	 -3,998237108858528	 -7,552847682119205	 -3,200282211835259	 -8,804658549497088	 -7,549514563106797	 -7,536211453744493	 -3,9968279143536876	 -8,810099761631502	
-6,181786061302005	 -7,537539654564681	 -4,569413838695461	 -8,811655629139073	 -4,571831731193227	 -4,573848597141344	 -7,549514563106797	 -3,9964757709251097	 -11,191118160190324	 -7,551514081398429	
-8,814769013338044	 -5,139231582657737	 -11,994711326575585	 -7,552847682119205	 -5,486198077431872	 -4,0021175224986765	 -4,003530450132392	 -0,4567400881057268	 -3,654242664551943	 -10,411936081928138	
-8,013426375761858	 -6,167077899189285	 -3,998237108858528	 -5,492980132450331	 -7,5435223564688245	 -12,00635256749603	 -0,4575463371579877	 -3,9964757709251097	 -8,793021411578112	 -1,0297519201906948	
-8,814769013338044	 -7,194924215720833	 -8,910356985456149	 -2,2887417218543047	 -7,5435223564688245	 -11,205929062996294	 -9,60847308031774	 -0,4567400881057268	 -3,9968279143536876	 -9,611017921779819	
-14,653122515678826	 -7,537539654564681	 -6,282944028206258	 -5,492980132450331	 -4,800423317752888	 -12,806776071995765	 -3,6603706972639016	 -11,98942731277533	 -8,793021411578112	 -5,49201024101704	
-8,814769013338044	 -9,593232287627776	 -6,854120758043192	 -4,80635761589404	 -0,11429579327983068	 -8,804658549497088	 -9,608473080317742	 -3,9964757709251097	 -4,567803330689928	 -17,391365763220627	
-4,579100786149633	 -11,99154035953472	 -7,539532833847511	 -3,2042384105960267	 -7,5435223564688245	 -15,208046585494971	 -9,60847308031774	 -0,2283700440528634	 -8,793021411578112	 -6,292928401165358	
-15,225510113947529	 -7,194924215720833	 -5,483296606434553	 -2,2887417218543047	 -2,743099038715936	 -5,71731074642668	 -8,807766990291263	 -6,165991189427313	 -10,27755749405234	 -12,814690562373093	
-3,205370550304743	 -5,710257314064152	 -8,22494490965183	 -4,80635761589404	 -6,286268630390688	 -12,00635256749603	 -7,549514563106797	 -4,795770925110132	 -11,191118160190324	 -4,576675200847533	
-4,579100786149633	 -13,704617553753966	 -8,796121639488762	 -8,811655629139073	 -2,2859158655966136	 -4,573848597141344	 -6,291262135922331	 -7,536211453744493	 -4,567803330689928	 -2,860422000529708	
-6,181786061302005	 -9,136411702502643	 -4,569413838695461	 -7,552847682119205	 -8,800776082546962	 -2,286924298570672	 -5,147396293027362	 -4,567400881057268	 -3,19746233148295	 -0,22883376004237665	
-15,225510113947529	 -8,793796263658795	 -11,994711326575585	 -6,294039735099338	 -11,200987741423408	 -3,6590788777130756	 -4,804236540158871	 -3,9964757709251097	 -3,9968279143536876	 -9,611017921779819	
-12,020139563642786	 -13,704617553753966	 -6,168708682238872	 -12,816953642384107	 -13,715495193579681	 -5,145579671784012	 -11,209885260370697	 -4,567400881057268	 -3,19746233148295	 -8,810099761631502	
-8,814769013338044	 -8,793796263658795	 -8,796121639488762	 -6,179602649006622	 -5,486198077431872	 -13,721545791424033	 -6,291262135922331	 -9,591541850220263	 -0,6851704996034893	 -6,292928401165358	
-5,49492094337956	 -3,9971801198449066	 -4,569413838695461	 -2,2887417218543047	 -7,5435223564688245	 -12,806776071995765	 -4,575463371579877	 -7,536211453744493	 -4,567803330689928	 -4,576675200847533	
-4,579100786149633	 -7,194924215720833	 -8,796121639488762	 -11,214834437086093	 -9,600846635505777	 -6,860772895712017	 -12,811297440423656	 -7,1936563876651975	 -2,854877081681205	 -11,212854242076457	
-7,5555162971468945	 -2,284102925625661	 -2,855883649184663	 -5,492980132450331	 -3,200282211835259	 -17,38062466913711	 -6,1768755516328335	 -11,98942731277533	 -10,27755749405234	 -3,203672640593273	
-4,579100786149633	 -4,568205851251322	 -0,6854120758043192	 -17,394437086092715	 -7,5435223564688245	 -1,3721545791424035	 -8,807766990291263	 -8,792246696035242	 -15,530531324345757	 -7,551514081398429	
-7,5555162971468945	 -11,99154035953472	 -11,994711326575585	 -12,816953642384107	 -8,800776082546962	 -11,205929062996294	 -7,549514563106797	 -3,9964757709251097	 -0,11419508326724821	 -8,810099761631502	
-15,225510113947529	 -6,167077899189285	 -8,22494490965183	 -8,811655629139073	 -7,5435223564688245	 -4,802541026998412	 -6,1768755516328335	 -4,567400881057268	 -1,7129262490087231	 -2,2883376004237665	
-8,242381415069339	 -5,481847021501586	 -11,994711326575585	 -11,214834437086093	 -9,600846635505778	 -4,573848597141344	 -3,202824360105914	 -3,9964757709251097	 -2,283901665344964	 -2,860422000529708	
-2,8619379913435203	 -3,9971801198449066	 -8,796121639488762	 -3,6619867549668874	 -10,0580298086251	 -14,636315510852302	 -4,575463371579877	 -6,280176211453743	 -8,793021411578112	 -7,551514081398429	
-7,5555162971468945	 -7,537539654564681	 -4,569413838695461	 -8,239470198675496	 -8,800776082546962	 -15,208046585494971	 -4,575463371579877	 -4,567400881057268	 -0,22839016653449642	 -8,810099761631502	
-4,006713187880929	 -3,9971801198449066	 -2,2847069193477303	 -15,563443708609272	 -10,972396154863745	 -8,804658549497088	 -8,807766990291263	 -2,8546255506607925	 -8,793021411578112	 -13,7300256025426	
-11,2187969260666	 -2,855128657032076	 -8,796121639488762	 -4,005298013245033	 -7,5435223564688245	 -7,546850185283219	 -7,549514563106797	 -6,280176211453743	 -0,6851704996034893	 -8,810099761631502	
-4,579100786149633	 -2,284102925625661	 -8,796121639488762	 -4,005298013245033	 -3,200282211835259	 -7,546850185283219	 -5,490556045895852	 -9,591541850220263	 -5,481363996827914	 -10,411936081928138	
-12,020139563642786	 -3,6545646810010575	 -2,2847069193477303	 -1,8309933774834437	 -0,4571831731193227	 -7,546850185283219	 -7,549514563106797	 -11,98942731277533	 -12,7898493259318	 -2,2883376004237665	
-0,11447751965374083	 -3,6545646810010575	 -14,622124283825475	 -9,61271523178808	 -2,2859158655966136	 -3,6590788777130756	 -11,209885260370697	 -12,788722466960351	 -4,796193497224425	 -7,551514081398429	
-4,121190707534669	 -9,593232287627776	 -7,539532833847511	 -6,294039735099338	 -7,5435223564688245	 -3,6590788777130756	 -9,60847308031774	 -3,6539207048458144	 -6,166534496431404	 -0,22883376004237665	
-0,11447751965374083	 -0,2284102925625661	 -2,2847069193477303	 -6,294039735099338	 -7,5435223564688245	 -3,2016940179989413	 -9,608473080317742	 -4,567400881057268	 -8,793021411578112	 -2,2883376004237665	
-12,821482201218972	 -8,22277053225238	 -3,1985896870868227	 -4,577483443708609	 -7,5435223564688245	 -8,804658549497088	 -5,490556045895852	 -7,536211453744493	 -11,191118160190324	 -6,17851152114417	
-15,568942672908753	 -10,392668311596758	 -11,19506390480388	 -2,7464900662251654	 -5,714789663991534	 -2,286924298570672	 -15,556575463371582	 -2,283700440528634	 -3,654242664551943	 -7,551514081398429	
-12,020139563642786	 -10,050052872752907	 -5,140590568532393	 -6,179602649006622	 -7,5435223564688245	 -7,546850185283219	 -4,575463371579877	 -7,536211453744493	 -8,793021411578112	 -4,004590800741592	
-5,49492094337956	 -2,284102925625661	 -2,2847069193477303	 -5,492980132450331	 -4,000352764794074	 -12,00635256749603	 -5,490556045895852	 -3,197180616740088	 -8,793021411578112	 -17,391365763220627	
-17,400582987368605	 -9,593232287627776	 -7,196826795945351	 -11,214834437086093	 -1,7144368991974601	 -15,551085230280572	 -7,206354810238306	 -4,567400881057268	 -11,990483743061061	 -7,551514081398429	
-3,6632806289197064	 -17,35918223475502	 -10,281181137064788	 -8,811655629139073	 -2,2859158655966136	 -9,605082053996824	 -3,202824360105914	 -3,9964757709251097	 -6,280729579698652	 -12,013772402224774	
-17,400582987368605	 -2,284102925625661	 -6,168708682238872	 -12,0158940397351	 -8,800776082546962	 -7,546850185283219	 -6,1768755516328335	 -3,197180616740088	 -3,9968279143536876	 -2,860422000529708	
-4,006713187880929	 -8,793796263658795	 -5,59753195240194	 -5,492980132450331	 -2,2859158655966136	 -9,605082053996824	 -3,6603706972639016	 -17,35612334801762	 -13,703409992069785	 -0,4576675200847533	
-11,2187969260666	 -8,793796263658795	 -7,539532833847511	 -8,811655629139073	 -6,8577475967898405	 -12,00635256749603	 -3,202824360105914	 -11,98942731277533	 -7,194290245836637	 -11,212854242076457	
-7,2120837381856715	 -3,9971801198449066	 -3,6555310709563686	 -8,239470198675496	 -4,571831731193227	 -3,6590788777130756	 -7,549514563106797	 -11,190132158590307	 -13,703409992069785	 -11,212854242076457	
-7,5555162971468945	 -17,35918223475502	 -6,397179374173645	 -7,552847682119205	 -2,2859158655966136	 -12,00635256749603	 -13,726390114739631	 -4,567400881057268	 -3,654242664551943	 -5,606427121038228	
-13,737302358448899	 -5,481847021501586	 -0,22847069193477304	 -7,552847682119205	 -7,5435223564688245	 -6,289041821069349	 -13,726390114739631	 -11,190132158590307	 -1,3703409992069786	 -11,212854242076457	
-7,5555162971468945	 -5,481847021501586	 -9,595769061260468	 -13,732450331125827	 -12,001058294382222	 -3,6590788777130756	 -11,209885260370697	 -3,197180616740088	 -2,283901665344964	 -6,292928401165358	
-12,020139563642786	 -8,793796263658795	 -13,708241516086382	 -6,294039735099338	 -0,685774759678984	 -8,807766990291263	 -11,98942731277533	 -11,990483743061061	 -17,391365763220627	 
