0.760989010989011, 0.75, 0.75, 0.7857142857142857, 0.0
0.7546464646464646, 0.75, 0.7, 0.8181818181818181, 0.0
0.7777777777777777, 0.7638888888888888, 0.7, 0.8888888888888888, 0.0
0.76, 0.75, 0.75, 0.8, 0.0
0.7833333333333332, 0.8, 0.75, 0.8, 0.0
0.7386363636363635, 0.7272727272727273, 0.7, 0.8, 0.0
0.7569444444444444, 0.75, 0.75, 0.7777777777777778, 0.0
0.7971380471380471, 0.788888888888889, 0.7, 0.8888888888888888, 0.0
0.7330769230769231, 0.75, 0.6, 0.8461538461538461, 0.0
0.7703228869895535, 0.7692307692307692, 0.7, 0.8888888888888888, 0.0
0.8006410256410257, 0.7735042735042734, 0.75, 0.9, 0.0
0.7435064935064934, 0.75, 0.7, 0.8, 0.0
0.7310101010101009, 0.7272727272727273, 0.7, 0.7777777777777778, 0.0
0.7685481185481186, 0.7777777777777778, 0.7272727272727273, 0.8, 0.0
0.7805250305250304, 0.7692307692307692, 0.75, 0.8888888888888888, 0.0
0.772053872053872, 0.7272727272727273, 0.7, 0.8888888888888888, 0.0
0.8080808080808081, 0.8080808080808081, 0.7272727272727273, 0.8888888888888888, 0.0
0.7160353535353535, 0.725, 0.6363636363636364, 0.7777777777777778, 0.0
0.7684498041640898, 0.75, 0.7, 0.8888888888888888, 0.0
0.7636878994021851, 0.7777777777777778, 0.7272727272727273, 0.8, 0.0
0.725, 0.725, 0.7, 0.75, 0.0
0.7474747474747475, 0.75, 0.7272727272727273, 0.7777777777777778, 0.0
0.7571386946386947, 0.7596153846153846, 0.7272727272727273, 0.7777777777777778, 0.0
0.7733333333333333, 0.75, 0.7, 0.8888888888888888, 0.0
0.7555555555555555, 0.75, 0.7, 0.8, 0.0
0.7929292929292929, 0.7777777777777778, 0.7272727272727273, 0.8888888888888888, 0.0
0.7944444444444445, 0.7638888888888888, 0.75, 0.8888888888888888, 0.0
0.7391176724510058, 0.75, 0.7, 0.7777777777777778, 0.0
0.8080808080808081, 0.8080808080808081, 0.7272727272727273, 0.8888888888888888, 0.0
0.7525252525252526, 0.7525252525252526, 0.7272727272727273, 0.7777777777777778, 0.0
0.7474747474747474, 0.75, 0.7, 0.8, 0.0
0.7333333333333333, 0.725, 0.7, 0.8, 0.0
0.7083333333333334, 0.7, 0.7, 0.75, 0.0
0.7597222222222222, 0.725, 0.7, 0.8888888888888888, 0.0
0.7536075036075037, 0.7272727272727273, 0.7272727272727273, 0.8888888888888888, 0.0
0.7384615384615385, 0.75, 0.6923076923076923, 0.8, 0.0
0.7333333333333334, 0.75, 0.7, 0.75, 0.0
0.7546897546897547, 0.75, 0.7, 0.8, 0.0
0.7734487734487734, 0.75, 0.6363636363636364, 0.8888888888888888, 0.0
0.7447293447293446, 0.75, 0.7, 0.7777777777777778, 0.0
0.7194444444444443, 0.7, 0.7, 0.7777777777777778, 0.0
0.7562881562881563, 0.7692307692307692, 0.7, 0.7777777777777778, 0.0
0.8075126262626262, 0.8194444444444444, 0.7, 0.8888888888888888, 0.0
0.7564814814814814, 0.7638888888888888, 0.7, 0.8333333333333334, 0.0
0.7674603174603174, 0.7777777777777778, 0.7, 0.8888888888888888, 0.0
0.7545066045066045, 0.7692307692307692, 0.7, 0.8, 0.0
0.75, 0.75, 0.75, 0.75, 0.75
0.7578787878787878, 0.7638888888888888, 0.7, 0.8181818181818181, 0.0
0.7523088023088023, 0.75, 0.7272727272727273, 0.7857142857142857, 0.0
0.7678571428571428, 0.7857142857142857, 0.7, 0.8, 0.0
0.7468253968253968, 0.75, 0.7, 0.7777777777777778, 0.0
0.7298701298701299, 0.7272727272727273, 0.7, 0.75, 0.0
0.7336538461538461, 0.75, 0.7, 0.7692307692307692, 0.0
0.7655555555555555, 0.75, 0.75, 0.8, 0.0
0.740909090909091, 0.75, 0.7272727272727273, 0.75, 0.0
0.7425084175084176, 0.75, 0.7, 0.7777777777777778, 0.0
0.7449572649572649, 0.7692307692307692, 0.7, 0.7777777777777778, 0.0
0.7438461538461538, 0.75, 0.7, 0.7692307692307692, 0.0
0.7702861952861952, 0.7638888888888888, 0.7, 0.8888888888888888, 0.0
0.7411680911680912, 0.75, 0.7, 0.7777777777777778, 0.0
0.7609427609427609, 0.7777777777777778, 0.7272727272727273, 0.7777777777777778, 0.0
0.7596153846153846, 0.7596153846153846, 0.75, 0.7692307692307692, 0.0
0.7953703703703704, 0.7777777777777778, 0.75, 0.8888888888888888, 0.0
0.7606116106116106, 0.75, 0.7272727272727273, 0.8, 0.0
0.721010101010101, 0.7, 0.7, 0.7777777777777778, 0.0
0.74, 0.75, 0.7, 0.75, 0.0
0.7618725718725718, 0.7735042735042734, 0.7, 0.8888888888888888, 0.0
0.7556565656565656, 0.7777777777777778, 0.6, 0.8181818181818181, 0.0
0.741919191919192, 0.7272727272727273, 0.7, 0.8888888888888888, 0.0
0.7335858585858586, 0.75, 0.6363636363636364, 0.7777777777777778, 0.0
0.7617521367521367, 0.7596153846153846, 0.75, 0.7777777777777778, 0.0
0.7686105561105561, 0.7596153846153846, 0.7, 0.8888888888888888, 0.0
0.7573683261183262, 0.75, 0.7, 0.8181818181818181, 0.0
0.7756497470783186, 0.7692307692307692, 0.7, 0.8888888888888888, 0.0
0.7727066584209441, 0.7777777777777778, 0.7272727272727273, 0.8181818181818181, 0.0
0.7338461538461537, 0.7, 0.7, 0.8, 0.0
0.7554924242424241, 0.75, 0.7, 0.8888888888888888, 0.0
0.7443181818181819, 0.75, 0.7272727272727273, 0.75, 0.0
0.7154545454545455, 0.7, 0.7, 0.75, 0.0
0.7585016835016835, 0.7638888888888888, 0.7, 0.8181818181818181, 0.0
0.7303030303030303, 0.7272727272727273, 0.7, 0.75, 0.0
0.7511111111111111, 0.75, 0.7, 0.7777777777777778, 0.0
0.7462962962962963, 0.75, 0.7, 0.7777777777777778, 0.0
0.8111111111111111, 0.788888888888889, 0.7777777777777778, 0.8888888888888888, 0.0
0.734090909090909, 0.7386363636363636, 0.7, 0.75, 0.0
0.7742424242424242, 0.75, 0.7272727272727273, 0.8888888888888888, 0.0
0.7259259259259259, 0.7, 0.7, 0.7777777777777778, 0.0
0.7407467532467532, 0.7386363636363636, 0.7, 0.7857142857142857, 0.0
0.72, 0.7, 0.7, 0.75, 0.0
0.7069444444444444, 0.725, 0.6, 0.7777777777777778, 0.0
0.7554713804713805, 0.75, 0.7272727272727273, 0.7777777777777778, 0.0
0.7591919191919192, 0.75, 0.7, 0.8181818181818181, 0.0
0.7675084175084175, 0.7136363636363636, 0.7, 0.8888888888888888, 0.0
0.7257575757575757, 0.7272727272727273, 0.7, 0.75, 0.0
0.7876767676767678, 0.7638888888888888, 0.7, 0.8888888888888888, 0.0
0.7566666666666667, 0.75, 0.7, 0.8333333333333334, 0.0
0.7833333333333333, 0.75, 0.75, 0.8888888888888888, 0.0
0.7333333333333334, 0.75, 0.7, 0.75, 0.0
0.7888016745159602, 0.7777777777777778, 0.75, 0.8888888888888888, 0.0
0.757499444999445, 0.7596153846153846, 0.7, 0.8, 0.0
0.7152146464646465, 0.7, 0.6666666666666667, 0.7777777777777778, 0.0
0.7656565656565656, 0.75, 0.7, 0.8888888888888888, 0.0
0.7580937580937581, 0.7692307692307692, 0.7272727272727273, 0.7777777777777778, 0.0
0.7509259259259259, 0.75, 0.7, 0.7777777777777778, 0.0
0.7355555555555554, 0.7, 0.7, 0.8, 0.0
0.7555555555555555, 0.7638888888888888, 0.7, 0.7777777777777778, 0.0
0.7255555555555555, 0.7, 0.7, 0.7777777777777778, 0.0
0.7564814814814814, 0.75, 0.7, 0.8888888888888888, 0.0
0.7166666666666667, 0.7, 0.7, 0.75, 0.0
0.7727833894500561, 0.75, 0.7, 0.8888888888888888, 0.0
0.7454339311482168, 0.7272727272727273, 0.7, 0.8, 0.0
0.7587169774669774, 0.75, 0.7272727272727273, 0.8181818181818181, 0.0
0.7375, 0.75, 0.7, 0.75, 0.0
0.7213804713804713, 0.75, 0.6363636363636364, 0.7777777777777778, 0.0
0.7257575757575757, 0.7272727272727273, 0.7, 0.75, 0.0
0.7763532763532762, 0.75, 0.75, 0.8888888888888888, 0.0
0.7883838383838383, 0.7777777777777778, 0.6363636363636364, 0.8888888888888888, 0.0
0.7677777777777778, 0.75, 0.7, 0.8888888888888888, 0.0
0.7618686868686867, 0.7386363636363636, 0.7, 0.8888888888888888, 0.0
0.741111111111111, 0.75, 0.7, 0.7777777777777778, 0.0
0.74, 0.75, 0.7, 0.75, 0.0
0.7420918587585255, 0.75, 0.7, 0.7777777777777778, 0.0
0.7546296296296297, 0.75, 0.7, 0.8, 0.0
0.7443181818181819, 0.7386363636363636, 0.7, 0.8, 0.0
0.7456228956228955, 0.75, 0.7, 0.7777777777777778, 0.0
0.7055555555555556, 0.7, 0.6666666666666667, 0.75, 0.0
0.7596866096866096, 0.75, 0.7, 0.8888888888888888, 0.0
0.7273288439955106, 0.75, 0.6, 0.8181818181818181, 0.0
0.7859848484848485, 0.7638888888888888, 0.7272727272727273, 0.8888888888888888, 0.0
0.7609557109557109, 0.7596153846153846, 0.7272727272727273, 0.8, 0.0
0.7574825174825175, 0.75, 0.7, 0.8181818181818181, 0.0
0.7512626262626263, 0.75, 0.7272727272727273, 0.7777777777777778, 0.0
0.7641414141414141, 0.75, 0.7, 0.8888888888888888, 0.0
0.7747294372294373, 0.7638888888888888, 0.7, 0.8888888888888888, 0.0
0.7674908424908424, 0.7596153846153846, 0.75, 0.8, 0.0
0.7464285714285714, 0.75, 0.7, 0.7857142857142857, 0.0
0.7467851592851593, 0.75, 0.7, 0.7777777777777778, 0.0
0.7325563325563326, 0.7272727272727273, 0.7, 0.7692307692307692, 0.0
0.7454339311482168, 0.75, 0.7, 0.7857142857142857, 0.0
0.78015873015873, 0.7777777777777778, 0.75, 0.8, 0.0
0.7655723905723905, 0.7386363636363636, 0.7, 0.8888888888888888, 0.0
0.7687878787878788, 0.75, 0.7, 0.8888888888888888, 0.0
0.7424242424242425, 0.75, 0.7272727272727273, 0.75, 0.0
0.7593006993006993, 0.75, 0.7272727272727273, 0.8, 0.0
0.7638888888888888, 0.7638888888888888, 0.75, 0.7777777777777778, 0.0
0.766053391053391, 0.7777777777777778, 0.7272727272727273, 0.7857142857142857, 0.0
0.7597222222222222, 0.725, 0.7, 0.8888888888888888, 0.0
0.7682539682539682, 0.7777777777777778, 0.75, 0.7857142857142857, 0.0
0.7507215007215008, 0.75, 0.7272727272727273, 0.7777777777777778, 0.0
0.7264646464646465, 0.7272727272727273, 0.7, 0.7777777777777778, 0.0
0.7446729196729196, 0.7386363636363636, 0.7, 0.7857142857142857, 0.0
0.7536363636363637, 0.75, 0.7, 0.8181818181818181, 0.0
0.7435703185703185, 0.7482517482517482, 0.7, 0.7777777777777778, 0.0
0.7416666666666667, 0.75, 0.7, 0.75, 0.0
0.7535409035409035, 0.75, 0.7, 0.7777777777777778, 0.0
0.7694444444444444, 0.7638888888888888, 0.75, 0.8, 0.0
0.7971380471380471, 0.7638888888888888, 0.7272727272727273, 0.8888888888888888, 0.0
0.7375, 0.75, 0.7, 0.75, 0.0
0.7277777777777777, 0.7, 0.6, 0.8888888888888888, 0.0
0.7518518518518519, 0.75, 0.7, 0.8333333333333334, 0.0
0.8166666666666668, 0.8, 0.75, 0.9, 0.0
0.7411033411033411, 0.7386363636363636, 0.7, 0.7777777777777778, 0.0
0.8333333333333333, 0.8333333333333333, 0.7777777777777778, 0.8888888888888888, 0.0
0.7375, 0.75, 0.7, 0.75, 0.0
0.7686868686868686, 0.75, 0.7272727272727273, 0.8888888888888888, 0.0
0.7471380471380472, 0.75, 0.7, 0.7777777777777778, 0.0
0.7585858585858585, 0.7777777777777778, 0.7, 0.8181818181818181, 0.0
0.7586580086580087, 0.75, 0.7272727272727273, 0.7777777777777778, 0.0
0.7551587301587301, 0.75, 0.7, 0.7857142857142857, 0.0
0.7525974025974026, 0.75, 0.7272727272727273, 0.7857142857142857, 0.0
0.7402777777777778, 0.75, 0.6666666666666667, 0.7777777777777778, 0.0
0.7555555555555555, 0.75, 0.75, 0.7777777777777778, 0.0
0.7411680911680912, 0.75, 0.7, 0.7777777777777778, 0.0
0.7416666666666666, 0.725, 0.7, 0.8, 0.0
0.7666161616161615, 0.7777777777777778, 0.7272727272727273, 0.8, 0.0
0.7730214230214231, 0.7692307692307692, 0.6363636363636364, 0.8888888888888888, 0.0
0.73, 0.75, 0.7, 0.75, 0.0
0.7226984126984126, 0.75, 0.6, 0.7857142857142857, 0.0
0.7431537598204264, 0.75, 0.7, 0.7777777777777778, 0.0
0.7387626262626262, 0.7386363636363636, 0.7, 0.7777777777777778, 0.0
0.7494172494172494, 0.75, 0.7, 0.8, 0.0
0.7425324675324675, 0.75, 0.7, 0.7857142857142857, 0.0
0.7585858585858586, 0.75, 0.7272727272727273, 0.8, 0.0
0.7655723905723905, 0.7386363636363636, 0.7, 0.8888888888888888, 0.0
0.8194444444444444, 0.8194444444444444, 0.75, 0.8888888888888888, 0.0
0.7709090909090909, 0.75, 0.7272727272727273, 0.9, 0.0
0.7722222222222221, 0.7777777777777778, 0.75, 0.7777777777777778, 0.0
0.7341269841269842, 0.7, 0.7, 0.8888888888888888, 0.0
0.7412087912087911, 0.75, 0.7, 0.7692307692307692, 0.0
0.7723232323232323, 0.7272727272727273, 0.7, 0.8888888888888888, 0.0
0.7187878787878788, 0.7272727272727273, 0.6666666666666667, 0.75, 0.0
0.7847222222222222, 0.75, 0.75, 0.8888888888888888, 0.0
0.68, 0.7, 0.6363636363636364, 0.7272727272727273, 0.0
0.7318181818181818, 0.7386363636363636, 0.7, 0.75, 0.0
0.7855820105820106, 0.7678571428571428, 0.7, 0.8888888888888888, 0.0
0.7354545454545455, 0.75, 0.7, 0.75, 0.0
0.7387626262626262, 0.7386363636363636, 0.7, 0.7777777777777778, 0.0
0.7263636363636363, 0.7272727272727273, 0.7, 0.75, 0.0
0.7578347578347578, 0.7596153846153846, 0.7, 0.8, 0.0
0.7465656565656565, 0.75, 0.7, 0.7777777777777778, 0.0
0.7739898989898991, 0.7638888888888888, 0.7, 0.8888888888888888, 0.0
0.7514430014430015, 0.75, 0.7272727272727273, 0.7777777777777778, 0.0
0.7464646464646464, 0.7272727272727273, 0.7, 0.8, 0.0
0.7638257575757575, 0.75, 0.7272727272727273, 0.8333333333333334, 0.0
0.8027065527065527, 0.7692307692307692, 0.75, 0.8888888888888888, 0.0
0.7292929292929292, 0.7272727272727273, 0.7, 0.7777777777777778, 0.0
0.7259259259259259, 0.75, 0.6, 0.7777777777777778, 0.0
0.7470538720538721, 0.75, 0.7272727272727273, 0.7777777777777778, 0.0
0.7462962962962963, 0.75, 0.7, 0.8, 0.0
0.76, 0.75, 0.7, 0.8, 0.0
0.7853174603174604, 0.7817460317460317, 0.7777777777777778, 0.8, 0.0
0.7502220002220001, 0.75, 0.7272727272727273, 0.7777777777777778, 0.0
0.7702020202020202, 0.75, 0.7272727272727273, 0.8888888888888888, 0.0
0.7361111111111112, 0.75, 0.6666666666666667, 0.7777777777777778, 0.0
0.7488344988344989, 0.75, 0.7272727272727273, 0.7692307692307692, 0.0
0.7648484848484849, 0.75, 0.7272727272727273, 0.8888888888888888, 0.0
0.7592592592592592, 0.7777777777777778, 0.7, 0.8, 0.0
0.7479166666666666, 0.75, 0.6666666666666667, 0.8888888888888888, 0.0
0.7529671717171718, 0.75, 0.7, 0.8181818181818181, 0.0
0.7569444444444444, 0.7638888888888888, 0.7, 0.8, 0.0
0.7354545454545454, 0.7272727272727273, 0.7, 0.8, 0.0
0.740909090909091, 0.75, 0.7272727272727273, 0.75, 0.0
0.7796296296296296, 0.75, 0.7, 0.8888888888888888, 0.0
0.7743290043290043, 0.75, 0.6363636363636364, 0.8888888888888888, 0.0
0.7738095238095237, 0.75, 0.75, 0.8888888888888888, 0.0
0.7444444444444445, 0.7388888888888889, 0.7, 0.8, 0.0
0.7865079365079365, 0.7777777777777778, 0.7, 0.9, 0.0
0.7472222222222222, 0.75, 0.7, 0.8, 0.0
0.7388888888888888, 0.7388888888888889, 0.7, 0.7777777777777778, 0.0
0.7357142857142858, 0.75, 0.7, 0.75, 0.0
0.7484389348025712, 0.75, 0.7, 0.7777777777777778, 0.0
0.814957264957265, 0.7777777777777778, 0.75, 0.8888888888888888, 0.0
0.7571428571428571, 0.75, 0.75, 0.7857142857142857, 0.0
0.7759289321789322, 0.7638888888888888, 0.7272727272727273, 0.8888888888888888, 0.0
0.7, 0.725, 0.6, 0.75, 0.0
0.76852195423624, 0.75, 0.7, 0.8888888888888888, 0.0
0.7386363636363636, 0.7386363636363636, 0.7272727272727273, 0.75, 0.0
0.7532323232323231, 0.7272727272727273, 0.7, 0.8888888888888888, 0.0
0.7534687534687535, 0.75, 0.7272727272727273, 0.7777777777777778, 0.0
0.7621260683760683, 0.7596153846153846, 0.7, 0.8, 0.0
0.7444444444444445, 0.75, 0.7, 0.7777777777777778, 0.0
0.7319444444444444, 0.725, 0.7, 0.7777777777777778, 0.0
0.7333333333333334, 0.75, 0.7, 0.75, 0.0
0.7386363636363636, 0.7386363636363636, 0.7272727272727273, 0.75, 0.0
0.7331168831168832, 0.7272727272727273, 0.7, 0.75, 0.0
0.7282828282828283, 0.75, 0.6363636363636364, 0.7777777777777778, 0.0
0.7564814814814814, 0.75, 0.7, 0.8888888888888888, 0.0
0.7482517482517482, 0.7482517482517482, 0.7272727272727273, 0.7692307692307692, 0.0
0.7864357864357865, 0.75, 0.7272727272727273, 0.8888888888888888, 0.0
0.7650432900432901, 0.7678571428571428, 0.7272727272727273, 0.8, 0.0
0.7688888888888888, 0.75, 0.7, 0.8888888888888888, 0.0
0.7403318903318903, 0.75, 0.7, 0.7777777777777778, 0.0
0.7554713804713805, 0.7638888888888888, 0.7, 0.8, 0.0
0.762020202020202, 0.7777777777777778, 0.7272727272727273, 0.8, 0.0
0.7804378161521017, 0.7692307692307692, 0.75, 0.8888888888888888, 0.0
0.7610389610389611, 0.75, 0.7, 0.9, 0.0
0.7333333333333333, 0.725, 0.7, 0.8, 0.0
0.7507936507936508, 0.75, 0.7, 0.7777777777777778, 0.0
0.725, 0.725, 0.7, 0.75, 0.0
0.7502220002220001, 0.75, 0.7272727272727273, 0.7777777777777778, 0.0
0.7534687534687535, 0.75, 0.7272727272727273, 0.7777777777777778, 0.0
0.7656565656565656, 0.75, 0.7, 0.8888888888888888, 0.0
0.741111111111111, 0.75, 0.7, 0.7777777777777778, 0.0
0.7318181818181818, 0.7386363636363636, 0.7, 0.75, 0.0
0.7428571428571429, 0.75, 0.7, 0.8, 0.0
0.7625631313131314, 0.75, 0.7272727272727273, 0.8181818181818181, 0.0
0.7261363636363636, 0.7272727272727273, 0.7, 0.75, 0.0
0.7971794871794871, 0.7777777777777778, 0.75, 0.8888888888888888, 0.0
0.7580808080808081, 0.7525252525252526, 0.7272727272727273, 0.8, 0.0
0.7376942501942502, 0.75, 0.6363636363636364, 0.8181818181818181, 0.0
0.741010101010101, 0.75, 0.7, 0.7777777777777778, 0.0
0.75, 0.75, 0.7, 0.8, 0.0
0.7675084175084175, 0.7638888888888888, 0.7272727272727273, 0.8, 0.0
0.7735449735449734, 0.7777777777777778, 0.75, 0.8, 0.0
0.7693813131313132, 0.75, 0.7, 0.8888888888888888, 0.0
0.814070189070189, 0.7937062937062936, 0.75, 0.8888888888888888, 0.0
0.7814814814814813, 0.775, 0.7, 0.8888888888888888, 0.0
0.744949494949495, 0.7272727272727273, 0.7, 0.9, 0.0
0.7582892416225749, 0.75, 0.7, 0.8888888888888888, 0.0
0.7443181818181819, 0.7386363636363636, 0.7, 0.8, 0.0
0.7833333333333333, 0.7777777777777778, 0.7, 0.8888888888888888, 0.0
0.7454545454545455, 0.75, 0.7272727272727273, 0.75, 0.0
0.7287878787878789, 0.75, 0.6363636363636364, 0.8, 0.0
0.7258417508417508, 0.7136363636363636, 0.7, 0.7777777777777778, 0.0
0.7983405483405485, 0.8, 0.7, 0.8888888888888888, 0.0
0.7536363636363637, 0.75, 0.7, 0.8181818181818181, 0.0
0.7318847818847819, 0.75, 0.6363636363636364, 0.7857142857142857, 0.0
0.7424242424242425, 0.7272727272727273, 0.7, 0.8, 0.0
0.725, 0.725, 0.7, 0.75, 0.0
0.7318181818181818, 0.7386363636363636, 0.7, 0.75, 0.0
0.7404040404040403, 0.75, 0.6, 0.8, 0.0
0.7555555555555555, 0.75, 0.75, 0.7777777777777778, 0.0
0.7646520146520146, 0.7692307692307692, 0.75, 0.7777777777777778, 0.0
0.7394716394716394, 0.75, 0.6923076923076923, 0.7777777777777778, 0.0
0.737962962962963, 0.75, 0.7, 0.7777777777777778, 0.0
0.746060606060606, 0.75, 0.7, 0.7777777777777778, 0.0
0.7375, 0.75, 0.7, 0.75, 0.0
0.7697530864197533, 0.75, 0.7, 0.8888888888888888, 0.0
0.7706349206349206, 0.75, 0.7, 0.8888888888888888, 0.0
0.7433501683501683, 0.7386363636363636, 0.7, 0.7777777777777778, 0.0
0.799074074074074, 0.7777777777777778, 0.7, 0.9, 0.0
0.7111111111111111, 0.7, 0.6666666666666667, 0.75, 0.0
0.7725885225885225, 0.75, 0.7, 0.8888888888888888, 0.0
0.7309090909090908, 0.7272727272727273, 0.7, 0.75, 0.0
0.7425084175084175, 0.7386363636363636, 0.7, 0.8, 0.0
0.7295454545454545, 0.7386363636363636, 0.7, 0.75, 0.0
0.7569444444444444, 0.7638888888888888, 0.7, 0.8, 0.0
0.7116161616161616, 0.7272727272727273, 0.6, 0.75, 0.0
0.7880230880230881, 0.8, 0.7272727272727273, 0.8888888888888888, 0.0
0.7638888888888888, 0.7638888888888888, 0.75, 0.7777777777777778, 0.0
0.7388047138047137, 0.7386363636363636, 0.7, 0.7777777777777778, 0.0
0.725, 0.725, 0.7, 0.75, 0.0
0.7637626262626263, 0.7638888888888888, 0.7272727272727273, 0.8, 0.0
0.7425084175084176, 0.75, 0.7, 0.7777777777777778, 0.0
0.7424242424242425, 0.75, 0.7272727272727273, 0.75, 0.0
0.7509259259259259, 0.7638888888888888, 0.7, 0.8, 0.0
0.7694444444444445, 0.75, 0.7, 0.8888888888888888, 0.0
0.7425324675324675, 0.75, 0.7, 0.7857142857142857, 0.0
0.7257369614512471, 0.75, 0.6, 0.7857142857142857, 0.0
0.7872053872053871, 0.7727272727272727, 0.7, 0.8888888888888888, 0.0
0.7471428571428571, 0.75, 0.7, 0.7857142857142857, 0.0
0.7722222222222224, 0.75, 0.7, 0.8888888888888888, 0.0
0.7517676767676768, 0.7638888888888888, 0.7, 0.7777777777777778, 0.0
0.7062770562770562, 0.7, 0.6, 0.8, 0.0
0.7512345679012346, 0.75, 0.7, 0.8333333333333334, 0.0
0.7565445665445665, 0.7692307692307692, 0.7, 0.7857142857142857, 0.0
0.7513511180177846, 0.75, 0.7, 0.8333333333333334, 0.0
0.7523232323232324, 0.75, 0.7, 0.8181818181818181, 0.0
0.7841750841750841, 0.75, 0.7, 0.8888888888888888, 0.0
0.725, 0.725, 0.7, 0.75, 0.0
0.7777777777777778, 0.7777777777777778, 0.7777777777777778, 0.7777777777777778, 0.0
0.7532467532467533, 0.75, 0.7272727272727273, 0.7857142857142857, 0.0
0.7655723905723906, 0.75, 0.7272727272727273, 0.8888888888888888, 0.0
0.7326984126984126, 0.75, 0.6, 0.7857142857142857, 0.0
0.7507575757575758, 0.75, 0.7272727272727273, 0.8, 0.0
0.7424297924297923, 0.75, 0.7, 0.7777777777777778, 0.0
0.7425925925925926, 0.75, 0.7, 0.7777777777777778, 0.0
0.7295454545454545, 0.7136363636363636, 0.7, 0.8, 0.0
0.75, 0.75, 0.75, 0.75, 0.0
0.7536219336219336, 0.75, 0.7, 0.8181818181818181, 0.0
0.7467532467532467, 0.7272727272727273, 0.7272727272727273, 0.7857142857142857, 0.0
0.7455808080808081, 0.7386363636363636, 0.7272727272727273, 0.7777777777777778, 0.0
0.7464646464646465, 0.75, 0.7272727272727273, 0.7777777777777778, 0.0
0.7774725274725274, 0.7774725274725274, 0.7692307692307692, 0.7857142857142857, 0.0
0.7534687534687535, 0.75, 0.7272727272727273, 0.7777777777777778, 0.0
0.7656565656565656, 0.75, 0.7, 0.8888888888888888, 0.0
0.7387626262626262, 0.7386363636363636, 0.7, 0.7777777777777778, 0.0
0.7516835016835017, 0.75, 0.7272727272727273, 0.7777777777777778, 0.0
0.7586580086580087, 0.7777777777777778, 0.7, 0.8, 0.0
0.7425835275835275, 0.7386363636363636, 0.7, 0.7777777777777778, 0.0
0.7455387205387205, 0.7386363636363636, 0.7, 0.8181818181818181, 0.0
0.7465656565656565, 0.75, 0.7, 0.7777777777777778, 0.0
0.751999111999112, 0.7692307692307692, 0.7, 0.7857142857142857, 0.0
0.7523809523809525, 0.75, 0.6, 0.8888888888888888, 0.0
0.733080808080808, 0.7272727272727273, 0.7, 0.7777777777777778, 0.0
0.7310101010101009, 0.7272727272727273, 0.7, 0.7777777777777778, 0.0
0.7662121212121212, 0.75, 0.7, 0.8888888888888888, 0.0
0.7525980963480963, 0.75, 0.7272727272727273, 0.7777777777777778, 0.0
0.7387205387205387, 0.7272727272727273, 0.7, 0.8, 0.0
0.75, 0.75, 0.75, 0.75, 0.0
0.7554713804713805, 0.7638888888888888, 0.7, 0.8, 0.0
0.7635241301907969, 0.75, 0.7, 0.8888888888888888, 0.0
0.75, 0.75, 0.75, 0.75, 0.0
0.7847222222222222, 0.75, 0.75, 0.8888888888888888, 0.0
0.7637085137085137, 0.75, 0.7, 0.8181818181818181, 0.0
0.7649572649572649, 0.7692307692307692, 0.75, 0.7777777777777778, 0.0
0.7546717171717171, 0.75, 0.7272727272727273, 0.8, 0.0
0.7405351592851592, 0.75, 0.7, 0.7777777777777778, 0.0
0.7736742424242424, 0.75, 0.7272727272727273, 0.8888888888888888, 0.0
0.757833139083139, 0.75, 0.7, 0.8888888888888888, 0.0
0.7675084175084175, 0.75, 0.7, 0.9, 0.0
0.7437284937284937, 0.7272727272727273, 0.7272727272727273, 0.7777777777777778, 0.0
0.7790404040404041, 0.7636363636363637, 0.7, 0.8888888888888888, 0.0
0.7625, 0.75, 0.75, 0.8, 0.0
0.7495726495726496, 0.75, 0.7, 0.8, 0.0
0.730991230991231, 0.7272727272727273, 0.6923076923076923, 0.8, 0.0
0.7367521367521367, 0.7346153846153846, 0.7, 0.7777777777777778, 0.0
0.7463258963258962, 0.75, 0.7, 0.8, 0.0
0.7841991341991343, 0.7777777777777778, 0.7272727272727273, 0.8888888888888888, 0.0
0.7466666666666666, 0.7777777777777778, 0.7, 0.7777777777777778, 0.0
0.7593006993006993, 0.75, 0.7272727272727273, 0.8, 0.0
0.7238461538461538, 0.75, 0.6, 0.7692307692307692, 0.0
0.7259259259259259, 0.7, 0.7, 0.7777777777777778, 0.0
0.7714285714285714, 0.7678571428571428, 0.75, 0.8, 0.0
0.7759259259259258, 0.7777777777777778, 0.75, 0.8, 0.0
0.7444444444444445, 0.75, 0.7, 0.7777777777777778, 0.0
0.7425925925925926, 0.75, 0.7, 0.7777777777777778, 0.0
0.7497224997224997, 0.75, 0.7272727272727273, 0.7777777777777778, 0.0
0.7212121212121212, 0.7, 0.7, 0.8, 0.0
0.7592592592592592, 0.7777777777777778, 0.7, 0.8, 0.0
0.7537296037296037, 0.7596153846153846, 0.7, 0.7777777777777778, 0.0
0.7128787878787879, 0.7386363636363636, 0.6, 0.75, 0.0
0.7714646464646464, 0.7638888888888888, 0.7, 0.8888888888888888, 0.0
0.757833139083139, 0.7386363636363636, 0.7, 0.8888888888888888, 0.0
0.7238095238095238, 0.7, 0.6666666666666667, 0.8, 0.0
0.7494949494949495, 0.75, 0.7, 0.8181818181818181, 0.0
0.7471428571428571, 0.75, 0.7, 0.7857142857142857, 0.0
0.8092592592592592, 0.7777777777777778, 0.75, 0.9, 0.0
0.7495014245014245, 0.75, 0.7, 0.7777777777777778, 0.0
0.7544819378152712, 0.75, 0.7, 0.8888888888888888, 0.0
