0.7502573815073814, 0.75, 0.7, 0.7777777777777778, 0.0
0.761999111999112, 0.7692307692307692, 0.7272727272727273, 0.7857142857142857, 0.0
0.7704906204906204, 0.75, 0.7272727272727273, 0.8888888888888888, 0.0
0.7535914702581369, 0.75, 0.7, 0.8, 0.0
0.7678571428571428, 0.7678571428571428, 0.75, 0.7857142857142857, 0.0
0.7355555555555555, 0.75, 0.7, 0.7777777777777778, 0.0
0.7739898989898991, 0.75, 0.7272727272727273, 0.8888888888888888, 0.0
0.7318813131313131, 0.7136363636363636, 0.7, 0.8, 0.0
0.75, 0.75, 0.7, 0.8, 0.0
0.7507215007215006, 0.75, 0.7, 0.8, 0.0
0.7512099012099013, 0.75, 0.6923076923076923, 0.8888888888888888, 0.0
0.7282051282051282, 0.725, 0.7, 0.7692307692307692, 0.0
0.7950937950937951, 0.75, 0.7272727272727273, 0.8888888888888888, 0.0
0.7569444444444444, 0.75, 0.7, 0.8, 0.0
0.7776251526251525, 0.7777777777777778, 0.7692307692307692, 0.7857142857142857, 0.0
0.7657169990503324, 0.7692307692307692, 0.7, 0.8888888888888888, 0.0
0.7318181818181818, 0.7386363636363636, 0.7, 0.75, 0.0
0.741010101010101, 0.75, 0.7, 0.7777777777777778, 0.0
0.75, 0.75, 0.75, 0.75, 0.0
0.7444444444444445, 0.75, 0.7, 0.7777777777777778, 0.0
0.7355555555555555, 0.75, 0.7, 0.7777777777777778, 0.0
0.7472222222222222, 0.7386363636363636, 0.7, 0.8181818181818181, 0.0
0.7425925925925926, 0.75, 0.7, 0.7777777777777778, 0.0
0.7943223443223443, 0.7777777777777778, 0.75, 0.8888888888888888, 0.0
0.7655555555555555, 0.75, 0.75, 0.8, 0.0
0.75, 0.75, 0.7, 0.8, 0.0
0.7285714285714285, 0.7, 0.7, 0.7857142857142857, 0.0
0.7729437229437229, 0.7777777777777778, 0.7272727272727273, 0.8, 0.0
0.742929292929293, 0.7272727272727273, 0.7, 0.8888888888888888, 0.0
0.812962962962963, 0.8, 0.75, 0.8888888888888888, 0.0
0.7559163059163059, 0.75, 0.7, 0.8181818181818181, 0.0
0.7857142857142857, 0.7777777777777778, 0.75, 0.8888888888888888, 0.0
0.7569444444444444, 0.75, 0.75, 0.7777777777777778, 0.0
0.7364646464646464, 0.7272727272727273, 0.7, 0.7777777777777778, 0.0
0.7569444444444444, 0.75, 0.75, 0.7777777777777778, 0.0
0.7536363636363637, 0.75, 0.7, 0.8181818181818181, 0.0
0.75, 0.75, 0.75, 0.75, 0.0
0.7716239316239316, 0.75, 0.7, 0.8888888888888888, 0.0
0.7673076923076922, 0.7596153846153846, 0.75, 0.8, 0.0
0.7485449735449735, 0.7638888888888888, 0.7, 0.7857142857142857, 0.0
0.7888888888888889, 0.7777777777777778, 0.75, 0.8888888888888888, 0.0
0.7788394145537002, 0.75, 0.7272727272727273, 0.8888888888888888, 0.0
0.7468482905982905, 0.7596153846153846, 0.7, 0.8, 0.0
0.7685185185185185, 0.7777777777777778, 0.75, 0.7777777777777778, 0.0
0.7546897546897547, 0.75, 0.7272727272727273, 0.7777777777777778, 0.0
0.7532590865924198, 0.75, 0.7, 0.8, 0.0
0.7404720279720279, 0.7386363636363636, 0.7, 0.8, 0.0
0.7416666666666667, 0.75, 0.7, 0.75, 0.0
0.7363636363636363, 0.75, 0.7, 0.75, 0.0
0.7354545454545455, 0.75, 0.7, 0.75, 0.0
0.785936285936286, 0.75, 0.7272727272727273, 0.8888888888888888, 0.0
0.7450126262626262, 0.75, 0.7, 0.7777777777777778, 0.0
0.7981481481481482, 0.75, 0.75, 0.9, 0.0
0.7309090909090908, 0.7272727272727273, 0.7, 0.75, 0.0
0.753896103896104, 0.75, 0.7, 0.8, 0.0
0.7403318903318903, 0.75, 0.7, 0.7777777777777778, 0.0
0.7397435897435898, 0.75, 0.7, 0.7692307692307692, 0.0
0.7387626262626262, 0.7386363636363636, 0.7, 0.7777777777777778, 0.0
0.7694444444444444, 0.7638888888888888, 0.75, 0.8, 0.0
0.7721380471380471, 0.7638888888888888, 0.7, 0.9, 0.0
0.7253968253968254, 0.7, 0.7, 0.7777777777777778, 0.0
0.7424242424242425, 0.75, 0.7272727272727273, 0.75, 0.0
0.7523088023088024, 0.7272727272727273, 0.7, 0.8888888888888888, 0.0
0.7425925925925925, 0.7388888888888889, 0.7, 0.8, 0.0
0.797979797979798, 0.7777777777777778, 0.7272727272727273, 0.8888888888888888, 0.0
0.7673881673881675, 0.75, 0.7, 0.8888888888888888, 0.0
0.7717948717948717, 0.7777777777777778, 0.75, 0.8, 0.0
0.7194444444444443, 0.7, 0.7, 0.7777777777777778, 0.0
0.7492521367521368, 0.7596153846153846, 0.7, 0.7777777777777778, 0.0
0.7716239316239316, 0.75, 0.7, 0.8888888888888888, 0.0
0.7257575757575757, 0.7272727272727273, 0.7, 0.75, 0.0
0.737962962962963, 0.75, 0.7, 0.7777777777777778, 0.0
0.7396464646464646, 0.7272727272727273, 0.7, 0.8333333333333334, 0.0
0.7572520072520073, 0.7596153846153846, 0.7272727272727273, 0.7777777777777778, 0.0
0.7, 0.7, 0.7, 0.7, 0.0
0.7887205387205386, 0.75, 0.7272727272727273, 0.8888888888888888, 0.0
0.7790404040404041, 0.7636363636363637, 0.7, 0.8888888888888888, 0.0
0.7684926184926185, 0.7692307692307692, 0.7272727272727273, 0.8181818181818181, 0.0
0.7392857142857143, 0.75, 0.7, 0.7857142857142857, 0.0
0.7409090909090909, 0.7272727272727273, 0.7, 0.8, 0.0
0.8046296296296296, 0.775, 0.75, 0.8888888888888888, 0.0
0.7154545454545455, 0.7, 0.7, 0.75, 0.0
0.7264646464646465, 0.7272727272727273, 0.6, 0.8, 0.0
0.7644620811287477, 0.75, 0.7, 0.8888888888888888, 0.0
0.7309090909090908, 0.7272727272727273, 0.7, 0.75, 0.0
0.7836052836052836, 0.7735042735042734, 0.7692307692307692, 0.8181818181818181, 0.0
0.7652777777777777, 0.7638888888888888, 0.7, 0.8888888888888888, 0.0
0.7803030303030304, 0.75, 0.7272727272727273, 0.8888888888888888, 0.0
0.7421717171717171, 0.7386363636363636, 0.7, 0.7777777777777778, 0.0
0.750909090909091, 0.75, 0.7272727272727273, 0.8, 0.0
0.7517957351290685, 0.75, 0.7, 0.8888888888888888, 0.0
0.7495629370629371, 0.75, 0.7, 0.8, 0.0
0.751010101010101, 0.75, 0.7272727272727273, 0.7777777777777778, 0.0
0.7535275835275834, 0.7596153846153846, 0.6923076923076923, 0.8181818181818181, 0.0
0.7788888888888889, 0.7777777777777778, 0.7, 0.8888888888888888, 0.0
0.7816239316239316, 0.75, 0.75, 0.8888888888888888, 0.0
0.72, 0.7, 0.7, 0.75, 0.0
0.7448562548562548, 0.75, 0.7, 0.7777777777777778, 0.0
0.7165404040404041, 0.7, 0.7, 0.7777777777777778, 0.0
0.760657596371882, 0.75, 0.7, 0.8888888888888888, 0.0
0.7896825396825398, 0.75, 0.7, 0.8888888888888888, 0.0
0.7354978354978354, 0.7386363636363636, 0.7, 0.7857142857142857, 0.0
0.7502941502941504, 0.75, 0.7, 0.7777777777777778, 0.0
0.7193181818181817, 0.7136363636363636, 0.7, 0.75, 0.0
0.7462962962962963, 0.75, 0.7, 0.8, 0.0
0.741540404040404, 0.75, 0.7, 0.7777777777777778, 0.0
0.7603535353535353, 0.75, 0.7272727272727273, 0.8, 0.0
0.7573386930529786, 0.75, 0.7, 0.8333333333333334, 0.0
0.7366258741258741, 0.7386363636363636, 0.7, 0.7692307692307692, 0.0
0.7425925925925926, 0.75, 0.7, 0.7777777777777778, 0.0
0.7511111111111111, 0.75, 0.7, 0.7777777777777778, 0.0
0.7627976190476191, 0.75, 0.7, 0.8888888888888888, 0.0
0.7571428571428571, 0.75, 0.7, 0.8, 0.0
0.7425974025974026, 0.75, 0.7, 0.7857142857142857, 0.0
0.7353535353535353, 0.7386363636363636, 0.7, 0.7777777777777778, 0.0
0.7464285714285714, 0.75, 0.7, 0.7857142857142857, 0.0
0.7590277777777776, 0.7638888888888888, 0.7, 0.8888888888888888, 0.0
0.7521645021645021, 0.75, 0.7272727272727273, 0.7857142857142857, 0.0
0.7428571428571429, 0.7428571428571429, 0.7, 0.7857142857142857, 0.0
0.7773407148407148, 0.7735042735042734, 0.7272727272727273, 0.8888888888888888, 0.0
0.7554713804713805, 0.75, 0.7272727272727273, 0.7777777777777778, 0.0
0.7634199134199134, 0.75, 0.7, 0.8888888888888888, 0.0
0.7783950617283951, 0.75, 0.7, 0.8888888888888888, 0.0
0.7471380471380472, 0.75, 0.7, 0.7777777777777778, 0.0
0.7541569541569542, 0.75, 0.7, 0.8181818181818181, 0.0
0.7826340326340326, 0.7692307692307692, 0.7272727272727273, 0.8888888888888888, 0.0
0.7574219431362288, 0.7692307692307692, 0.7, 0.7857142857142857, 0.0
0.7468013468013468, 0.7272727272727273, 0.7, 0.8888888888888888, 0.0
0.7474025974025974, 0.75, 0.7272727272727273, 0.8, 0.0
0.7776515151515153, 0.7272727272727273, 0.7, 0.8888888888888888, 0.0
0.7876190476190476, 0.7857142857142857, 0.7, 0.8888888888888888, 0.0
0.76008658008658, 0.7638888888888888, 0.7272727272727273, 0.8, 0.0
0.751010101010101, 0.75, 0.7, 0.8, 0.0
0.7494172494172494, 0.75, 0.7, 0.8, 0.0
0.72, 0.7, 0.7, 0.75, 0.0
0.7777777777777778, 0.75, 0.75, 0.8888888888888888, 0.0
0.7475468975468976, 0.75, 0.7, 0.7777777777777778, 0.0
0.7397435897435898, 0.75, 0.7, 0.7692307692307692, 0.0
0.7535897435897436, 0.75, 0.7, 0.8888888888888888, 0.0
0.7638047138047138, 0.7777777777777778, 0.7, 0.8, 0.0
0.7590909090909091, 0.75, 0.7272727272727273, 0.8181818181818181, 0.0
0.734090909090909, 0.7386363636363636, 0.7, 0.75, 0.0
0.7708333333333333, 0.7777777777777778, 0.75, 0.7777777777777778, 0.0
0.7795454545454547, 0.7638888888888888, 0.7, 0.8888888888888888, 0.0
0.7403318903318903, 0.75, 0.7, 0.7777777777777778, 0.0
0.7257575757575757, 0.7272727272727273, 0.7, 0.75, 0.0
0.775, 0.775, 0.75, 0.8, 0.0
0.7531986531986532, 0.75, 0.7, 0.8333333333333334, 0.0
0.7494172494172494, 0.75, 0.7272727272727273, 0.7692307692307692, 0.0
0.7705555555555555, 0.7638888888888888, 0.7, 0.8888888888888888, 0.0
0.7685185185185185, 0.7777777777777778, 0.75, 0.7777777777777778, 0.0
0.7464646464646464, 0.7272727272727273, 0.7, 0.8, 0.0
0.754602540316826, 0.75, 0.7, 0.8, 0.0
0.7554545454545455, 0.75, 0.7272727272727273, 0.8, 0.0
0.7708333333333333, 0.75, 0.75, 0.8888888888888888, 0.0
0.781986531986532, 0.7777777777777778, 0.75, 0.8181818181818181, 0.0
0.7408163265306122, 0.75, 0.7, 0.7857142857142857, 0.0
0.7555555555555555, 0.75, 0.75, 0.7777777777777778, 0.0
0.75, 0.75, 0.75, 0.75, 0.0
0.7363636363636363, 0.7272727272727273, 0.7272727272727273, 0.75, 0.0
0.7569444444444444, 0.7638888888888888, 0.7, 0.8, 0.0
0.7386363636363636, 0.7386363636363636, 0.7272727272727273, 0.75, 0.0
0.7593939393939394, 0.75, 0.7, 0.8888888888888888, 0.0
0.7891919191919191, 0.8, 0.75, 0.8181818181818181, 0.0
0.7570294784580499, 0.7777777777777778, 0.7, 0.8, 0.0
0.7381944444444444, 0.75, 0.7, 0.7777777777777778, 0.0
0.7513888888888889, 0.7638888888888888, 0.7, 0.7777777777777778, 0.0
0.7638888888888888, 0.7638888888888888, 0.75, 0.7777777777777778, 0.0
0.7595238095238095, 0.75, 0.7, 0.8888888888888888, 0.0
0.753030303030303, 0.7272727272727273, 0.7, 0.8888888888888888, 0.0
0.7617521367521367, 0.7596153846153846, 0.75, 0.7777777777777778, 0.0
0.7386363636363636, 0.7386363636363636, 0.7272727272727273, 0.75, 0.0
0.7823232323232323, 0.75, 0.7272727272727273, 0.8888888888888888, 0.0
0.7791375291375292, 0.7692307692307692, 0.75, 0.8181818181818181, 0.0
0.7438461538461538, 0.75, 0.7, 0.8, 0.0
0.7582702020202021, 0.75, 0.7, 0.8888888888888888, 0.0
0.7313811188811189, 0.7272727272727273, 0.7, 0.7692307692307692, 0.0
0.7435786435786435, 0.75, 0.7, 0.8, 0.0
0.7204545454545455, 0.7272727272727273, 0.7, 0.7272727272727273, 0.0
0.7471380471380472, 0.75, 0.7, 0.7777777777777778, 0.0
0.7438311688311687, 0.7386363636363636, 0.7, 0.8, 0.0
0.74, 0.75, 0.7, 0.8, 0.0
0.775974025974026, 0.7678571428571428, 0.75, 0.8181818181818181, 0.0
0.7424242424242425, 0.75, 0.7272727272727273, 0.75, 0.0
0.7417082917082917, 0.7272727272727273, 0.7, 0.8181818181818181, 0.0
0.7635882635882636, 0.7777777777777778, 0.7272727272727273, 0.7857142857142857, 0.0
0.775, 0.775, 0.75, 0.8, 0.0
0.7611111111111111, 0.75, 0.7, 0.8888888888888888, 0.0
0.7333333333333333, 0.725, 0.7, 0.8, 0.0
0.7569444444444444, 0.75, 0.75, 0.7777777777777778, 0.0
0.7333333333333334, 0.75, 0.7, 0.75, 0.0
0.7354545454545454, 0.7272727272727273, 0.7, 0.8, 0.0
0.7431818181818182, 0.7272727272727273, 0.7, 0.8181818181818181, 0.0
0.7428571428571429, 0.7428571428571429, 0.7, 0.7857142857142857, 0.0
0.7403108003108002, 0.7272727272727273, 0.7, 0.7777777777777778, 0.0
0.7738095238095237, 0.75, 0.75, 0.8888888888888888, 0.0
0.7990299823633157, 0.7857142857142857, 0.75, 0.8888888888888888, 0.0
0.7444444444444445, 0.75, 0.7, 0.7777777777777778, 0.0
0.7738461538461537, 0.8, 0.7, 0.8, 0.0
0.7055555555555556, 0.7, 0.6666666666666667, 0.75, 0.0
0.778623845290512, 0.7777777777777778, 0.7, 0.9, 0.0
0.7494318181818181, 0.75, 0.7, 0.8181818181818181, 0.0
0.726046176046176, 0.7272727272727273, 0.6, 0.8, 0.0
0.7772566939233605, 0.75, 0.7272727272727273, 0.8888888888888888, 0.0
0.7893939393939394, 0.8, 0.75, 0.8181818181818181, 0.0
0.7790404040404041, 0.7636363636363637, 0.7, 0.8888888888888888, 0.0
0.7790820290820292, 0.7692307692307692, 0.7, 0.8888888888888888, 0.0
0.7575800742467409, 0.75, 0.7, 0.8888888888888888, 0.0
0.8166666666666667, 0.7777777777777778, 0.75, 0.8888888888888888, 0.0
0.753591470258137, 0.75, 0.7272727272727273, 0.8, 0.0
0.7544973544973544, 0.7777777777777778, 0.7, 0.7857142857142857, 0.0
0.786039886039886, 0.7692307692307692, 0.7, 0.8888888888888888, 0.0
0.7421717171717171, 0.7386363636363636, 0.7, 0.7777777777777778, 0.0
0.7694444444444445, 0.7638888888888888, 0.7, 0.8888888888888888, 0.0
0.76, 0.75, 0.75, 0.8, 0.0
0.7638888888888888, 0.7638888888888888, 0.75, 0.7777777777777778, 0.0
0.7548562548562548, 0.75, 0.7272727272727273, 0.7777777777777778, 0.0
0.7626767676767676, 0.75, 0.7, 0.8888888888888888, 0.0
0.7611111111111111, 0.75, 0.7, 0.8888888888888888, 0.0
0.7685314685314686, 0.75, 0.7272727272727273, 0.8461538461538461, 0.0
0.7596153846153846, 0.7596153846153846, 0.75, 0.7692307692307692, 0.0
0.7494017094017094, 0.75, 0.7, 0.7777777777777778, 0.0
0.7925925925925926, 0.8, 0.7777777777777778, 0.8, 0.0
0.7387626262626262, 0.7386363636363636, 0.7, 0.7777777777777778, 0.0
0.7397435897435898, 0.75, 0.7, 0.7692307692307692, 0.0
0.7489898989898989, 0.7388888888888889, 0.7, 0.8181818181818181, 0.0
0.743079143079143, 0.75, 0.7, 0.7777777777777778, 0.0
0.7375, 0.725, 0.7, 0.8, 0.0
0.7602453102453103, 0.75, 0.7, 0.8888888888888888, 0.0
0.7462962962962963, 0.75, 0.7, 0.7777777777777778, 0.0
0.751010101010101, 0.75, 0.7, 0.8, 0.0
0.7624643874643874, 0.7596153846153846, 0.75, 0.7777777777777778, 0.0
0.7893987956487956, 0.7777777777777778, 0.7, 0.8888888888888888, 0.0
0.7749368686868687, 0.7638888888888888, 0.7272727272727273, 0.8888888888888888, 0.0
0.7737085137085137, 0.7777777777777778, 0.7272727272727273, 0.8, 0.0
0.75, 0.75, 0.75, 0.75, 0.0
0.734090909090909, 0.7386363636363636, 0.7, 0.75, 0.0
0.7371572871572871, 0.7272727272727273, 0.7, 0.7777777777777778, 0.0
0.742094017094017, 0.725, 0.7, 0.8333333333333334, 0.0
0.75, 0.75, 0.75, 0.75, 0.75
0.7293006993006992, 0.7272727272727273, 0.7, 0.7692307692307692, 0.0
0.7798867798867798, 0.7777777777777778, 0.7692307692307692, 0.8181818181818181, 0.0
0.7333333333333334, 0.75, 0.7, 0.75, 0.0
0.7486013986013986, 0.75, 0.7, 0.8181818181818181, 0.0
0.7662296037296037, 0.7735042735042734, 0.7272727272727273, 0.8, 0.0
0.7656565656565656, 0.75, 0.7, 0.8888888888888888, 0.0
0.74, 0.75, 0.7, 0.75, 0.0
0.735016835016835, 0.7272727272727273, 0.7, 0.7777777777777778, 0.0
0.7534722222222222, 0.75, 0.7, 0.8, 0.0
0.7678078865578866, 0.7735042735042734, 0.7, 0.8181818181818181, 0.0
0.7409890109890109, 0.75, 0.7, 0.7857142857142857, 0.0
0.7409722222222221, 0.75, 0.7, 0.8, 0.0
0.7578347578347578, 0.7596153846153846, 0.7, 0.8, 0.0
0.7227272727272728, 0.7272727272727273, 0.7, 0.75, 0.0
0.762962962962963, 0.7, 0.7, 0.8888888888888888, 0.0
0.7556818181818181, 0.7386363636363636, 0.7272727272727273, 0.8181818181818181, 0.0
0.75, 0.75, 0.7, 0.8, 0.0
0.75, 0.75, 0.7, 0.8, 0.0
0.7480769230769231, 0.75, 0.6923076923076923, 0.8, 0.0
0.7540468790468791, 0.7596153846153846, 0.7, 0.8, 0.0
0.7566171923314781, 0.7777777777777778, 0.7, 0.7857142857142857, 0.0
0.7733100233100233, 0.75, 0.7272727272727273, 0.8888888888888888, 0.0
0.7527540360873693, 0.75, 0.7, 0.8, 0.0
0.7443181818181819, 0.75, 0.7272727272727273, 0.75, 0.0
0.7763257575757576, 0.7638888888888888, 0.7, 0.8888888888888888, 0.0
0.7638888888888888, 0.7638888888888888, 0.75, 0.7777777777777778, 0.0
0.7387626262626262, 0.7386363636363636, 0.7, 0.7777777777777778, 0.0
0.751687818354485, 0.75, 0.7, 0.8181818181818181, 0.0
0.7424242424242425, 0.75, 0.7272727272727273, 0.75, 0.0
0.7516835016835017, 0.75, 0.7272727272727273, 0.7777777777777778, 0.0
0.7404040404040403, 0.75, 0.7, 0.7777777777777778, 0.0
0.7503108003108003, 0.75, 0.7272727272727273, 0.7777777777777778, 0.0
0.7842213342213342, 0.7692307692307692, 0.7272727272727273, 0.8888888888888888, 0.0
0.7333333333333334, 0.75, 0.7, 0.75, 0.0
0.7686026936026936, 0.7386363636363636, 0.7, 0.8888888888888888, 0.0
0.7166666666666667, 0.7, 0.7, 0.75, 0.0
0.7565656565656566, 0.75, 0.7272727272727273, 0.7777777777777778, 0.0
0.7646520146520146, 0.7692307692307692, 0.75, 0.7777777777777778, 0.0
0.752991452991453, 0.75, 0.7, 0.8461538461538461, 0.0
0.7404761904761904, 0.75, 0.7, 0.7777777777777778, 0.0
0.7380681818181818, 0.7386363636363636, 0.7, 0.8, 0.0
0.7444444444444445, 0.75, 0.7, 0.7777777777777778, 0.0
0.7685185185185185, 0.7777777777777778, 0.75, 0.7777777777777778, 0.0
0.7414335664335664, 0.7482517482517482, 0.7, 0.7692307692307692, 0.0
0.7402597402597403, 0.7272727272727273, 0.7, 0.8, 0.0
0.7364646464646464, 0.7272727272727273, 0.7, 0.7777777777777778, 0.0
0.7939153439153439, 0.7678571428571428, 0.7, 0.8888888888888888, 0.0
0.7365967365967366, 0.75, 0.6923076923076923, 0.75, 0.0
0.7755731922398588, 0.7777777777777778, 0.7, 0.8888888888888888, 0.0
0.772053872053872, 0.788888888888889, 0.7272727272727273, 0.8, 0.0
0.76010101010101, 0.7638888888888888, 0.7272727272727273, 0.7777777777777778, 0.0
0.7571386946386947, 0.7596153846153846, 0.7272727272727273, 0.7777777777777778, 0.0
0.7634920634920636, 0.75, 0.7, 0.8888888888888888, 0.0
0.7641414141414141, 0.75, 0.7272727272727273, 0.8, 0.0
0.7375, 0.75, 0.7, 0.75, 0.0
0.7532051282051282, 0.75, 0.75, 0.7692307692307692, 0.0
0.7544899544899544, 0.75, 0.7, 0.8888888888888888, 0.0
0.7687878787878788, 0.75, 0.7, 0.8888888888888888, 0.0
0.7310101010101009, 0.7272727272727273, 0.7, 0.7777777777777778, 0.0
0.7541035353535354, 0.75, 0.7272727272727273, 0.7777777777777778, 0.0
0.7554538054538055, 0.7596153846153846, 0.7, 0.7857142857142857, 0.0
0.7193181818181817, 0.7136363636363636, 0.7, 0.75, 0.0
0.7712962962962963, 0.788888888888889, 0.7, 0.8, 0.0
0.7592592592592592, 0.75, 0.75, 0.7777777777777778, 0.0
0.7507575757575758, 0.75, 0.7272727272727273, 0.8, 0.0
0.7444444444444445, 0.75, 0.7, 0.7777777777777778, 0.0
0.7611832611832613, 0.75, 0.7272727272727273, 0.8181818181818181, 0.0
0.7508417508417508, 0.7525252525252526, 0.7, 0.8, 0.0
0.7424242424242425, 0.75, 0.7272727272727273, 0.75, 0.0
0.7517676767676768, 0.7638888888888888, 0.7, 0.7777777777777778, 0.0
0.7465656565656565, 0.75, 0.7, 0.7777777777777778, 0.0
0.7507936507936508, 0.75, 0.7, 0.7777777777777778, 0.0
0.7512626262626263, 0.75, 0.7272727272727273, 0.7777777777777778, 0.0
0.7768686868686868, 0.75, 0.7, 0.8888888888888888, 0.0
0.7706349206349206, 0.75, 0.7, 0.8888888888888888, 0.0
0.7422979797979797, 0.7525252525252526, 0.7, 0.7777777777777778, 0.0
0.7387205387205387, 0.7386363636363636, 0.7, 0.7777777777777778, 0.0
0.7443722943722942, 0.75, 0.7, 0.8333333333333334, 0.0
0.719023569023569, 0.725, 0.6363636363636364, 0.7777777777777778, 0.0
0.761026936026936, 0.75, 0.7, 0.8888888888888888, 0.0
0.726199494949495, 0.7272727272727273, 0.7, 0.7777777777777778, 0.0
0.7425925925925926, 0.75, 0.7, 0.7777777777777778, 0.0
0.7493006993006993, 0.75, 0.7272727272727273, 0.7692307692307692, 0.0
0.7712164378831046, 0.7692307692307692, 0.7, 0.8888888888888888, 0.0
0.7387205387205387, 0.7386363636363636, 0.7, 0.7777777777777778, 0.0
0.7717687074829931, 0.75, 0.7, 0.8888888888888888, 0.0
0.7464646464646465, 0.75, 0.7272727272727273, 0.7777777777777778, 0.0
0.7515151515151516, 0.75, 0.7, 0.7777777777777778, 0.0
0.7574825174825175, 0.75, 0.7, 0.8181818181818181, 0.0
0.7861111111111111, 0.7777777777777778, 0.7, 0.8888888888888888, 0.0
0.7601731601731601, 0.75, 0.7, 0.8888888888888888, 0.0
0.7637373737373737, 0.75, 0.7, 0.9, 0.0
0.7568181818181818, 0.75, 0.7272727272727273, 0.8, 0.0
0.7777777777777778, 0.75, 0.7, 0.8888888888888888, 0.0
0.74006734006734, 0.75, 0.7, 0.7777777777777778, 0.0
0.755812937062937, 0.75, 0.7, 0.8, 0.0
0.7726340326340326, 0.7692307692307692, 0.7, 0.8888888888888888, 0.0
0.745165945165945, 0.7272727272727273, 0.7, 0.8888888888888888, 0.0
0.7449494949494949, 0.75, 0.7272727272727273, 0.7777777777777778, 0.0
0.7579365079365079, 0.75, 0.7, 0.8, 0.0
0.7181818181818181, 0.7, 0.7, 0.75, 0.0
0.7696789321789321, 0.7638888888888888, 0.7, 0.8888888888888888, 0.0
0.7787037037037038, 0.7777777777777778, 0.7, 0.8888888888888888, 0.0
0.7711111111111111, 0.7777777777777778, 0.75, 0.8, 0.0
0.783076923076923, 0.7692307692307692, 0.75, 0.8461538461538461, 0.0
0.7388047138047137, 0.7386363636363636, 0.7, 0.7777777777777778, 0.0
0.7790404040404041, 0.75, 0.7272727272727273, 0.8888888888888888, 0.0
0.7516233766233766, 0.7386363636363636, 0.7, 0.9, 0.0
0.7333333333333334, 0.75, 0.7, 0.75, 0.0
0.7392857142857143, 0.75, 0.7, 0.7857142857142857, 0.0
0.7428571428571429, 0.75, 0.7, 0.8, 0.0
0.7409595959595959, 0.7386363636363636, 0.7, 0.8, 0.0
0.7388888888888889, 0.75, 0.6666666666666667, 0.8, 0.0
0.7735690235690237, 0.7638888888888888, 0.7272727272727273, 0.8181818181818181, 0.0
0.7678451178451178, 0.75, 0.7, 0.8888888888888888, 0.0
0.7541035353535354, 0.75, 0.7, 0.8, 0.0
0.7560606060606061, 0.7386363636363636, 0.7, 0.8888888888888888, 0.0
0.7858585858585859, 0.7636363636363637, 0.7272727272727273, 0.8888888888888888, 0.0
0.7471380471380472, 0.75, 0.7, 0.7777777777777778, 0.0
0.743312937062937, 0.75, 0.7, 0.8, 0.0
0.7347222222222222, 0.75, 0.7, 0.7777777777777778, 0.0
0.7566778900112233, 0.75, 0.7272727272727273, 0.8, 0.0
0.7596153846153846, 0.7596153846153846, 0.75, 0.7692307692307692, 0.0
0.7328347578347577, 0.725, 0.7, 0.7777777777777778, 0.0
0.7387205387205387, 0.7386363636363636, 0.7, 0.7777777777777778, 0.0
0.806031746031746, 0.7857142857142857, 0.7777777777777778, 0.8888888888888888, 0.0
0.7550955988455988, 0.75, 0.7, 0.8, 0.0
0.7615447052947053, 0.7596153846153846, 0.7, 0.8181818181818181, 0.0
0.747036297036297, 0.75, 0.7, 0.7857142857142857, 0.0
0.7574370074370075, 0.7692307692307692, 0.7, 0.8, 0.0
0.7686868686868686, 0.75, 0.7272727272727273, 0.8888888888888888, 0.0
0.7397435897435898, 0.75, 0.7, 0.7692307692307692, 0.0
0.7677777777777778, 0.75, 0.7, 0.8888888888888888, 0.0
0.7851010101010102, 0.7777777777777778, 0.7272727272727273, 0.9, 0.0
0.7692307692307692, 0.7692307692307692, 0.7692307692307692, 0.7692307692307692, 0.0
0.7545454545454544, 0.75, 0.7, 0.9, 0.0
0.7348484848484849, 0.7272727272727273, 0.7272727272727273, 0.75, 0.0
0.7341750841750841, 0.7386363636363636, 0.7, 0.7777777777777778, 0.0
0.725, 0.725, 0.7, 0.75, 0.0
0.7673881673881675, 0.75, 0.7, 0.8888888888888888, 0.0
0.7644300144300145, 0.75, 0.7272727272727273, 0.8181818181818181, 0.0
0.7455555555555555, 0.75, 0.7, 0.8, 0.0
0.7333333333333334, 0.75, 0.7, 0.75, 0.0
0.7462962962962963, 0.75, 0.7, 0.8, 0.0
0.7381313131313131, 0.7386363636363636, 0.7, 0.8, 0.0
0.7777777777777778, 0.7777777777777778, 0.7777777777777778, 0.7777777777777778, 0.7777777777777778
0.7579124579124579, 0.75, 0.7, 0.8888888888888888, 0.0
0.7394017094017094, 0.75, 0.7, 0.7777777777777778, 0.0
0.7633227883227882, 0.7596153846153846, 0.7272727272727273, 0.8181818181818181, 0.0
0.7455555555555555, 0.75, 0.7, 0.7777777777777778, 0.0
0.7397435897435898, 0.75, 0.7, 0.7692307692307692, 0.0
0.7598412698412698, 0.7777777777777778, 0.7, 0.7857142857142857, 0.0
0.7425925925925926, 0.75, 0.7, 0.7777777777777778, 0.0
0.7649572649572649, 0.7692307692307692, 0.75, 0.7777777777777778, 0.0
0.7419256669256669, 0.7386363636363636, 0.7, 0.7777777777777778, 0.0
0.7609427609427609, 0.7777777777777778, 0.7272727272727273, 0.7777777777777778, 0.0
0.7726648351648351, 0.7774725274725274, 0.75, 0.7857142857142857, 0.0
0.7705627705627707, 0.75, 0.7272727272727273, 0.8888888888888888, 0.0
0.7824074074074074, 0.7638888888888888, 0.75, 0.8888888888888888, 0.0
0.7725653975653977, 0.7596153846153846, 0.7, 0.8888888888888888, 0.0
