0.4549200799200799, 0.5357142857142857, 0.0, 0.7692307692307692, 0.0
0.49134199134199136, 0.6190476190476191, 0.0, 0.7272727272727273, 0.0
0.2738095238095238, 0.25, 0.0, 0.5714285714285714, 0.0
0.4672364672364673, 0.5, 0.0, 0.7692307692307692, 0.0
0.6684981684981686, 0.6666666666666667, 0.5714285714285714, 0.7692307692307692, 0.0
0.6033966033966035, 0.6666666666666667, 0.33333333333333337, 0.7692307692307692, 0.0
0.5178571428571429, 0.5714285714285714, 0.0, 0.6666666666666667, 0.0
0.5181300181300181, 0.6666666666666667, 0.0, 0.7692307692307692, 0.0
0.5714285714285714, 0.5714285714285714, 0.5714285714285714, 0.5714285714285714, 0.5714285714285714
0.4318181818181819, 0.6666666666666667, 0.0, 0.7272727272727273, 0.0
0.2916666666666667, 0.25, 0.0, 0.6666666666666667, 0.0
0.6333333333333334, 0.6666666666666667, 0.5, 0.6666666666666667, 0.0
0.44345238095238104, 0.5714285714285714, 0.0, 0.6666666666666667, 0.0
0.3849206349206349, 0.5357142857142857, 0.0, 0.6666666666666667, 0.0
0.546474358974359, 0.7083333333333334, 0.0, 0.7692307692307692, 0.0
0.3476190476190476, 0.5, 0.0, 0.6666666666666667, 0.0
0.4069264069264069, 0.5714285714285714, 0.0, 0.7272727272727273, 0.0
0.24545454545454545, 0.0, 0.0, 0.7272727272727273, 0.0
0.3484848484848485, 0.33333333333333337, 0.0, 0.7272727272727273, 0.0
0.41391941391941395, 0.5714285714285714, 0.0, 0.7692307692307692, 0.0
0.4761904761904762, 0.6190476190476191, 0.0, 0.6666666666666667, 0.0
0.3068181818181818, 0.25, 0.0, 0.7272727272727273, 0.0
0.5535714285714286, 0.6666666666666667, 0.0, 0.75, 0.0
0.537878787878788, 0.6666666666666667, 0.0, 0.7272727272727273, 0.0
0.4666666666666667, 0.5, 0.0, 0.6666666666666667, 0.0
0.43498168498168494, 0.5357142857142857, 0.0, 0.7692307692307692, 0.0
0.5452642595499738, 0.5714285714285714, 0.0, 0.7692307692307692, 0.0
0.2916666666666667, 0.25, 0.0, 0.6666666666666667, 0.0
0.5181318681318681, 0.5714285714285714, 0.0, 0.7692307692307692, 0.0
0.0, 0.0, 0.0, 0.0, 0.0
0.7192807192807192, 0.7272727272727273, 0.6666666666666667, 0.7692307692307692, 0.0
0.4576376004947434, 0.5714285714285714, 0.0, 0.7272727272727273, 0.0
0.22222222222222224, 0.0, 0.0, 0.6666666666666667, 0.0
0.47863247863247865, 0.6666666666666667, 0.0, 0.7692307692307692, 0.0
0.6032925407925408, 0.696969696969697, 0.0, 0.7692307692307692, 0.0
0.4682539682539682, 0.5357142857142857, 0.0, 0.6666666666666667, 0.0
0.46875, 0.5833333333333334, 0.0, 0.75, 0.0
0.2777777777777778, 0.25, 0.0, 0.6666666666666667, 0.0
0.6993006993006994, 0.6666666666666667, 0.6666666666666667, 0.7692307692307692, 0.0
0.3571428571428572, 0.4523809523809524, 0.0, 0.6666666666666667, 0.0
0.558370201227344, 0.5714285714285714, 0.0, 0.7692307692307692, 0.0
0.670995670995671, 0.6666666666666667, 0.5714285714285714, 0.7272727272727273, 0.0
0.3573232323232323, 0.33333333333333337, 0.0, 0.75, 0.0
0.4761904761904762, 0.6190476190476191, 0.0, 0.6666666666666667, 0.0
0.6531949531949532, 0.6666666666666667, 0.5, 0.8, 0.0
0.4294871794871795, 0.5, 0.0, 0.7692307692307692, 0.0
0.367049617049617, 0.4166666666666667, 0.0, 0.7692307692307692, 0.0
0.6023809523809525, 0.5857142857142856, 0.5714285714285714, 0.6666666666666667, 0.0
0.47643097643097654, 0.5, 0.0, 0.7272727272727273, 0.0
0.54491341991342, 0.6190476190476191, 0.0, 0.7272727272727273, 0.0
0.6428571428571429, 0.6666666666666667, 0.5714285714285714, 0.6666666666666667, 0.0
0.36111111111111116, 0.5, 0.0, 0.6666666666666667, 0.0
0.4329004329004329, 0.5714285714285714, 0.0, 0.7272727272727273, 0.0
0.37448979591836734, 0.5, 0.0, 0.8, 0.0
0.4450757575757577, 0.5, 0.0, 0.7272727272727273, 0.0
0.5811331525617239, 0.6666666666666667, 0.0, 0.7692307692307692, 0.0
0.4014652014652015, 0.5714285714285714, 0.0, 0.7692307692307692, 0.0
0.4523809523809524, 0.5714285714285714, 0.0, 0.6666666666666667, 0.0
0.2597402597402597, 0.0, 0.0, 0.7272727272727273, 0.0
0.5659816374102089, 0.6666666666666667, 0.0, 0.7692307692307692, 0.0
0.35714285714285715, 0.5, 0.0, 0.5714285714285714, 0.0
0.4712430426716141, 0.6666666666666667, 0.0, 0.7272727272727273, 0.0
0.4166666666666667, 0.5, 0.0, 0.75, 0.0
0.39285714285714285, 0.5, 0.0, 0.5714285714285714, 0.0
0.2564102564102564, 0.0, 0.0, 0.7692307692307692, 0.0
0.5205128205128206, 0.6666666666666667, 0.0, 0.7692307692307692, 0.0
0.4646464646464647, 0.6666666666666667, 0.0, 0.7272727272727273, 0.0
0.5256410256410257, 0.5, 0.33333333333333337, 0.7692307692307692, 0.0
0.2738095238095238, 0.25, 0.0, 0.5714285714285714, 0.0
0.4267399267399268, 0.5714285714285714, 0.0, 0.7692307692307692, 0.0
0.5121212121212121, 0.6666666666666667, 0.0, 0.7272727272727273, 0.0
0.6011904761904763, 0.6190476190476191, 0.5, 0.6666666666666667, 0.0
0.3425925925925926, 0.5, 0.0, 0.75, 0.0
0.43498168498168494, 0.5357142857142857, 0.0, 0.7692307692307692, 0.0
0.3095238095238096, 0.5, 0.0, 0.6666666666666667, 0.0
0.6275510204081634, 0.6666666666666667, 0.5, 0.75, 0.0
0.0, 0.0, 0.0, 0.0, 0.0
0.575139146567718, 0.6666666666666667, 0.0, 0.7272727272727273, 0.0
0.48008241758241765, 0.6190476190476191, 0.0, 0.7692307692307692, 0.0
0.6277981277981279, 0.6666666666666667, 0.5, 0.7692307692307692, 0.0
0.462085533514105, 0.5714285714285714, 0.0, 0.7692307692307692, 0.0
0.4214285714285714, 0.5, 0.0, 0.5714285714285714, 0.0
0.49350649350649356, 0.5, 0.0, 0.7272727272727273, 0.0
0.4696969696969697, 0.6666666666666667, 0.0, 0.7272727272727273, 0.0
0.39981447124304265, 0.5, 0.0, 0.7272727272727273, 0.0
0.38095238095238093, 0.5714285714285714, 0.0, 0.5714285714285714, 0.0
0.21428571428571427, 0.0, 0.0, 0.5714285714285714, 0.0
0.43557484182484185, 0.6190476190476191, 0.0, 0.7692307692307692, 0.0
0.5703772418058133, 0.6666666666666667, 0.0, 0.8, 0.0
0.4251700680272109, 0.5714285714285714, 0.0, 0.6666666666666667, 0.0
0.533910533910534, 0.6190476190476191, 0.0, 0.7272727272727273, 0.0
0.534361471861472, 0.5714285714285714, 0.0, 0.7272727272727273, 0.0
0.4772370486656201, 0.6666666666666667, 0.0, 0.7692307692307692, 0.0
0.24761904761904763, 0.0, 0.0, 0.6666666666666667, 0.0
0.3619047619047619, 0.5714285714285714, 0.0, 0.6666666666666667, 0.0
0.2857142857142857, 0.2857142857142857, 0.0, 0.5714285714285714, 0.0
0.48468198468198465, 0.5714285714285714, 0.0, 0.7692307692307692, 0.0
0.6347985347985349, 0.6666666666666667, 0.5, 0.7692307692307692, 0.0
0.5385281385281385, 0.6666666666666667, 0.0, 0.7272727272727273, 0.0
0.3, 0.5, 0.0, 0.5, 0.0
0.33369963369963374, 0.4, 0.0, 0.7692307692307692, 0.0
0.35714285714285715, 0.5, 0.0, 0.5714285714285714, 0.0
0.6664801864801865, 0.7272727272727273, 0.4, 0.7692307692307692, 0.0
0.568015318015318, 0.6190476190476191, 0.0, 0.7692307692307692, 0.0
0.6506410256410257, 0.6666666666666667, 0.5, 0.7692307692307692, 0.0
0.3521954236239951, 0.5, 0.0, 0.7272727272727273, 0.0
0.6488095238095238, 0.6666666666666667, 0.5714285714285714, 0.75, 0.0
0.3871794871794872, 0.5, 0.0, 0.7692307692307692, 0.0
0.5501581751581752, 0.6190476190476191, 0.0, 0.7692307692307692, 0.0
0.30158730158730157, 0.2857142857142857, 0.0, 0.6666666666666667, 0.0
0.4549200799200799, 0.5357142857142857, 0.0, 0.7692307692307692, 0.0
0.33333333333333337, 0.5, 0.0, 0.6666666666666667, 0.0
0.45634920634920634, 0.5, 0.0, 0.6666666666666667, 0.0
0.4776785714285715, 0.6190476190476191, 0.0, 0.75, 0.0
0.40822140822140823, 0.5, 0.0, 0.7692307692307692, 0.0
0.5452642595499738, 0.5714285714285714, 0.0, 0.7692307692307692, 0.0
0.49369149369149373, 0.5714285714285714, 0.0, 0.7692307692307692, 0.0
0.42857142857142855, 0.5, 0.0, 0.5714285714285714, 0.0
0.4069264069264069, 0.5714285714285714, 0.0, 0.7272727272727273, 0.0
0.6590909090909092, 0.6666666666666667, 0.5, 0.7272727272727273, 0.0
0.4230769230769231, 0.5, 0.0, 0.7692307692307692, 0.0
0.41269841269841273, 0.5714285714285714, 0.0, 0.6666666666666667, 0.0
0.5631035631035632, 0.6666666666666667, 0.0, 0.7692307692307692, 0.0
0.43382807668521955, 0.5714285714285714, 0.0, 0.7272727272727273, 0.0
0.3174603174603175, 0.2857142857142857, 0.0, 0.6666666666666667, 0.0
0.462085533514105, 0.5714285714285714, 0.0, 0.7692307692307692, 0.0
0.5151098901098901, 0.5357142857142857, 0.0, 0.7692307692307692, 0.0
0.4863945578231293, 0.5, 0.0, 0.6666666666666667, 0.0
0.2666666666666667, 0.0, 0.0, 0.6666666666666667, 0.0
0.47483766233766245, 0.6190476190476191, 0.0, 0.7272727272727273, 0.0
0.5567765567765568, 0.6666666666666667, 0.0, 0.7692307692307692, 0.0
0.6340259740259739, 0.5714285714285714, 0.5, 0.8, 0.0
0.4507899507899508, 0.6666666666666667, 0.0, 0.7692307692307692, 0.0
0.5752223966509681, 0.6666666666666667, 0.0, 0.7692307692307692, 0.0
0.4772370486656201, 0.6666666666666667, 0.0, 0.7692307692307692, 0.0
0.3365384615384615, 0.25, 0.0, 0.7692307692307692, 0.0
0.5659816374102089, 0.6666666666666667, 0.0, 0.7692307692307692, 0.0
0.4178876678876679, 0.5357142857142857, 0.0, 0.7692307692307692, 0.0
0.395021645021645, 0.5357142857142857, 0.0, 0.7272727272727273, 0.0
0.2896825396825397, 0.25, 0.0, 0.6666666666666667, 0.0
0.4162781662781663, 0.5, 0.0, 0.7692307692307692, 0.0
0.6673049173049174, 0.696969696969697, 0.5, 0.7692307692307692, 0.0
0.5689310689310689, 0.5714285714285714, 0.0, 0.7692307692307692, 0.0
0.4121212121212121, 0.6666666666666667, 0.0, 0.7272727272727273, 0.0
0.2777777777777778, 0.0, 0.0, 0.6666666666666667, 0.0
0.6666666666666667, 0.6666666666666667, 0.6666666666666667, 0.6666666666666667, 0.6666666666666667
0.36363636363636365, 0.36363636363636365, 0.0, 0.7272727272727273, 0.0
0.5142857142857143, 0.6666666666666667, 0.0, 0.6666666666666667, 0.0
0.547979797979798, 0.6666666666666667, 0.0, 0.7272727272727273, 0.0
0.6242368742368742, 0.6190476190476191, 0.5, 0.7692307692307692, 0.0
0.5407925407925408, 0.696969696969697, 0.0, 0.7692307692307692, 0.0
0.421474358974359, 0.5833333333333334, 0.0, 0.7692307692307692, 0.0
0.2569573283858998, 0.0, 0.0, 0.7272727272727273, 0.0
0.41269841269841273, 0.5714285714285714, 0.0, 0.6666666666666667, 0.0
0.45342752485609633, 0.5714285714285714, 0.0, 0.7692307692307692, 0.0
0.31547619047619047, 0.2857142857142857, 0.0, 0.75, 0.0
0.0, 0.0, 0.0, 0.0, 0.0
0.3759157509157509, 0.5, 0.0, 0.7692307692307692, 0.0
0.3333333333333333, 0.33333333333333337, 0.0, 0.6666666666666667, 0.0
0.32756132756132755, 0.2857142857142857, 0.0, 0.7272727272727273, 0.0
0.47943722943722944, 0.5714285714285714, 0.0, 0.7272727272727273, 0.0
0.5562770562770564, 0.6666666666666667, 0.0, 0.7272727272727273, 0.0
0.33858998144712427, 0.5, 0.0, 0.7272727272727273, 0.0
0.49845987345987347, 0.5357142857142857, 0.0, 0.7692307692307692, 0.0
0.516983016983017, 0.6493506493506493, 0.0, 0.7692307692307692, 0.0
0.43452380952380953, 0.5357142857142857, 0.0, 0.6666666666666667, 0.0
0.4577505827505828, 0.6136363636363636, 0.0, 0.7692307692307692, 0.0
0.5410256410256411, 0.6666666666666667, 0.0, 0.7692307692307692, 0.0
0.5858946608946609, 0.696969696969697, 0.0, 0.8, 0.0
0.6031746031746031, 0.5714285714285714, 0.5714285714285714, 0.6666666666666667, 0.0
0.5321067821067822, 0.6190476190476191, 0.0, 0.7272727272727273, 0.0
0.4841269841269842, 0.5357142857142857, 0.0, 0.6666666666666667, 0.0
0.4931972789115647, 0.5714285714285714, 0.0, 0.6666666666666667, 0.0
0.44897959183673464, 0.5, 0.0, 0.5714285714285714, 0.0
0.54421768707483, 0.6666666666666667, 0.0, 0.6666666666666667, 0.0
0.3871794871794872, 0.5, 0.0, 0.7692307692307692, 0.0
0.398989898989899, 0.5, 0.0, 0.7272727272727273, 0.0
0.6073593073593073, 0.5714285714285714, 0.5, 0.7272727272727273, 0.0
0.22222222222222224, 0.0, 0.0, 0.6666666666666667, 0.0
0.42658730158730157, 0.5714285714285714, 0.0, 0.75, 0.0
0.4557664557664558, 0.6190476190476191, 0.0, 0.7692307692307692, 0.0
0.3055555555555556, 0.25, 0.0, 0.6666666666666667, 0.0
0.398989898989899, 0.5, 0.0, 0.7272727272727273, 0.0
0.16666666666666666, 0.0, 0.0, 0.5, 0.0
0.45833333333333337, 0.5833333333333334, 0.0, 0.6666666666666667, 0.0
0.4396825396825397, 0.5, 0.0, 0.6666666666666667, 0.0
0.4976190476190476, 0.5714285714285714, 0.0, 0.75, 0.0
0.6142857142857144, 0.6666666666666667, 0.5, 0.6666666666666667, 0.0
0.4761904761904763, 0.6666666666666667, 0.0, 0.6666666666666667, 0.0
0.4761904761904762, 0.6190476190476191, 0.0, 0.6666666666666667, 0.0
0.38095238095238093, 0.5714285714285714, 0.0, 0.5714285714285714, 0.0
0.462085533514105, 0.5714285714285714, 0.0, 0.7692307692307692, 0.0
0.48436748436748445, 0.5714285714285714, 0.0, 0.7272727272727273, 0.0
0.5948717948717949, 0.7692307692307692, 0.0, 0.7692307692307692, 0.0
0.38311688311688313, 0.5, 0.0, 0.7272727272727273, 0.0
0.34615384615384615, 0.33333333333333337, 0.0, 0.7692307692307692, 0.0
0.4251700680272109, 0.5714285714285714, 0.0, 0.6666666666666667, 0.0
0.4242424242424242, 0.6666666666666667, 0.0, 0.7272727272727273, 0.0
0.4107142857142857, 0.5357142857142857, 0.0, 0.5714285714285714, 0.0
0.38257575757575757, 0.5, 0.0, 0.7272727272727273, 0.0
0.21428571428571427, 0.0, 0.0, 0.5714285714285714, 0.0
0.15306122448979592, 0.0, 0.0, 0.5714285714285714, 0.0
0.6800818229389659, 0.7272727272727273, 0.5714285714285714, 0.7692307692307692, 0.0
0.5409709338280767, 0.5714285714285714, 0.0, 0.75, 0.0
0.5432900432900434, 0.5714285714285714, 0.0, 0.7272727272727273, 0.0
0.6135531135531135, 0.5714285714285714, 0.5, 0.7692307692307692, 0.0
0.5317460317460319, 0.5714285714285714, 0.0, 0.6666666666666667, 0.0
0.4329004329004329, 0.5714285714285714, 0.0, 0.7272727272727273, 0.0
0.27083333333333337, 0.25, 0.0, 0.6666666666666667, 0.0
0.5668775668775669, 0.6666666666666667, 0.0, 0.7692307692307692, 0.0
0.13333333333333336, 0.0, 0.0, 0.6666666666666667, 0.0
0.6684981684981686, 0.6666666666666667, 0.5714285714285714, 0.7692307692307692, 0.0
0.5984848484848485, 0.5833333333333334, 0.5, 0.7272727272727273, 0.0
0.40822140822140823, 0.5, 0.0, 0.7692307692307692, 0.0
0.5012210012210012, 0.5357142857142857, 0.0, 0.7692307692307692, 0.0
0.597979797979798, 0.696969696969697, 0.0, 0.8, 0.0
0.6136363636363636, 0.6136363636363636, 0.5, 0.7272727272727273, 0.0
0.4337606837606838, 0.5833333333333334, 0.0, 0.7692307692307692, 0.0
0.4510281385281386, 0.5714285714285714, 0.0, 0.7272727272727273, 0.0
0.45342752485609633, 0.5714285714285714, 0.0, 0.7692307692307692, 0.0
0.5208333333333334, 0.6666666666666667, 0.0, 0.75, 0.0
0.33516483516483514, 0.2857142857142857, 0.0, 0.7692307692307692, 0.0
0.6802530802530803, 0.6666666666666667, 0.5714285714285714, 0.7692307692307692, 0.0
0.33455433455433453, 0.2857142857142857, 0.0, 0.7692307692307692, 0.0
0.44345238095238104, 0.5714285714285714, 0.0, 0.6666666666666667, 0.0
0.4444444444444445, 0.6666666666666667, 0.0, 0.6666666666666667, 0.0
0.4205128205128205, 0.6666666666666667, 0.0, 0.7692307692307692, 0.0
0.43361823361823365, 0.6666666666666667, 0.0, 0.8, 0.0
0.2564102564102564, 0.0, 0.0, 0.7692307692307692, 0.0
0.686868686868687, 0.6666666666666667, 0.6666666666666667, 0.7272727272727273, 0.0
0.42261904761904767, 0.5357142857142857, 0.0, 0.6666666666666667, 0.0
0.4474335188620904, 0.5714285714285714, 0.0, 0.7272727272727273, 0.0
0.480952380952381, 0.5714285714285714, 0.0, 0.6666666666666667, 0.0
0.3623995052566481, 0.5714285714285714, 0.0, 0.7272727272727273, 0.0
0.5528756957328387, 0.6666666666666667, 0.0, 0.7272727272727273, 0.0
0.5188620902906618, 0.5714285714285714, 0.0, 0.7272727272727273, 0.0
0.5331890331890333, 0.5714285714285714, 0.0, 0.7272727272727273, 0.0
0.44688644688644685, 0.5714285714285714, 0.0, 0.7692307692307692, 0.0
0.5131257631257631, 0.5714285714285714, 0.0, 0.7692307692307692, 0.0
0.6666666666666666, 0.6666666666666667, 0.6666666666666667, 0.6666666666666667, 0.0
0.4014652014652015, 0.5714285714285714, 0.0, 0.7692307692307692, 0.0
0.47619047619047616, 0.5714285714285714, 0.0, 0.6666666666666667, 0.0
0.49188906331763477, 0.6666666666666667, 0.0, 0.7692307692307692, 0.0
0.483974358974359, 0.5833333333333334, 0.0, 0.7692307692307692, 0.0
0.33858998144712427, 0.5, 0.0, 0.7272727272727273, 0.0
0.4696969696969697, 0.6666666666666667, 0.0, 0.7272727272727273, 0.0
0.4329004329004329, 0.5714285714285714, 0.0, 0.7272727272727273, 0.0
0.5385281385281385, 0.6666666666666667, 0.0, 0.7272727272727273, 0.0
0.5345117845117846, 0.6666666666666667, 0.0, 0.75, 0.0
0.20238095238095238, 0.0, 0.0, 0.75, 0.0
0.3484848484848485, 0.33333333333333337, 0.0, 0.7272727272727273, 0.0
0.3888888888888889, 0.5, 0.0, 0.6666666666666667, 0.0
0.4734848484848485, 0.5833333333333334, 0.0, 0.7272727272727273, 0.0
0.2767857142857143, 0.25, 0.0, 0.5714285714285714, 0.0
0.6333333333333334, 0.6666666666666667, 0.5, 0.6666666666666667, 0.0
0.45555555555555555, 0.5, 0.0, 0.6666666666666667, 0.0
0.5619047619047619, 0.5714285714285714, 0.5, 0.6666666666666667, 0.0
0.5440115440115441, 0.6190476190476191, 0.0, 0.7272727272727273, 0.0
0.5278721278721278, 0.5714285714285714, 0.0, 0.7692307692307692, 0.0
0.49735449735449744, 0.6666666666666667, 0.0, 0.6666666666666667, 0.0
0.3681318681318681, 0.5, 0.0, 0.7692307692307692, 0.0
0.41512654012654016, 0.6190476190476191, 0.0, 0.7692307692307692, 0.0
0.4785943223443223, 0.5714285714285714, 0.0, 0.7692307692307692, 0.0
0.4496753246753247, 0.5357142857142857, 0.0, 0.7272727272727273, 0.0
0.5287878787878788, 0.6666666666666667, 0.0, 0.75, 0.0
0.40079365079365087, 0.5357142857142857, 0.0, 0.6666666666666667, 0.0
0.30612244897959184, 0.5, 0.0, 0.5714285714285714, 0.0
0.2916666666666667, 0.25, 0.0, 0.6666666666666667, 0.0
0.6893106893106893, 0.7272727272727273, 0.5714285714285714, 0.7692307692307692, 0.0
0.49404761904761907, 0.5714285714285714, 0.0, 0.75, 0.0
0.43382807668521955, 0.5714285714285714, 0.0, 0.7272727272727273, 0.0
0.38095238095238093, 0.5714285714285714, 0.0, 0.5714285714285714, 0.0
0.5484848484848486, 0.696969696969697, 0.0, 0.8, 0.0
0.4712430426716141, 0.6666666666666667, 0.0, 0.7272727272727273, 0.0
0.5018315018315018, 0.6190476190476191, 0.0, 0.7692307692307692, 0.0
0.19047619047619047, 0.0, 0.0, 0.5714285714285714, 0.0
0.380952380952381, 0.5714285714285714, 0.0, 0.6666666666666667, 0.0
0.5220057720057721, 0.6190476190476191, 0.0, 0.7272727272727273, 0.0
0.41269841269841273, 0.5714285714285714, 0.0, 0.6666666666666667, 0.0
0.44345238095238104, 0.5714285714285714, 0.0, 0.6666666666666667, 0.0
0.5271950271950272, 0.5833333333333334, 0.0, 0.7692307692307692, 0.0
0.40079365079365087, 0.5357142857142857, 0.0, 0.6666666666666667, 0.0
0.26785714285714285, 0.25, 0.0, 0.5714285714285714, 0.0
0.6190476190476191, 0.6190476190476191, 0.5714285714285714, 0.6666666666666667, 0.0
0.5714285714285714, 0.5714285714285714, 0.5714285714285714, 0.5714285714285714, 0.5714285714285714
0.35714285714285715, 0.5, 0.0, 0.6666666666666667, 0.0
0.23333333333333334, 0.0, 0.0, 0.6666666666666667, 0.0
0.3614718614718615, 0.5, 0.0, 0.6666666666666667, 0.0
0.5230769230769231, 0.7692307692307692, 0.0, 0.8, 0.0
0.6666666666666667, 0.6666666666666667, 0.6666666666666667, 0.6666666666666667, 0.0
0.3156565656565657, 0.25, 0.0, 0.7272727272727273, 0.0
0.5113220113220113, 0.5357142857142857, 0.0, 0.7692307692307692, 0.0
0.717948717948718, 0.717948717948718, 0.6666666666666667, 0.7692307692307692, 0.0
0.583971583971584, 0.696969696969697, 0.0, 0.7692307692307692, 0.0
0.42261904761904767, 0.5357142857142857, 0.0, 0.6666666666666667, 0.0
0.4296180010465725, 0.5, 0.0, 0.7692307692307692, 0.0
0.3299319727891156, 0.5, 0.0, 0.6666666666666667, 0.0
0.5544871794871795, 0.6666666666666667, 0.0, 0.7692307692307692, 0.0
0.5826792255363683, 0.5714285714285714, 0.5, 0.7692307692307692, 0.0
0.5497835497835498, 0.6666666666666667, 0.0, 0.7272727272727273, 0.0
0.5824175824175823, 0.5714285714285714, 0.5, 0.7692307692307692, 0.0
0.4251700680272109, 0.5714285714285714, 0.0, 0.6666666666666667, 0.0
0.4178876678876679, 0.5357142857142857, 0.0, 0.7692307692307692, 0.0
0.37445887445887444, 0.5, 0.0, 0.7272727272727273, 0.0
0.4107142857142857, 0.5357142857142857, 0.0, 0.5714285714285714, 0.0
0.19312169312169314, 0.0, 0.0, 0.6666666666666667, 0.0
0.4014652014652015, 0.5714285714285714, 0.0, 0.7692307692307692, 0.0
0.35119047619047616, 0.5, 0.0, 0.6666666666666667, 0.0
0.44436813186813184, 0.5714285714285714, 0.0, 0.7692307692307692, 0.0
0.28733766233766234, 0.25, 0.0, 0.7272727272727273, 0.0
0.29437229437229434, 0.0, 0.0, 0.7272727272727273, 0.0
0.5845080845080846, 0.6666666666666667, 0.0, 0.7692307692307692, 0.0
0.33333333333333337, 0.33333333333333337, 0.0, 0.6666666666666667, 0.0
0.46258503401360546, 0.5, 0.0, 0.6666666666666667, 0.0
0.593018093018093, 0.6666666666666667, 0.0, 0.7692307692307692, 0.0
0.44772727272727275, 0.5833333333333334, 0.0, 0.75, 0.0
0.2601010101010101, 0.16666666666666669, 0.0, 0.7272727272727273, 0.0
0.35374149659863946, 0.5714285714285714, 0.0, 0.6666666666666667, 0.0
0.22222222222222224, 0.0, 0.0, 0.6666666666666667, 0.0
0.33333333333333337, 0.5, 0.0, 0.6666666666666667, 0.0
0.4919871794871795, 0.6666666666666667, 0.0, 0.7692307692307692, 0.0
0.5781625781625783, 0.6666666666666667, 0.0, 0.7272727272727273, 0.0
0.6333333333333334, 0.6666666666666667, 0.5, 0.6666666666666667, 0.0
0.42207792207792216, 0.5, 0.0, 0.7272727272727273, 0.0
0.3484848484848485, 0.33333333333333337, 0.0, 0.7272727272727273, 0.0
0.380952380952381, 0.5714285714285714, 0.0, 0.6666666666666667, 0.0
0.4761904761904762, 0.6190476190476191, 0.0, 0.6666666666666667, 0.0
0.3870129870129871, 0.5714285714285714, 0.0, 0.7272727272727273, 0.0
0.551510989010989, 0.6190476190476191, 0.0, 0.7692307692307692, 0.0
0.40079365079365087, 0.5357142857142857, 0.0, 0.6666666666666667, 0.0
0.2564102564102564, 0.0, 0.0, 0.7692307692307692, 0.0
0.41369047619047616, 0.5, 0.0, 0.6666666666666667, 0.0
0.5073593073593073, 0.5714285714285714, 0.0, 0.7272727272727273, 0.0
0.6621156621156622, 0.6666666666666667, 0.5714285714285714, 0.7692307692307692, 0.0
0.36904761904761907, 0.5357142857142857, 0.0, 0.5714285714285714, 0.0
0.25, 0.25, 0.0, 0.5, 0.0
0.5347985347985349, 0.6666666666666667, 0.0, 0.7692307692307692, 0.0
0.5014652014652015, 0.5714285714285714, 0.0, 0.7692307692307692, 0.0
0.26716141001855287, 0.0, 0.0, 0.7272727272727273, 0.0
0.3988095238095238, 0.5357142857142857, 0.0, 0.75, 0.0
0.4722222222222223, 0.5, 0.0, 0.6666666666666667, 0.0
0.5514652014652015, 0.5714285714285714, 0.0, 0.7692307692307692, 0.0
0.5278721278721278, 0.5714285714285714, 0.0, 0.7692307692307692, 0.0
0.3608534322820037, 0.5, 0.0, 0.7272727272727273, 0.0
0.40476190476190477, 0.6190476190476191, 0.0, 0.6666666666666667, 0.0
0.5, 0.5833333333333334, 0.0, 0.6666666666666667, 0.0
0.36904761904761907, 0.5, 0.0, 0.75, 0.0
0.25, 0.25, 0.0, 0.5, 0.0
0.5793650793650794, 0.5714285714285714, 0.5, 0.6666666666666667, 0.0
0.3156565656565657, 0.25, 0.0, 0.7272727272727273, 0.0
0.33333333333333337, 0.33333333333333337, 0.0, 0.6666666666666667, 0.0
0.49523809523809526, 0.5714285714285714, 0.0, 0.6666666666666667, 0.0
0.36309523809523814, 0.5, 0.0, 0.6666666666666667, 0.0
0.40079365079365087, 0.5357142857142857, 0.0, 0.6666666666666667, 0.0
0.3197278911564626, 0.5, 0.0, 0.6666666666666667, 0.0
0.4500261643118786, 0.5714285714285714, 0.0, 0.7692307692307692, 0.0
0.5254329004329005, 0.5714285714285714, 0.0, 0.7272727272727273, 0.0
0.6655011655011654, 0.7272727272727273, 0.5, 0.7692307692307692, 0.0
0.23333333333333334, 0.0, 0.0, 0.6666666666666667, 0.0
0.4909090909090909, 0.5, 0.0, 0.7272727272727273, 0.0
0.5242424242424242, 0.6666666666666667, 0.0, 0.7272727272727273, 0.0
0.608974358974359, 0.5833333333333334, 0.5, 0.7692307692307692, 0.0
0.580952380952381, 0.5714285714285714, 0.5, 0.6666666666666667, 0.0
0.5083620083620084, 0.5714285714285714, 0.0, 0.7692307692307692, 0.0
0.44761904761904764, 0.5, 0.0, 0.6666666666666667, 0.0
0.513888888888889, 0.5833333333333334, 0.0, 0.75, 0.0
0.4333333333333334, 0.5, 0.0, 0.6666666666666667, 0.0
0.4205128205128205, 0.6666666666666667, 0.0, 0.7692307692307692, 0.0
0.6553113553113553, 0.6666666666666667, 0.5, 0.7692307692307692, 0.0
0.5306122448979592, 0.5714285714285714, 0.0, 0.6666666666666667, 0.0
0.35978835978835977, 0.5, 0.0, 0.6666666666666667, 0.0
0.32264957264957267, 0.25, 0.0, 0.7692307692307692, 0.0
0.6011904761904763, 0.6190476190476191, 0.5, 0.6666666666666667, 0.0
0.4199134199134199, 0.6190476190476191, 0.0, 0.7272727272727273, 0.0
0.6836496836496837, 0.696969696969697, 0.5714285714285714, 0.7692307692307692, 0.0
0.26785714285714285, 0.25, 0.0, 0.5714285714285714, 0.0
0.6666666666666666, 0.6666666666666667, 0.6666666666666667, 0.6666666666666667, 0.0
0.4629329004329005, 0.5714285714285714, 0.0, 0.7272727272727273, 0.0
0.665989010989011, 0.6666666666666667, 0.5, 0.8, 0.0
0.7692307692307692, 0.7692307692307692, 0.7692307692307692, 0.7692307692307692, 0.0
0.6347985347985349, 0.6666666666666667, 0.5, 0.7692307692307692, 0.0
0.483974358974359, 0.5833333333333334, 0.0, 0.7692307692307692, 0.0
0.29333333333333333, 0.0, 0.0, 0.8, 0.0
0.4242424242424242, 0.6666666666666667, 0.0, 0.7272727272727273, 0.0
0.25, 0.25, 0.0, 0.5, 0.0
0.5785714285714285, 0.5714285714285714, 0.5, 0.75, 0.0
0.43686868686868685, 0.5833333333333334, 0.0, 0.7272727272727273, 0.0
0.40340909090909094, 0.5, 0.0, 0.7272727272727273, 0.0
0.272108843537415, 0.0, 0.0, 0.6666666666666667, 0.0
0.33516483516483514, 0.2857142857142857, 0.0, 0.7692307692307692, 0.0
0.6818181818181819, 0.6666666666666667, 0.6666666666666667, 0.7272727272727273, 0.0
0.5831501831501831, 0.5714285714285714, 0.0, 0.7692307692307692, 0.0
0.4444444444444445, 0.6666666666666667, 0.0, 0.6666666666666667, 0.0
0.16666666666666666, 0.0, 0.0, 0.5, 0.0
0.41615791615791614, 0.5714285714285714, 0.0, 0.7692307692307692, 0.0
0.5132992007992008, 0.6493506493506493, 0.0, 0.7692307692307692, 0.0
0.6684981684981686, 0.6666666666666667, 0.5714285714285714, 0.7692307692307692, 0.0
0.5187728937728938, 0.5714285714285714, 0.0, 0.7692307692307692, 0.0
0.6011904761904763, 0.6190476190476191, 0.5, 0.6666666666666667, 0.0
0.4337606837606838, 0.5833333333333334, 0.0, 0.7692307692307692, 0.0
