0.10781746031746034, 0.0, 0.0, 0.5, 0.0
0.16164983164983168, 0.19999999999999996, 0.0, 0.4, 0.0
0.18175084175084172, 0.19999999999999996, 0.0, 0.4, 0.0
0.1759427609427609, 0.19999999999999996, 0.0, 0.5, 0.0
0.173063973063973, 0.19999999999999996, 0.0, 0.4, 0.0
0.17117845117845112, 0.19999999999999996, 0.0, 0.36363636363636365, 0.0
0.15814814814814812, 0.19999999999999996, 0.0, 0.36363636363636365, 0.0
0.14104377104377105, 0.19999999999999996, 0.0, 0.36363636363636365, 0.0
0.1322558922558923, 0.19999999999999996, 0.0, 0.36363636363636365, 0.0
0.12643097643097648, 0.19999999999999996, 0.0, 0.36363636363636365, 0.0
