0.09111111111111113, 0.0, 0.0, 0.6666666666666667, 0.0
0.07174603174603175, 0.0, 0.0, 0.6666666666666667, 0.0
0.043888888888888894, 0.0, 0.0, 0.6666666666666667, 0.0
0.043888888888888894, 0.0, 0.0, 0.6666666666666667, 0.0
0.037222222222222226, 0.0, 0.0, 0.6666666666666667, 0.0
0.037222222222222226, 0.0, 0.0, 0.6666666666666667, 0.0
0.037222222222222226, 0.0, 0.0, 0.6666666666666667, 0.0
0.037222222222222226, 0.0, 0.0, 0.6666666666666667, 0.0
0.037222222222222226, 0.0, 0.0, 0.6666666666666667, 0.0
0.037222222222222226, 0.0, 0.0, 0.6666666666666667, 0.0
0.037222222222222226, 0.0, 0.0, 0.6666666666666667, 0.0
0.037222222222222226, 0.0, 0.0, 0.6666666666666667, 0.0
0.037222222222222226, 0.0, 0.0, 0.6666666666666667, 0.0
0.037222222222222226, 0.0, 0.0, 0.6666666666666667, 0.0
0.037222222222222226, 0.0, 0.0, 0.6666666666666667, 0.0
0.037222222222222226, 0.0, 0.0, 0.6666666666666667, 0.0
0.037222222222222226, 0.0, 0.0, 0.6666666666666667, 0.0
0.037222222222222226, 0.0, 0.0, 0.6666666666666667, 0.0
0.037222222222222226, 0.0, 0.0, 0.6666666666666667, 0.0
0.037222222222222226, 0.0, 0.0, 0.6666666666666667, 0.0
0.037222222222222226, 0.0, 0.0, 0.6666666666666667, 0.0
0.037222222222222226, 0.0, 0.0, 0.6666666666666667, 0.0
0.037222222222222226, 0.0, 0.0, 0.6666666666666667, 0.0
0.037222222222222226, 0.0, 0.0, 0.6666666666666667, 0.0
0.037222222222222226, 0.0, 0.0, 0.6666666666666667, 0.0
0.037222222222222226, 0.0, 0.0, 0.6666666666666667, 0.0
0.037222222222222226, 0.0, 0.0, 0.6666666666666667, 0.0
0.037222222222222226, 0.0, 0.0, 0.6666666666666667, 0.0
0.037222222222222226, 0.0, 0.0, 0.6666666666666667, 0.0
0.037222222222222226, 0.0, 0.0, 0.6666666666666667, 0.0
0.037222222222222226, 0.0, 0.0, 0.6666666666666667, 0.0
0.037222222222222226, 0.0, 0.0, 0.6666666666666667, 0.0
0.037222222222222226, 0.0, 0.0, 0.6666666666666667, 0.0
0.037222222222222226, 0.0, 0.0, 0.6666666666666667, 0.0
0.043888888888888894, 0.0, 0.0, 0.6666666666666667, 0.0
0.043888888888888894, 0.0, 0.0, 0.6666666666666667, 0.0
0.043888888888888894, 0.0, 0.0, 0.6666666666666667, 0.0
0.043888888888888894, 0.0, 0.0, 0.6666666666666667, 0.0
0.043888888888888894, 0.0, 0.0, 0.6666666666666667, 0.0
0.043888888888888894, 0.0, 0.0, 0.6666666666666667, 0.0
0.043888888888888894, 0.0, 0.0, 0.6666666666666667, 0.0
0.043888888888888894, 0.0, 0.0, 0.6666666666666667, 0.0
0.043888888888888894, 0.0, 0.0, 0.6666666666666667, 0.0
0.043888888888888894, 0.0, 0.0, 0.6666666666666667, 0.0
0.043888888888888894, 0.0, 0.0, 0.6666666666666667, 0.0
0.043888888888888894, 0.0, 0.0, 0.6666666666666667, 0.0
0.043888888888888894, 0.0, 0.0, 0.6666666666666667, 0.0
0.043888888888888894, 0.0, 0.0, 0.6666666666666667, 0.0
0.043888888888888894, 0.0, 0.0, 0.6666666666666667, 0.0
0.043888888888888894, 0.0, 0.0, 0.6666666666666667, 0.0
0.043888888888888894, 0.0, 0.0, 0.6666666666666667, 0.0
0.043888888888888894, 0.0, 0.0, 0.6666666666666667, 0.0
0.043888888888888894, 0.0, 0.0, 0.6666666666666667, 0.0
0.043888888888888894, 0.0, 0.0, 0.6666666666666667, 0.0
0.043888888888888894, 0.0, 0.0, 0.6666666666666667, 0.0
0.037222222222222226, 0.0, 0.0, 0.6666666666666667, 0.0
0.037222222222222226, 0.0, 0.0, 0.6666666666666667, 0.0
0.037222222222222226, 0.0, 0.0, 0.6666666666666667, 0.0
0.037222222222222226, 0.0, 0.0, 0.6666666666666667, 0.0
0.037222222222222226, 0.0, 0.0, 0.6666666666666667, 0.0
0.037222222222222226, 0.0, 0.0, 0.6666666666666667, 0.0
0.037222222222222226, 0.0, 0.0, 0.6666666666666667, 0.0
0.037222222222222226, 0.0, 0.0, 0.6666666666666667, 0.0
0.037222222222222226, 0.0, 0.0, 0.6666666666666667, 0.0
0.037222222222222226, 0.0, 0.0, 0.6666666666666667, 0.0
0.037222222222222226, 0.0, 0.0, 0.6666666666666667, 0.0
0.037222222222222226, 0.0, 0.0, 0.6666666666666667, 0.0
0.037222222222222226, 0.0, 0.0, 0.6666666666666667, 0.0
0.037222222222222226, 0.0, 0.0, 0.6666666666666667, 0.0
0.037222222222222226, 0.0, 0.0, 0.6666666666666667, 0.0
0.037222222222222226, 0.0, 0.0, 0.6666666666666667, 0.0
0.037222222222222226, 0.0, 0.0, 0.6666666666666667, 0.0
0.037222222222222226, 0.0, 0.0, 0.6666666666666667, 0.0
0.037222222222222226, 0.0, 0.0, 0.6666666666666667, 0.0
0.037222222222222226, 0.0, 0.0, 0.6666666666666667, 0.0
0.037222222222222226, 0.0, 0.0, 0.6666666666666667, 0.0
0.037222222222222226, 0.0, 0.0, 0.6666666666666667, 0.0
0.037222222222222226, 0.0, 0.0, 0.6666666666666667, 0.0
0.037222222222222226, 0.0, 0.0, 0.6666666666666667, 0.0
0.037222222222222226, 0.0, 0.0, 0.6666666666666667, 0.0
0.037222222222222226, 0.0, 0.0, 0.6666666666666667, 0.0
0.037222222222222226, 0.0, 0.0, 0.6666666666666667, 0.0
0.037222222222222226, 0.0, 0.0, 0.6666666666666667, 0.0
0.037222222222222226, 0.0, 0.0, 0.6666666666666667, 0.0
0.037222222222222226, 0.0, 0.0, 0.6666666666666667, 0.0
0.037222222222222226, 0.0, 0.0, 0.6666666666666667, 0.0
0.037222222222222226, 0.0, 0.0, 0.6666666666666667, 0.0
0.037222222222222226, 0.0, 0.0, 0.6666666666666667, 0.0
0.037222222222222226, 0.0, 0.0, 0.6666666666666667, 0.0
0.037222222222222226, 0.0, 0.0, 0.6666666666666667, 0.0
0.037222222222222226, 0.0, 0.0, 0.6666666666666667, 0.0
0.037222222222222226, 0.0, 0.0, 0.6666666666666667, 0.0
0.037222222222222226, 0.0, 0.0, 0.6666666666666667, 0.0
0.037222222222222226, 0.0, 0.0, 0.6666666666666667, 0.0
0.037222222222222226, 0.0, 0.0, 0.6666666666666667, 0.0
0.037222222222222226, 0.0, 0.0, 0.6666666666666667, 0.0
0.037222222222222226, 0.0, 0.0, 0.6666666666666667, 0.0
0.037222222222222226, 0.0, 0.0, 0.6666666666666667, 0.0
0.037222222222222226, 0.0, 0.0, 0.6666666666666667, 0.0
0.037222222222222226, 0.0, 0.0, 0.6666666666666667, 0.0
