0.6086482730232733, 0.6, 0.33333333333333337, 0.8125, 0.0
0.6383100464350466, 0.6428571428571428, 0.5, 0.8125, 0.0
0.6309886409886414, 0.6428571428571428, 0.5, 0.8125, 0.0
0.6336226736226739, 0.6428571428571428, 0.4, 0.8125, 0.0
0.6247994366744369, 0.6428571428571428, 0.25, 0.8125, 0.0
0.6271010239760243, 0.6428571428571428, 0.25, 0.8125, 0.0
0.6234265734265737, 0.6428571428571428, 0.25, 0.8125, 0.0
0.625594613719614, 0.6428571428571428, 0.4, 0.8125, 0.0
0.6313302669552673, 0.6428571428571428, 0.4, 0.8125, 0.0
0.63530753968254, 0.6428571428571428, 0.4, 0.8125, 0.0
0.62905753968254, 0.6428571428571428, 0.4, 0.8125, 0.0
0.6249366605616608, 0.6428571428571428, 0.4, 0.8125, 0.0
0.6249702380952383, 0.6428571428571428, 0.4, 0.8125, 0.0
0.6205059523809525, 0.6428571428571428, 0.4, 0.8125, 0.0
0.6183630952380954, 0.625, 0.4, 0.8125, 0.0
0.6143948412698415, 0.625, 0.4, 0.8125, 0.0
0.612456501831502, 0.625, 0.4, 0.8125, 0.0
0.6113316544566545, 0.625, 0.4, 0.8125, 0.0
0.6043322649572651, 0.6, 0.4, 0.8125, 0.0
0.6033081501831503, 0.6, 0.4, 0.8125, 0.0
0.6033081501831503, 0.6, 0.4, 0.8125, 0.0
0.6026732295482298, 0.6, 0.4, 0.8125, 0.0
0.6006219474969476, 0.6, 0.4, 0.8125, 0.0
0.6005502136752139, 0.6, 0.4, 0.8125, 0.0
0.5985462454212456, 0.6, 0.4, 0.8125, 0.0
0.5997031440781443, 0.6, 0.4, 0.8125, 0.0
0.5997031440781443, 0.6, 0.4, 0.8125, 0.0
0.5977251221001224, 0.6, 0.4, 0.8125, 0.0
0.5978899572649575, 0.6, 0.4, 0.8125, 0.0
0.595713522588523, 0.6, 0.4, 0.8125, 0.0
0.5945230463980468, 0.6, 0.4, 0.8125, 0.0
0.5956952075702079, 0.5916666666666666, 0.4, 0.8125, 0.0
0.5930883699633702, 0.5916666666666666, 0.4, 0.8125, 0.0
0.5936378205128209, 0.5916666666666666, 0.4, 0.8125, 0.0
0.5934729853479858, 0.5916666666666666, 0.4, 0.8125, 0.0
0.5947046703296707, 0.5916666666666666, 0.4, 0.8125, 0.0
0.594288003663004, 0.5916666666666666, 0.4, 0.8125, 0.0
0.594288003663004, 0.5916666666666666, 0.4, 0.8125, 0.0
0.5944467338217342, 0.6, 0.4, 0.8125, 0.0
0.5937324481074486, 0.6, 0.4, 0.8125, 0.0
0.593315781440782, 0.6, 0.4, 0.8125, 0.0
0.5928991147741153, 0.6, 0.4, 0.8125, 0.0
0.5917681623931629, 0.6, 0.4, 0.8125, 0.0
0.5911271367521372, 0.6, 0.4, 0.8125, 0.0
0.5906509462759468, 0.5857142857142856, 0.4, 0.8125, 0.0
0.5923725579975585, 0.5714285714285714, 0.4, 0.8125, 0.0
0.5923725579975585, 0.5714285714285714, 0.4, 0.8125, 0.0
0.5918963675213681, 0.5714285714285714, 0.4, 0.8125, 0.0
0.5913469169719174, 0.5714285714285714, 0.4, 0.8125, 0.0
0.5913469169719174, 0.5714285714285714, 0.4, 0.8125, 0.0
0.5913469169719174, 0.5714285714285714, 0.4, 0.8125, 0.0
0.5913469169719174, 0.5714285714285714, 0.4, 0.8125, 0.0
0.5913469169719174, 0.5714285714285714, 0.4, 0.8125, 0.0
0.5903212759462765, 0.5714285714285714, 0.4, 0.8125, 0.0
0.5913469169719174, 0.5714285714285714, 0.4, 0.8125, 0.0
0.5913469169719174, 0.5714285714285714, 0.4, 0.8125, 0.0
0.5913469169719174, 0.5714285714285714, 0.4, 0.8125, 0.0
0.590870726495727, 0.5714285714285714, 0.4, 0.8125, 0.0
0.5913469169719174, 0.5714285714285714, 0.4, 0.8125, 0.0
0.590797466422467, 0.5714285714285714, 0.4, 0.8125, 0.0
0.5902480158730163, 0.5714285714285714, 0.4, 0.8125, 0.0
0.5902480158730163, 0.5714285714285714, 0.4, 0.8125, 0.0
0.590724206349207, 0.5714285714285714, 0.4, 0.8125, 0.0
0.590724206349207, 0.5714285714285714, 0.4, 0.8125, 0.0
0.590724206349207, 0.5714285714285714, 0.4, 0.8125, 0.0
0.5912003968253974, 0.5857142857142856, 0.4, 0.8125, 0.0
0.5912003968253974, 0.5857142857142856, 0.4, 0.8125, 0.0
0.5912003968253974, 0.5857142857142856, 0.4, 0.8125, 0.0
0.5906509462759468, 0.5857142857142856, 0.4, 0.8125, 0.0
0.5889842796092801, 0.5857142857142856, 0.4, 0.8125, 0.0
0.5889842796092801, 0.5857142857142856, 0.4, 0.8125, 0.0
0.5889842796092801, 0.5857142857142856, 0.4, 0.8125, 0.0
0.5889842796092801, 0.5857142857142856, 0.4, 0.8125, 0.0
0.5895337301587308, 0.5857142857142856, 0.4, 0.8125, 0.0
0.5895337301587308, 0.5857142857142856, 0.4, 0.8125, 0.0
0.5900831807081812, 0.5857142857142856, 0.4, 0.8125, 0.0
0.5900831807081812, 0.5857142857142856, 0.4, 0.8125, 0.0
0.5900831807081812, 0.5857142857142856, 0.4, 0.8125, 0.0
0.5934897741147747, 0.5857142857142856, 0.4, 0.8125, 0.0
0.5940392246642252, 0.5857142857142856, 0.4, 0.8125, 0.0
0.5940392246642252, 0.5857142857142856, 0.4, 0.8125, 0.0
0.5945154151404157, 0.6, 0.4, 0.8125, 0.0
0.5945154151404157, 0.6, 0.4, 0.8125, 0.0
0.5949916056166061, 0.6, 0.4, 0.8125, 0.0
0.5949916056166061, 0.6, 0.4, 0.8125, 0.0
0.5949916056166061, 0.6, 0.4, 0.8125, 0.0
0.5954677960927967, 0.6, 0.4, 0.8125, 0.0
0.5954677960927967, 0.6, 0.4, 0.8125, 0.0
0.5954677960927967, 0.6, 0.4, 0.8125, 0.0
0.5954677960927967, 0.6, 0.4, 0.8125, 0.0
0.5954677960927967, 0.6, 0.4, 0.8125, 0.0
0.5954677960927967, 0.6, 0.4, 0.8125, 0.0
0.5954677960927967, 0.6, 0.4, 0.8125, 0.0
0.5954677960927967, 0.6, 0.4, 0.8125, 0.0
0.5954677960927967, 0.6, 0.4, 0.8125, 0.0
0.5949916056166061, 0.6, 0.4, 0.8125, 0.0
0.5949916056166061, 0.6, 0.4, 0.8125, 0.0
0.5949916056166061, 0.6, 0.4, 0.8125, 0.0
0.5949916056166061, 0.6, 0.4, 0.8125, 0.0
0.5949916056166061, 0.6, 0.4, 0.8125, 0.0
