0.5828774194215373, 0.6306818181818181, 0.0, 0.7777777777777778, 0.0
0.6403102412293592, 0.6666666666666667, 0.0, 0.7777777777777778, 0.0
0.6521904443595622, 0.6666666666666667, 0.25, 0.7692307692307692, 0.0
0.6450752678693857, 0.6666666666666667, 0.25, 0.7692307692307692, 0.0
0.641320689114807, 0.6666666666666667, 0.25, 0.7692307692307692, 0.0
0.6347452792305736, 0.6428571428571428, 0.25, 0.7692307692307692, 0.0
0.6302254934607877, 0.6428571428571428, 0.25, 0.7692307692307692, 0.0
0.6225989941431119, 0.6428571428571428, 0.25, 0.7692307692307692, 0.0
0.6181469184410362, 0.6428571428571428, 0.25, 0.7692307692307692, 0.0
0.6105339758280935, 0.6428571428571428, 0.25, 0.7692307692307692, 0.0
0.6132178891370067, 0.6428571428571428, 0.33333333333333337, 0.7692307692307692, 0.0
0.6085055875497052, 0.6428571428571428, 0.33333333333333337, 0.7692307692307692, 0.0
0.604998081983376, 0.6428571428571428, 0.33333333333333337, 0.7692307692307692, 0.0
0.609852145403616, 0.6428571428571428, 0.33333333333333337, 0.7692307692307692, 0.0
0.6146140501655207, 0.6428571428571428, 0.33333333333333337, 0.7692307692307692, 0.0
0.6132747644512351, 0.6428571428571428, 0.33333333333333337, 0.7692307692307692, 0.0
0.6097628596893302, 0.6428571428571428, 0.33333333333333337, 0.7692307692307692, 0.0
0.6069667668932374, 0.6428571428571428, 0.33333333333333337, 0.7692307692307692, 0.0
0.5991227767330708, 0.6396103896103895, 0.33333333333333337, 0.7692307692307692, 0.0
0.5976055031569737, 0.6396103896103895, 0.33333333333333337, 0.7692307692307692, 0.0
0.5980122491887198, 0.6396103896103895, 0.33333333333333337, 0.7692307692307692, 0.0
0.5984090745855452, 0.6258741258741258, 0.4285714285714286, 0.7692307692307692, 0.0
0.5995797095061801, 0.6258741258741258, 0.4285714285714286, 0.7692307692307692, 0.0
0.6006175605440311, 0.6076923076923078, 0.4285714285714286, 0.7692307692307692, 0.0
0.6006969256233963, 0.6, 0.4285714285714286, 0.7692307692307692, 0.0
0.6021254970519679, 0.5714285714285714, 0.4666666666666667, 0.7692307692307692, 0.0
0.6025576057929, 0.5714285714285714, 0.5, 0.7692307692307692, 0.0
0.5982779965132908, 0.5714285714285714, 0.5, 0.7692307692307692, 0.0
0.5996731699672878, 0.5714285714285714, 0.5, 0.7692307692307692, 0.0
0.5964985667926846, 0.5714285714285714, 0.5, 0.7692307692307692, 0.0
0.5938306791247971, 0.5714285714285714, 0.5, 0.7692307692307692, 0.0
0.5964352273543453, 0.5714285714285714, 0.5, 0.7692307692307692, 0.0
0.5993717352908533, 0.5714285714285714, 0.5, 0.7692307692307692, 0.0
0.5965855631296811, 0.5714285714285714, 0.5, 0.7692307692307692, 0.0
0.5959788781479962, 0.5714285714285714, 0.5, 0.7692307692307692, 0.0
0.5945770161211341, 0.5714285714285714, 0.5, 0.7692307692307692, 0.0
0.5950631272322453, 0.5714285714285714, 0.5, 0.7692307692307692, 0.0
0.5960887682578863, 0.5714285714285714, 0.5, 0.7692307692307692, 0.0
0.5989459111150292, 0.5714285714285714, 0.5, 0.7692307692307692, 0.0
0.598939806108924, 0.5714285714285714, 0.5, 0.7692307692307692, 0.0
0.5984636156327336, 0.5714285714285714, 0.5, 0.7692307692307692, 0.0
0.5979874251565431, 0.5714285714285714, 0.5, 0.7692307692307692, 0.0
0.5973624251565433, 0.5714285714285714, 0.5, 0.7692307692307692, 0.0
0.5967374251565433, 0.5714285714285714, 0.5, 0.7692307692307692, 0.0
0.5962612346803527, 0.5714285714285714, 0.5, 0.7692307692307692, 0.0
0.5957850442041622, 0.5714285714285714, 0.5, 0.7692307692307692, 0.0
0.5960826632517813, 0.5714285714285714, 0.5, 0.7692307692307692, 0.0
0.5963802822994003, 0.5714285714285714, 0.5, 0.7692307692307692, 0.0
0.5965290918232099, 0.5714285714285714, 0.5, 0.7692307692307692, 0.0
0.5965290918232099, 0.5714285714285714, 0.5, 0.7692307692307692, 0.0
0.5978683775374954, 0.5714285714285714, 0.5, 0.7692307692307692, 0.0
0.5978683775374954, 0.5714285714285714, 0.5, 0.7692307692307692, 0.0
0.5978683775374954, 0.5714285714285714, 0.5, 0.7692307692307692, 0.0
0.5981659965851146, 0.5714285714285714, 0.5, 0.7692307692307692, 0.0
0.5971243299184479, 0.5714285714285714, 0.5, 0.7692307692307692, 0.0
0.5971243299184479, 0.5714285714285714, 0.5, 0.7692307692307692, 0.0
0.5971243299184479, 0.5714285714285714, 0.5, 0.7692307692307692, 0.0
0.5971243299184479, 0.5714285714285714, 0.5, 0.7692307692307692, 0.0
0.5976005203946385, 0.5714285714285714, 0.5, 0.7692307692307692, 0.0
0.5976005203946385, 0.5714285714285714, 0.5, 0.7692307692307692, 0.0
0.5980767108708289, 0.5714285714285714, 0.5, 0.7692307692307692, 0.0
0.5980767108708289, 0.5714285714285714, 0.5, 0.7692307692307692, 0.0
0.5980767108708289, 0.5714285714285714, 0.5, 0.7692307692307692, 0.0
0.5980767108708289, 0.5714285714285714, 0.5, 0.7692307692307692, 0.0
0.5980767108708289, 0.5714285714285714, 0.5, 0.7692307692307692, 0.0
0.5980767108708289, 0.5714285714285714, 0.5, 0.7692307692307692, 0.0
0.5980767108708289, 0.5714285714285714, 0.5, 0.7692307692307692, 0.0
0.5985529013470194, 0.5714285714285714, 0.5, 0.7692307692307692, 0.0
0.5985529013470194, 0.5714285714285714, 0.5, 0.7692307692307692, 0.0
0.5980767108708289, 0.5714285714285714, 0.5, 0.7692307692307692, 0.0
0.5980767108708289, 0.5714285714285714, 0.5, 0.7692307692307692, 0.0
0.5980767108708289, 0.5714285714285714, 0.5, 0.7692307692307692, 0.0
0.5980767108708289, 0.5714285714285714, 0.5, 0.7692307692307692, 0.0
0.5980767108708289, 0.5714285714285714, 0.5, 0.7692307692307692, 0.0
0.5980767108708289, 0.5714285714285714, 0.5, 0.7692307692307692, 0.0
0.5959338537279718, 0.5714285714285714, 0.4, 0.7692307692307692, 0.0
0.5959338537279718, 0.5714285714285714, 0.4, 0.7692307692307692, 0.0
0.5959338537279718, 0.5714285714285714, 0.4, 0.7692307692307692, 0.0
0.5949814727755908, 0.5714285714285714, 0.4, 0.7692307692307692, 0.0
0.5945052822994003, 0.5714285714285714, 0.4, 0.7692307692307692, 0.0
0.5945052822994003, 0.5714285714285714, 0.4, 0.7692307692307692, 0.0
0.5945052822994003, 0.5714285714285714, 0.4, 0.7692307692307692, 0.0
0.5945052822994003, 0.5714285714285714, 0.4, 0.7692307692307692, 0.0
0.5945052822994003, 0.5714285714285714, 0.4, 0.7692307692307692, 0.0
0.5945052822994003, 0.5714285714285714, 0.4, 0.7692307692307692, 0.0
0.5945052822994003, 0.5714285714285714, 0.4, 0.7692307692307692, 0.0
0.5945052822994003, 0.5714285714285714, 0.4, 0.7692307692307692, 0.0
0.5945052822994003, 0.5714285714285714, 0.4, 0.7692307692307692, 0.0
0.5945052822994003, 0.5714285714285714, 0.4, 0.7692307692307692, 0.0
0.5945052822994003, 0.5714285714285714, 0.4, 0.7692307692307692, 0.0
0.5945052822994003, 0.5714285714285714, 0.4, 0.7692307692307692, 0.0
0.5945052822994003, 0.5714285714285714, 0.4, 0.7692307692307692, 0.0
0.5945052822994003, 0.5714285714285714, 0.4, 0.7692307692307692, 0.0
0.5956957584898765, 0.5714285714285714, 0.4, 0.7692307692307692, 0.0
0.5956957584898765, 0.5714285714285714, 0.4, 0.7692307692307692, 0.0
0.5956957584898765, 0.5714285714285714, 0.4, 0.7692307692307692, 0.0
0.5956957584898765, 0.5714285714285714, 0.4, 0.7692307692307692, 0.0
0.5956957584898765, 0.5714285714285714, 0.4, 0.7692307692307692, 0.0
0.5956957584898765, 0.5714285714285714, 0.4, 0.7692307692307692, 0.0
0.5956957584898765, 0.5714285714285714, 0.4, 0.7692307692307692, 0.0
