 factual  -38,48351648351648  0,7142857142857143  0,6  0,1747145471977687  6
 factual  -38,48351648351648  0,7142857142857143  0,6  0,1747145471977687  6
 factual  -38,48351648351648  0,7142857142857143  0,6  0,1747145471977687  6
 factual  -38,48351648351648  0,7142857142857143  0,6  0,17379935500740867  6
 factual  -38,48351648351648  0,7142857142857143  0,6  0,1747145471977687  6
 factual  -38,48351648351648  0,7142857142857143  0,6  0,1747145471977687  6
 factual  -38,48351648351648  0,7142857142857143  0,6  0,1747145471977687  6
 factual  -38,48351648351648  0,7142857142857143  0,6  0,1747145471977687  6
 factual  -38,48351648351648  0,7142857142857143  0,6  0,17379935500740867  6
 factual  -38,48351648351648  0,7142857142857143  0,6  0,1747145471977687  6
 factual  -38,48351648351648  0,7142857142857143  0,6  0,1747145471977687  6
 factual  -38,48351648351648  0,7142857142857143  0,6  0,1747145471977687  6
 factual  -38,48351648351648  0,7142857142857143  0,6  0,1747145471977687  6
 factual  -38,48351648351648  0,7142857142857143  0,6  0,1747145471977687  6
 factual  -37,36263736263736  0,7142857142857143  0,5714285714285714  0,21384990848078095  6
 factual  -36,989010989010985  0,7142857142857143  0,6  0,1737339841366687  6
 factual  -36,989010989010985  0,7142857142857143  0,5714285714285714  0,2132397803538743  6
 factual  -36,989010989010985  0,7142857142857143  0,6  0,21016734942909437  6
 factual  -36,989010989010985  0,7142857142857143  0,6  0,21016734942909437  6
 factual  -36,989010989010985  0,7142857142857143  0,6  0,21016734942909437  6
 analogical  -4,483516483516483  0,75  0,7142857142857143  0,100039222522444  4
 analogical  -4,415584415584416  0,7692307692307692  0,75  0,1184411226357535  3
 analogical  -3,6428571428571423  0,75  0,6923076923076923  0,1254491220934174  4
 analogical  -3,2380952380952377  0,7142857142857143  0,7  0,17750370434934193  3
 analogical  -2,9142857142857137  0,7272727272727273  0,6923076923076923  0,1374452271340618  4
 analogical  -2,4285714285714284  0,7777777777777778  0,6666666666666667  0,048374444347598695  3
 analogical  -2,0238095238095237  0,8125  0,7333333333333334  0,06523677664617261  4
 analogical  -1,2142857142857142  0,875  0,8125  0,014619608579340122  3
 analogical  -0,0  0,75  0,5  0,0363026235509457  1
 analogical  -0,0  0,75  0,5  0,0562843197071385  1
 analogical  -5,936507936507936  0,6923076923076923  0,6  0,16571079926784624  4
 analogical  -4,0476190476190474  0,6666666666666667  0,5  0,20883814172404774  4
 analogical  -0,0  0,6666666666666667  0,6  0,46018913971934106  2
 analogical  -2,4705882352941178  0,6666666666666667  0,5  0,22294081757169004  3
 analogical  -1,2352941176470589  0,6666666666666667  0,4  0,2702104942037828  3
 analogical  -0,6176470588235294  0,6666666666666667  0,6666666666666667  0,24382245271507016  2
 analogical  -3,294117647058824  0,6666666666666667  0,5714285714285714  0,21830384380719953  3
 analogical  -3,294117647058824  0,6666666666666667  0,5714285714285714  0,21830384380719953  3
 analogical  -0,0  0,6666666666666667  0,6  0,46018913971934106  2
 analogical  -1,8529411764705883  0,6666666666666667  0,5  0,24870347773032336  2
 creative  -39,230769230769226  0,7058823529411764  0,5714285714285714  0,21873093349603415  6
 creative  -36,989010989010985  0,7142857142857143  0,5714285714285714  0,22524623027978732  6
 creative  -36,989010989010985  0,7142857142857143  0,5714285714285714  0,22524623027978732  6
 creative  -36,61538461538461  0,7142857142857143  0,5714285714285714  0,2282315000435806  6
 creative  -36,61538461538461  0,7142857142857143  0,5714285714285714  0,225006537087074  6
 creative  -36,61538461538461  0,7142857142857143  0,5714285714285714  0,2282315000435806  6
 creative  -36,241758241758234  0,7058823529411764  0,5714285714285714  0,21770678985444084  6
 creative  -35,86813186813186  0,7222222222222222  0,6  0,200339928527848  6
 creative  -35,61904761904761  0,7058823529411764  0,5714285714285714  0,22325996151499508  6
 creative  -35,12087912087912  0,7142857142857143  0,5714285714285714  0,22640111566286064  6
 creative  -35,12087912087912  0,7142857142857143  0,5714285714285714  0,22640111566286064  6
 creative  -35,12087912087912  0,7222222222222222  0,6  0,199424736337488  6
 creative  -35,12087912087912  0,7142857142857143  0,5714285714285714  0,22640111566286064  6
 creative  -35,12087912087912  0,7142857142857143  0,5714285714285714  0,22640111566286064  6
 creative  -34,8095238095238  0,7058823529411764  0,5714285714285714  0,21169099357018822  6
 creative  -34,8095238095238  0,7058823529411764  0,5714285714285714  0,21169099357018822  6
 creative  -34,8095238095238  0,7058823529411764  0,5714285714285714  0,21169099357018822  6
 creative  -34,8095238095238  0,7058823529411764  0,5714285714285714  0,21441310367484864  6
 creative  -34,747252747252745  0,7142857142857143  0,5714285714285714  0,22234812167698073  6
 creative  -34,747252747252745  0,7142857142857143  0,5714285714285714  0,22234812167698073  6
 factual  -33,85460693153001  0,7058823529411764  0,625  0,19765972282750807  6
 factual  -32,333051563820796  0,7058823529411764  0,625  0,20064499259130128  6
 factual  -32,333051563820796  0,7058823529411764  0,625  0,20206136145733458  6
 factual  -31,57227387996619  0,7058823529411764  0,625  0,200078445044888  6
 factual  -31,57227387996619  0,7058823529411764  0,625  0,200078445044888  6
 factual  -31,57227387996619  0,7058823529411764  0,625  0,200078445044888  6
 factual  -31,57227387996619  0,7058823529411764  0,625  0,200078445044888  6
 factual  -31,57227387996619  0,7058823529411764  0,625  0,19933757517650136  6
 factual  -31,57227387996619  0,7058823529411764  0,625  0,200078445044888  6
 factual  -31,57227387996619  0,7058823529411764  0,625  0,200078445044888  6
 factual  -30,811496196111584  0,7058823529411764  0,625  0,19953368778872133  6
 factual  -30,811496196111584  0,7058823529411764  0,625  0,19953368778872133  6
 factual  -30,811496196111584  0,7058823529411764  0,625  0,2010372178157413  6
 factual  -30,811496196111584  0,7058823529411764  0,625  0,19944652662773463  6
 factual  -30,431107354184277  0,7058823529411764  0,6  0,13830297219558965  6
 factual  -30,431107354184277  0,7058823529411764  0,625  0,20105900810598795  6
 factual  -30,431107354184277  0,7058823529411764  0,625  0,20105900810598795  6
 factual  -30,431107354184277  0,7058823529411764  0,6  0,13830297219558965  6
 factual  -30,431107354184277  0,7058823529411764  0,625  0,19955547807896798  6
 factual  -30,431107354184277  0,7058823529411764  0,6666666666666667  0,19809552863244143  5
 analogical  -4,495504495504496  0,7857142857142857  0,7333333333333334  0,12403396379906446  4
 analogical  -4,495504495504496  0,7692307692307692  0,6923076923076923  0,11086536505999593  4
 analogical  -4,326923076923077  0,7272727272727273  0,6  0,1790726052471019  4
 analogical  -2,967032967032967  0,7857142857142857  0,7142857142857143  0,10771534749570137  4
 analogical  -2,0604395604395607  0,7857142857142857  0,7333333333333334  0,09799596376777585  4
 analogical  -1,6483516483516485  0,75  0,7142857142857143  0,1342281879194631  2
 analogical  -1,6483516483516485  0,8  0,6666666666666667  0,14046021093000957  3
 analogical  -0,989010989010989  0,8  0,7777777777777778  0,1536505999593248  2
 analogical  -0,8088888888888889  0,75  0,5714285714285714  0,1973764490543014  3
 analogical  -0,40444444444444444  0,75  0,33333333333333337  0,3108602806589384  2
 analogical  -0,0  0,75  0,75  0,30679275981289406  1
 analogical  -0,0  0,75  0,33333333333333337  0,31025015253203175  2
 analogical  -0,0  0,75  0,33333333333333337  0,31025015253203175  2
 analogical  -5,934065934065934  0,6923076923076923  0,6923076923076923  0,14349104220977316  4
 analogical  -0,20222222222222222  0,6666666666666667  0,0  0,464307504575961  2
 analogical  -8,991008991008991  0,6666666666666667  0,6153846153846154  0,1493288590604027  5
 analogical  -0,0  0,6666666666666667  0,6666666666666667  0,4592739475289811  1
 analogical  -0,0  0,6666666666666667  0,6666666666666667  0,4592739475289811  1
 analogical  -2,4266666666666667  0,6666666666666667  0,6  0,26883770591824285  2
 analogical  -0,40444444444444444  0,6666666666666667  0,33333333333333337  0,32896074842383566  2
 creative  -36,89771766694844  0,7058823529411764  0,6  0,1681338795432755  6
 creative  -36,89771766694844  0,7058823529411764  0,6  0,1681338795432755  6
 creative  -36,89771766694844  0,7058823529411764  0,6  0,1681338795432755  6
 creative  -36,89771766694844  0,7058823529411764  0,6  0,1681338795432755  6
 creative  -36,89771766694844  0,7058823529411764  0,6  0,1681338795432755  6
 creative  -36,89771766694844  0,7058823529411764  0,6  0,1681338795432755  6
 creative  -36,89771766694844  0,7058823529411764  0,6  0,1681338795432755  6
 creative  -36,89771766694844  0,7058823529411764  0,6  0,1681338795432755  6
 creative  -36,89771766694844  0,7058823529411764  0,6  0,1681338795432755  6
 creative  -36,89771766694844  0,7058823529411764  0,6  0,1681338795432755  6
 creative  -36,89771766694844  0,7058823529411764  0,6  0,1681338795432755  6
 creative  -36,89771766694844  0,7058823529411764  0,6  0,1681338795432755  6
 creative  -36,89771766694844  0,7058823529411764  0,6  0,1681338795432755  6
 creative  -36,89771766694844  0,7058823529411764  0,6  0,1681338795432755  6
 creative  -36,89771766694844  0,7058823529411764  0,6  0,1681338795432755  6
 creative  -35,756551141166526  0,7058823529411764  0,6  0,16952845811906214  6
 creative  -34,99577345731192  0,7058823529411764  0,6  0,17190359975594877  6
 creative  -34,99577345731192  0,7058823529411764  0,6  0,17190359975594877  6
 creative  -34,99577345731192  0,7058823529411764  0,6  0,17190359975594877  6
 creative  -34,99577345731192  0,7058823529411764  0,6  0,17190359975594877  6
 factual  -33,362637362637365  0,7058823529411764  0,6666666666666667  0,19602545105900812  5
 factual  -32,98351648351649  0,7058823529411764  0,6428571428571428  0,19761614224701476  5
 factual  -32,604395604395606  0,7058823529411764  0,6875  0,18898718730933498  5
 factual  -32,604395604395606  0,7058823529411764  0,6428571428571428  0,19033818530462826  5
 factual  -32,604395604395606  0,7058823529411764  0,6875  0,18898718730933498  5
 factual  -32,44642857142858  0,7058823529411764  0,6428571428571428  0,19648472333036093  5
 factual  -32,44642857142858  0,7058823529411764  0,6428571428571428  0,19648472333036093  5
 factual  -32,44642857142858  0,7058823529411764  0,6428571428571428  0,19648472333036093  5
 factual  -31,84615384615385  0,7058823529411764  0,6875  0,18748365728231503  5
 factual  -31,84615384615385  0,7058823529411764  0,6428571428571428  0,19369389000261483  5
 factual  -31,84615384615385  0,7058823529411764  0,6428571428571428  0,19369389000261483  5
 factual  -31,84615384615385  0,7058823529411764  0,6428571428571428  0,19369389000261483  5
 factual  -31,84615384615385  0,7058823529411764  0,6428571428571428  0,19369389000261483  5
 factual  -31,84615384615385  0,7058823529411764  0,6428571428571428  0,19369389000261483  5
 factual  -31,84615384615385  0,7058823529411764  0,6428571428571428  0,19369389000261483  5
 factual  -31,625000000000004  0,7058823529411764  0,6428571428571428  0,19545219880790354  5
 factual  -31,625000000000004  0,7058823529411764  0,6428571428571428  0,19545219880790354  5
 factual  -31,625000000000004  0,7058823529411764  0,6428571428571428  0,19545219880790354  5
 factual  -31,625000000000004  0,7058823529411764  0,6428571428571428  0,19545219880790354  5
 factual  -31,625000000000004  0,7058823529411764  0,6428571428571428  0,19545219880790354  5
 analogical  -7,582417582417583  0,7333333333333334  0,7058823529411764  0,12352915540835004  5
 analogical  -7,168831168831169  0,7142857142857143  0,7142857142857143  0,12177140532845232  4
 analogical  -4,928571428571429  0,7272727272727273  0,6  0,1527150701647346  4
 analogical  -3,285714285714286  0,75  0,6666666666666667  0,06147040878584502  4
 analogical  -0,40579710144927533  0,7142857142857143  0,7142857142857143  0,307707952003254  2
 analogical  -5,421428571428572  0,6923076923076923  0,6153846153846154  0,13722336236064117  5
 analogical  -8,214285714285715  0,6923076923076923  0,6666666666666667  0,1602196461256864  4
 analogical  -13,26923076923077  0,6875  0,6428571428571428  0,16255556524012899  5
 analogical  -6,023809523809525  0,6666666666666667  0,5454545454545454  0,15390482001220257  5
 analogical  -0,40579710144927533  0,6666666666666667  0,6  0,3124872889973561  2
 analogical  -8,064935064935066  0,6666666666666667  0,6153846153846154  0,13219442749644092  5
 analogical  -7,168831168831169  0,6666666666666667  0,6666666666666667  0,16010778930242017  5
 analogical  -0,0  0,6666666666666667  0,6666666666666667  0,4592739475289811  1
 analogical  -1,8260869565217388  0,6666666666666667  0,5  0,24870347773032336  3
 analogical  -1,6231884057971013  0,6666666666666667  0,5  0,21738865161683957  3
 analogical  -1,217391304347826  0,6666666666666667  0,5  0,2334502745576571  2
 analogical  -1,217391304347826  0,6666666666666667  0,5  0,23512812690665041  2
 analogical  -0,0  0,6666666666666667  0,6  0,46018913971934106  2
 analogical  -0,0  0,6666666666666667  0,6  0,46018913971934106  2
 analogical  -8,008928571428571  0,6  0,5555555555555556  0,19358009626466  4
 creative  -36,01648351648352  0,7222222222222222  0,6  0,20360847206484786  6
 creative  -36,01648351648352  0,7058823529411764  0,6428571428571428  0,20280223132572123  5
 creative  -36,01648351648352  0,7058823529411764  0,6428571428571428  0,20280223132572123  5
 creative  -36,01648351648352  0,7058823529411764  0,6  0,20312908567942123  6
 creative  -36,01648351648352  0,7058823529411764  0,6428571428571428  0,20280223132572123  5
 creative  -36,01648351648352  0,7058823529411764  0,6428571428571428  0,20280223132572123  5
 creative  -36,01648351648352  0,7058823529411764  0,6428571428571428  0,20280223132572123  5
 creative  -36,01648351648352  0,7222222222222222  0,6  0,20360847206484786  6
 creative  -36,01648351648352  0,7058823529411764  0,6  0,20312908567942123  6
 creative  -36,01648351648352  0,7058823529411764  0,6428571428571428  0,20280223132572123  5
 creative  -36,01648351648352  0,7058823529411764  0,6  0,20312908567942123  6
 creative  -36,01648351648352  0,7058823529411764  0,6  0,20312908567942123  6
 creative  -36,01648351648352  0,7058823529411764  0,6428571428571428  0,20280223132572123  5
 creative  -36,01648351648352  0,7058823529411764  0,6428571428571428  0,20280223132572123  5
 creative  -36,01648351648352  0,7058823529411764  0,6428571428571428  0,20280223132572123  5
 creative  -36,01648351648352  0,7058823529411764  0,6428571428571428  0,20280223132572123  5
 creative  -36,01648351648352  0,7058823529411764  0,6428571428571428  0,20280223132572123  5
 creative  -36,01648351648352  0,7058823529411764  0,6  0,20312908567942123  6
 creative  -36,01648351648352  0,7058823529411764  0,6428571428571428  0,20280223132572123  5
 creative  -36,01648351648352  0,7058823529411764  0,6428571428571428  0,20280223132572123  5
 factual  -38,730769230769226  0,7058823529411764  0,6666666666666667  0,25122025625381333  5
 factual  -36,53846153846153  0,7142857142857143  0,6666666666666667  0,2513074174148  5
 factual  -35,07692307692307  0,7142857142857143  0,6428571428571428  0,2501089514512334  5
 factual  -35,07692307692307  0,7142857142857143  0,6428571428571428  0,2501089514512334  5
 factual  -35,07692307692307  0,7142857142857143  0,6428571428571428  0,2501089514512334  5
 factual  -35,07692307692307  0,7142857142857143  0,6428571428571428  0,2501089514512334  5
 factual  -35,07692307692307  0,7142857142857143  0,6428571428571428  0,2501089514512334  5
 factual  -34,34615384615385  0,7142857142857143  0,6428571428571428  0,25019611261222  5
 factual  -34,34615384615385  0,7142857142857143  0,6666666666666667  0,2506754989976467  5
 factual  -34,34615384615385  0,7058823529411764  0,6666666666666667  0,24801708358755345  5
 factual  -33,980769230769226  0,7058823529411764  0,6428571428571428  0,23762311513989373  5
 factual  -33,25  0,7058823529411764  0,6470588235294117  0,21907957813998083  6
 factual  -32,51923076923077  0,7058823529411764  0,6666666666666667  0,23964961213283362  5
 factual  -32,15384615384615  0,7142857142857143  0,6428571428571428  0,23888695197420032  5
 factual  -32,15384615384615  0,7142857142857143  0,6428571428571428  0,23888695197420032  5
 factual  -32,15384615384615  0,7142857142857143  0,6428571428571428  0,23888695197420032  5
 factual  -32,15384615384615  0,7142857142857143  0,6428571428571428  0,23888695197420032  5
 factual  -32,15384615384615  0,7058823529411764  0,6666666666666667  0,21764141898370087  5
 factual  -31,42307692307692  0,7058823529411764  0,6666666666666667  0,20720386995554782  5
 factual  -31,42307692307692  0,7058823529411764  0,6666666666666667  0,20720386995554782  5
 analogical  -6,333333333333334  0,75  0,6363636363636364  0,14100061012812692  4
 analogical  -6,333333333333333  0,7  0,5  0,17074871437287545  4
 analogical  -3,8  0,7692307692307692  0,6363636363636364  0,1166731377225581  4
 analogical  -3,3928571428571432  0,7  0,6  0,14856619890176936  4
 analogical  -3,1666666666666665  0,7  0,5714285714285714  0,19837880240564804  3
 analogical  -2,8499999999999996  0,75  0,6666666666666667  0,15766727679479356  2
 analogical  -2,590909090909091  0,8235294117647058  0,6666666666666667  0,09345129143786862  4
 analogical  -1,78125  0,8181818181818181  0,75  0,12504237000881296  3
 analogical  -1,5833333333333333  0,7142857142857143  0,6666666666666667  0,17820099363723527  3
 analogical  -1,5833333333333333  0,75  0,625  0,08934019001133096  3
 analogical  -0,8421052631578947  0,7142857142857143  0,625  0,10854179377669311  3
 analogical  -0,59375  0,8666666666666667  0,75  0,014812555081011456  3
 analogical  -4,75  0,6923076923076923  0,6923076923076923  0,14721883262151716  4
 analogical  -6,045454545454546  0,6923076923076923  0,6923076923076923  0,14231238560097623  4
 analogical  -5,541666666666666  0,6666666666666667  0,5  0,21018913971934103  4
 analogical  -2,8499999999999996  0,6666666666666667  0,7  0,16158226560911124  3
 analogical  -1,894736842105263  0,6666666666666667  0,5  0,24870347773032336  3
 analogical  -1,894736842105263  0,6666666666666667  0,5  0,23512812690665041  2
 analogical  -1,894736842105263  0,6666666666666667  0,5  0,23512812690665041  2
 analogical  -3,3684210526315788  0,6  0,5  0,25076266015863335  3
 creative  -33,61538461538461  0,7058823529411764  0,5714285714285714  0,21707487143728751  6
 creative  -33,25  0,7058823529411764  0,5714285714285714  0,21635579185914758  6
 creative  -32,88461538461538  0,7058823529411764  0,5714285714285714  0,21796827333740085  6
 creative  -32,88461538461538  0,7058823529411764  0,5714285714285714  0,2174888869519742  6
 creative  -32,88461538461538  0,7058823529411764  0,5714285714285714  0,2178157413056742  6
 creative  -32,88461538461538  0,7058823529411764  0,5714285714285714  0,2174888869519742  6
 creative  -32,88461538461538  0,7058823529411764  0,5714285714285714  0,21796827333740085  6
 creative  -32,88461538461538  0,7058823529411764  0,5714285714285714  0,2178157413056742  6
 creative  -32,88461538461538  0,7058823529411764  0,5714285714285714  0,2178157413056742  6
 creative  -32,88461538461538  0,7058823529411764  0,5714285714285714  0,21796827333740085  6
 creative  -32,88461538461538  0,7058823529411764  0,5714285714285714  0,21796827333740085  6
 creative  -32,88461538461538  0,7058823529411764  0,5714285714285714  0,2178157413056742  6
 creative  -32,88461538461538  0,7058823529411764  0,5714285714285714  0,2178157413056742  6
 creative  -32,88461538461538  0,7058823529411764  0,5714285714285714  0,21796827333740085  6
 creative  -32,88461538461538  0,7058823529411764  0,5714285714285714  0,2178157413056742  6
 creative  -32,88461538461538  0,7058823529411764  0,5714285714285714  0,2178157413056742  6
 creative  -32,88461538461538  0,7058823529411764  0,5714285714285714  0,21692233940556085  6
 creative  -32,88461538461538  0,7058823529411764  0,5714285714285714  0,21666085592260087  6
 creative  -32,88461538461538  0,7058823529411764  0,5714285714285714  0,2178157413056742  6
 creative  -32,88461538461538  0,7058823529411764  0,5714285714285714  0,21703129085679418  6
 factual  -35,421808960270496  0,7058823529411764  0,6  0,19604724134925475  6
 factual  -35,421808960270496  0,7058823529411764  0,6  0,18737470583108168  6
 factual  -35,421808960270496  0,7058823529411764  0,6  0,18737470583108168  6
 factual  -35,421808960270496  0,7058823529411764  0,6  0,19604724134925475  6
 factual  -35,421808960270496  0,7058823529411764  0,6  0,19604724134925475  6
 factual  -35,421808960270496  0,7058823529411764  0,6  0,19661378889566805  6
 factual  -35,421808960270496  0,7058823529411764  0,6  0,18737470583108168  6
 factual  -34,68385460693153  0,7058823529411764  0,6666666666666667  0,18576222435282835  5
 factual  -34,68385460693153  0,7058823529411764  0,6666666666666667  0,18576222435282835  5
 factual  -34,68385460693153  0,7058823529411764  0,6666666666666667  0,18576222435282835  5
 factual  -34,68385460693153  0,7058823529411764  0,6666666666666667  0,18576222435282835  5
 factual  -34,68385460693153  0,7058823529411764  0,6666666666666667  0,18576222435282835  5
 factual  -34,68385460693153  0,7058823529411764  0,6666666666666667  0,18576222435282835  5
 factual  -34,68385460693153  0,7058823529411764  0,6666666666666667  0,18576222435282835  5
 factual  -34,68385460693153  0,7058823529411764  0,6666666666666667  0,18576222435282835  5
 factual  -34,68385460693153  0,7058823529411764  0,6666666666666667  0,18576222435282835  5
 factual  -34,314877430262044  0,7058823529411764  0,6  0,19691885295912143  6
 factual  -34,314877430262044  0,7058823529411764  0,6  0,19691885295912143  6
 factual  -34,314877430262044  0,7058823529411764  0,6  0,19691885295912143  6
 factual  -34,314877430262044  0,7058823529411764  0,5625  0,19748540050553473  7
 analogical  -5,9958791208791204  0,7647058823529411  0,6666666666666667  0,09130802083822219  5
 analogical  -5,756043956043955  0,7333333333333334  0,6923076923076923  0,10627322646846747  4
 analogical  -3,837362637362637  0,7  0,5714285714285714  0,17368314012609312  3
 analogical  -3,689771766694844  0,8125  0,7647058823529411  0,06443388825939161  4
 analogical  -3,4885114885114885  0,7692307692307692  0,7333333333333334  0,12164429530201341  4
 analogical  -3,426216640502355  0,7  0,6363636363636364  0,1867373398413667  4
 analogical  -2,3983516483516483  0,7142857142857143  0,6666666666666667  0,20500305064063454  3
 analogical  -1,844885883347422  0,875  0,8125  0,06953281617711148  3
 analogical  -0,0  0,75  0,6666666666666667  0,3062843197071385  2
 analogical  -7,594780219780219  0,6923076923076923  0,6153846153846154  0,17529450415356457  5
 analogical  -5,329670329670329  0,6666666666666667  0,6666666666666667  0,13401464307504576  4
 analogical  -0,0  0,6666666666666667  0,6666666666666667  0,4592739475289811  1
 analogical  -2,3983516483516483  0,6666666666666667  0,6666666666666667  0,16792081892753033  3
 analogical  -0,20847651775486828  0,6666666666666667  0,6  0,46018913971934106  2
 analogical  -1,8762886597938144  0,6666666666666667  0,4  0,3504423428920073  3
 analogical  -1,8762886597938144  0,6666666666666667  0,4  0,2830994508846858  3
 analogical  -0,0  0,6666666666666667  0,6666666666666667  0,46018913971934106  1
 analogical  -0,20847651775486828  0,6666666666666667  0,6  0,46018913971934106  2
 analogical  -1,8762886597938144  0,6666666666666667  0,5  0,23512812690665041  2
 analogical  -0,0  0,6666666666666667  0,6666666666666667  0,45988407565588774  1
 creative  -41,32544378698225  0,7058823529411764  0,6666666666666667  0,2574086986838665  5
 creative  -41,32544378698225  0,7058823529411764  0,6666666666666667  0,2574086986838665  5
 creative  -39,849535080304314  0,7058823529411764  0,6428571428571428  0,25235335134663994  5
 creative  -39,849535080304314  0,7058823529411764  0,6428571428571428  0,25235335134663994  5
 creative  -39,849535080304314  0,7058823529411764  0,6428571428571428  0,25235335134663994  5
 creative  -39,849535080304314  0,7058823529411764  0,6428571428571428  0,25235335134663994  5
 creative  -37,63567202028741  0,7058823529411764  0,6666666666666667  0,2560577006885732  5
 creative  -37,63567202028741  0,7058823529411764  0,6666666666666667  0,2560577006885732  5
 creative  -37,63567202028741  0,7058823529411764  0,6666666666666667  0,2560577006885732  5
 creative  -37,63567202028741  0,7058823529411764  0,6666666666666667  0,2510677242220867  5
 creative  -37,63567202028741  0,7058823529411764  0,6666666666666667  0,2560577006885732  5
 creative  -37,63567202028741  0,7058823529411764  0,6666666666666667  0,2560577006885732  5
 creative  -37,63567202028741  0,7058823529411764  0,6666666666666667  0,2560577006885732  5
 creative  -36,89771766694844  0,7058823529411764  0,6428571428571428  0,24891048548766673  5
 creative  -36,89771766694844  0,7058823529411764  0,6428571428571428  0,24891048548766673  5
 creative  -36,89771766694844  0,7058823529411764  0,6666666666666667  0,2506319184171534  5
 creative  -35,790786136939985  0,7058823529411764  0,6428571428571428  0,2494988233243267  5
 creative  -35,421808960270496  0,7058823529411764  0,6666666666666667  0,25050117667567334  5
 creative  -35,421808960270496  0,7058823529411764  0,6666666666666667  0,24694935936546678  5
 creative  -35,421808960270496  0,7058823529411764  0,6666666666666667  0,2505447572561667  5
 factual  -35,67742673992674  0,7142857142857143  0,5714285714285714  0,20873421880133292  6
 factual  -35,67742673992674  0,7142857142857143  0,5714285714285714  0,20873421880133292  6
 factual  -35,67742673992674  0,7142857142857143  0,5714285714285714  0,20873421880133292  6
 factual  -35,67742673992674  0,7142857142857143  0,5714285714285714  0,20873421880133292  6
 factual  -35,67742673992674  0,7142857142857143  0,5714285714285714  0,20873421880133292  6
 factual  -35,67742673992674  0,7142857142857143  0,5714285714285714  0,20873421880133292  6
 factual  -35,67742673992674  0,7142857142857143  0,5714285714285714  0,20873421880133292  6
 factual  -35,67742673992674  0,7142857142857143  0,5714285714285714  0,20873421880133292  6
 factual  -35,67742673992674  0,7142857142857143  0,5714285714285714  0,20873421880133292  6
 factual  -35,67742673992674  0,7142857142857143  0,5714285714285714  0,20873421880133292  6
 factual  -35,67742673992674  0,7142857142857143  0,5714285714285714  0,20873421880133292  6
 factual  -35,67742673992674  0,7142857142857143  0,5714285714285714  0,20873421880133292  6
 factual  -35,67742673992674  0,7142857142857143  0,5714285714285714  0,20873421880133292  6
 factual  -35,67742673992674  0,7142857142857143  0,5714285714285714  0,20873421880133292  6
 factual  -35,67742673992674  0,7142857142857143  0,5714285714285714  0,20873421880133292  6
 factual  -35,67742673992674  0,7142857142857143  0,5714285714285714  0,20873421880133292  6
 factual  -35,67742673992674  0,7142857142857143  0,5714285714285714  0,20873421880133292  6
 factual  -35,67742673992674  0,7142857142857143  0,5714285714285714  0,20873421880133292  6
 factual  -35,67742673992674  0,7142857142857143  0,5714285714285714  0,20873421880133292  6
 factual  -35,67742673992674  0,7142857142857143  0,5714285714285714  0,20873421880133292  6
 analogical  -7,400676246830092  0,7333333333333334  0,6666666666666667  0,1400679857055696  5
 analogical  -6,660608622147083  0,7333333333333334  0,6666666666666667  0,15693367035648917  5
 analogical  -5,344932844932845  0,7272727272727273  0,5454545454545454  0,13746186699206836  5
 analogical  -4,81043956043956  0,75  0,7142857142857143  0,12355094569859673  4
 analogical  -3,7414529914529915  0,7272727272727273  0,6363636363636364  0,18483831604636974  4
 analogical  -3,367307692307692  0,7857142857142857  0,7692307692307692  0,10105940429308337  3
 analogical  -2,806089743589743  0,7857142857142857  0,7142857142857143  0,10146900079785987  4
 analogical  -2,40521978021978  0,7272727272727273  0,7  0,1422276455833503  3
 analogical  -2,1865634365634365  0,7692307692307692  0,6428571428571428  0,09007016473459427  5
 analogical  -1,803914835164835  0,7  0,6666666666666667  0,14849840688766863  3
 analogical  -1,6034798534798533  0,7857142857142857  0,7647058823529411  0,022903271225418874  4
 analogical  -1,20260989010989  0,8  0,7272727272727273  0,15104060741644634  3
 analogical  -0,6236436322101656  0,7777777777777778  0,6666666666666667  0,23062843197071387  2
 analogical  -0,0  0,75  0,6666666666666667  0,30679275981289406  2
 analogical  -0,0  0,75  0,75  0,3061826316859874  1
 analogical  -16,435668498168496  0,6666666666666667  0,6153846153846154  0,15508987656638665  5
 analogical  -1,2472872644203312  0,6666666666666667  0,5  0,2346705308114704  2
 analogical  -3,32609937178755  0,6666666666666667  0,5714285714285714  0,21830384380719953  3
 analogical  -1,870930896630497  0,6666666666666667  0,5  0,24870347773032336  2
 analogical  -1,2472872644203312  0,6666666666666667  0,4  0,276235509456986  3
 creative  -29,60270498732037  0,7142857142857143  0,5714285714285714  0,15991894012028243  6
 creative  -29,60270498732037  0,7142857142857143  0,5714285714285714  0,16111740608384903  6
 creative  -29,60270498732037  0,7142857142857143  0,5714285714285714  0,16111740608384903  6
 creative  -29,60270498732037  0,7142857142857143  0,5714285714285714  0,15991894012028243  6
 creative  -29,60270498732037  0,7142857142857143  0,5714285714285714  0,16111740608384903  6
 creative  -29,60270498732037  0,7142857142857143  0,5714285714285714  0,15991894012028243  6
 creative  -29,60270498732037  0,7142857142857143  0,5714285714285714  0,16111740608384903  6
 creative  -29,60270498732037  0,7142857142857143  0,5714285714285714  0,16111740608384903  6
 creative  -29,60270498732037  0,7142857142857143  0,5714285714285714  0,15991894012028243  6
 creative  -29,60270498732037  0,7142857142857143  0,5714285714285714  0,15991894012028243  6
 creative  -29,60270498732037  0,7142857142857143  0,5714285714285714  0,16111740608384903  6
 creative  -29,60270498732037  0,7142857142857143  0,5714285714285714  0,16111740608384903  6
 creative  -29,60270498732037  0,7142857142857143  0,5714285714285714  0,16111740608384903  6
 creative  -29,60270498732037  0,7142857142857143  0,5714285714285714  0,16111740608384903  6
 creative  -29,60270498732037  0,7142857142857143  0,5714285714285714  0,16111740608384903  6
 creative  -29,60270498732037  0,7142857142857143  0,5714285714285714  0,16111740608384903  6
 creative  -29,60270498732037  0,7142857142857143  0,5714285714285714  0,16111740608384903  6
 creative  -29,60270498732037  0,7142857142857143  0,5714285714285714  0,15991894012028243  6
 creative  -29,60270498732037  0,7142857142857143  0,5714285714285714  0,16111740608384903  6
 creative  -29,60270498732037  0,7142857142857143  0,5714285714285714  0,15991894012028243  6
 factual  -33,120879120879124  0,7142857142857143  0,6428571428571428  0,24376797698945354  5
 factual  -33,120879120879124  0,7142857142857143  0,6428571428571428  0,24376797698945354  5
 factual  -32,744505494505496  0,7142857142857143  0,6428571428571428  0,24355007408698687  5
 factual  -32,744505494505496  0,7142857142857143  0,6428571428571428  0,2438551381504402  5
 factual  -32,744505494505496  0,7142857142857143  0,5714285714285714  0,24407304105290684  6
 factual  -31,991758241758244  0,7142857142857143  0,6666666666666667  0,2428745750893402  5
 factual  -31,991758241758244  0,7142857142857143  0,6666666666666667  0,2428745750893402  5
 factual  -31,991758241758244  0,7142857142857143  0,6666666666666667  0,2428745750893402  5
 factual  -31,991758241758244  0,7142857142857143  0,6666666666666667  0,24339754205526018  5
 factual  -31,991758241758244  0,7142857142857143  0,6666666666666667  0,2428745750893402  5
 factual  -31,991758241758244  0,7142857142857143  0,6666666666666667  0,24339754205526018  5
 factual  -31,991758241758244  0,7142857142857143  0,6428571428571428  0,24317963915279356  5
 factual  -31,239010989010993  0,7142857142857143  0,6428571428571428  0,2423298178331736  5
 factual  -31,239010989010993  0,7142857142857143  0,5714285714285714  0,24285278479909356  6
 factual  -30,109890109890113  0,7142857142857143  0,6428571428571428  0,24113135186960694  5
 factual  -29,73351648351649  0,7142857142857143  0,625  0,24126209361108694  6
 factual  -29,73351648351649  0,7142857142857143  0,6428571428571428  0,24156715767454023  5
 factual  -29,73351648351649  0,7142857142857143  0,625  0,24126209361108694  6
 factual  -29,73351648351649  0,7142857142857143  0,6428571428571428  0,24156715767454023  5
 factual  -29,73351648351649  0,7142857142857143  0,6428571428571428  0,24156715767454023  5
 analogical  -5,436507936507937  0,75  0,6363636363636364  0,12834045149481393  4
 analogical  -3,9142857142857146  0,7  0,6  0,1879194630872483  4
 analogical  -3,8055555555555562  0,75  0,7272727272727273  0,11449054301403294  3
 analogical  -3,2619047619047623  0,7272727272727273  0,6363636363636364  0,09304453935326419  4
 analogical  -3,2619047619047623  0,7692307692307692  0,6666666666666667  0,11180597925564369  4
 analogical  -3,0580357142857144  0,7272727272727273  0,6363636363636364  0,16886990712494068  4
 analogical  -3,0109890109890114  0,8  0,75  0,10731717946483046  4
 analogical  -1,8348214285714288  0,75  0,7272727272727273  0,11958511287370348  3
 analogical  -1,8348214285714288  0,8181818181818181  0,7272727272727273  0,04304792895396922  3
 analogical  -0,9785714285714286  0,8461538461538461  0,7857142857142857  0,05036330356647623  3
 analogical  -0,0  0,875  0,8  0,13156977250936983  2
 analogical  -8,807142857142857  0,6923076923076923  0,4545454545454546  0,16542792168173498  6
 analogical  -7,6111111111111125  0,6923076923076923  0,6  0,17678462477120194  4
 analogical  -0,0  0,6666666666666667  0,6666666666666667  0,4592739475289811  1
 analogical  -4,4035714285714285  0,6666666666666667  0,6153846153846154  0,1406345332519829  5
 analogical  -0,8175182481751824  0,6666666666666667  0,6  0,2703477730323368  2
 analogical  -4,0773809523809526  0,625  0,5714285714285714  0,1765013509979953  3
 analogical  -1,2262773722627736  0,6  0,25  0,33976510067114096  3
 analogical  -1,2262773722627736  0,6  0,25  0,2724222086638194  3
 analogical  -1,2262773722627736  0,6  0,25  0,2719646125686394  3
 creative  -32,744505494505496  0,7142857142857143  0,5714285714285714  0,200470670269328  6
 creative  -32,744505494505496  0,7142857142857143  0,5714285714285714  0,200470670269328  6
 creative  -32,744505494505496  0,7142857142857143  0,5714285714285714  0,200470670269328  6
 creative  -32,744505494505496  0,7142857142857143  0,5714285714285714  0,200470670269328  6
 creative  -32,744505494505496  0,7142857142857143  0,5714285714285714  0,200470670269328  6
 creative  -32,61904761904762  0,7142857142857143  0,5384615384615384  0,21443657014126816  6
 creative  -31,61538461538462  0,7142857142857143  0,5714285714285714  0,1984877538568814  6
 creative  -31,61538461538462  0,7142857142857143  0,5714285714285714  0,1984877538568814  6
 creative  -31,61538461538462  0,7142857142857143  0,5714285714285714  0,1984877538568814  6
 creative  -31,61538461538462  0,7142857142857143  0,5714285714285714  0,1984877538568814  6
 creative  -31,61538461538462  0,7142857142857143  0,5714285714285714  0,1984877538568814  6
 creative  -31,61538461538462  0,7142857142857143  0,5714285714285714  0,1984877538568814  6
 creative  -31,61538461538462  0,7142857142857143  0,5714285714285714  0,1984877538568814  6
 creative  -31,61538461538462  0,7142857142857143  0,5714285714285714  0,1984877538568814  6
 creative  -31,61538461538462  0,7142857142857143  0,5714285714285714  0,1984877538568814  6
 creative  -31,395833333333336  0,7142857142857143  0,5384615384615384  0,21230112169709486  6
 creative  -31,395833333333336  0,7142857142857143  0,5384615384615384  0,21230112169709486  6
 creative  -31,395833333333336  0,7142857142857143  0,5384615384615384  0,21230112169709486  6
 creative  -31,395833333333336  0,7142857142857143  0,5384615384615384  0,21230112169709486  6
 creative  -31,239010989010993  0,7142857142857143  0,5625  0,19105726488276822  7
 factual  -35,39898562975486  0,7142857142857143  0,6428571428571428  0,20273686045498124  5
 factual  -35,39898562975486  0,7142857142857143  0,6428571428571428  0,20273686045498124  5
 factual  -33,13947590870668  0,7058823529411764  0,6  0,20317266625991456  6
 factual  -33,13947590870668  0,7058823529411764  0,6  0,20317266625991456  6
 factual  -33,13947590870668  0,7058823529411764  0,6  0,20317266625991456  6
 factual  -31,63313609467456  0,7058823529411764  0,625  0,19657020831517477  6
 factual  -31,63313609467456  0,7058823529411764  0,625  0,19657020831517477  6
 factual  -31,25655114116653  0,7058823529411764  0,625  0,19818268979342804  6
 factual  -31,25655114116653  0,7058823529411764  0,6  0,20345594003312126  6
 factual  -30,503381234150467  0,7058823529411764  0,6  0,2033469885818879  6
 factual  -30,503381234150467  0,7222222222222222  0,6666666666666667  0,16283883901333565  5
 factual  -30,18956043956044  0,7058823529411764  0,6428571428571428  0,17104707373163747  5
 factual  -30,126796280642438  0,7058823529411764  0,625  0,19205961823411485  6
 factual  -30,126796280642438  0,7058823529411764  0,6  0,18757081844330165  6
 factual  -30,126796280642438  0,7058823529411764  0,6  0,19003312124117494  6
 factual  -30,126796280642438  0,7058823529411764  0,6470588235294117  0,19872744704959472  6
 factual  -30,126796280642438  0,7058823529411764  0,6  0,1970495947006014  6
 factual  -30,126796280642438  0,7058823529411764  0,6  0,1970495947006014  6
 factual  -29,78159340659341  0,7058823529411764  0,6  0,21265311869338716  6
 factual  -29,750211327134405  0,7058823529411764  0,5625  0,19153665126819489  7
 analogical  -8,15934065934066  0,7333333333333334  0,6875  0,10484817196226591  5
 analogical  -6,778529163144548  0,7333333333333334  0,6666666666666667  0,10043144774688399  5
 analogical  -6,527472527472528  0,7142857142857143  0,6363636363636364  0,14441732763880416  4
 analogical  -4,895604395604396  0,7857142857142857  0,7333333333333334  0,09184774956587037  4
 analogical  -4,450549450549451  0,7857142857142857  0,7142857142857143  0,1062385600976205  4
 analogical  -4,406043956043956  0,8  0,7142857142857143  0,10230739364357425  4
 analogical  -3,263736263736264  0,7692307692307692  0,6666666666666667  0,12786877551978224  5
 analogical  -2,451178451178451  0,7142857142857143  0,5714285714285714  0,1989627821842587  3
 analogical  -2,447802197802198  0,7777777777777778  0,7  0,11446681580909769  3
 analogical  -1,223901098901099  0,8  0,8  0,11921225679614943  2
 analogical  -0,40852974186307517  0,7142857142857143  0,6666666666666667  0,3065893837705918  2
 analogical  -0,0  0,75  0,75  0,018303843807199512  1
 analogical  -0,0  0,75  0,7142857142857143  0,02234594264795607  2
 analogical  -5,43956043956044  0,6666666666666667  0,6666666666666667  0,13087248322147652  4
 analogical  -0,20426487093153758  0,6666666666666667  0,6  0,46018913971934106  2
 analogical  -3,2682379349046013  0,6666666666666667  0,4  0,27217815741305673  3
 analogical  -1,8383838383838382  0,6666666666666667  0,5  0,23512812690665041  2
 analogical  -0,8170594837261503  0,6666666666666667  0,5  0,30943664836282286  2
 analogical  -1,8383838383838382  0,6666666666666667  0,5  0,23512812690665041  2
 analogical  -0,40852974186307517  0,6666666666666667  0,5  0,3088265202359162  2
 creative  -40,67117497886729  0,7058823529411764  0,625  0,18617623986751505  6
 creative  -40,294590025359255  0,7058823529411764  0,5714285714285714  0,18672099712368168  6
 creative  -40,294590025359255  0,7058823529411764  0,5714285714285714  0,18672099712368168  6
 creative  -40,294590025359255  0,7058823529411764  0,5714285714285714  0,18672099712368168  6
 creative  -40,294590025359255  0,7058823529411764  0,5714285714285714  0,18672099712368168  6
 creative  -40,294590025359255  0,7058823529411764  0,5714285714285714  0,18672099712368168  6
 creative  -40,294590025359255  0,7058823529411764  0,5714285714285714  0,18672099712368168  6
 creative  -40,294590025359255  0,7058823529411764  0,5714285714285714  0,18672099712368168  6
 creative  -40,294590025359255  0,7058823529411764  0,5714285714285714  0,18672099712368168  6
 creative  -40,294590025359255  0,7058823529411764  0,5714285714285714  0,18672099712368168  6
 creative  -39,5414201183432  0,7058823529411764  0,625  0,18691710973590167  6
 creative  -39,16483516483517  0,7058823529411764  0,5714285714285714  0,18672099712368168  6
 creative  -39,16483516483517  0,7058823529411764  0,5714285714285714  0,18746186699206838  6
 creative  -39,16483516483517  0,7058823529411764  0,5714285714285714  0,18746186699206838  6
 creative  -39,16483516483517  0,7058823529411764  0,5714285714285714  0,18672099712368168  6
 creative  -39,16483516483517  0,7058823529411764  0,5714285714285714  0,18672099712368168  6
 creative  -38,78825021132714  0,7058823529411764  0,5714285714285714  0,1859365466748017  6
 creative  -38,78825021132714  0,7058823529411764  0,5714285714285714  0,1859365466748017  6
 creative  -38,78825021132714  0,7058823529411764  0,625  0,18523925738690838  6
 creative  -38,78825021132714  0,7058823529411764  0,5714285714285714  0,18667741654318837  6
 factual  -34,88250211327134  0,7058823529411764  0,6  0,20925215723873442  6
 factual  -33,027049873203715  0,7058823529411764  0,6  0,19837880240564804  6
 factual  -33,027049873203715  0,7058823529411764  0,6  0,19837880240564804  6
 factual  -33,027049873203715  0,7058823529411764  0,6  0,19837880240564804  6
 factual  -32,65595942519019  0,7058823529411764  0,5625  0,19996949359365468  7
 factual  -32,65595942519019  0,7058823529411764  0,6  0,20827159417763447  6
 factual  -32,65595942519019  0,7058823529411764  0,5625  0,19996949359365468  7
 factual  -32,65595942519019  0,7058823529411764  0,5625  0,19996949359365468  7
 factual  -32,65595942519019  0,7058823529411764  0,5625  0,19996949359365468  7
 factual  -32,65595942519019  0,7058823529411764  0,5625  0,19996949359365468  7
 factual  -32,65595942519019  0,7058823529411764  0,6  0,20827159417763447  6
 factual  -32,65595942519019  0,7058823529411764  0,6  0,20827159417763447  6
 factual  -32,65595942519019  0,7058823529411764  0,5625  0,19996949359365468  7
 factual  -32,65595942519019  0,7058823529411764  0,6  0,20827159417763447  6
 factual  -32,65595942519019  0,7058823529411764  0,5625  0,19996949359365468  7
 factual  -32,65595942519019  0,7058823529411764  0,5625  0,19996949359365468  7
 factual  -32,65595942519019  0,7058823529411764  0,5625  0,19996949359365468  7
 factual  -32,65595942519019  0,7058823529411764  0,5625  0,19996949359365468  7
 factual  -32,65595942519019  0,7058823529411764  0,5625  0,19996949359365468  7
 factual  -32,65595942519019  0,7058823529411764  0,5625  0,19996949359365468  7
 analogical  -11,503803888419272  0,7333333333333334  0,5714285714285714  0,14632179900636277  6
 analogical  -6,679628064243449  0,7333333333333334  0,7333333333333334  0,10444086115227054  4
 analogical  -4,288156288156288  0,75  0,7  0,14264795607077488  3
 analogical  -4,221153846153846  0,7272727272727273  0,7  0,12239848145888416  3
 analogical  -3,859340659340659  0,7142857142857143  0,625  0,16656497864551556  3
 analogical  -3,859340659340659  0,7142857142857143  0,6666666666666667  0,16671751067724225  2
 analogical  -2,6313686313686313  0,7857142857142857  0,7692307692307692  0,08618059792556437  3
 analogical  -1,6080586080586081  0,8  0,7692307692307692  0,09563758389261745  3
 analogical  -1,206043956043956  0,8181818181818181  0,7777777777777778  0,11921225679614943  2
 analogical  -0,9648351648351647  0,75  0,75  0,1599552572706935  2
 analogical  -0,0  0,875  0,75  0,13156977250936983  2
 analogical  -0,0  0,75  0,5  0,30719951189749845  2
 analogical  -0,0  0,75  0,5  0,30719951189749845  2
 analogical  -5,789010989010988  0,6666666666666667  0,5714285714285714  0,23011999186495832  3
 analogical  -0,0  0,6666666666666667  0,33333333333333337  0,45988407565588774  2
 analogical  -5,5133437990580845  0,6666666666666667  0,5555555555555556  0,15237949969493594  4
 analogical  -0,8291571753986333  0,6666666666666667  0,6  0,19719341061622941  2
 analogical  -0,41457858769931666  0,6666666666666667  0,6  0,08877364246491763  2
 analogical  -0,0  0,6666666666666667  0,33333333333333337  0,45988407565588774  2
 analogical  -0,621867881548975  0,6666666666666667  0,5  0,25625381330079317  3
 creative  -32,65595942519019  0,7058823529411764  0,6428571428571428  0,2060707748627212  5
 creative  -32,65595942519019  0,7058823529411764  0,5714285714285714  0,2051991632528545  6
 creative  -32,65595942519019  0,7058823529411764  0,6428571428571428  0,2060707748627212  5
 creative  -32,65595942519019  0,7058823529411764  0,6428571428571428  0,2060707748627212  5
 creative  -32,28486897717667  0,7058823529411764  0,6428571428571428  0,20700775734332783  5
 creative  -31,913778529163142  0,7058823529411764  0,6428571428571428  0,20543885644556786  5
 creative  -31,913778529163142  0,7058823529411764  0,6428571428571428  0,20543885644556786  5
 creative  -31,913778529163142  0,7058823529411764  0,6428571428571428  0,20543885644556786  5
 creative  -31,913778529163142  0,7058823529411764  0,6428571428571428  0,20543885644556786  5
 creative  -31,913778529163142  0,7058823529411764  0,6428571428571428  0,20543885644556786  5
 creative  -31,913778529163142  0,7058823529411764  0,6428571428571428  0,2055260176065545  5
 creative  -31,913778529163142  0,7058823529411764  0,6428571428571428  0,20543885644556786  5
 creative  -31,542688081149617  0,7058823529411764  0,5714285714285714  0,2063758389261745  6
 creative  -31,171597633136095  0,7058823529411764  0,6428571428571428  0,20591824283099452  5
 creative  -31,171597633136095  0,7058823529411764  0,6428571428571428  0,20591824283099452  5
 creative  -31,171597633136095  0,7058823529411764  0,5714285714285714  0,2059836137017345  6
 creative  -31,171597633136095  0,7058823529411764  0,5714285714285714  0,2059836137017345  6
 creative  -31,171597633136095  0,7058823529411764  0,5714285714285714  0,20371742351608124  6
 creative  -30,429416737109044  0,7058823529411764  0,6428571428571428  0,20480693802841454  5
 creative  -30,429416737109044  0,7058823529411764  0,6428571428571428  0,2034123594526279  5
 factual  -31,578613693998307  0,7142857142857143  0,5714285714285714  0,19007670182166828  6
 factual  -31,578613693998307  0,7142857142857143  0,5714285714285714  0,19007670182166828  6
 factual  -31,578613693998307  0,7142857142857143  0,5714285714285714  0,19007670182166828  6
 factual  -31,578613693998307  0,7142857142857143  0,5714285714285714  0,19007670182166828  6
 factual  -31,578613693998307  0,7142857142857143  0,5714285714285714  0,19007670182166828  6
 factual  -31,578613693998307  0,7142857142857143  0,5714285714285714  0,19007670182166828  6
 factual  -31,578613693998307  0,7142857142857143  0,5714285714285714  0,19007670182166828  6
 factual  -31,578613693998307  0,7142857142857143  0,5714285714285714  0,19007670182166828  6
 factual  -30,464074387151307  0,7142857142857143  0,5714285714285714  0,18990237949969493  6
 factual  -30,464074387151307  0,7142857142857143  0,5714285714285714  0,1890961387605683  6
 factual  -30,464074387151307  0,7142857142857143  0,5714285714285714  0,18990237949969493  6
 factual  -30,464074387151307  0,7058823529411764  0,5714285714285714  0,1879194630872483  6
 factual  -30,464074387151307  0,7058823529411764  0,5714285714285714  0,18953194456550163  6
 factual  -30,464074387151307  0,7142857142857143  0,5714285714285714  0,1890961387605683  6
 factual  -30,464074387151307  0,7142857142857143  0,5714285714285714  0,1890961387605683  6
 factual  -30,464074387151307  0,7142857142857143  0,5714285714285714  0,1890961387605683  6
 factual  -30,464074387151307  0,7058823529411764  0,5714285714285714  0,1879194630872483  6
 factual  -30,092561284868975  0,7142857142857143  0,5714285714285714  0,1905125076266016  6
 factual  -30,092561284868975  0,7142857142857143  0,5714285714285714  0,18831168831168835  6
 factual  -30,092561284868975  0,7142857142857143  0,5714285714285714  0,18831168831168835  6
 analogical  -6,146853146853147  0,7142857142857143  0,6923076923076923  0,1588875330486069  4
 analogical  -5,634615384615384  0,75  0,7333333333333334  0,12479466841882948  4
 analogical  -3,4497645211930923  0,7  0,6666666666666667  0,18742373398413667  3
 analogical  -3,3807692307692303  0,7857142857142857  0,7142857142857143  0,1271007820733263  4
 analogical  -1,9318681318681317  0,8461538461538461  0,7692307692307692  0,08583393421709468  3
 analogical  -1,8111263736263736  0,7272727272727273  0,6666666666666667  0,1364314283777371  3
 analogical  -0,8282138794084187  0,75  0,6666666666666667  0,18529591214154972  2
 analogical  -0,8282138794084187  0,7777777777777778  0,75  0,18431970713849907  2
 analogical  -0,6899529042386184  0,7777777777777778  0,75  0,16889109212934716  2
 analogical  -0,621160409556314  0,7777777777777778  0,5  0,2361195851128737  2
 analogical  -0,621160409556314  0,75  0,6666666666666667  0,2304758999389872  2
 analogical  -0,0  0,75  0,5  0,3065893837705918  2
 analogical  -6,439560439560439  0,6923076923076923  0,6153846153846154  0,10815694372741354  5
 analogical  -8,173288250211327  0,6666666666666667  0,6666666666666667  0,13828118190534297  5
 analogical  -0,0  0,6666666666666667  0,6  0,46018913971934106  2
 analogical  -2,8978021978021973  0,6666666666666667  0,5  0,21115517592027658  3
 analogical  -1,242320819112628  0,6666666666666667  0,5  0,23512812690665041  2
 analogical  -0,0  0,6666666666666667  0,6  0,46018913971934106  2
 analogical  -1,242320819112628  0,6666666666666667  0,5  0,23512812690665041  2
 analogical  -0,0  0,6666666666666667  0,6  0,46018913971934106  2
 creative  -29,721048182586642  0,7058823529411764  0,6  0,1795302013422819  6
 creative  -29,721048182586642  0,7058823529411764  0,6  0,1795302013422819  6
 creative  -29,721048182586642  0,7058823529411764  0,625  0,18641593306022836  6
 creative  -29,721048182586642  0,7058823529411764  0,6  0,1795302013422819  6
 creative  -29,721048182586642  0,7058823529411764  0,6  0,1795302013422819  6
 creative  -29,721048182586642  0,7058823529411764  0,6  0,1795302013422819  6
 creative  -29,721048182586642  0,7058823529411764  0,6  0,1795302013422819  6
 creative  -29,721048182586642  0,7058823529411764  0,6  0,1795302013422819  6
 creative  -29,721048182586642  0,7058823529411764  0,6  0,1795302013422819  6
 creative  -29,721048182586642  0,7058823529411764  0,6  0,1795302013422819  6
 creative  -29,34953508030431  0,7058823529411764  0,6  0,17929050814956857  6
 creative  -29,34953508030431  0,7058823529411764  0,6  0,17929050814956857  6
 creative  -28,978021978021978  0,7058823529411764  0,6  0,173646822975682  6
 creative  -28,606508875739642  0,7142857142857143  0,6666666666666667  0,17841889653970192  5
 creative  -28,606508875739642  0,7058823529411764  0,6  0,17318922688050203  6
 creative  -28,606508875739642  0,7142857142857143  0,6666666666666667  0,17841889653970192  5
 creative  -28,606508875739642  0,7142857142857143  0,6666666666666667  0,17841889653970192  5
 creative  -28,606508875739642  0,7142857142857143  0,6666666666666667  0,17841889653970192  5
 creative  -28,606508875739642  0,7142857142857143  0,6666666666666667  0,17841889653970192  5
 creative  -28,23499577345731  0,7142857142857143  0,6  0,18726575437984835  6
