0.5932992014793487, 0.6306818181818181, 0.0, 0.7692307692307692, 0.0
0.46776712870462894, 0.5584415584415584, 0.0, 0.7142857142857143, 0.0
0.4375548063048064, 0.5, 0.0, 0.6666666666666667, 0.0
0.396005846005846, 0.4494949494949495, 0.0, 0.6666666666666667, 0.0
0.37481164668664674, 0.4444444444444444, 0.0, 0.6666666666666667, 0.0
0.3671062733562735, 0.4545454545454546, 0.0, 0.6153846153846154, 0.0
0.34804778554778565, 0.4226190476190476, 0.0, 0.6153846153846154, 0.0
0.3496402035464536, 0.4545454545454546, 0.0, 0.6153846153846154, 0.0
0.34925144300144306, 0.46153846153846156, 0.0, 0.6153846153846154, 0.0
0.36047771672771683, 0.46153846153846156, 0.0, 0.6153846153846154, 0.0
0.3564102564102565, 0.46153846153846156, 0.0, 0.6153846153846154, 0.0
0.3564102564102565, 0.46153846153846156, 0.0, 0.6153846153846154, 0.0
0.35577781593406593, 0.46153846153846156, 0.0, 0.6153846153846154, 0.0
