0.5619455724694699, 0.6201923076923077, 0.0, 0.8125, 0.0
0.45438496688496705, 0.5384615384615384, 0.0, 0.6923076923076923, 0.0
0.46177052114552125, 0.5, 0.0, 0.6923076923076923, 0.0
0.4261283276908277, 0.48333333333333334, 0.0, 0.6666666666666667, 0.0
0.4059969544344546, 0.4285714285714286, 0.0, 0.6666666666666667, 0.0
0.3966982670107671, 0.4285714285714286, 0.0, 0.6363636363636364, 0.0
0.35789956571206577, 0.4285714285714286, 0.0, 0.625, 0.0
0.3470009157509158, 0.4285714285714286, 0.0, 0.6153846153846154, 0.0
0.34839743589743594, 0.4285714285714286, 0.0, 0.6, 0.0
0.3442508012820513, 0.4285714285714286, 0.0, 0.5714285714285714, 0.0
0.3471201541514042, 0.4285714285714286, 0.0, 0.5714285714285714, 0.0
0.35021844474969477, 0.4285714285714286, 0.0, 0.5714285714285714, 0.0
0.3455586080586081, 0.46153846153846156, 0.0, 0.5714285714285714, 0.0
