0.6187731828356829, 0.6666666666666667, 0.0, 0.7777777777777778, 0.0
0.5114203504828506, 0.5916666666666666, 0.0, 0.7333333333333334, 0.0
0.47057317682317695, 0.5384615384615384, 0.0, 0.7333333333333334, 0.0
0.4435652021589524, 0.5, 0.0, 0.6923076923076923, 0.0
0.4049112345987347, 0.5, 0.0, 0.6153846153846154, 0.0
0.38029253732378737, 0.5, 0.0, 0.6153846153846154, 0.0
0.35630992271617273, 0.5, 0.0, 0.6153846153846154, 0.0
0.33178019896769895, 0.46153846153846156, 0.0, 0.6153846153846154, 0.0
0.32552473568098567, 0.4580419580419581, 0.0, 0.6153846153846154, 0.0
0.32588409854034855, 0.46153846153846156, 0.0, 0.6153846153846154, 0.0
0.3216058247308247, 0.46153846153846156, 0.0, 0.6153846153846154, 0.0
0.3236988705738706, 0.46153846153846156, 0.0, 0.6153846153846154, 0.0
0.3249465811965812, 0.46153846153846156, 0.0, 0.6153846153846154, 0.0
