-101.42307692307692 
-88.04860524091293 
-88.04860524091293 
-86.93406593406593 
-84.70498732037193 
-83.96196111580727 
-82.98251748251748 
-82.10439560439559 
-82.10439560439559 
-80.61834319526626 
-78.88461538461537 
-78.07967032967032 
-77.6462383770076 
-77.27472527472527 
-76.06730769230768 
-75.07942057942057 
-75.07942057942057 
-74.67413355874893 
-74.45741758241758 
-27.046153846153842 
-23.182417582417578 
-23.182417582417578 
-19.318681318681318 
-14.489010989010987 
-14.489010989010987 
-14.489010989010987 
-14.489010989010987 
-14.489010989010987 
-14.489010989010987 
-13.523076923076921 
-12.423208191126282 
-11.594994311717862 
-11.594994311717862 
-11.594994311717862 
-11.594994311717862 
-11.594994311717862 
-11.594994311717862 
-11.594994311717862 
-98.82248520710058 
-93.24978867286559 
-89.9061707523246 
-85.81952662721893 
-82.90934065934066 
-78.07967032967032 
-76.5316990701606 
-76.4697802197802 
-75.51848151848151 
-74.05494505494505 
