0.7018277908865271, 0.7386363636363636, 0.0, 0.8571428571428572, 0.0
0.7453138700521668, 0.7616632860040567, 0.33333333333333337, 0.8571428571428572, 0.0
0.7238214917210315, 0.7303030303030303, 0.6, 0.8, 0.0
0.6934951016452087, 0.6956521739130435, 0.5833333333333333, 0.7804878048780488, 0.0
0.6794731805594173, 0.6849624060150377, 0.5833333333333333, 0.7777777777777778, 0.0
0.6649335386524402, 0.6666666666666667, 0.5833333333333333, 0.7222222222222222, 0.0
0.650797309362743, 0.6666666666666667, 0.5263157894736843, 0.7142857142857143, 0.0
0.6463807135165884, 0.6478537360890302, 0.5263157894736843, 0.717948717948718, 0.0
0.6371229454052489, 0.6414285714285715, 0.5, 0.717948717948718, 0.0
0.6354061145823102, 0.6440092165898617, 0.5, 0.6976744186046512, 0.0
0.6309847119399461, 0.6363636363636364, 0.5263157894736843, 0.6976744186046512, 0.0
0.6226545198689272, 0.6206896551724138, 0.5263157894736843, 0.6976744186046512, 0.0
0.6163142072336066, 0.6153846153846154, 0.5263157894736843, 0.6976744186046512, 0.0
0.6068504630685841, 0.6, 0.5263157894736843, 0.6976744186046512, 0.0
0.6030158047369922, 0.6, 0.5263157894736843, 0.6976744186046512, 0.0
0.6018994755013584, 0.5962962962962963, 0.5263157894736843, 0.6976744186046512, 0.0
0.5990577061075324, 0.5925925925925926, 0.5263157894736843, 0.6976744186046512, 0.0
0.5972719518111913, 0.5925925925925926, 0.5263157894736843, 0.6976744186046512, 0.0
0.5945137818765507, 0.5925925925925926, 0.5263157894736843, 0.6976744186046512, 0.0
0.5944090897833867, 0.5925925925925926, 0.5263157894736843, 0.6976744186046512, 0.0
0.5980436742705135, 0.5925925925925926, 0.5263157894736843, 0.6976744186046512, 0.0
0.5982135315985235, 0.5925925925925926, 0.5333333333333333, 0.6976744186046512, 0.0
0.5974199590163332, 0.5925925925925926, 0.5333333333333333, 0.6976744186046512, 0.0
0.596398871479592, 0.5925925925925926, 0.5517241379310345, 0.6451612903225806, 0.0
0.5958654325147806, 0.5925925925925926, 0.5517241379310345, 0.6451612903225806, 0.0
0.5967929828721555, 0.5925925925925926, 0.5517241379310345, 0.6451612903225806, 0.0
0.5956621472234396, 0.5925925925925926, 0.5517241379310345, 0.6451612903225806, 0.0
0.5967442684809993, 0.5925925925925926, 0.5517241379310345, 0.6666666666666667, 0.0
0.5971991092867174, 0.5925925925925926, 0.5517241379310345, 0.6666666666666667, 0.0
0.5969716888838583, 0.5925925925925926, 0.5517241379310345, 0.6666666666666667, 0.0
0.5968890119384364, 0.5925925925925926, 0.5517241379310345, 0.6666666666666667, 0.0
0.5984574960581539, 0.5962962962962963, 0.5517241379310345, 0.6666666666666667, 0.0
0.5969829764257394, 0.5962962962962963, 0.5333333333333333, 0.6666666666666667, 0.0
0.5981112577443165, 0.6, 0.5333333333333333, 0.6666666666666667, 0.0
0.598972887625471, 0.6, 0.5333333333333333, 0.6666666666666667, 0.0
0.5993024781511399, 0.6, 0.5333333333333333, 0.6666666666666667, 0.0
0.5998292980745116, 0.6, 0.5333333333333333, 0.6666666666666667, 0.0
0.6011126386786116, 0.6, 0.5517241379310345, 0.6666666666666667, 0.0
0.6001867127526858, 0.6, 0.5517241379310345, 0.6666666666666667, 0.0
0.600048781718203, 0.6, 0.5517241379310345, 0.6666666666666667, 0.0
0.600048781718203, 0.6, 0.5517241379310345, 0.6666666666666667, 0.0
0.5998496578631651, 0.6, 0.5517241379310345, 0.6666666666666667, 0.0
0.5999757646665951, 0.5962962962962963, 0.5517241379310345, 0.6666666666666667, 0.0
0.5995436659011628, 0.5962962962962963, 0.5, 0.6666666666666667, 0.0
0.5999941426270982, 0.5962962962962963, 0.5, 0.6666666666666667, 0.0
0.5984375328864276, 0.5962962962962963, 0.5, 0.6666666666666667, 0.0
0.5964951769967033, 0.5925925925925926, 0.5, 0.6666666666666667, 0.0
0.5950245887614093, 0.5925925925925926, 0.5, 0.6666666666666667, 0.0
0.5948092965906764, 0.6, 0.5, 0.6666666666666667, 0.0
0.5948092965906764, 0.6, 0.5, 0.6666666666666667, 0.0
0.5933962869423726, 0.5925925925925926, 0.5, 0.6666666666666667, 0.0
0.5934689085836217, 0.5925925925925926, 0.5, 0.6666666666666667, 0.0
0.5915676740157204, 0.5925925925925926, 0.5, 0.6666666666666667, 0.0
0.5912875619709026, 0.5925925925925926, 0.5, 0.6666666666666667, 0.0
0.5908832819793359, 0.5925925925925926, 0.5, 0.6666666666666667, 0.0
0.591321878470564, 0.5925925925925926, 0.5, 0.6666666666666667, 0.0
0.591321878470564, 0.5925925925925926, 0.5, 0.6666666666666667, 0.0
0.589436895466137, 0.5925925925925926, 0.5, 0.6666666666666667, 0.0
0.5878210639483448, 0.5882352941176471, 0.5, 0.6666666666666667, 0.0
0.5880201878033825, 0.5904139433551199, 0.5, 0.6666666666666667, 0.0
0.5878210639483448, 0.5882352941176471, 0.5, 0.6666666666666667, 0.0
0.5877484423070957, 0.5882352941176471, 0.5, 0.6666666666666667, 0.0
0.58688333253394, 0.5882352941176471, 0.5, 0.6451612903225806, 0.0
0.5856928563434638, 0.5882352941176471, 0.5, 0.6451612903225806, 0.0
0.5885075306002634, 0.5882352941176471, 0.5, 0.6451612903225806, 0.0
0.5901233621180555, 0.5904139433551199, 0.5, 0.6451612903225806, 0.0
0.5899602063193592, 0.5925925925925926, 0.5, 0.6451612903225806, 0.0
0.5899602063193592, 0.5925925925925926, 0.5, 0.6451612903225806, 0.0
0.5899602063193592, 0.5925925925925926, 0.5, 0.6451612903225806, 0.0
0.5899602063193592, 0.5925925925925926, 0.5, 0.6451612903225806, 0.0
0.5901593301743969, 0.5925925925925926, 0.5, 0.6451612903225806, 0.0
0.589982458256039, 0.5925925925925926, 0.5, 0.6451612903225806, 0.0
0.5901815821110769, 0.5925925925925926, 0.5, 0.6451612903225806, 0.0
0.5909208294229048, 0.5925925925925926, 0.5, 0.6451612903225806, 0.0
0.5909208294229048, 0.5925925925925926, 0.5, 0.6451612903225806, 0.0
0.589568324858326, 0.5925925925925926, 0.5, 0.6451612903225806, 0.0
0.5900825884144684, 0.5925925925925926, 0.5, 0.6451612903225806, 0.0
0.5901552100557175, 0.5925925925925926, 0.5, 0.6451612903225806, 0.0
0.5901552100557175, 0.5925925925925926, 0.5, 0.6451612903225806, 0.0
0.5906952025099713, 0.5925925925925926, 0.5263157894736843, 0.6451612903225806, 0.0
0.5906952025099713, 0.5925925925925926, 0.5263157894736843, 0.6451612903225806, 0.0
0.5906952025099713, 0.5925925925925926, 0.5263157894736843, 0.6451612903225806, 0.0
0.5925215632837005, 0.5925925925925926, 0.5263157894736843, 0.6451612903225806, 0.0
0.5936326743948117, 0.5925925925925926, 0.5263157894736843, 0.65, 0.0
0.5948607445702503, 0.5962962962962963, 0.5263157894736843, 0.65, 0.0
0.5935274112369169, 0.5925925925925926, 0.5263157894736843, 0.65, 0.0
0.5922993410614783, 0.5925925925925926, 0.5263157894736843, 0.65, 0.0
0.5910712708860397, 0.5925925925925926, 0.5263157894736843, 0.65, 0.0
0.5910712708860397, 0.5925925925925926, 0.5263157894736843, 0.65, 0.0
0.5922993410614783, 0.5925925925925926, 0.5263157894736843, 0.65, 0.0
0.5918857198184769, 0.5925925925925926, 0.5263157894736843, 0.65, 0.0
0.5918857198184769, 0.5925925925925926, 0.5263157894736843, 0.65, 0.0
0.5930411683526665, 0.5925925925925926, 0.5263157894736843, 0.65, 0.0
0.5930411683526665, 0.5925925925925926, 0.5263157894736843, 0.65, 0.0
0.5910274640582605, 0.5925925925925926, 0.5263157894736843, 0.65, 0.0
0.5909548424170114, 0.5925925925925926, 0.5263157894736843, 0.65, 0.0
0.5897267722415727, 0.5925925925925926, 0.5263157894736843, 0.65, 0.0
0.5885713237073832, 0.5925925925925926, 0.5263157894736843, 0.65, 0.0
0.5873432535319445, 0.5925925925925926, 0.5263157894736843, 0.65, 0.0
0.5871848588502233, 0.5925925925925926, 0.5263157894736843, 0.65, 0.0
