0.6597668386779577, 0.75, 0.0, 0.8571428571428572, 0.0
0.7315151791913779, 0.7464285714285714, 0.46153846153846156, 0.8387096774193549, 0.0
0.6925611251165175, 0.6896551724137931, 0.5925925925925926, 0.8, 0.0
0.671924035344924, 0.6666666666666667, 0.5806451612903225, 0.7692307692307692, 0.0
0.6632609071571391, 0.6666666666666667, 0.5714285714285714, 0.7692307692307692, 0.0
0.6427574295917745, 0.6451612903225806, 0.5714285714285714, 0.75, 0.0
0.6354478530767217, 0.6396103896103895, 0.5263157894736843, 0.7142857142857143, 0.0
0.6388718029919057, 0.6428571428571428, 0.5263157894736843, 0.7142857142857143, 0.0
0.6304559636547452, 0.6300751879699248, 0.5263157894736843, 0.7142857142857143, 0.0
0.6215233488828424, 0.625, 0.5263157894736843, 0.6666666666666667, 0.0
0.6223752617948336, 0.6201923076923077, 0.5263157894736843, 0.6666666666666667, 0.0
0.6182714349126495, 0.6086956521739131, 0.5263157894736843, 0.6666666666666667, 0.0
0.611203592083937, 0.6086956521739131, 0.5263157894736843, 0.6666666666666667, 0.0
0.6074881521717008, 0.6086956521739131, 0.5263157894736843, 0.6842105263157895, 0.0
0.6066777291921324, 0.6086956521739131, 0.5263157894736843, 0.6666666666666667, 0.0
0.6004764262715312, 0.6086956521739131, 0.5263157894736843, 0.6666666666666667, 0.0
0.592813027493065, 0.6043478260869566, 0.5, 0.6666666666666667, 0.0
0.5894803798438255, 0.5962962962962963, 0.5, 0.6666666666666667, 0.0
0.5864158212140494, 0.5925925925925926, 0.5, 0.6666666666666667, 0.0
0.5868016402112523, 0.5925925925925926, 0.5263157894736843, 0.6666666666666667, 0.0
0.5875786023795189, 0.5925925925925926, 0.5263157894736843, 0.6666666666666667, 0.0
0.5887848647945298, 0.5925925925925926, 0.5263157894736843, 0.6666666666666667, 0.0
0.5866738225187278, 0.5925925925925926, 0.5263157894736843, 0.6666666666666667, 0.0
0.5852189206671822, 0.5925925925925926, 0.5263157894736843, 0.6666666666666667, 0.0
0.583422558146182, 0.5925925925925926, 0.5263157894736843, 0.6666666666666667, 0.0
0.5805797668794777, 0.5925925925925926, 0.4285714285714286, 0.6666666666666667, 0.0
0.5820791116034603, 0.5925925925925926, 0.4285714285714286, 0.6666666666666667, 0.0
0.5844466055121836, 0.5962962962962963, 0.4285714285714286, 0.6666666666666667, 0.0
0.5835203728613133, 0.6, 0.4285714285714286, 0.6666666666666667, 0.0
0.5847273634016371, 0.6, 0.4285714285714286, 0.6666666666666667, 0.0
0.5851482510218001, 0.6, 0.4285714285714286, 0.6666666666666667, 0.0
0.582495938422119, 0.6, 0.4285714285714286, 0.6666666666666667, 0.0
0.5823465215480644, 0.6, 0.4285714285714286, 0.6666666666666667, 0.0
0.5810924912886948, 0.5962962962962963, 0.4285714285714286, 0.6666666666666667, 0.0
0.5801574402956727, 0.5925925925925926, 0.4285714285714286, 0.6666666666666667, 0.0
0.5820760048229329, 0.5925925925925926, 0.4285714285714286, 0.6666666666666667, 0.0
0.5821603541826446, 0.5925925925925926, 0.4285714285714286, 0.6666666666666667, 0.0
0.581701493665813, 0.5925925925925926, 0.4285714285714286, 0.6666666666666667, 0.0
0.5805784295953805, 0.5925925925925926, 0.4285714285714286, 0.6666666666666667, 0.0
0.5817883061385903, 0.5925925925925926, 0.4285714285714286, 0.6666666666666667, 0.0
0.5813048107656977, 0.5925925925925926, 0.4285714285714286, 0.6666666666666667, 0.0
0.5819455173484332, 0.5925925925925926, 0.4285714285714286, 0.6666666666666667, 0.0
0.5824196192699035, 0.5925925925925926, 0.4285714285714286, 0.6666666666666667, 0.0
0.582132305868555, 0.5925925925925926, 0.4285714285714286, 0.6666666666666667, 0.0
0.5806294101429285, 0.5925925925925926, 0.4285714285714286, 0.6666666666666667, 0.0
0.5799601145262645, 0.5925925925925926, 0.4285714285714286, 0.6666666666666667, 0.0
0.5798934092009385, 0.5925925925925926, 0.4285714285714286, 0.6666666666666667, 0.0
0.5796641323049949, 0.5925925925925926, 0.4285714285714286, 0.6666666666666667, 0.0
0.5782067852336129, 0.5925925925925926, 0.4285714285714286, 0.6666666666666667, 0.0
0.5776247746516022, 0.5925925925925926, 0.4285714285714286, 0.6666666666666667, 0.0
0.5776247746516022, 0.5925925925925926, 0.4285714285714286, 0.6666666666666667, 0.0
0.5774984133481047, 0.5879629629629629, 0.4285714285714286, 0.6666666666666667, 0.0
0.579771140620832, 0.5925925925925926, 0.4285714285714286, 0.6666666666666667, 0.0
0.5781903367593263, 0.5833333333333333, 0.4285714285714286, 0.6666666666666667, 0.0
0.5765455999172211, 0.5773809523809523, 0.4285714285714286, 0.6666666666666667, 0.0
0.577501997320987, 0.5879629629629629, 0.4285714285714286, 0.6666666666666667, 0.0
0.578253877020235, 0.5879629629629629, 0.4285714285714286, 0.6666666666666667, 0.0
0.578253877020235, 0.5879629629629629, 0.4285714285714286, 0.6666666666666667, 0.0
0.5790177096788046, 0.5879629629629629, 0.4285714285714286, 0.6666666666666667, 0.0
0.5797695893780527, 0.5879629629629629, 0.4285714285714286, 0.6666666666666667, 0.0
0.5796907270638963, 0.5904139433551199, 0.4285714285714286, 0.6666666666666667, 0.0
0.5777506917905276, 0.5857843137254901, 0.4285714285714286, 0.6666666666666667, 0.0
0.579254451189024, 0.5857843137254901, 0.4285714285714286, 0.6666666666666667, 0.0
0.5785477894297306, 0.5773809523809523, 0.4285714285714286, 0.6666666666666667, 0.0
0.5814402280607089, 0.5857843137254901, 0.4285714285714286, 0.6666666666666667, 0.0
0.5788493687284704, 0.5714285714285714, 0.4285714285714286, 0.6666666666666667, 0.0
0.5770311869102885, 0.5714285714285714, 0.4285714285714286, 0.6666666666666667, 0.0
0.5777256313547331, 0.5714285714285714, 0.4285714285714286, 0.6666666666666667, 0.0
0.5763403499694518, 0.5714285714285714, 0.4285714285714286, 0.6666666666666667, 0.0
0.5747652583943601, 0.5714285714285714, 0.4285714285714286, 0.6666666666666667, 0.0
0.5747652583943601, 0.5714285714285714, 0.4285714285714286, 0.6666666666666667, 0.0
0.5731895008186025, 0.5714285714285714, 0.4285714285714286, 0.6666666666666667, 0.0
0.5756081410019487, 0.5714285714285714, 0.5, 0.6666666666666667, 0.0
0.5759292088230165, 0.5714285714285714, 0.5263157894736843, 0.6666666666666667, 0.0
0.5741110270048346, 0.5714285714285714, 0.5263157894736843, 0.6666666666666667, 0.0
0.572578559472367, 0.56, 0.5263157894736843, 0.6666666666666667, 0.0
0.5707603776541851, 0.56, 0.5263157894736843, 0.6666666666666667, 0.0
0.5686656981401506, 0.56, 0.5263157894736843, 0.6666666666666667, 0.0
0.5686656981401506, 0.56, 0.5263157894736843, 0.6666666666666667, 0.0
0.5677566072310596, 0.56, 0.5263157894736843, 0.6666666666666667, 0.0
0.5677566072310596, 0.56, 0.5263157894736843, 0.6666666666666667, 0.0
0.5673237067981591, 0.5527272727272727, 0.5263157894736843, 0.6666666666666667, 0.0
0.5655055249799773, 0.5454545454545454, 0.5263157894736843, 0.6666666666666667, 0.0
0.5634701714446239, 0.5454545454545454, 0.5263157894736843, 0.6666666666666667, 0.0
0.5632796952541476, 0.5454545454545454, 0.5263157894736843, 0.6666666666666667, 0.0
0.5632796952541476, 0.5454545454545454, 0.5263157894736843, 0.6666666666666667, 0.0
0.5635221194965717, 0.5454545454545454, 0.5263157894736843, 0.6666666666666667, 0.0
0.5629726689471213, 0.5454545454545454, 0.5263157894736843, 0.6666666666666667, 0.0
0.5635221194965717, 0.5454545454545454, 0.5263157894736843, 0.6666666666666667, 0.0
0.5635221194965717, 0.5454545454545454, 0.5263157894736843, 0.6666666666666667, 0.0
0.5630892190636714, 0.5454545454545454, 0.5263157894736843, 0.6666666666666667, 0.0
0.5630892190636714, 0.5454545454545454, 0.5263157894736843, 0.6666666666666667, 0.0
0.5621801281545804, 0.5454545454545454, 0.5263157894736843, 0.6666666666666667, 0.0
0.5621801281545804, 0.5454545454545454, 0.5263157894736843, 0.6666666666666667, 0.0
0.5616306776051299, 0.5454545454545454, 0.5263157894736843, 0.6666666666666667, 0.0
0.5616306776051299, 0.5454545454545454, 0.5263157894736843, 0.6666666666666667, 0.0
0.5618331067549274, 0.5454545454545454, 0.5263157894736843, 0.6666666666666667, 0.0
0.5620235829454037, 0.5454545454545454, 0.5263157894736843, 0.6666666666666667, 0.0
0.5617811587029795, 0.5454545454545454, 0.5263157894736843, 0.6666666666666667, 0.0
0.5616646085864294, 0.5454545454545454, 0.5263157894736843, 0.6666666666666667, 0.0
