0.7000041770084303, 0.7533783783783784, 0.0, 0.8636363636363636, 0.0
0.7343037759970841, 0.7576887232059646, 0.5833333333333333, 0.8333333333333334, 0.0
0.6959755334687721, 0.7007672634271099, 0.4444444444444444, 0.8095238095238095, 0.0
0.680886706787384, 0.6876847290640394, 0.4444444444444444, 0.8, 0.0
0.6709988165956271, 0.6666666666666667, 0.4444444444444444, 0.8, 0.0
0.6561969066426235, 0.6428571428571428, 0.4444444444444444, 0.8, 0.0
0.6558002528142264, 0.6559139784946237, 0.4444444444444444, 0.8, 0.0
0.6507018929709447, 0.6428571428571428, 0.5263157894736843, 0.7894736842105263, 0.0
0.6372762757893551, 0.6381818181818182, 0.5263157894736843, 0.7428571428571429, 0.0
0.6249617933044699, 0.6295731707317074, 0.5217391304347826, 0.717948717948718, 0.0
0.6258996257430071, 0.6341463414634146, 0.5263157894736843, 0.717948717948718, 0.0
0.6225898467965301, 0.6295731707317074, 0.5217391304347826, 0.717948717948718, 0.0
0.613244069905961, 0.6120401337792643, 0.5217391304347826, 0.7027027027027026, 0.0
0.6088319474559823, 0.6086956521739131, 0.5217391304347826, 0.6896551724137931, 0.0
0.6090677150905138, 0.6086956521739131, 0.5217391304347826, 0.6896551724137931, 0.0
0.6076120103014756, 0.6073781291172595, 0.5217391304347826, 0.6896551724137931, 0.0
0.6051094548535177, 0.5925925925925926, 0.5217391304347826, 0.6666666666666667, 0.0
0.6055623490670684, 0.5925925925925926, 0.5217391304347826, 0.6666666666666667, 0.0
0.6062526111830994, 0.5925925925925926, 0.5217391304347826, 0.6829268292682926, 0.0
0.603810503482371, 0.5925925925925926, 0.5217391304347826, 0.6829268292682926, 0.0
0.6063705668757676, 0.5925925925925926, 0.5217391304347826, 0.6829268292682926, 0.0
0.6045516440074945, 0.5925925925925926, 0.5217391304347826, 0.6829268292682926, 0.0
0.602684552359701, 0.5925925925925926, 0.5217391304347826, 0.6829268292682926, 0.0
0.6038043046044975, 0.5925925925925926, 0.5217391304347826, 0.6829268292682926, 0.0
0.6048039063567874, 0.5925925925925926, 0.5217391304347826, 0.6829268292682926, 0.0
0.6072107616256075, 0.5925925925925926, 0.5263157894736843, 0.6829268292682926, 0.0
0.6042521948693209, 0.5925925925925926, 0.5263157894736843, 0.6666666666666667, 0.0
0.605228826262619, 0.5925925925925926, 0.5263157894736843, 0.6666666666666667, 0.0
0.6017500884637059, 0.5925925925925926, 0.5263157894736843, 0.6666666666666667, 0.0
0.6029249081130655, 0.5925925925925926, 0.5263157894736843, 0.6666666666666667, 0.0
0.6021625223506799, 0.5925925925925926, 0.5, 0.6666666666666667, 0.0
0.6027224870773112, 0.5925925925925926, 0.5, 0.6666666666666667, 0.0
0.6025328927210503, 0.5925925925925926, 0.5, 0.6666666666666667, 0.0
0.6011675517592181, 0.5925925925925926, 0.5, 0.6666666666666667, 0.0
0.6000805489643192, 0.5925925925925926, 0.5, 0.6666666666666667, 0.0
0.5994055900779781, 0.5925925925925926, 0.5, 0.6666666666666667, 0.0
0.5999368857266877, 0.5925925925925926, 0.5, 0.6666666666666667, 0.0
0.6024319014463411, 0.5925925925925926, 0.5263157894736843, 0.6666666666666667, 0.0
0.6024114984946619, 0.5925925925925926, 0.5263157894736843, 0.6666666666666667, 0.0
0.6017958389754937, 0.5925925925925926, 0.5263157894736843, 0.6666666666666667, 0.0
0.6026307652996673, 0.5925925925925926, 0.5263157894736843, 0.6666666666666667, 0.0
0.600502738374237, 0.5925925925925926, 0.5263157894736843, 0.6666666666666667, 0.0
0.5998101758930565, 0.5925925925925926, 0.5263157894736843, 0.6666666666666667, 0.0
0.599095890178771, 0.5925925925925926, 0.5263157894736843, 0.6666666666666667, 0.0
0.5976490037318845, 0.5925925925925926, 0.5263157894736843, 0.6666666666666667, 0.0
0.5968112612274754, 0.5925925925925926, 0.5263157894736843, 0.6666666666666667, 0.0
0.5954088222030851, 0.5925925925925926, 0.5263157894736843, 0.6666666666666667, 0.0
0.5950582981473741, 0.5925925925925926, 0.5263157894736843, 0.6666666666666667, 0.0
0.5944233775124537, 0.5925925925925926, 0.5263157894736843, 0.6666666666666667, 0.0
0.5944369117506254, 0.5925925925925926, 0.5263157894736843, 0.6666666666666667, 0.0
0.5948982502821394, 0.5925925925925926, 0.5263157894736843, 0.6666666666666667, 0.0
0.5934959144824901, 0.5925925925925926, 0.5263157894736843, 0.6451612903225806, 0.0
0.5926625811491567, 0.5925925925925926, 0.5263157894736843, 0.6451612903225806, 0.0
0.5926934453466876, 0.5925925925925926, 0.5263157894736843, 0.6451612903225806, 0.0
0.5901278828898207, 0.5925925925925926, 0.5263157894736843, 0.6451612903225806, 0.0
0.5877027355733692, 0.5925925925925926, 0.4285714285714286, 0.6451612903225806, 0.0
0.5877027355733692, 0.5925925925925926, 0.4285714285714286, 0.6451612903225806, 0.0
0.5880685607253092, 0.5925925925925926, 0.4285714285714286, 0.6451612903225806, 0.0
0.5872167088734574, 0.5925925925925926, 0.4285714285714286, 0.6451612903225806, 0.0
0.5869389310956797, 0.5925925925925926, 0.4285714285714286, 0.6451612903225806, 0.0
0.5866825208392695, 0.5925925925925926, 0.4285714285714286, 0.6451612903225806, 0.0
0.5866825208392695, 0.5925925925925926, 0.4285714285714286, 0.6451612903225806, 0.0
0.5858187981422135, 0.5904139433551199, 0.4285714285714286, 0.6451612903225806, 0.0
0.5866031118677036, 0.5904139433551199, 0.4285714285714286, 0.6470588235294117, 0.0
0.585004821269413, 0.5904139433551199, 0.4285714285714286, 0.6470588235294117, 0.0
0.5835503699236574, 0.5904139433551199, 0.4285714285714286, 0.6470588235294117, 0.0
0.5845071600471142, 0.5904139433551199, 0.4285714285714286, 0.6470588235294117, 0.0
0.583717036590324, 0.5904139433551199, 0.4285714285714286, 0.6470588235294117, 0.0
0.5827667441926633, 0.5904139433551199, 0.4285714285714286, 0.6470588235294117, 0.0
0.5816527624646465, 0.5904139433551199, 0.4285714285714286, 0.6470588235294117, 0.0
0.5802638735757576, 0.5904139433551199, 0.4285714285714286, 0.6470588235294117, 0.0
0.5791901243879732, 0.5904139433551199, 0.4285714285714286, 0.6470588235294117, 0.0
0.5788696115674604, 0.5904139433551199, 0.4285714285714286, 0.6470588235294117, 0.0
0.5785490987469476, 0.5904139433551199, 0.4285714285714286, 0.6470588235294117, 0.0
0.5789432108077263, 0.5904139433551199, 0.4285714285714286, 0.6470588235294117, 0.0
0.5786226979872134, 0.5904139433551199, 0.4285714285714286, 0.6470588235294117, 0.0
0.57849924119709, 0.5904139433551199, 0.4285714285714286, 0.6470588235294117, 0.0
0.57849924119709, 0.5904139433551199, 0.4285714285714286, 0.6470588235294117, 0.0
0.5775489487994291, 0.5904139433551199, 0.4285714285714286, 0.6470588235294117, 0.0
0.5764319897351017, 0.5904139433551199, 0.4285714285714286, 0.6470588235294117, 0.0
0.5747274833711525, 0.5925925925925926, 0.4285714285714286, 0.6470588235294117, 0.0
0.5751168470938495, 0.5925925925925926, 0.4285714285714286, 0.6470588235294117, 0.0
0.5737727610723442, 0.5925925925925926, 0.4285714285714286, 0.6470588235294117, 0.0
0.5737727610723442, 0.5925925925925926, 0.4285714285714286, 0.6470588235294117, 0.0
0.5728224686746833, 0.5925925925925926, 0.4285714285714286, 0.6470588235294117, 0.0
0.570815046272524, 0.5925925925925926, 0.4285714285714286, 0.6470588235294117, 0.0
0.5697412970847398, 0.5925925925925926, 0.4285714285714286, 0.6470588235294117, 0.0
0.5691470017097426, 0.5925925925925926, 0.4285714285714286, 0.6470588235294117, 0.0
0.5685604599405383, 0.5925925925925926, 0.4285714285714286, 0.6470588235294117, 0.0
0.5698461171033885, 0.5925925925925926, 0.4285714285714286, 0.6470588235294117, 0.0
0.5708807549801317, 0.5925925925925926, 0.4285714285714286, 0.6470588235294117, 0.0
0.5708807549801317, 0.5925925925925926, 0.4285714285714286, 0.6470588235294117, 0.0
0.5717140883134649, 0.5925925925925926, 0.4285714285714286, 0.6470588235294117, 0.0
0.5717140883134649, 0.5925925925925926, 0.4285714285714286, 0.6470588235294117, 0.0
0.5717140883134649, 0.5925925925925926, 0.4285714285714286, 0.6470588235294117, 0.0
0.5719165174632626, 0.5925925925925926, 0.4285714285714286, 0.6470588235294117, 0.0
0.5725462970404106, 0.5925925925925926, 0.4285714285714286, 0.6470588235294117, 0.0
0.5725462970404106, 0.5925925925925926, 0.4285714285714286, 0.6470588235294117, 0.0
0.5727487261902081, 0.5925925925925926, 0.4285714285714286, 0.6470588235294117, 0.0
0.5723672168613304, 0.5925925925925926, 0.4285714285714286, 0.6470588235294117, 0.0
