0.7654320987654322, 0.75, 0.75, 0.8888888888888888, 0.0
0.745, 0.75, 0.7, 0.75, 0.0
0.7833333333333333, 0.75, 0.75, 0.8888888888888888, 0.0
0.7583333333333333, 0.75, 0.75, 0.7777777777777778, 0.0
0.753968253968254, 0.75, 0.7, 0.8, 0.0
0.7561728395061729, 0.75, 0.75, 0.7777777777777778, 0.0
0.7847222222222222, 0.75, 0.75, 0.8888888888888888, 0.0
0.7555555555555555, 0.75, 0.7, 0.8, 0.0
0.7525252525252526, 0.75, 0.75, 0.7777777777777778, 0.0
0.7534722222222222, 0.75, 0.75, 0.7777777777777778, 0.0
0.7803030303030304, 0.75, 0.75, 0.8888888888888888, 0.0
0.75, 0.75, 0.7, 0.8, 0.0
0.7660493827160493, 0.75, 0.7, 0.8888888888888888, 0.0
0.7357142857142858, 0.75, 0.7, 0.75, 0.0
0.753030303030303, 0.75, 0.7, 0.7777777777777778, 0.0
0.7472222222222222, 0.75, 0.7, 0.7777777777777778, 0.0
0.7616666666666667, 0.75, 0.7, 0.8888888888888888, 0.0
0.7676767676767677, 0.75, 0.75, 0.8888888888888888, 0.0
0.7617283950617284, 0.75, 0.75, 0.8, 0.0
0.7680555555555555, 0.75, 0.7, 0.8888888888888888, 0.0
0.7505555555555555, 0.75, 0.7, 0.7777777777777778, 0.0
0.7660493827160493, 0.75, 0.7, 0.8888888888888888, 0.0
0.7569444444444444, 0.75, 0.75, 0.7777777777777778, 0.0
0.7509259259259259, 0.75, 0.7, 0.7777777777777778, 0.0
0.7604166666666666, 0.75, 0.75, 0.7777777777777778, 0.0
0.7777777777777777, 0.7777777777777778, 0.75, 0.8888888888888888, 0.0
0.7547619047619047, 0.75, 0.7, 0.7777777777777778, 0.0
0.7623456790123456, 0.75, 0.75, 0.7777777777777778, 0.0
0.8015873015873015, 0.7777777777777778, 0.75, 0.8888888888888888, 0.0
0.750854700854701, 0.75, 0.7, 0.7777777777777778, 0.0
0.75, 0.75, 0.75, 0.75, 0.0
0.747979797979798, 0.75, 0.7, 0.7777777777777778, 0.0
0.774074074074074, 0.7638888888888888, 0.7, 0.8888888888888888, 0.0
0.7579365079365079, 0.75, 0.75, 0.7777777777777778, 0.0
0.75, 0.75, 0.75, 0.75, 0.0
0.75, 0.75, 0.75, 0.75, 0.0
0.7583333333333333, 0.75, 0.75, 0.7777777777777778, 0.0
0.7716049382716049, 0.75, 0.75, 0.8888888888888888, 0.0
0.7738095238095237, 0.75, 0.75, 0.8888888888888888, 0.0
0.7472222222222222, 0.75, 0.7, 0.7777777777777778, 0.0
0.7638888888888888, 0.7638888888888888, 0.75, 0.7777777777777778, 0.0
0.7868686868686868, 0.75, 0.75, 0.8888888888888888, 0.0
0.7732323232323233, 0.75, 0.7, 0.8888888888888888, 0.0
0.7708333333333333, 0.75, 0.75, 0.8888888888888888, 0.0
0.7685185185185185, 0.75, 0.75, 0.8888888888888888, 0.0
0.763888888888889, 0.75, 0.75, 0.8888888888888888, 0.0
0.753968253968254, 0.75, 0.75, 0.7777777777777778, 0.0
0.753968253968254, 0.75, 0.75, 0.7777777777777778, 0.0
0.75, 0.75, 0.75, 0.75, 0.0
0.74, 0.75, 0.7, 0.75, 0.0
0.755, 0.75, 0.75, 0.8, 0.0
0.7444444444444445, 0.75, 0.7, 0.75, 0.0
0.7600694444444447, 0.75, 0.75, 0.8, 0.0
0.75, 0.75, 0.75, 0.75, 0.0
0.7673611111111112, 0.75, 0.75, 0.8888888888888888, 0.0
0.7708333333333333, 0.75, 0.75, 0.8888888888888888, 0.0
0.7722222222222221, 0.75, 0.75, 0.8888888888888888, 0.0
0.7505555555555555, 0.75, 0.7, 0.7777777777777778, 0.0
0.7576388888888889, 0.7638888888888888, 0.7, 0.7777777777777778, 0.0
0.7803030303030304, 0.75, 0.75, 0.8888888888888888, 0.0
0.7525252525252525, 0.75, 0.5555555555555556, 0.8888888888888888, 0.0
0.765079365079365, 0.75, 0.75, 0.8, 0.0
0.7542735042735044, 0.75, 0.75, 0.7777777777777778, 0.0
0.7527777777777778, 0.75, 0.75, 0.7777777777777778, 0.0
0.7462962962962963, 0.75, 0.7, 0.7777777777777778, 0.0
0.7833333333333333, 0.75, 0.75, 0.8888888888888888, 0.0
0.7530864197530864, 0.75, 0.75, 0.7777777777777778, 0.0
0.7658730158730158, 0.7777777777777778, 0.75, 0.7777777777777778, 0.0
0.7592592592592592, 0.75, 0.75, 0.7777777777777778, 0.0
0.7546296296296297, 0.75, 0.75, 0.7777777777777778, 0.0
0.7833333333333333, 0.75, 0.75, 0.8888888888888888, 0.0
0.7555555555555555, 0.75, 0.75, 0.7777777777777778, 0.0
0.7575757575757577, 0.75, 0.75, 0.7777777777777778, 0.0
0.7537037037037037, 0.75, 0.7, 0.7777777777777778, 0.0
0.7656565656565657, 0.75, 0.7, 0.8888888888888888, 0.0
0.7555555555555556, 0.75, 0.7, 0.8888888888888888, 0.0
0.7481481481481481, 0.75, 0.7, 0.7777777777777778, 0.0
0.7527777777777778, 0.75, 0.75, 0.7777777777777778, 0.0
0.7569444444444444, 0.75, 0.75, 0.7777777777777778, 0.0
0.7703703703703705, 0.75, 0.75, 0.8888888888888888, 0.0
0.7727272727272727, 0.75, 0.75, 0.8888888888888888, 0.0
0.7546296296296298, 0.75, 0.75, 0.7777777777777778, 0.0
0.763888888888889, 0.75, 0.75, 0.8888888888888888, 0.0
0.7546296296296297, 0.75, 0.75, 0.7777777777777778, 0.0
0.7569444444444444, 0.75, 0.75, 0.7777777777777778, 0.0
0.7611111111111111, 0.75, 0.75, 0.8, 0.0
0.7550505050505051, 0.75, 0.75, 0.7777777777777778, 0.0
0.7537037037037037, 0.75, 0.7, 0.7777777777777778, 0.0
0.7651515151515151, 0.75, 0.75, 0.8888888888888888, 0.0
0.7527777777777778, 0.75, 0.75, 0.7777777777777778, 0.0
0.8101851851851852, 0.7638888888888888, 0.75, 0.8888888888888888, 0.0
0.7546296296296297, 0.75, 0.75, 0.7777777777777778, 0.0
0.7616666666666667, 0.75, 0.7, 0.8888888888888888, 0.0
0.7611111111111112, 0.75, 0.7, 0.8888888888888888, 0.0
0.7702020202020201, 0.75, 0.75, 0.8888888888888888, 0.0
0.7592592592592592, 0.75, 0.7, 0.8, 0.0
0.7611111111111112, 0.75, 0.7, 0.8888888888888888, 0.0
0.7569444444444444, 0.75, 0.75, 0.7777777777777778, 0.0
0.7657407407407408, 0.7777777777777778, 0.7, 0.8, 0.0
0.7444444444444445, 0.75, 0.7, 0.7777777777777778, 0.0
