0.07407407407407408, 0.0, 0.0, 0.6666666666666667, 0.0
0.04, 0.0, 0.0, 0.4, 0.0
0.23333333333333334, 0.0, 0.0, 0.6666666666666667, 0.0
0.05, 0.0, 0.0, 0.5, 0.0
0.19999999999999998, 0.0, 0.0, 0.5, 0.0
0.05555555555555555, 0.0, 0.0, 0.5, 0.0
0.16666666666666669, 0.0, 0.0, 0.6666666666666667, 0.0
0.13999999999999999, 0.0, 0.0, 0.5, 0.0
0.045454545454545456, 0.0, 0.0, 0.5, 0.0
0.0, 0.0, 0.0, 0.0, 0.0
0.16666666666666669, 0.0, 0.0, 0.6666666666666667, 0.0
0.1, 0.0, 0.0, 0.5, 0.0
0.11851851851851854, 0.0, 0.0, 0.6666666666666667, 0.0
0.1142857142857143, 0.0, 0.0, 0.4, 0.0
0.08181818181818182, 0.0, 0.0, 0.5, 0.0
0.05, 0.0, 0.0, 0.4, 0.0
0.10666666666666669, 0.0, 0.0, 0.6666666666666667, 0.0
0.10606060606060606, 0.0, 0.0, 0.6666666666666667, 0.0
0.1111111111111111, 0.0, 0.0, 0.5, 0.0
0.13333333333333336, 0.0, 0.0, 0.6666666666666667, 0.0
0.04, 0.0, 0.0, 0.4, 0.0
0.1740740740740741, 0.0, 0.0, 0.6666666666666667, 0.0
0.125, 0.0, 0.0, 0.5, 0.0
0.2333333333333333, 0.2, 0.0, 0.5, 0.0
0.0625, 0.0, 0.0, 0.5, 0.0
0.11666666666666667, 0.0, 0.0, 0.6666666666666667, 0.0
0.05714285714285715, 0.0, 0.0, 0.4, 0.0
0.1111111111111111, 0.0, 0.0, 0.5, 0.0
0.2619047619047619, 0.0, 0.0, 0.6666666666666667, 0.0
0.13846153846153847, 0.0, 0.0, 0.5, 0.0
0.0, 0.0, 0.0, 0.0, 0.0
0.03636363636363637, 0.0, 0.0, 0.4, 0.0
0.2611111111111111, 0.2, 0.0, 0.6666666666666667, 0.0
0.07142857142857142, 0.0, 0.0, 0.5, 0.0
0.0, 0.0, 0.0, 0.0, 0.0
0.0, 0.0, 0.0, 0.0, 0.0
0.05, 0.0, 0.0, 0.5, 0.0
0.12962962962962965, 0.0, 0.0, 0.6666666666666667, 0.0
0.16666666666666669, 0.0, 0.0, 0.6666666666666667, 0.0
0.05, 0.0, 0.0, 0.4, 0.0
0.08333333333333333, 0.0, 0.0, 0.5, 0.0
0.21212121212121213, 0.0, 0.0, 0.6666666666666667, 0.0
0.1575757575757576, 0.0, 0.0, 0.6666666666666667, 0.0
0.14583333333333334, 0.0, 0.0, 0.6666666666666667, 0.0
0.07407407407407408, 0.0, 0.0, 0.6666666666666667, 0.0
0.06666666666666668, 0.0, 0.0, 0.6666666666666667, 0.0
0.0, 0.0, 0.0, 0.0, 0.0
0.0, 0.0, 0.0, 0.0, 0.0
0.0, 0.0, 0.0, 0.0, 0.0
0.08, 0.0, 0.0, 0.4, 0.0
0.05, 0.0, 0.0, 0.5, 0.0
0.044444444444444446, 0.0, 0.0, 0.4, 0.0
0.09375, 0.0, 0.0, 0.5, 0.0
0.0, 0.0, 0.0, 0.0, 0.0
0.08333333333333334, 0.0, 0.0, 0.6666666666666667, 0.0
0.08333333333333334, 0.0, 0.0, 0.6666666666666667, 0.0
0.16666666666666669, 0.0, 0.0, 0.6666666666666667, 0.0
0.09, 0.0, 0.0, 0.5, 0.0
0.1125, 0.0, 0.0, 0.5, 0.0
0.12121212121212123, 0.0, 0.0, 0.6666666666666667, 0.0
0.15151515151515152, 0.0, 0.0, 0.6666666666666667, 0.0
0.07142857142857142, 0.0, 0.0, 0.5, 0.0
0.038461538461538464, 0.0, 0.0, 0.5, 0.0
0.05, 0.0, 0.0, 0.5, 0.0
0.06666666666666667, 0.0, 0.0, 0.4, 0.0
0.23333333333333334, 0.0, 0.0, 0.6666666666666667, 0.0
0.0, 0.0, 0.0, 0.0, 0.0
0.2857142857142857, 0.5, 0.0, 0.5, 0.0
0.08333333333333333, 0.0, 0.0, 0.5, 0.0
0.08333333333333333, 0.0, 0.0, 0.5, 0.0
0.13333333333333336, 0.0, 0.0, 0.6666666666666667, 0.0
0.05, 0.0, 0.0, 0.5, 0.0
0.09090909090909091, 0.0, 0.0, 0.5, 0.0
0.15555555555555556, 0.0, 0.0, 0.5, 0.0
0.09696969696969698, 0.0, 0.0, 0.6666666666666667, 0.0
0.12222222222222223, 0.0, 0.0, 0.6666666666666667, 0.0
0.2, 0.0, 0.0, 0.5, 0.0
0.0, 0.0, 0.0, 0.0, 0.0
0.0, 0.0, 0.0, 0.0, 0.0
0.09722222222222222, 0.0, 0.0, 0.6666666666666667, 0.0
0.196969696969697, 0.0, 0.0, 0.6666666666666667, 0.0
0.08333333333333333, 0.0, 0.0, 0.5, 0.0
0.09722222222222222, 0.0, 0.0, 0.6666666666666667, 0.0
0.0, 0.0, 0.0, 0.0, 0.0
0.0, 0.0, 0.0, 0.0, 0.0
0.07142857142857142, 0.0, 0.0, 0.5, 0.0
0.09090909090909091, 0.0, 0.0, 0.5, 0.0
0.15555555555555556, 0.0, 0.0, 0.5, 0.0
0.060606060606060615, 0.0, 0.0, 0.6666666666666667, 0.0
0.05, 0.0, 0.0, 0.5, 0.0
0.3194444444444445, 0.25, 0.0, 0.6666666666666667, 0.0
0.0, 0.0, 0.0, 0.0, 0.0
0.15666666666666668, 0.0, 0.0, 0.6666666666666667, 0.0
0.12051282051282053, 0.0, 0.0, 0.6666666666666667, 0.0
0.060606060606060615, 0.0, 0.0, 0.6666666666666667, 0.0
0.15555555555555556, 0.0, 0.0, 0.5, 0.0
0.22820512820512823, 0.0, 0.0, 0.6666666666666667, 0.0
0.0625, 0.0, 0.0, 0.5, 0.0
0.19999999999999998, 0.0, 0.0, 0.5, 0.0
0.1, 0.0, 0.0, 0.4, 0.0
