0.75, 0.75, 0.75, 0.75, 0.0
0.7597222222222222, 0.75, 0.75, 0.8, 0.0
0.7505555555555555, 0.75, 0.7, 0.7777777777777778, 0.0
0.7708333333333333, 0.75, 0.75, 0.8888888888888888, 0.0
0.7506944444444444, 0.75, 0.7, 0.7777777777777778, 0.0
0.7717948717948719, 0.75, 0.7, 0.8888888888888888, 0.0
0.7694444444444445, 0.75, 0.75, 0.8888888888888888, 0.0
0.7847222222222222, 0.75, 0.75, 0.8888888888888888, 0.0
0.7805555555555556, 0.75, 0.75, 0.8888888888888888, 0.0
0.7602564102564103, 0.75, 0.75, 0.8, 0.0
0.7619047619047619, 0.75, 0.75, 0.7777777777777778, 0.0
0.7694444444444445, 0.75, 0.7, 0.8888888888888888, 0.0
0.7643518518518518, 0.75, 0.7, 0.8888888888888888, 0.0
0.7592592592592592, 0.75, 0.75, 0.7777777777777778, 0.0
0.7579365079365079, 0.75, 0.75, 0.7777777777777778, 0.0
0.7694444444444445, 0.75, 0.7, 0.8888888888888888, 0.0
0.765079365079365, 0.75, 0.75, 0.8, 0.0
0.7824074074074074, 0.7638888888888888, 0.75, 0.8888888888888888, 0.0
0.753968253968254, 0.75, 0.75, 0.7777777777777778, 0.0
0.7468253968253968, 0.75, 0.7, 0.7777777777777778, 0.0
0.7611111111111111, 0.75, 0.75, 0.7777777777777778, 0.0
0.75, 0.75, 0.75, 0.75, 0.0
0.7727272727272727, 0.75, 0.75, 0.8888888888888888, 0.0
0.7631944444444444, 0.75, 0.75, 0.8, 0.0
0.7505555555555555, 0.75, 0.7, 0.7777777777777778, 0.0
0.7468253968253968, 0.75, 0.7, 0.7777777777777778, 0.0
0.750462962962963, 0.75, 0.7, 0.7777777777777778, 0.0
0.7537037037037037, 0.75, 0.7, 0.7777777777777778, 0.0
0.7575757575757577, 0.75, 0.75, 0.7777777777777778, 0.0
0.7702020202020201, 0.7777777777777778, 0.75, 0.7777777777777778, 0.0
0.747979797979798, 0.75, 0.7, 0.8, 0.0
0.7611111111111111, 0.75, 0.75, 0.7777777777777778, 0.0
0.7566666666666669, 0.75, 0.7, 0.8888888888888888, 0.0
0.7611111111111111, 0.75, 0.75, 0.7777777777777778, 0.0
0.7606060606060606, 0.75, 0.7, 0.8888888888888888, 0.0
0.7692307692307694, 0.75, 0.75, 0.8888888888888888, 0.0
0.78125, 0.7777777777777778, 0.75, 0.8888888888888888, 0.0
0.7555555555555555, 0.75, 0.75, 0.7777777777777778, 0.0
0.7839506172839505, 0.75, 0.75, 0.8888888888888888, 0.0
0.7542735042735044, 0.75, 0.75, 0.7777777777777778, 0.0
0.7717948717948719, 0.75, 0.7, 0.8888888888888888, 0.0
0.7777777777777778, 0.75, 0.75, 0.8888888888888888, 0.0
0.7477777777777778, 0.75, 0.7, 0.7777777777777778, 0.0
0.75, 0.75, 0.75, 0.75, 0.0
0.7685185185185185, 0.75, 0.75, 0.8888888888888888, 0.0
0.7623456790123456, 0.75, 0.75, 0.7777777777777778, 0.0
0.7611111111111111, 0.75, 0.75, 0.7777777777777778, 0.0
0.7550505050505051, 0.75, 0.75, 0.7777777777777778, 0.0
0.7616666666666667, 0.75, 0.7, 0.8888888888888888, 0.0
0.7472222222222222, 0.75, 0.7, 0.7777777777777778, 0.0
0.7972222222222223, 0.7638888888888888, 0.75, 0.8888888888888888, 0.0
0.75, 0.75, 0.7, 0.8, 0.0
0.7633333333333335, 0.75, 0.7, 0.8888888888888888, 0.0
0.7744444444444444, 0.75, 0.75, 0.8888888888888888, 0.0
0.7626984126984127, 0.75, 0.7, 0.8888888888888888, 0.0
0.7546296296296297, 0.75, 0.75, 0.7777777777777778, 0.0
0.75, 0.75, 0.75, 0.75, 0.0
0.75, 0.75, 0.75, 0.75, 0.0
0.7481481481481481, 0.75, 0.7, 0.7777777777777778, 0.0
0.7851851851851852, 0.75, 0.7, 0.8888888888888888, 0.0
0.7444444444444445, 0.75, 0.7, 0.75, 0.0
0.7592592592592592, 0.75, 0.75, 0.7777777777777778, 0.0
0.8055555555555555, 0.7777777777777778, 0.75, 0.8888888888888888, 0.0
0.7738095238095237, 0.75, 0.75, 0.8888888888888888, 0.0
0.7555555555555555, 0.75, 0.75, 0.7777777777777778, 0.0
0.7649572649572651, 0.75, 0.75, 0.8888888888888888, 0.0
0.7638888888888888, 0.7638888888888888, 0.75, 0.7777777777777778, 0.0
0.75, 0.75, 0.5555555555555556, 0.8888888888888888, 0.0
0.7702020202020201, 0.75, 0.75, 0.8888888888888888, 0.0
0.75, 0.75, 0.75, 0.75, 0.0
0.7648148148148147, 0.75, 0.7, 0.8888888888888888, 0.0
0.7631313131313131, 0.75, 0.7, 0.8888888888888888, 0.0
0.753030303030303, 0.75, 0.7, 0.7777777777777778, 0.0
0.7546296296296298, 0.75, 0.75, 0.7777777777777778, 0.0
0.7592592592592592, 0.75, 0.75, 0.7777777777777778, 0.0
0.7619047619047619, 0.75, 0.75, 0.7777777777777778, 0.0
0.7505050505050506, 0.75, 0.7, 0.7777777777777778, 0.0
0.75, 0.75, 0.75, 0.75, 0.0
0.7579365079365079, 0.75, 0.75, 0.7777777777777778, 0.0
0.7527777777777778, 0.75, 0.75, 0.7777777777777778, 0.0
0.7638888888888888, 0.7638888888888888, 0.75, 0.7777777777777778, 0.0
0.75, 0.75, 0.75, 0.75, 0.0
0.7777777777777777, 0.75, 0.75, 0.8888888888888888, 0.0
0.7533333333333333, 0.75, 0.7, 0.7777777777777778, 0.0
0.7708333333333333, 0.75, 0.75, 0.8888888888888888, 0.0
0.7509259259259261, 0.75, 0.7, 0.7777777777777778, 0.0
0.7638888888888888, 0.7638888888888888, 0.75, 0.7777777777777778, 0.0
0.7579365079365079, 0.75, 0.75, 0.7777777777777778, 0.0
0.7506944444444444, 0.75, 0.7, 0.7777777777777778, 0.0
0.7592592592592592, 0.75, 0.75, 0.7777777777777778, 0.0
0.7685185185185185, 0.7777777777777778, 0.75, 0.7777777777777778, 0.0
0.7606060606060606, 0.75, 0.7, 0.8888888888888888, 0.0
0.7555555555555556, 0.75, 0.7, 0.8888888888888888, 0.0
0.7592592592592592, 0.75, 0.75, 0.7777777777777778, 0.0
0.7643518518518518, 0.75, 0.7, 0.8888888888888888, 0.0
0.7529914529914531, 0.75, 0.7, 0.8888888888888888, 0.0
0.7611111111111111, 0.75, 0.75, 0.7777777777777778, 0.0
0.7450617283950618, 0.75, 0.7, 0.7777777777777778, 0.0
0.7575757575757577, 0.75, 0.75, 0.7777777777777778, 0.0
0.7320987654320987, 0.75, 0.5555555555555556, 0.7777777777777778, 0.0
