0.7907407407407406, 0.7777777777777778, 0.75, 0.8888888888888888, 0.0
0.7604166666666666, 0.75, 0.75, 0.7777777777777778, 0.0
0.7534722222222222, 0.75, 0.75, 0.7777777777777778, 0.0
0.7595959595959596, 0.75, 0.75, 0.8, 0.0
0.75, 0.75, 0.75, 0.75, 0.0
0.7569444444444444, 0.75, 0.75, 0.7777777777777778, 0.0
0.7638888888888888, 0.7638888888888888, 0.75, 0.7777777777777778, 0.0
0.7527777777777779, 0.75, 0.7, 0.7777777777777778, 0.0
0.7482905982905983, 0.75, 0.7, 0.7777777777777778, 0.0
0.7509259259259259, 0.75, 0.7, 0.7777777777777778, 0.0
0.7777777777777778, 0.75, 0.75, 0.8888888888888888, 0.0
0.8194444444444444, 0.8194444444444444, 0.75, 0.8888888888888888, 0.0
0.7597222222222222, 0.75, 0.75, 0.8, 0.0
0.7600000000000002, 0.75, 0.7, 0.8888888888888888, 0.0
0.7592592592592592, 0.75, 0.75, 0.7777777777777778, 0.0
0.7666666666666668, 0.75, 0.75, 0.8888888888888888, 0.0
0.7666666666666666, 0.75, 0.75, 0.8888888888888888, 0.0
0.7749999999999999, 0.7777777777777778, 0.7, 0.8888888888888888, 0.0
0.7803030303030304, 0.75, 0.75, 0.8888888888888888, 0.0
0.7606060606060606, 0.75, 0.7, 0.8888888888888888, 0.0
0.7507936507936508, 0.75, 0.7, 0.7777777777777778, 0.0
0.7694444444444445, 0.75, 0.75, 0.8888888888888888, 0.0
0.7555555555555555, 0.75, 0.75, 0.7777777777777778, 0.0
0.7561728395061729, 0.75, 0.75, 0.7777777777777778, 0.0
0.7611111111111111, 0.75, 0.75, 0.7777777777777778, 0.0
0.7506944444444444, 0.75, 0.7, 0.7777777777777778, 0.0
0.7649572649572651, 0.75, 0.75, 0.8888888888888888, 0.0
0.7569444444444444, 0.75, 0.75, 0.7777777777777778, 0.0
0.7506172839506173, 0.75, 0.7, 0.7777777777777778, 0.0
0.7777777777777778, 0.75, 0.75, 0.8888888888888888, 0.0
0.7539682539682541, 0.75, 0.5555555555555556, 0.8888888888888888, 0.0
0.7533333333333333, 0.75, 0.7, 0.7777777777777778, 0.0
0.7777777777777778, 0.75, 0.75, 0.8888888888888888, 0.0
0.7333333333333334, 0.75, 0.7, 0.75, 0.0
0.7619047619047619, 0.75, 0.75, 0.7777777777777778, 0.0
0.7617283950617284, 0.75, 0.75, 0.8, 0.0
0.75, 0.75, 0.75, 0.75, 0.0
0.7976190476190477, 0.7777777777777778, 0.75, 0.8888888888888888, 0.0
0.7555555555555555, 0.75, 0.75, 0.7777777777777778, 0.0
0.7743055555555556, 0.75, 0.75, 0.8888888888888888, 0.0
0.7546296296296297, 0.75, 0.75, 0.7777777777777778, 0.0
0.750793650793651, 0.75, 0.7, 0.7777777777777778, 0.0
0.7666666666666666, 0.75, 0.75, 0.8888888888888888, 0.0
0.7555555555555555, 0.75, 0.75, 0.7777777777777778, 0.0
0.7579365079365079, 0.75, 0.75, 0.7777777777777778, 0.0
0.7731481481481483, 0.75, 0.75, 0.8888888888888888, 0.0
0.7658730158730158, 0.7777777777777778, 0.75, 0.7777777777777778, 0.0
0.7579365079365081, 0.75, 0.75, 0.7777777777777778, 0.0
0.7611111111111111, 0.75, 0.75, 0.7777777777777778, 0.0
0.750462962962963, 0.75, 0.7, 0.7777777777777778, 0.0
0.7619047619047619, 0.75, 0.75, 0.7777777777777778, 0.0
0.7755555555555557, 0.75, 0.7, 0.8888888888888888, 0.0
0.747979797979798, 0.75, 0.7, 0.7777777777777778, 0.0
0.7592592592592592, 0.75, 0.75, 0.7777777777777778, 0.0
0.753968253968254, 0.75, 0.75, 0.7777777777777778, 0.0
0.7857142857142857, 0.7777777777777778, 0.75, 0.8888888888888888, 0.0
0.7681818181818181, 0.75, 0.7, 0.8888888888888888, 0.0
0.7555555555555555, 0.75, 0.75, 0.7777777777777778, 0.0
0.7962962962962963, 0.75, 0.75, 0.8888888888888888, 0.0
0.7467592592592593, 0.75, 0.7, 0.7777777777777778, 0.0
0.7569444444444444, 0.75, 0.75, 0.7777777777777778, 0.0
0.7777777777777778, 0.75, 0.75, 0.8888888888888888, 0.0
0.7896825396825398, 0.75, 0.75, 0.8888888888888888, 0.0
0.757070707070707, 0.75, 0.75, 0.8, 0.0
0.7592592592592592, 0.75, 0.75, 0.7777777777777778, 0.0
0.7836805555555557, 0.75, 0.7, 0.8888888888888888, 0.0
0.7670370370370371, 0.75, 0.7, 0.8888888888888888, 0.0
0.7658730158730158, 0.7777777777777778, 0.75, 0.7777777777777778, 0.0
0.7375, 0.75, 0.7, 0.75, 0.0
0.7505050505050506, 0.75, 0.7, 0.7777777777777778, 0.0
0.7708333333333333, 0.75, 0.75, 0.8888888888888888, 0.0
0.7525252525252526, 0.75, 0.75, 0.7777777777777778, 0.0
0.75, 0.75, 0.75, 0.75, 0.0
0.75, 0.75, 0.75, 0.75, 0.0
0.7546296296296297, 0.75, 0.75, 0.7777777777777778, 0.0
0.7777777777777777, 0.75, 0.75, 0.8888888888888888, 0.0
0.763888888888889, 0.75, 0.75, 0.8888888888888888, 0.0
0.747979797979798, 0.75, 0.7, 0.8, 0.0
0.7550505050505051, 0.75, 0.75, 0.7777777777777778, 0.0
0.775, 0.775, 0.75, 0.8, 0.0
0.7676767676767677, 0.75, 0.75, 0.8888888888888888, 0.0
0.7521367521367522, 0.75, 0.7, 0.8, 0.0
0.7505555555555555, 0.75, 0.7, 0.7777777777777778, 0.0
0.773809523809524, 0.75, 0.7, 0.8888888888888888, 0.0
0.7569444444444444, 0.75, 0.75, 0.7777777777777778, 0.0
0.75, 0.75, 0.75, 0.75, 0.0
0.7592592592592592, 0.75, 0.75, 0.7777777777777778, 0.0
0.7819444444444446, 0.75, 0.7, 0.8888888888888888, 0.0
0.7716049382716049, 0.75, 0.75, 0.8888888888888888, 0.0
0.7505555555555555, 0.75, 0.7, 0.7777777777777778, 0.0
0.7477777777777778, 0.75, 0.7, 0.7777777777777778, 0.0
0.7569444444444444, 0.75, 0.7, 0.8, 0.0
0.8055555555555556, 0.75, 0.75, 0.8888888888888888, 0.0
0.7604166666666666, 0.75, 0.75, 0.7777777777777778, 0.0
0.75, 0.75, 0.75, 0.75, 0.0
0.7505555555555555, 0.75, 0.7, 0.7777777777777778, 0.0
0.7631313131313131, 0.75, 0.7, 0.8888888888888888, 0.0
0.7660493827160493, 0.75, 0.7, 0.8888888888888888, 0.0
0.7575757575757577, 0.75, 0.75, 0.7777777777777778, 0.0
0.7555555555555556, 0.75, 0.7, 0.7777777777777778, 0.0
