0.4656539420175788, 0.5, 0.0, 0.6666666666666667, 0.0
0.48304730983302463, 0.5, 0.0, 0.6363636363636364, 0.0
0.463918634971267, 0.5, 0.0, 0.6363636363636364, 0.0
0.4640043290043294, 0.5, 0.0, 0.7, 0.0
0.47207070707070736, 0.5, 0.0, 0.6666666666666667, 0.0
0.4873712057922589, 0.5, 0.0, 0.7, 0.0
0.46871893538560244, 0.5, 0.0, 0.6666666666666667, 0.0
0.4900838744588749, 0.5, 0.0, 0.7, 0.0
0.46834858014103337, 0.5, 0.0, 0.6363636363636364, 0.0
0.4564517353991043, 0.5, 0.0, 0.75, 0.0
0.46537977174340844, 0.5, 0.0, 0.7, 0.0
0.47142599464028084, 0.5, 0.0, 0.6363636363636364, 0.0
0.4715354604243497, 0.5, 0.19999999999999996, 0.6363636363636364, 0.0
0.4837858535226961, 0.5, 0.0, 0.6666666666666667, 0.0
0.48957936507936545, 0.5, 0.0, 0.7, 0.0
0.4938109161793378, 0.5, 0.25, 0.6666666666666667, 0.0
0.48862390135117456, 0.5, 0.0, 0.6666666666666667, 0.0
0.4778030935925677, 0.5, 0.0, 0.8, 0.0
0.4553397167803951, 0.5, 0.0, 0.75, 0.0
0.48942937023294203, 0.5, 0.0, 0.6666666666666667, 0.0
0.47249858276644036, 0.5, 0.19999999999999996, 0.6666666666666667, 0.0
0.4711515666872814, 0.5, 0.19999999999999996, 0.6363636363636364, 0.0
0.4823422191843249, 0.5, 0.0, 0.6363636363636364, 0.0
0.45529543555859386, 0.5, 0.0, 0.6666666666666667, 0.0
0.48518012202222777, 0.5, 0.0, 0.6666666666666667, 0.0
0.4624826066790356, 0.5, 0.0, 0.6363636363636364, 0.0
0.43916813639035895, 0.4642857142857143, 0.0, 0.6666666666666667, 0.0
0.4361016176805655, 0.5, 0.0, 0.6363636363636364, 0.0
0.47991677862367565, 0.5, 0.19999999999999996, 0.7, 0.0
0.44785451921815594, 0.5, 0.0, 0.6363636363636364, 0.0
0.47512239744382645, 0.5, 0.0, 0.6666666666666667, 0.0
0.4662429378531079, 0.5, 0.0, 0.625, 0.0
0.44627120963327904, 0.5, 0.0, 0.625, 0.0
0.4522012213976504, 0.4642857142857143, 0.0, 0.6666666666666667, 0.0
0.46242937853107396, 0.5, 0.0, 0.6, 0.0
0.4788947163947168, 0.5, 0.0, 0.6923076923076923, 0.0
0.5056053142260043, 0.5, 0.0, 0.7, 0.0
0.4700894412101313, 0.5, 0.0, 0.6363636363636364, 0.0
0.4673301896516187, 0.5, 0.0, 0.6363636363636364, 0.0
0.4749875377148109, 0.5, 0.0, 0.6666666666666667, 0.0
0.4814980158730164, 0.5, 0.0, 0.6666666666666667, 0.0
0.4661690799621839, 0.5, 0.0, 0.6666666666666667, 0.0
0.46182002863037397, 0.5, 0.0, 0.6923076923076923, 0.0
0.45872762714868015, 0.5, 0.25, 0.6666666666666667, 0.0
0.45662237950373585, 0.4285714285714286, 0.19999999999999996, 0.6923076923076923, 0.0
0.4606340498581882, 0.5, 0.0, 0.6666666666666667, 0.0
0.4934045973519663, 0.5, 0.25, 0.6363636363636364, 0.0
0.48958152958153006, 0.5, 0.0, 0.7, 0.0
0.46078509967398906, 0.5, 0.0, 0.6666666666666667, 0.0
0.47048527604083207, 0.5, 0.0, 0.6363636363636364, 0.0
0.47842712842712887, 0.5, 0.0, 0.6666666666666667, 0.0
0.5157427394034542, 0.5277777777777778, 0.0, 0.6923076923076923, 0.0
0.49904559378243646, 0.5, 0.33333333333333337, 0.7, 0.0
0.5045963461142037, 0.5, 0.0, 0.6666666666666667, 0.0
0.4771159396159399, 0.5, 0.0, 0.6666666666666667, 0.0
0.49147322983529923, 0.5, 0.0, 0.7272727272727273, 0.0
0.4410624098124103, 0.4285714285714286, 0.19999999999999996, 0.6363636363636364, 0.0
0.4722295708406823, 0.5, 0.0, 0.7, 0.0
0.4622617148932942, 0.5, 0.0, 0.6363636363636364, 0.0
0.511108438886217, 0.5, 0.25, 0.7, 0.0
0.4799035812672181, 0.5, 0.0, 0.6666666666666667, 0.0
0.4773398447127265, 0.5, 0.0, 0.7, 0.0
0.47959376932591263, 0.5, 0.0, 0.6666666666666667, 0.0
0.4584129472060512, 0.5, 0.0, 0.6666666666666667, 0.0
0.4549502966169636, 0.5, 0.0, 0.6363636363636364, 0.0
0.514129174397032, 0.5555555555555556, 0.0, 0.75, 0.0
0.48334472544998913, 0.5, 0.0, 0.6666666666666667, 0.0
0.47158966512414824, 0.5, 0.0, 0.7, 0.0
0.4650903710225749, 0.5, 0.0, 0.7, 0.0
0.44122392758756435, 0.4285714285714286, 0.0, 0.6363636363636364, 0.0
0.47591244961934653, 0.5, 0.0, 0.7272727272727273, 0.0
0.4941863213414943, 0.5, 0.19999999999999996, 0.6363636363636364, 0.0
0.5006163328197231, 0.5, 0.25, 0.7, 0.0
0.46422799422799466, 0.5, 0.0, 0.625, 0.0
0.4826363121005984, 0.5, 0.19999999999999996, 0.6666666666666667, 0.0
0.4947908891874414, 0.5, 0.0, 0.6666666666666667, 0.0
0.46519677292404604, 0.5, 0.0, 0.6666666666666667, 0.0
0.45870901129521857, 0.5, 0.0, 0.6666666666666667, 0.0
0.4970897284533653, 0.5, 0.0, 0.6666666666666667, 0.0
0.4734102526475412, 0.5, 0.0, 0.6666666666666667, 0.0
0.48903698640540794, 0.5, 0.25, 0.6363636363636364, 0.0
0.505939497010926, 0.5, 0.0, 0.6666666666666667, 0.0
0.4697134249765833, 0.5, 0.0, 0.7272727272727273, 0.0
0.4991966862502582, 0.5, 0.25, 0.7142857142857143, 0.0
0.43995370370370424, 0.4285714285714286, 0.0, 0.6666666666666667, 0.0
0.4788861521620148, 0.5, 0.19999999999999996, 0.6666666666666667, 0.0
0.4610638890299911, 0.5, 0.19999999999999996, 0.7272727272727273, 0.0
0.477796799160436, 0.5, 0.33333333333333337, 0.6666666666666667, 0.0
0.4637445887445891, 0.5, 0.0, 0.6666666666666667, 0.0
0.49416043552407235, 0.5, 0.0, 0.6363636363636364, 0.0
0.467757936507937, 0.5, 0.0, 0.6666666666666667, 0.0
0.4839052866325598, 0.5, 0.0, 0.7, 0.0
0.49917224189951515, 0.5, 0.19999999999999996, 0.6666666666666667, 0.0
0.45814283182704285, 0.5, 0.0, 0.6666666666666667, 0.0
0.4625081988718356, 0.5, 0.0, 0.7, 0.0
0.44914708307565493, 0.5, 0.0, 0.6666666666666667, 0.0
0.4258563074352552, 0.4285714285714286, 0.0, 0.6, 0.0
0.44149451912609844, 0.5, 0.0, 0.7, 0.0
0.5149704840613937, 0.5, 0.33333333333333337, 0.6666666666666667, 0.0
0.4679445789615287, 0.5, 0.0, 0.6, 0.0
