0.5024188617408961, 0.5, 0.0, 0.6666666666666667, 0.0
0.47682843472317205, 0.5, 0.0, 0.6666666666666667, 0.0
0.48827499129223323, 0.5555555555555556, 0.25, 0.6363636363636364, 0.0
0.47917675544794247, 0.5, 0.19999999999999996, 0.6666666666666667, 0.0
0.5104825729825734, 0.5555555555555556, 0.0, 0.6666666666666667, 0.0
0.5143391826427545, 0.5, 0.0, 0.6666666666666667, 0.0
0.4838620192068473, 0.5, 0.19999999999999996, 0.6363636363636364, 0.0
0.501943542568543, 0.5, 0.0, 0.6666666666666667, 0.0
0.494318826015255, 0.5, 0.0, 0.6363636363636364, 0.0
0.5131920710868084, 0.5, 0.25, 0.6666666666666667, 0.0
0.5110716957939184, 0.5555555555555556, 0.0, 0.6363636363636364, 0.0
0.45805391578118876, 0.5555555555555556, 0.0, 0.7, 0.0
0.48466748768472956, 0.5277777777777778, 0.0, 0.6666666666666667, 0.0
0.4828797231575014, 0.5, 0.25, 0.6363636363636364, 0.0
0.5154545454545458, 0.5555555555555556, 0.25, 0.7, 0.0
0.5212430426716145, 0.5555555555555556, 0.0, 0.6666666666666667, 0.0
0.48872013109301293, 0.5, 0.0, 0.6666666666666667, 0.0
0.48076951783848376, 0.5555555555555556, 0.0, 0.7, 0.0
0.4696693121693127, 0.5, 0.0, 0.6, 0.0
0.45537255673619353, 0.5, 0.0, 0.6363636363636364, 0.0
0.5110499601408697, 0.5555555555555556, 0.33333333333333337, 0.6923076923076923, 0.0
0.48216338259441766, 0.5, 0.25, 0.6666666666666667, 0.0
0.47143043737871376, 0.5, 0.25, 0.6666666666666667, 0.0
0.5018833656764696, 0.5, 0.25, 0.6666666666666667, 0.0
0.484016791289519, 0.5, 0.0, 0.7272727272727273, 0.0
0.49632659007659047, 0.5277777777777778, 0.0, 0.6666666666666667, 0.0
0.46681656466139265, 0.5, 0.0, 0.6363636363636364, 0.0
0.4949214365881036, 0.5, 0.19999999999999996, 0.7, 0.0
0.4817921276254613, 0.5, 0.0, 0.6666666666666667, 0.0
0.501929370232942, 0.5555555555555556, 0.0, 0.6666666666666667, 0.0
0.5095984475294826, 0.5, 0.33333333333333337, 0.6666666666666667, 0.0
0.4862636388952183, 0.5, 0.0, 0.6363636363636364, 0.0
0.45768336070060245, 0.5, 0.0, 0.7, 0.0
0.4774698960043793, 0.5, 0.0, 0.6666666666666667, 0.0
0.48391053391053424, 0.5, 0.0, 0.6666666666666667, 0.0
0.48656204906204953, 0.5, 0.19999999999999996, 0.6363636363636364, 0.0
0.48666935700834063, 0.5, 0.25, 0.6, 0.0
0.4780929596719075, 0.5, 0.19999999999999996, 0.6363636363636364, 0.0
0.5133085238348402, 0.5555555555555556, 0.25, 0.6666666666666667, 0.0
0.4695220974881996, 0.5, 0.0, 0.6666666666666667, 0.0
0.4694605493712641, 0.5, 0.0, 0.6666666666666667, 0.0
0.46490672026386354, 0.5, 0.0, 0.6666666666666667, 0.0
0.47899313330347865, 0.5, 0.0, 0.6666666666666667, 0.0
0.49033382292310906, 0.5, 0.0, 0.6363636363636364, 0.0
0.4634068237841827, 0.5, 0.0, 0.6923076923076923, 0.0
0.4798988562877456, 0.5, 0.0, 0.6666666666666667, 0.0
0.5013218923933215, 0.5, 0.0, 0.6666666666666667, 0.0
0.4824115539632786, 0.5, 0.0, 0.6666666666666667, 0.0
0.48411714548078233, 0.5, 0.0, 0.6666666666666667, 0.0
0.48861469914101546, 0.5, 0.19999999999999996, 0.6923076923076923, 0.0
0.4874123439912918, 0.5, 0.0, 0.6666666666666667, 0.0
0.4740246379135272, 0.5, 0.0, 0.6666666666666667, 0.0
0.49444444444444496, 0.5, 0.19999999999999996, 0.625, 0.0
0.4761851317406877, 0.5, 0.0, 0.6666666666666667, 0.0
0.4839163316841893, 0.5, 0.0, 0.6363636363636364, 0.0
0.515446335273922, 0.5555555555555556, 0.0, 0.6363636363636364, 0.0
0.49034863945578283, 0.5, 0.0, 0.6666666666666667, 0.0
0.44146244527600503, 0.5, 0.0, 0.6666666666666667, 0.0
0.49784669353634925, 0.5277777777777778, 0.0, 0.6666666666666667, 0.0
0.4938567493112952, 0.5, 0.19999999999999996, 0.6363636363636364, 0.0
0.4963100391671825, 0.5555555555555556, 0.0, 0.6666666666666667, 0.0
0.5204632301854528, 0.5555555555555556, 0.0, 0.6666666666666667, 0.0
0.5171090605301136, 0.5555555555555556, 0.0, 0.6666666666666667, 0.0
0.48452132159028766, 0.5, 0.0, 0.6363636363636364, 0.0
0.46143889635268986, 0.5, 0.0, 0.6363636363636364, 0.0
0.4930625871303842, 0.5, 0.0, 0.6666666666666667, 0.0
0.4804523063143757, 0.5, 0.0, 0.6666666666666667, 0.0
0.4679058758006132, 0.5, 0.25, 0.6, 0.0
0.48588177695320606, 0.5, 0.19999999999999996, 0.6666666666666667, 0.0
0.4820190824501174, 0.5, 0.0, 0.6363636363636364, 0.0
0.5048846864636344, 0.5, 0.19999999999999996, 0.6363636363636364, 0.0
0.5075146134468174, 0.5, 0.25, 0.6666666666666667, 0.0
0.5078384091541991, 0.5555555555555556, 0.19999999999999996, 0.6363636363636364, 0.0
0.49940911578842667, 0.5, 0.25, 0.6666666666666667, 0.0
0.48157894736842155, 0.5, 0.25, 0.625, 0.0
0.484134070294785, 0.5, 0.0, 0.7, 0.0
0.4862592764378482, 0.5277777777777778, 0.0, 0.7, 0.0
0.5157757421150283, 0.5555555555555556, 0.25, 0.6666666666666667, 0.0
0.4693227676278528, 0.5, 0.0, 0.6666666666666667, 0.0
0.4807405221041589, 0.5, 0.0, 0.6666666666666667, 0.0
0.47896825396825443, 0.5, 0.0, 0.6666666666666667, 0.0
0.4674925951241745, 0.5, 0.0, 0.6363636363636364, 0.0
0.5107418375275523, 0.5555555555555556, 0.19999999999999996, 0.6923076923076923, 0.0
0.4997285200675037, 0.5, 0.0, 0.6666666666666667, 0.0
0.4904807818444185, 0.5, 0.0, 0.7142857142857143, 0.0
0.49168011837503417, 0.5, 0.0, 0.6666666666666667, 0.0
0.5259049858187793, 0.5555555555555556, 0.25, 0.6666666666666667, 0.0
0.4687451899951905, 0.5, 0.0, 0.6666666666666667, 0.0
0.4968767578937075, 0.5, 0.0, 0.7, 0.0
0.46479276895943605, 0.5, 0.0, 0.625, 0.0
0.5095972253866995, 0.5, 0.19999999999999996, 0.6666666666666667, 0.0
0.49205860053317735, 0.5, 0.0, 0.6666666666666667, 0.0
0.46831065759637236, 0.5, 0.0, 0.7, 0.0
0.45745836084819175, 0.5, 0.0, 0.6666666666666667, 0.0
0.49951203766993285, 0.5555555555555556, 0.0, 0.6666666666666667, 0.0
0.4756266367377482, 0.5, 0.25, 0.6363636363636364, 0.0
0.5218768371546154, 0.5555555555555556, 0.25, 0.6666666666666667, 0.0
0.4610796274432642, 0.5, 0.0, 0.7, 0.0
0.4738591269841274, 0.5, 0.0, 0.6666666666666667, 0.0
0.4722949942777534, 0.5, 0.0, 0.7142857142857143, 0.0
