0.4390277777777781, 0.5, 0.0, 0.6666666666666667, 0.0
0.4151533494753837, 0.4285714285714286, 0.0, 0.625, 0.0
0.4176486413774553, 0.4285714285714286, 0.0, 0.6, 0.0
0.4043253968253972, 0.4285714285714286, 0.0, 0.6, 0.0
0.40686391981034864, 0.4285714285714286, 0.0, 0.6363636363636364, 0.0
0.41605889402499613, 0.4285714285714286, 0.0, 0.6666666666666667, 0.0
0.4328894269572239, 0.5, 0.0, 0.6, 0.0
0.42465698143664293, 0.4285714285714286, 0.0, 0.6666666666666667, 0.0
0.43447000269034197, 0.5, 0.0, 0.625, 0.0
0.43551935394040686, 0.5, 0.0, 0.6, 0.0
0.45534416850206366, 0.5, 0.0, 0.6363636363636364, 0.0
0.4037566137566141, 0.4285714285714286, 0.0, 0.6666666666666667, 0.0
0.4358286252354054, 0.4285714285714286, 0.0, 0.625, 0.0
0.40148100907029516, 0.4285714285714286, 0.0, 0.625, 0.0
0.45860236750067296, 0.5, 0.0, 0.625, 0.0
0.414550264550265, 0.4285714285714286, 0.0, 0.6666666666666667, 0.0
0.43230740993898925, 0.5, 0.0, 0.6666666666666667, 0.0
0.42385281385281415, 0.5, 0.0, 0.625, 0.0
0.3970828979449672, 0.4285714285714286, 0.0, 0.6363636363636364, 0.0
0.4525020177562555, 0.5, 0.0, 0.6666666666666667, 0.0
0.45082785987958435, 0.5, 0.0, 0.625, 0.0
0.42453475643130856, 0.4285714285714286, 0.0, 0.6, 0.0
0.41952654625068453, 0.4285714285714286, 0.0, 0.6, 0.0
0.43242115027829353, 0.5, 0.0, 0.6363636363636364, 0.0
0.42571377035662783, 0.4285714285714286, 0.0, 0.7272727272727273, 0.0
0.47931799838579536, 0.5, 0.25, 0.6666666666666667, 0.0
0.435461127566391, 0.5, 0.0, 0.6363636363636364, 0.0
0.41331719128329336, 0.5, 0.0, 0.7, 0.0
0.43186234263820505, 0.4285714285714286, 0.0, 0.6666666666666667, 0.0
0.4470743853096797, 0.5, 0.0, 0.625, 0.0
0.37754515599343214, 0.4142857142857143, 0.0, 0.6666666666666667, 0.0
0.4603679653679657, 0.5, 0.0, 0.6666666666666667, 0.0
0.4318355751391469, 0.5, 0.0, 0.6363636363636364, 0.0
0.41434343434343457, 0.4285714285714286, 0.0, 0.6, 0.0
0.4334925610787684, 0.4285714285714286, 0.0, 0.7, 0.0
0.40568761595547337, 0.4285714285714286, 0.0, 0.6363636363636364, 0.0
0.4398457945068119, 0.5, 0.0, 0.6666666666666667, 0.0
0.4562238930659987, 0.5, 0.0, 0.7, 0.0
0.4528752436647176, 0.5, 0.0, 0.625, 0.0
0.40826491516146723, 0.4285714285714286, 0.0, 0.6, 0.0
0.4049690252276463, 0.4285714285714286, 0.0, 0.6666666666666667, 0.0
0.4030582922824305, 0.4285714285714286, 0.0, 0.7, 0.0
0.43175287356321884, 0.5, 0.0, 0.6666666666666667, 0.0
0.4231663929939795, 0.4285714285714286, 0.0, 0.6, 0.0
0.4537986380091647, 0.5, 0.0, 0.6363636363636364, 0.0
0.4492200328407229, 0.5, 0.0, 0.6, 0.0
0.4202868281815654, 0.5, 0.0, 0.7, 0.0
0.42720306513409995, 0.5, 0.0, 0.6666666666666667, 0.0
0.4004378762999455, 0.4285714285714286, 0.0, 0.6666666666666667, 0.0
0.39957279562542747, 0.4285714285714286, 0.0, 0.6363636363636364, 0.0
0.44107427660059273, 0.5, 0.0, 0.6363636363636364, 0.0
0.42127387678235173, 0.4285714285714286, 0.0, 0.625, 0.0
0.423214285714286, 0.4642857142857143, 0.0, 0.6, 0.0
0.4390698969646341, 0.5, 0.0, 0.625, 0.0
0.41235032024505747, 0.5, 0.0, 0.5714285714285714, 0.0
0.43089857411891347, 0.5, 0.0, 0.6, 0.0
0.4417406510626853, 0.4285714285714286, 0.19999999999999996, 0.6666666666666667, 0.0
0.43471213344094745, 0.4285714285714286, 0.0, 0.625, 0.0
0.40672928262214014, 0.4285714285714286, 0.0, 0.6666666666666667, 0.0
0.41448507632718185, 0.4285714285714286, 0.0, 0.6363636363636364, 0.0
0.4424261083743845, 0.5, 0.0, 0.625, 0.0
0.42967836257309966, 0.5, 0.0, 0.625, 0.0
0.4079365079365083, 0.4285714285714286, 0.0, 0.6, 0.0
0.4468671679197998, 0.5, 0.0, 0.8, 0.0
0.42408319649698994, 0.4285714285714286, 0.0, 0.6666666666666667, 0.0
0.4297796365592979, 0.4285714285714286, 0.0, 0.6363636363636364, 0.0
0.41578407224958985, 0.4285714285714286, 0.0, 0.625, 0.0
0.44363686995265983, 0.4285714285714286, 0.0, 0.7, 0.0
0.39673123486682843, 0.4285714285714286, 0.0, 0.6, 0.0
0.4508071025020181, 0.5, 0.0, 0.7, 0.0
0.4355300453514742, 0.5, 0.0, 0.6, 0.0
0.44841269841269865, 0.5, 0.0, 0.625, 0.0
0.45990695128626213, 0.5, 0.0, 0.7142857142857143, 0.0
0.44833994708994745, 0.5, 0.0, 0.6666666666666667, 0.0
0.39373289545703366, 0.4285714285714286, 0.0, 0.6666666666666667, 0.0
0.44542606516290767, 0.5, 0.0, 0.625, 0.0
0.44258752942963503, 0.5, 0.0, 0.6363636363636364, 0.0
0.4303607503607508, 0.4285714285714286, 0.0, 0.6666666666666667, 0.0
0.42335216572504736, 0.5, 0.0, 0.6, 0.0
0.4484054834054838, 0.5, 0.0, 0.6666666666666667, 0.0
0.4038227513227515, 0.4285714285714286, 0.0, 0.6, 0.0
0.43956147430723735, 0.5, 0.0, 0.6666666666666667, 0.0
0.44891713747646, 0.5, 0.0, 0.625, 0.0
0.4255385487528348, 0.4642857142857143, 0.0, 0.7, 0.0
0.4357075598601026, 0.5, 0.0, 0.6666666666666667, 0.0
0.4255847953216377, 0.4285714285714286, 0.0, 0.625, 0.0
0.44553403282216875, 0.5, 0.0, 0.625, 0.0
0.4459608843537418, 0.5, 0.0, 0.625, 0.0
0.4222639933166253, 0.4285714285714286, 0.0, 0.6, 0.0
0.45483344339276577, 0.5, 0.0, 0.6666666666666667, 0.0
0.43983057172712375, 0.5, 0.0, 0.6363636363636364, 0.0
0.4329634113532422, 0.5, 0.0, 0.625, 0.0
0.42651643990929733, 0.4642857142857143, 0.0, 0.6, 0.0
0.42790103415103437, 0.4285714285714286, 0.0, 0.7, 0.0
0.4115550174872211, 0.4285714285714286, 0.0, 0.625, 0.0
0.41480115929268496, 0.4285714285714286, 0.0, 0.6363636363636364, 0.0
0.4535781544256125, 0.5, 0.0, 0.6666666666666667, 0.0
0.4323780129335688, 0.5, 0.0, 0.7, 0.0
0.42429685324422195, 0.4285714285714286, 0.0, 0.625, 0.0
0.40345511767925596, 0.4285714285714286, 0.0, 0.625, 0.0
