0.01129943502824859, 0.0, 0.0, 0.6666666666666667, 0.0
0.020467836257309944, 0.0, 0.0, 0.6666666666666667, 0.0
0.0, 0.0, 0.0, 0.0, 0.0
0.0, 0.0, 0.0, 0.0, 0.0
0.019230769230769232, 0.0, 0.0, 0.5, 0.0
0.020833333333333336, 0.0, 0.0, 0.6666666666666667, 0.0
0.0, 0.0, 0.0, 0.0, 0.0
0.016071428571428573, 0.0, 0.0, 0.5, 0.0
0.017857142857142856, 0.0, 0.0, 0.5, 0.0
0.020467836257309944, 0.0, 0.0, 0.6666666666666667, 0.0
0.009259259259259259, 0.0, 0.0, 0.5, 0.0
0.007272727272727273, 0.0, 0.0, 0.4, 0.0
0.0, 0.0, 0.0, 0.0, 0.0
0.0, 0.0, 0.0, 0.0, 0.0
0.007272727272727273, 0.0, 0.0, 0.4, 0.0
0.02380952380952381, 0.0, 0.0, 0.6666666666666667, 0.0
0.0, 0.0, 0.0, 0.0, 0.0
0.0, 0.0, 0.0, 0.0, 0.0
0.0, 0.0, 0.0, 0.0, 0.0
0.0, 0.0, 0.0, 0.0, 0.0
0.00909090909090909, 0.0, 0.0, 0.5, 0.0
0.027011494252873566, 0.0, 0.0, 0.6666666666666667, 0.0
0.031609195402298854, 0.0, 0.0, 0.6666666666666667, 0.0
0.017241379310344827, 0.0, 0.0, 0.5, 0.0
0.007272727272727273, 0.0, 0.0, 0.4, 0.0
0.012820512820512822, 0.0, 0.0, 0.6666666666666667, 0.0
0.017241379310344827, 0.0, 0.0, 0.5, 0.0
0.0, 0.0, 0.0, 0.0, 0.0
0.0, 0.0, 0.0, 0.0, 0.0
0.026785714285714284, 0.0, 0.0, 0.5, 0.0
0.0, 0.0, 0.0, 0.0, 0.0
0.0, 0.0, 0.0, 0.0, 0.0
0.01149425287356322, 0.0, 0.0, 0.6666666666666667, 0.0
0.017241379310344827, 0.0, 0.0, 0.5, 0.0
0.007407407407407408, 0.0, 0.0, 0.4, 0.0
0.0, 0.0, 0.0, 0.0, 0.0
0.01694915254237288, 0.0, 0.0, 0.5, 0.0
0.0, 0.0, 0.0, 0.0, 0.0
0.011695906432748539, 0.0, 0.0, 0.6666666666666667, 0.0
0.006779661016949153, 0.0, 0.0, 0.4, 0.0
0.008928571428571428, 0.0, 0.0, 0.5, 0.0
0.030952380952380957, 0.0, 0.0, 0.6666666666666667, 0.0
0.015517241379310345, 0.0, 0.0, 0.5, 0.0
0.0, 0.0, 0.0, 0.0, 0.0
0.018867924528301886, 0.0, 0.0, 0.5, 0.0
0.03395061728395062, 0.0, 0.0, 0.6666666666666667, 0.0
0.017857142857142856, 0.0, 0.0, 0.5, 0.0
0.008620689655172414, 0.0, 0.0, 0.5, 0.0
0.012121212121212123, 0.0, 0.0, 0.6666666666666667, 0.0
0.015789473684210527, 0.0, 0.0, 0.5, 0.0
0.008771929824561403, 0.0, 0.0, 0.5, 0.0
0.01234567901234568, 0.0, 0.0, 0.6666666666666667, 0.0
0.0, 0.0, 0.0, 0.0, 0.0
0.02160493827160494, 0.0, 0.0, 0.6666666666666667, 0.0
0.0, 0.0, 0.0, 0.0, 0.0
0.0, 0.0, 0.0, 0.0, 0.0
0.039880952380952385, 0.0, 0.0, 0.6666666666666667, 0.0
0.01129943502824859, 0.0, 0.0, 0.6666666666666667, 0.0
0.015517241379310345, 0.0, 0.0, 0.5, 0.0
0.00909090909090909, 0.0, 0.0, 0.5, 0.0
0.020833333333333336, 0.0, 0.0, 0.6666666666666667, 0.0
0.04753086419753086, 0.0, 0.0, 0.6666666666666667, 0.0
0.008771929824561403, 0.0, 0.0, 0.5, 0.0
0.008620689655172414, 0.0, 0.0, 0.5, 0.0
0.006896551724137932, 0.0, 0.0, 0.4, 0.0
0.03389830508474576, 0.0, 0.0, 0.5, 0.0
0.0, 0.0, 0.0, 0.0, 0.0
0.0058479532163742695, 0.0, 0.0, 0.33333333333333337, 0.0
0.02619047619047619, 0.0, 0.0, 0.6666666666666667, 0.0
0.0, 0.0, 0.0, 0.0, 0.0
0.0, 0.0, 0.0, 0.0, 0.0
0.015254237288135594, 0.0, 0.0, 0.5, 0.0
0.008771929824561403, 0.0, 0.0, 0.5, 0.0
0.028735632183908046, 0.0, 0.0, 0.6666666666666667, 0.0
0.0, 0.0, 0.0, 0.0, 0.0
0.0, 0.0, 0.0, 0.0, 0.0
0.0, 0.0, 0.0, 0.0, 0.0
0.008928571428571428, 0.0, 0.0, 0.5, 0.0
0.01129943502824859, 0.0, 0.0, 0.6666666666666667, 0.0
0.021212121212121213, 0.0, 0.0, 0.6666666666666667, 0.0
0.0, 0.0, 0.0, 0.0, 0.0
0.015789473684210527, 0.0, 0.0, 0.5, 0.0
0.03273809523809524, 0.0, 0.0, 0.6666666666666667, 0.0
0.02824858757062147, 0.0, 0.0, 0.6666666666666667, 0.0
0.03333333333333333, 0.0, 0.0, 0.6666666666666667, 0.0
0.01129943502824859, 0.0, 0.0, 0.6666666666666667, 0.0
0.018390804597701153, 0.0, 0.0, 0.6666666666666667, 0.0
0.0, 0.0, 0.0, 0.0, 0.0
0.013559322033898306, 0.0, 0.0, 0.4, 0.0
0.0, 0.0, 0.0, 0.0, 0.0
0.020467836257309944, 0.0, 0.0, 0.6666666666666667, 0.0
0.01694915254237288, 0.0, 0.0, 0.5, 0.0
0.0, 0.0, 0.0, 0.0, 0.0
0.0, 0.0, 0.0, 0.0, 0.0
0.0, 0.0, 0.0, 0.0, 0.0
0.0, 0.0, 0.0, 0.0, 0.0
0.018518518518518517, 0.0, 0.0, 0.5, 0.0
0.0, 0.0, 0.0, 0.0, 0.0
0.016071428571428573, 0.0, 0.0, 0.5, 0.0
0.020114942528735632, 0.0, 0.0, 0.6666666666666667, 0.0
