0.4490748140748142, 0.5357142857142857, 0.0, 0.7692307692307692, 0.0
0.45149239649239664, 0.5, 0.0, 0.7692307692307692, 0.0
0.4504972804972807, 0.5714285714285714, 0.0, 0.7692307692307692, 0.0
0.4503230103230104, 0.5, 0.0, 0.8, 0.0
0.4297619047619049, 0.5714285714285714, 0.0, 0.6666666666666667, 0.0
0.49223970473970485, 0.5857142857142856, 0.0, 0.8, 0.0
0.5134704184704187, 0.6333333333333333, 0.0, 0.7272727272727273, 0.0
0.49955988455988476, 0.6, 0.0, 0.75, 0.0
0.4407317682317683, 0.5714285714285714, 0.0, 0.7692307692307692, 0.0
0.4768675768675771, 0.5857142857142856, 0.0, 0.7692307692307692, 0.0
0.46025918525918547, 0.5357142857142857, 0.0, 0.7692307692307692, 0.0
0.45872072372072387, 0.5714285714285714, 0.0, 0.7692307692307692, 0.0
0.5134260184260184, 0.6666666666666667, 0.0, 0.7692307692307692, 0.0
0.4617238317238319, 0.5714285714285714, 0.0, 0.7692307692307692, 0.0
0.5024814074814077, 0.6, 0.0, 0.8, 0.0
0.5010317460317464, 0.5857142857142856, 0.0, 0.6666666666666667, 0.0
0.45506687756687775, 0.5, 0.0, 0.7692307692307692, 0.0
0.5119619269619272, 0.5857142857142856, 0.0, 0.8, 0.0
0.5277652902652905, 0.6, 0.0, 0.7692307692307692, 0.0
0.5090104340104342, 0.6, 0.0, 0.7692307692307692, 0.0
0.4503812853812856, 0.5714285714285714, 0.0, 0.7692307692307692, 0.0
0.45426046176046186, 0.5714285714285714, 0.0, 0.75, 0.0
0.4595016095016096, 0.5714285714285714, 0.0, 0.7692307692307692, 0.0
0.515203962703963, 0.5714285714285714, 0.0, 0.7692307692307692, 0.0
0.5640531690531693, 0.6, 0.0, 0.7692307692307692, 0.0
0.46443500943500965, 0.5, 0.0, 0.7692307692307692, 0.0
0.5107348207348209, 0.6333333333333333, 0.0, 0.8, 0.0
0.48434232434232444, 0.6, 0.0, 0.7692307692307692, 0.0
0.5176612276612279, 0.6, 0.0, 0.7692307692307692, 0.0
0.4251431901431903, 0.5, 0.0, 0.7692307692307692, 0.0
0.4172036297036298, 0.5, 0.0, 0.7692307692307692, 0.0
0.5394350094350097, 0.6666666666666667, 0.0, 0.7692307692307692, 0.0
0.46473082473082494, 0.5714285714285714, 0.0, 0.7692307692307692, 0.0
0.4461105561105562, 0.5714285714285714, 0.0, 0.7692307692307692, 0.0
0.4626215451215453, 0.5, 0.0, 0.7692307692307692, 0.0
0.4572582972582974, 0.5, 0.0, 0.8, 0.0
0.4704323454323455, 0.5714285714285714, 0.0, 0.8, 0.0
0.5140320790320793, 0.6, 0.0, 0.7692307692307692, 0.0
0.48359085359085363, 0.5857142857142856, 0.0, 0.7692307692307692, 0.0
0.47985569985570004, 0.5714285714285714, 0.0, 0.7272727272727273, 0.0
0.5388048063048064, 0.6666666666666667, 0.0, 0.7692307692307692, 0.0
0.48662642912642934, 0.6, 0.0, 0.7692307692307692, 0.0
0.46716699966699987, 0.5, 0.0, 0.7692307692307692, 0.0
0.4637296037296039, 0.5714285714285714, 0.0, 0.7692307692307692, 0.0
0.4649381174381176, 0.5714285714285714, 0.0, 0.7692307692307692, 0.0
0.5114310689310692, 0.6, 0.0, 0.7692307692307692, 0.0
0.45902541902541916, 0.5714285714285714, 0.0, 0.7692307692307692, 0.0
0.4386352536352538, 0.5, 0.0, 0.7692307692307692, 0.0
0.5305178155178157, 0.6666666666666667, 0.0, 0.7692307692307692, 0.0
0.5005730380730383, 0.5714285714285714, 0.0, 0.7692307692307692, 0.0
0.5504600954600957, 0.6, 0.0, 0.7692307692307692, 0.0
0.47318015318015333, 0.5714285714285714, 0.0, 0.7692307692307692, 0.0
0.4357137307137308, 0.5714285714285714, 0.0, 0.7692307692307692, 0.0
0.421803751803752, 0.5, 0.0, 0.7272727272727273, 0.0
0.48973748473748496, 0.5857142857142856, 0.0, 0.7692307692307692, 0.0
0.4950241425241428, 0.5714285714285714, 0.0, 0.7692307692307692, 0.0
0.5149345099345101, 0.6, 0.0, 0.7692307692307692, 0.0
0.4914527139527142, 0.5, 0.0, 0.8, 0.0
0.49966339216339234, 0.5714285714285714, 0.0, 0.7692307692307692, 0.0
0.48793595293595315, 0.5857142857142856, 0.0, 0.7692307692307692, 0.0
0.46750249750249767, 0.5714285714285714, 0.0, 0.8, 0.0
0.4800663225663227, 0.5714285714285714, 0.0, 0.7692307692307692, 0.0
0.4783291708291709, 0.5714285714285714, 0.0, 0.7692307692307692, 0.0
0.4223809523809526, 0.5, 0.0, 0.6666666666666667, 0.0
0.4770263070263072, 0.5714285714285714, 0.0, 0.8, 0.0
0.46954184704184726, 0.5714285714285714, 0.0, 0.75, 0.0
0.4913486513486516, 0.5714285714285714, 0.0, 0.7692307692307692, 0.0
0.48545343545343556, 0.5714285714285714, 0.0, 0.7692307692307692, 0.0
0.4118459318459318, 0.5, 0.0, 0.8333333333333334, 0.0
0.4720815295815298, 0.5714285714285714, 0.0, 0.75, 0.0
0.5103446553446556, 0.6, 0.0, 0.7692307692307692, 0.0
0.5091541791541795, 0.6, 0.0, 0.7692307692307692, 0.0
0.42063436563436574, 0.5, 0.0, 0.7692307692307692, 0.0
0.4883904983904986, 0.6, 0.0, 0.7692307692307692, 0.0
0.46571983571983583, 0.6, 0.0, 0.7692307692307692, 0.0
0.4747036297036299, 0.5714285714285714, 0.0, 0.7692307692307692, 0.0
0.4598437673437675, 0.5857142857142856, 0.0, 0.7692307692307692, 0.0
0.47102813852813874, 0.5714285714285714, 0.0, 0.75, 0.0
0.503256465756466, 0.6, 0.0, 0.8, 0.0
0.4681585081585083, 0.5, 0.0, 0.7692307692307692, 0.0
0.4917238317238319, 0.5714285714285714, 0.0, 0.7692307692307692, 0.0
0.5374839049839051, 0.6666666666666667, 0.0, 0.8, 0.0
0.5223371073371076, 0.6333333333333333, 0.0, 0.7692307692307692, 0.0
0.4749597624597627, 0.5714285714285714, 0.0, 0.7692307692307692, 0.0
0.4453962703962705, 0.5714285714285714, 0.0, 0.7692307692307692, 0.0
0.4925030525030527, 0.6, 0.0, 0.8333333333333334, 0.0
0.5158358308358311, 0.6666666666666667, 0.0, 0.7692307692307692, 0.0
0.4918831168831171, 0.5714285714285714, 0.0, 0.75, 0.0
0.5073648573648576, 0.6333333333333333, 0.0, 0.7692307692307692, 0.0
0.4454606504606507, 0.5, 0.0, 0.7692307692307692, 0.0
0.5519338994338995, 0.6666666666666667, 0.0, 0.7692307692307692, 0.0
0.5163181263181265, 0.6333333333333333, 0.0, 0.7692307692307692, 0.0
0.5137939837939841, 0.5857142857142856, 0.0, 0.8, 0.0
0.469382561882562, 0.5714285714285714, 0.0, 0.7692307692307692, 0.0
0.48702020202020224, 0.5714285714285714, 0.0, 0.7272727272727273, 0.0
0.47736846486846507, 0.5714285714285714, 0.0, 0.7692307692307692, 0.0
0.44649239649239664, 0.5714285714285714, 0.0, 0.7692307692307692, 0.0
0.4599755799755802, 0.5714285714285714, 0.0, 0.7692307692307692, 0.0
0.49168720168720187, 0.6, 0.0, 0.7692307692307692, 0.0
0.4780430680430683, 0.5714285714285714, 0.0, 0.7692307692307692, 0.0
