0,6980880230880231	 0,7004675879675879	 0,7347966847966848	 0,7047694952106719	 0,6846311858076566	 0,6868157768157769	 0,7187880571809144	 0,6816017316017317	 0,6980848399966049	 0,7068966855165951	        
0,6941813905049201	 0,6817773729538438	 0,6860422801599273	 0,6624347874347875	 0,6962052875822929	 0,6899962782315725	 0,6656681281681283	 0,6996763857057976	 0,6968617983323867	 0,6591660943223445	        
0,6952393285726619	 0,725114036290507	 0,6989922114922117	 0,701013777888778	 0,7133525204953778	 0,7048064508590827	 0,6817290552584673	 0,6630973193473193	 0,6861915861915863	 0,6971117424242426	        
0,7034435499141384	 0,6957328385899816	 0,6534049284049285	 0,675033513495052	 0,7157681207681209	 0,6736902803079275	 0,6617243867243867	 0,7266838716838717	 0,7060545935545935	 0,7171521187146188	        
0,7079796020972493	 0,6986914600550965	 0,7121400424971854	 0,7042180042180044	 0,715581388308661	 0,7128899946207639	 0,7144164862914865	 0,7223768295196867	 0,6778382331953762	 0,6968822843822845	        
0,7061050061050064	 0,7137270137270137	 0,643017993910851	 0,7013294575794577	 0,6494339756104462	 0,700657573635515	 0,7172024054376998	 0,7127824027824029	 0,7221163451932683	 0,7052871731443161	        
0,7270469114219116	 0,7158341658341659	 0,7115372282038952	 0,679628357753358	 0,672554181929182	 0,690786021576463	 0,704552738927739	 0,665078703546196	 0,6629495504495505	 0,7113029629997956	        
0,7025848801058887	 0,6842420476349048	 0,6454400300554148	 0,6805987222653889	 0,6919405594405594	 0,6832837797123512	 0,7160654160654162	 0,7165343915343915	 0,6845924908424909	 0,7384413474911213	        
0,7047932622932626	 0,6734463948749665	 0,6487012987012988	 0,704541589363018	 0,7104196223944124	 0,7111125700280114	 0,7375514242701745	 0,6939034617343441	 0,7399062394277706	 0,7102503977503979	        
0,715136483886484	 0,703040293040293	 0,6804248769806045	 0,7132492507492509	 0,6832193694785609	 0,6862332112332113	 0,6744820484526367	 0,7127708239472947	 0,6605577429106843	 0,6791726791726792	        
0,7256776556776559	 0,7082427988677991	 0,7011069738342466	 0,6693591901925235	 0,6845613599572876	 0,7137542196365726	 0,6610671191553543	 0,6994307592991804	 0,7152124486158102	 0,6853888535706718	        
0,6761482107635955	 0,7088226588226589	 0,6752066115702481	 0,6902161495911496	 0,711926961926962	 0,7071363821363822	 0,7187216553287984	 0,7065923727688436	 0,6958996477378832	 0,685062976239447	        
0,7026739342528817	 0,6860852688977689	 0,7018852153656078	 0,7137631649396357	 0,6680740093240092	 0,7057642754071327	 0,7177184994492689	 0,6860799914371345	 0,731772486772487	 0,6770784770784771	        
0,6890262515262517	 0,69227910977911	 0,650858585858586	 0,697549533799534	 0,7158923483923485	 0,6896381396381397	 0,7200782022210597	 0,6901778776778777	 0,6938228438228439	 0,6857031857031859	        
0,6932302545938911	 0,7057101628530201	 0,7080431823078884	 0,7206163299300556	 0,7092519491304917	 0,6854831443066738	 0,697356179174361	 0,6983980305408879	 0,7023063356396692	 0,6993931663574521	        
0,7138367207571361	 0,6997128739316241	 0,7020026848151851	 0,6624885531135531	 0,7322740222740225	 0,6919920357420359	 0,7346288214709267	 0,7356433249290394	 0,6952212470069614	 0,723992673992674	        
0,6987001887001888	 0,6992469336219338	 0,6988142066267067	 0,7316810173953033	 0,6995369061085974	 0,7005911680911683	 0,6858064158064159	 0,6800824992001464	 0,6941702741702743	 0,7235264735264736	        
0,7377733377733379	 0,7294643998180184	 0,7082543273719746	 0,6670128152271008	 0,7057388236309806	 0,7021790175636331	 0,6870904558404559	 0,7015550680256564	 0,7318259953554073	 0,6932005494505495	        
0,6866359335109337	 0,6915861915861917	 0,6757316213198568	 0,7004272143978026	 0,7402072286687672	 0,6967984036165855	 0,671809902013522	 0,7031024531024532	 0,7058678163941323	 0,6705037483883637	        
0,6683649683649685	 0,6849898249898251	 0,7016893363047211	 0,6706200662083016	 0,7263720375485083	 0,6635635198135199	 0,6954010042245339	 0,6686997526283243	 0,6913971649265768	 0,6811894124394127	        
0,6893365893365894	 0,7119449994449994	 0,7111601939726941	 0,6656220168720168	 0,6905539772727274	 0,7029761904761905	 0,6796922774195503	 0,6934533059533061	 0,6943473193473195	 0,7132989559460149	        
0,6935301735301738	 0,6782935582935584	 0,6850451631701633	 0,6948593073593075	 0,6987391110290272	 0,6893267086448905	 0,69219795356159	 0,7053751803751804	 0,7032176157176158	 0,7024105796164621	        
0,7272108843537417	 0,6964860303095599	 0,7152417027417027	 0,6712339743589746	 0,715316501680138	 0,6860539460539461	 0,6827742569930072	 0,6279234654234656	 0,7034071509184632	 0,6964713857571002	        
0,7066860223110225	 0,7055883784390572	 0,7172732496261911	 0,6908466261407438	 0,7111568986568986	 0,7227487789987792	 0,7174321338383841	 0,6900488400488402	 0,7032051282051283	 0,6537872841444271	        
0,6725879889341428	 0,6866196303696303	 0,6900870425870427	 0,6918316977140506	 0,7142827851161185	 0,7023844153045834	 0,6881066453730814	 0,7122779997779998	 0,6936961186961189	 0,6677579995761814	        
0,7369449994449995	 0,721596779289087	 0,6875254375254376	 0,6952302191272781	 0,7022784907400292	 0,7008755705079235	 0,7028578564292852	 0,7037432386913357	 0,688324910383734	 0,7003256003256007	        
0,6951365301365302	 0,6891564454064456	 0,6960437710437711	 0,7114423263546072	 0,6952686202686204	 0,6906351224533043	 0,6988247863247865	 0,7060273060273061	 0,6891301060051062	 0,7153809731934733	        
0,7158151372437088	 0,7203337368129757	 0,7071741599423262	 0,6616342762176095	 0,6911096112653209	 0,6871330095929027	 0,6839514652014653	 0,6616605616605619	 0,7105264308520612	 0,6969344544344546	        
0,6853428053428056	 0,6771286603219375	 0,6889520735674584	 0,6876738094875352	 0,6868772893772894	 0,7040384452149159	 0,69470843970844	 0,7075179722238547	 0,7179380448611219	 0,7112519958673805	        
0,7167467081529584	 0,66987456987457	 0,7001425045542694	 0,711038961038961	 0,7012218684093685	 0,6706916099773244	 0,7095508658008659	 0,7082456432456433	 0,6716510341510342	 0,7411167264108443	        
0,7074163931306789	 0,7056800655484868	 0,6998036223036226	 0,706193189526523	 0,7010330578512397	 0,7200697350465154	 0,710377420198849	 0,7118589743589744	 0,708957708957709	 0,6974624333999334	        
0,7110889841153001	 0,7142614960796778	 0,7229034854034855	 0,6823115609880316	 0,6681077024827026	 0,6823453002024431	 0,6738266363266363	 0,7049777603349033	 0,6961573845224365	 0,7009267343300957	        
0,6653269807115962	 0,6762545147160532	 0,6835775335775338	 0,6881442961800105	 0,7023092103974459	 0,7201163915449632	 0,6925726059654631	 0,7261675824175826	 0,6792938542938545	 0,7022354823825413	        
0,669287656787657	 0,7100846399165729	 0,6809029512154513	 0,7058315483055969	 0,676844746162928	 0,7085064935064935	 0,6728008103008104	 0,7021422030350603	 0,694071521912431	 0,6776543968851663	        
0,7101061331830564	 0,6568889443889444	 0,6925949050949051	 0,7246070222960981	 0,7103243978243978	 0,7072701042829721	 0,6575857784191119	 0,7116083263142089	 0,7285101707561601	 0,6860694860694861	        
0,7001139211665529	 0,705221938555272	 0,6623943364327981	 0,6889377289377291	 0,7021626521626522	 0,7176540126540129	 0,6564908131084602	 0,7207251082251083	 0,7088383838383838	 0,6979678654678655	        
0,6942195825008327	 0,6981974166184696	 0,7077785462400848	 0,6790606452371157	 0,6937476850634746	 0,7271408126187541	 0,6869696969696971	 0,6836980271190799	 0,6884295392107893	 0,6823809523809524	        
0,7016039822105999	 0,7241071428571432	 0,6760411463536464	 0,693337055101761	 0,7114734224109226	 0,6837794683948532	 0,7090623265623267	 0,7223986950549453	 0,7161927211075818	 0,656476393976394	        
0,7149073149073151	 0,7259437532164804	 0,707765261054735	 0,7227133833102692	 0,6865372372725316	 0,6945677008177009	 0,7087566946941948	 0,6780789723097416	 0,7272828733766236	 0,6770577636649067	        
0,7066253851968141	 0,6968271924154278	 0,6720258136924806	 0,7062461348175635	 0,6737059237059237	 0,6670488602306784	 0,6853477098881512	 0,6958097458097459	 0,704035425358955	 0,6984329162900593	        
0,7096221959858324	 0,6674301888587604	 0,7012752469408818	 0,6902598173431507	 0,717892662892663	 0,7315867139396554	 0,6815140415140417	 0,6869136453501782	 0,701292110667111	 0,692704479296175	        
0,6850815850815851	 0,6817099567099568	 0,6455303955303956	 0,6826378868045535	 0,655757575757576	 0,6997100122100123	 0,6931117128485551	 0,6925147075147076	 0,7153346653346654	 0,6871629043774374	        
0,7029428751395665	 0,6851225697379545	 0,6977330209473068	 0,6973853070006917	 0,7254715522572667	 0,6996787934287936	 0,7003607503607505	 0,6999341470495318	 0,7232371794871797	 0,6789944903581268	        
0,6741795649883885	 0,7191661878426585	 0,7158490814740818	 0,6750969268826414	 0,7050182456432458	 0,6647239665096808	 0,7082077533280744	 0,6642857142857144	 0,7056365509490511	 0,7068849451202394	        
0,680970695970696	 0,7153172807584575	 0,7293551686408831	 0,7138835021187964	 0,6984489250245554	 0,6767467100800434	 0,6990925740925742	 0,6820664629488159	 0,6838181426416722	 0,7084044813211481	        
0,6875975215260931	 0,6952015932785165	 0,6820238095238096	 0,6987974987974989	 0,6764493676258382	 0,6993700359617316	 0,6985871100576985	 0,6825095271894581	 0,7019473445944038	 0,6832205075626131	        
0,7201001379572809	 0,7086618738404454	 0,7271692931251754	 0,7027992475360897	 0,7091963591963593	 0,7075179450179451	 0,7241541791541792	 0,7034523809523809	 0,7112151608281642	 0,697075840825841	        
0,7065452224543134	 0,7008766968325792	 0,7041531385281385	 0,696358053710995	 0,7065987549551567	 0,6920223375240678	 0,6697476134976135	 0,7036911806142576	 0,6837880256997904	 0,6825703143010836	        
0,6890659340659341	 0,6865473935786437	 0,7105311355311356	 0,6944058120528711	 0,7059369501005532	 0,6938421427057792	 0,7189571569250715	 0,750900950900951	 0,7179850064465451	 0,6789424117549119	        
0,7109265734265735	 0,6994419161085828	 0,6763909336277758	 0,691708291708292	 0,7155665762808621	 0,7018114364268212	 0,6549879807692309	 0,6776154401154403	 0,7280219780219781	 0,7087988400488401	        
0,6929285000713575	 0,7324035613509298	 0,6930363906926407	 0,7204425204425204	 0,6913020511234799	 0,7006998556998557	 0,6863678804855278	 0,7102109923909233	 0,6925450811814449	 0,6974484308583574	        
0,7152884697002345	 0,7016388373531232	 0,694899198024198	 0,6784850566100568	 0,7040015540015542	 0,703154715654716	 0,7102944674373247	 0,6861696561357196	 0,6926157176157177	 0,6877255097843334	        
0,6879150170816839	 0,7128588078588078	 0,6932234432234433	 0,6896520146520148	 0,6925257282400141	 0,6979155764870052	 0,7384700176366843	 0,7027886927886929	 0,6956240188383047	 0,6835989010989014	        
0,7203139090393995	 0,7234693877551021	 0,713304552590267	 0,7196428571428571	 0,6850220612720613	 0,6817563388991961	 0,697328134828135	 0,7104950604950606	 0,6863146113146112	 0,6898212237497952	        
0,6934909997409996	 0,6730881298188991	 0,699918300653595	 0,7184108375284848	 0,6801827801827804	 0,7015856618129347	 0,6839415415502373	 0,7074573574573576	 0,6849816849816851	 0,6868520368520371	        
0,6914299985728558	 0,7012740962740964	 0,6868672993672994	 0,723496864840448	 0,7149885828457258	 0,6658710733710732	 0,6918879197725352	 0,71790188977689	 0,7004802836052837	 0,6948412698412699	        
0,6730158730158731	 0,708802678802679	 0,7050588300588302	 0,7075341325341327	 0,7112038754895899	 0,6809087517420851	 0,6775019425019427	 0,6927114552114553	 0,7192640692640693	 0,7153361344537817	        
0,7093493807779525	 0,701055317231788	 0,6558561808561811	 0,7058323087169243	 0,7226273726273726	 0,7185825285825287	 0,7202951810094669	 0,7242413632119514	 0,7234251859251861	 0,7130728246112862	        
0,7072537978955092	 0,6916922198172198	 0,7317252192252194	 0,6605769230769233	 0,6812352330209475	 0,6771520146520147	 0,7050248896402743	 0,674835878407307	 0,7013305147233719	 0,7193853765282338	        
0,7341540404040405	 0,6769067533773419	 0,6733999333999335	 0,7182476836888603	 0,7130573593073594	 0,7144777841206414	 0,7039285276127382	 0,6688248026483321	 0,707886557886558	 0,6746245941558442	        
0,7054556554556555	 0,6598789231601733	 0,6855352980352981	 0,7014330698541226	 0,699301456119638	 0,7145315468844881	 0,6869708069708071	 0,7138628038628039	 0,7227357609710553	 0,6937249258677832	        
0,7056277056277056	 0,7225737650829563	 0,6957689136260568	 0,6875723016479319	 0,6913176109604683	 0,6626890203813282	 0,7219165449934681	 0,6989749221366869	 0,6794449140602986	 0,6931783494283495	        
0,7215638528138528	 0,6836971361971362	 0,6957101232101233	 0,6888321995464854	 0,7110630440987585	 0,6869149855991961	 0,68546626984127	 0,6798826173826176	 0,7088157112924918	 0,7114258137695639	        
0,6804559166323875	 0,6747549019607844	 0,6852621336996338	 0,7366063229699594	 0,6908628408628411	 0,7059036170800879	 0,7129234480796982	 0,6951042547196395	 0,7010726310726311	 0,6874651274651276	        
0,6699034299034299	 0,6965326918451918	 0,6640089077589079	 0,6885170001086958	 0,6907855107855109	 0,6845390720390722	 0,688497708718297	 0,6981775799957619	 0,67249000999001	 0,7214580789580791	        
0,7025674692954107	 0,7147997835497837	 0,6947808601654757	 0,6822543661644007	 0,6870722006751419	 0,681573655103067	 0,70048180985681	 0,7191378066378068	 0,6983620546120548	 0,7056115007986666	        
0,6521613307327595	 0,6891462703962705	 0,6945474460180343	 0,6944943944943947	 0,6971983898454487	 0,7093880656380657	 0,6866810273060273	 0,6822219447219449	 0,7079080641580643	 0,693162229926936	        
0,6840147597500539	 0,7045634920634922	 0,6644993894993897	 0,6750582750582753	 0,7145135443454773	 0,7240639262698086	 0,6961067778375472	 0,7070574849986616	 0,6736303612354033	 0,7051152115857999	        
0,7084325396825397	 0,6912962154558794	 0,7012688292100058	 0,7049333019921257	 0,7197205572205573	 0,6805128205128207	 0,6947781385281386	 0,7250223850223851	 0,6916132886721122	 0,6925942647096494	        
0,7103618603618606	 0,725824420677362	 0,6779761904761906	 0,7137446658279993	 0,6835560273060275	 0,6786590393733251	 0,6955513566373296	 0,7221139971139973	 0,6729089393881783	 0,6853638028638029	        
0,6811892736892737	 0,6880748880748881	 0,6792925824175826	 0,7251842601842603	 0,6793828720299311	 0,7036396762959265	 0,6978210361941981	 0,6764868832148243	 0,7114343989343989	 0,7271568973126068	        
0,6718163780663781	 0,6734951159951162	 0,7023450233976551	 0,6782106782106784	 0,6936105561105561	 0,6933866133866134	 0,6897624290357856	 0,6858743108743109	 0,7289298201798202	 0,6999451528863296	        
0,6826340326340328	 0,6928654678654679	 0,670194956558593	 0,7041197691197693	 0,7255596255596256	 0,6971035414533867	 0,6935760073260073	 0,6886434993577851	 0,7066436768359845	 0,6815271057918119	        
0,711309523809524	 0,6912559662559663	 0,7103664192949909	 0,6941946941946944	 0,6661249007402854	 0,6982276982276984	 0,7059379509379511	 0,6888631570449752	 0,7042197385947387	 0,680025434004673	        
0,7118618207772621	 0,7083000333000333	 0,6854811854811856	 0,6928121789084357	 0,6767316017316019	 0,6970503454878456	 0,6817863509039982	 0,6977710198298435	 0,6942740592740593	 0,6605517576105812	        
0,701968645389698	 0,7227716727716728	 0,7115554380260265	 0,7005926765542151	 0,6732633437990582	 0,718452380952381	 0,6256798756798757	 0,7258105142720529	 0,7224945642592701	 0,6815195221445224	        
0,7045015170015172	 0,6724691974691976	 0,6496167412834081	 0,6976898101898101	 0,7039573521716379	 0,6898231398231398	 0,7046978021978022	 0,6960563741813743	 0,6869934419674905	 0,6416019166019166	        
0,708247194889352	 0,6916786500696536	 0,7206158424908428	 0,692539039907461	 0,7041423853923856	 0,7227793573947422	 0,6782883782883784	 0,6896767295204795	 0,7151606495356496	 0,6950525351841143	        
0,6846442446442448	 0,6934317860788451	 0,6905034123892256	 0,7147500647500649	 0,7144921744921746	 0,7111427461427464	 0,6490530303030304	 0,695528677671535	 0,7090483920841065	 0,7092517776341306	        
0,6841237709658764	 0,7143220976554312	 0,7111972903639572	 0,6999148563854447	 0,6969469419469421	 0,7024429274429276	 0,7193691384867855	 0,6770998609233905	 0,7495166122004356	 0,6669841269841271	        
0,695383782883783	 0,7083774069068189	 0,7024606171139787	 0,6835720651897123	 0,7176811750341164	 0,6944167545560734	 0,6879071545738213	 0,7051691897845745	 0,7160387231815805	 0,6852764823878269	        
0,7002053502053502	 0,668997668997669	 0,7035821204938854	 0,6644724556489262	 0,7237662800162802	 0,7039246864246865	 0,6982206390101128	 0,673684473789516	 0,691254380540095	 0,6693045843045844	        
0,731757131757132	 0,7009910228660229	 0,6817917376740907	 0,7039687651529758	 0,6899523393273395	 0,7042681677297064	 0,7142582907288791	 0,7224733599733599	 0,6762297226582943	 0,6620995670995673	        
0,7140546490546493	 0,6952891552891556	 0,7100895400895403	 0,7025687275687278	 0,6870833414951063	 0,698782138913718	 0,7365066481137912	 0,673809523809524	 0,6761938582251081	 0,713307160675582	        
0,6958868055021903	 0,7054861804861805	 0,7255188264116837	 0,686485042735043	 0,7409650072150072	 0,6763980463980466	 0,6793607626940962	 0,6582493894993898	 0,6875664018521164	 0,7099557387057388	        
0,724852924852925	 0,6708571731299006	 0,6783128908128909	 0,6977210289710292	 0,7109806859806862	 0,7046021571021572	 0,6794688644688646	 0,6925176014461731	 0,7015516686472569	 0,6890370542156257	        
0,6837368187368187	 0,7107295482295485	 0,6602633477633478	 0,702698771816419	 0,7216450325273857	 0,7121825396825398	 0,6792821596393027	 0,663862803862804	 0,7145706145706145	 0,7197551087256971	        
0,6862685560053985	 0,7042117196528964	 0,711997472224745	 0,6827325452325452	 0,7087745587745589	 0,7185347985347985	 0,7118930905695613	 0,6955694107479823	 0,7160843430074201	 0,6872234603003835	        
0,6999240955123309	 0,7007252980937194	 0,6959577187518364	 0,7026881451881452	 0,6840770340770341	 0,7094674699716718	 0,7159511784511784	 0,7037514388725463	 0,6827380952380953	 0,6894574175824177	        
0,7046958760194056	 0,6626597939097939	 0,6510361552028218	 0,7172149279292137	 0,6958936896436898	 0,6900031341207814	 0,701792850007136	 0,7286227661227662	 0,6970352564102565	 0,6556536717251004	        
0,7048886298886301	 0,6779665414469338	 0,6829626256096846	 0,6962095596710983	 0,7207089071059661	 0,7218531468531468	 0,7042274392274394	 0,6975769844190899	 0,706142314475648	 0,6428155178155179	        
0,6660672660672662	 0,712728012728013	 0,6448270975056689	 0,6877823565323565	 0,6992690642690641	 0,707053552508098	 0,6823035938420555	 0,7029842190832906	 0,6958059797345514	 0,7212071658500232	        
0,714552491249324	 0,6894759087066782	 0,7021848810911312	 0,7028318903318903	 0,6970997752247753	 0,7345265845265847	 0,70252419149478	 0,6854334554334557	 0,67188008070361	 0,6887420272035658	        
0,7157688465380774	 0,7008298992673994	 0,6593371905871906	 0,6938381063381065	 0,7086738782051284	 0,7059999112767281	 0,6850559163059164	 0,7149296999297001	 0,7225411625411627	 0,6993975081291259	        
0,6842557442557442	 0,7125427204374575	 0,7182960013842369	 0,6980190264281174	 0,6901653171390015	 0,6536304604486424	 0,6908887987012987	 0,7166414141414142	 0,6908864137370927	 0,7123070381998956	        
0,6983183483183485	 0,6984952547452549	 0,6668754322600479	 0,6944602119694032	 0,6948487118941665	 0,7023888343216075	 0,7003403171223243	 0,7181700652288888	 0,689200085628657	 0,7135713052379722	        
0,712841602841603	 0,7096176046176048	 0,704614391456497	 0,7132668918383206	 0,718997668997669	 0,695442302795244	 0,6960708265206537	 0,7242699430199431	 0,6881785953017573	 0,6778711484593839	        
0,7293961990390562	 0,7087106171139785	 0,734879934879935	 0,6586080586080589	 0,708981758981759	 0,6815164461763727	 0,7008506199682673	 0,6882510346796061	 0,6930016062369003	 0,7289091860520435	        
0,7171807359307362	 0,6683796972258512	 0,7053010714775421	 0,7084191849816852	 0,6798112144265992	 0,6973755411255411	 0,6819806526462875	 0,6886840342197486	 0,6938071188071189	 0,6795093795093795	        
0,7016630712282885	 0,6802822177822179	 0,7103628698442941	 0,6835646991896993	 0,6746743996743998	 0,6703689167974883	 0,6913746180290299	 0,6891993882343149	 0,6841176570343238	 0,6890760754397118	        
0,7102055148011029	 0,7046691403834263	 0,752580099638923	 0,6905770699888346	 0,7229821104821105	 0,6875741322169896	 0,69740465416936	 0,7091638685388686	 0,7035702392845252	 0,7140673429134968	        
0,7112235912235914	 0,6955840162853738	 0,7070842882607591	 0,6963175713175715	 0,7076551053113556	 0,7121140763997907	 0,6897900974458068	 0,6691462383770077	 0,6678480373792874	 0,6903951603951606	        
0,7199771194115085	 0,7135264537050253	 0,7260950854700855	 0,674635046326223	 0,7092853225206167	 0,6989390647478883	 0,6897046894784453	 0,7091935932622209	 0,698456351340967	 0,6650542909471483	        
0,685816144639674	 0,6825347271775843	 0,6978332431457434	 0,699975238436777	 0,7462542087542089	 0,6762240433363428	 0,6871838945368358	 0,6807720924908426	 0,6829562594268478	 0,6842978916508331	        
0,6821882284382286	 0,662923294654064	 0,670444832944833	 0,6928024356595787	 0,7026556776556776	 0,6876332992404423	 0,6966756731830264	 0,7109557474689054	 0,6959573759573761	 0,6936909320837893	        
0,6960542543875877	 0,7114645770895772	 0,7184298340548343	 0,7062087912087914	 0,7070548041701888	 0,6692973692973694	 0,692932067932068	 0,7155829019465384	 0,7166078058811626	 0,6902766504329005	        
0,7273337773337775	 0,6492504409171077	 0,6964812964812966	 0,6954670329670333	 0,700843253968254	 0,7015827799651331	 0,6893493932967619	 0,7003215038929326	 0,6865230008087152	 0,6657165750915751	        
0,7007840644204281	 0,6925031565656568	 0,7157993521629885	 0,7071970467803802	 0,692213515651016	 0,6864221248836634	 0,6814516832373977	 0,7074065815137246	 0,7391098952950167	 0,6833028083028084	        
0,6873863790530458	 0,7232262620420516	 0,6979823207095935	 0,684045778782621	 0,6987400231744124	 0,7237991540623122	 0,6668627796655481	 0,7204116396424088	 0,6838369963369964	 0,6994206190634765	        
0,693307387057387	 0,7032848324514992	 0,7190823065823065	 0,692982414410986	 0,705006672815567	 0,689684235517569	 0,7140350877192985	 0,7238832926332929	 0,7194777444777447	 0,6992592919063507	        
0,6978432872274787	 0,664025974025974	 0,6962662337662336	 0,6981786071071787	 0,6958759785965669	 0,7011832611832612	 0,668829318829319	 0,6826287601287601	 0,6930479776633623	 0,6926632395382396	        
0,7119393627206129	 0,6495305863726917	 0,7240324490324492	 0,6948457792207794	 0,6928438228438231	 0,6837659072953192	 0,6809337913144143	 0,7166835125658656	 0,6780752580752581	 0,6980808080808081	        
0,7065462315462316	 0,6904930387073246	 0,7004178513793899	 0,6832437932437934	 0,7180289407562136	 0,696413202182433	 0,6800703381585737	 0,7058844423550307	 0,6810475848937388	 0,6958910137481568	        
0,7096036316624553	 0,6943722943722945	 0,6824891774891775	 0,6562751831501832	 0,6951978576978578	 0,7020290839494991	 0,6881990370112543	 0,6899473075943666	 0,699747104747105	 0,6800917336631623	        
0,6932868413637647	 0,6859522285992874	 0,7121900974842154	 0,6972214189319453	 0,7005275974025974	 0,7006613756613758	 0,6973538961038963	 0,7180501862749764	 0,7153335553335556	 0,6799970862470863	        
0,6977499352499353	 0,718928507390046	 0,6742731227106229	 0,7120115178938708	 0,6791386391386394	 0,674805194805195	 0,6801550444739299	 0,6950396054562724	 0,6903588708210558	 0,6810481185481188	        
0,6873219373219374	 0,6952380952380953	 0,683634062016415	 0,6675324675324676	 0,671041866630102	 0,7089786756453422	 0,7145394257158965	 0,7052789802789803	 0,6830471611721612	 0,6791896138049984	        
0,6895530684593185	 0,6789900575614862	 0,6891852195423624	 0,6973448120506944	 0,6712940905248599	 0,6925675631557985	 0,6662148309207134	 0,69023211636848	 0,6790251415251416	 0,7062809739280329	        
0,7095587419116833	 0,7041940902235021	 0,6598163274633864	 0,6990632631257633	 0,711695942945943	 0,6885059385059386	 0,6850732600732601	 0,7042305842305845	 0,7122224181047714	 0,7046347326809513	        
0,674915824915825	 0,6916056166056167	 0,6901025445143093	 0,6957736707736708	 0,7009370746212854	 0,6687060488531076	 0,7207195582195582	 0,6874344174344176	 0,7035748510748513	 0,6884272845210346	        
0,6897477522477524	 0,7159604138551507	 0,7134667415917417	 0,6961080586080588	 0,7062996031746034	 0,7020963411588412	 0,7078031617505305	 0,6859715447950744	 0,7091424448567305	 0,7136125778982924	        
0,6957305852042696	 0,7075431512931513	 0,6963675213675217	 0,6851334939570235	 0,6957846075493135	 0,6952294764059472	 0,7327762515262515	 0,6569774669774672	 0,7119258519258521	 0,698888888888889	        
0,6924929762114639	 0,7021590664237723	 0,6989299216189975	 0,715861175861176	 0,7166686488115062	 0,6858853564735918	 0,7107142857142856	 0,6970971736596738	 0,7132234432234433	 0,6839617327117328	        
0,7245709192768016	 0,7047619047619048	 0,7004946466451659	 0,6966606805892521	 0,6938337868767734	 0,6810387529137529	 0,7179563492063492	 0,6923632914704344	 0,6981442168942169	 0,7049863670164422	        
0,7184009703746548	 0,6634767193590723	 0,7280293668269447	 0,6752819548872181	 0,6614767807949626	 0,6859748095042213	 0,6975211063446358	 0,6743217838806075	 0,6789449439449439	 0,6779495504495505	        
0,6826649540935256	 0,6447992178761409	 0,6988395358143259	 0,724897324897325	 0,7179334554334554	 0,676142144892145	 0,6831364713717657	 0,7013174325674325	 0,7153482465247173	 0,6539787135940984	        
0,7074185074185078	 0,7172206761492478	 0,7162504162504164	 0,6965048146298146	 0,7126686585019921	 0,709636517328825	 0,6599689526160115	 0,6948880980130981	 0,6638062917474684	 0,7105282343918708	        
0,6744582340736187	 0,6965661789191204	 0,706701923807187	 0,6772924297924299	 0,6785636364788615	 0,6988524296216606	 0,6860670783464902	 0,7064185814185815	 0,6854663193948909	 0,6859375000000001	        
0,7013825063825064	 0,6935601435601436	 0,70657161465985	 0,6937570640144171	 0,7212779284207856	 0,7116421590105801	 0,7227805527805529	 0,7219964559250275	 0,7026406926406927	 0,7223809523809526	        
0,7013431013431016	 0,6756127859069037	 0,6555511073893427	 0,6834969954288135	 0,7053245031854658	 0,6995421245421246	 0,7030740093240093	 0,671800236305584	 0,6966117216117218	 0,6956806214618716	        
0,7206990925740927	 0,7041387905024269	 0,7321383973169688	 0,6967597217597218	 0,7196346246346248	 0,7133333333333333	 0,7080656522964216	 0,6964152514152516	 0,7132277978431826	 0,6945548041701889	        
0,7324305324305326	 0,68837226122294	 0,6884081460638555	 0,717991961741962	 0,7146143539000683	 0,7112548562548563	 0,7167263292263293	 0,704233497983498	 0,6803529803529804	 0,6783095215757755	        
0,6171396504729839	 0,6235409035409037	 0,7020287004662006	 0,7074243464868465	 0,6595142674090043	 0,7086888601594485	 0,7007783882783882	 0,683910533910534	 0,7247008547008547	 0,6986249045072574	        
0,6698375853838039	 0,7005582652641477	 0,6814851814851817	 0,6997214976381644	 0,6665891800507187	 0,7105916305916308	 0,6803667686480188	 0,6978866371723517	 0,711832810047096	 0,7024385908209438	        
0,7007954834826493	 0,7052934245241939	 0,7093253968253969	 0,7048822971899895	 0,7067207302501421	 0,7117944555444559	 0,7017857142857143	 0,6831800144300146	 0,7060624560624561	 0,6861222344415623	        
0,7275482093663913	 0,6966625966625968	 0,6813368113368113	 0,6913832199546486	 0,6847995258709546	 0,7020171821642412	 0,679194095664684	 0,6889813889813889	 0,6843523143523146	 0,7026037851037852	        
0,7047809829059829	 0,7137402071612599	 0,6884487040737043	 0,72679765962329	 0,7171419489601307	 0,715495289024701	 0,6939878303514667	 0,7119388781153488	 0,6890971773324717	 0,6975035381285383	        
0,7353968253968255	 0,6796151560857444	 0,7480633949383951	 0,6708333333333334	 0,692935952935953	 0,6909340659340661	 0,714463160829943	 0,6964543393114823	 0,7166020720642571	 0,7213821892393322	        
0,6690274011702585	 0,6823631923631924	 0,6857710471346835	 0,7071903790653792	 0,720597720992458	 0,677396413110699	 0,705270919556634	 0,6984693547193547	 0,6662778579445247	 0,677922077922078	        
0,709411768786769	 0,7104038818324535	 0,716520244461421	 0,6755879102426416	 0,7092957695898875	 0,6830987194623559	 0,6763942036433388	 0,7139517345399701	 0,7002194386809772	 0,6971437653255835	        
0,6813582775767651	 0,6643944002940545	 0,7081158424908425	 0,7142177997441156	 0,6727558156129584	 0,7092631727247112	 0,7137820290226707	 0,711436462696967	 0,703712510645284	 0,692791652791653	        
0,6883286852036853	 0,6864081431389124	 0,6814137616769197	 0,7053241203241204	 0,7000268794386442	 0,6889818514818515	 0,6471712315462316	 0,719493006993007	 0,6885126777983922	 0,712953712953713	        
0,7015180332488027	 0,7236388611388612	 0,6891941391941393	 0,6939539452144494	 0,6886793761793762	 0,6699517362978902	 0,7046703296703297	 0,6951569264069265	 0,708251048259699	 0,7066476733143401	        
0,6964061428767313	 0,6509917166167167	 0,6819848778672308	 0,690048285048285	 0,698410500563862	 0,6877223653539444	 0,7010477022977023	 0,708984348984349	 0,6685044734677089	 0,7000096394833238	        
0,7147944647944651	 0,6838439338439338	 0,6786809344501653	 0,6851233835608836	 0,7155563186813189	 0,6931395527549374	 0,7359982609982612	 0,6834004932689144	 0,7106532356532359	 0,7099375433934259	        
0,7148279824750415	 0,7158978174603174	 0,658984533984534	 0,7123791069611504	 0,695732045732046	 0,7169550527087293	 0,6804634091398798	 0,7274831649831649	 0,6732207292191813	 0,6679738562091505	        
0,7125977823346247	 0,6868250576583912	 0,6911825017088177	 0,7195582195582196	 0,7132503859776588	 0,7082651607651608	 0,6791536894478071	 0,7088453213453214	 0,694669325772267	 0,7053751803751803	        
0,6912681762681763	 0,6682807574081814	 0,6998965320393894	 0,7058617399303676	 0,6923243423243424	 0,7228300585968654	 0,6987692862692865	 0,7462515262515265	 0,7251822251822254	 0,7038946570363683	        
0,7175585217251885	 0,6528400892037257	 0,7043290043290045	 0,7023656031468533	 0,7038111689897405	 0,6631150099900099	 0,6993894993894995	 0,6942949907235623	 0,7123992673992674	 0,6364587335741182	        
0,7078167863882151	 0,6789361432218577	 0,7241081449414783	 0,687005723035135	 0,6967109279609279	 0,7085774519598049	 0,7294182008467723	 0,689180895357366	 0,6586483886483888	 0,6682234432234433	        
0,720812520812521	 0,6541390900765901	 0,6954474097331241	 0,7018631695102283	 0,7195201856966565	 0,678436840936841	 0,6645268793706295	 0,6750265359640362	 0,7380793226381462	 0,6951197240259742	        
0,7308726987298417	 0,7154337583259154	 0,7160849181682517	 0,7103651903651904	 0,7211350378017045	 0,6838859553145269	 0,6514790764790765	 0,6965758600373986	 0,6992951492951494	 0,6826060843917988	        
0,6811404204261345	 0,7134244227994231	 0,7071641742096287	 0,7163992869875223	 0,6889187735341582	 0,6933225108225108	 0,7209841440610673	 0,7056372199229344	 0,7170548201798204	 0,6640431936484568	        
0,7194585992905321	 0,6973002487708372	 0,669505032005032	 0,7002940809190809	 0,6970310082074789	 0,688802308802309	 0,6553825803825805	 0,7030380036630038	 0,7273156136792501	 0,686630296786547	        
0,6880064380064382	 0,6982088989441931	 0,7119206190634763	 0,692563343519226	 0,7082102537984891	 0,6979191443477158	 0,6907989446450985	 0,703772893772894	 0,6617529529294235	 0,6916905515119803	        
0,691760862594196	 0,7133232838589982	 0,6943982488100137	 0,6887157632832375	 0,7060131535131536	 0,6983766233766235	 0,721130677601266	 0,7065312488631819	 0,6974473443223446	 0,66805997923645	        
0,6984370127227271	 0,6967663289091863	 0,6954036348267117	 0,7304679579679582	 0,7060200216450218	 0,6848581973581975	 0,7070654345654346	 0,7242965367965368	 0,7152318269965331	 0,6315476190476191	        
0,7241358641358643	 0,6850340136054422	 0,7141330891330893	 0,6894822191697194	 0,7041689791689794	 0,6993918362339416	 0,7030932735084986	 0,7024223792080937	 0,7279278891043598	 0,6887401289187005	        
0,717051467051467	 0,6866398951925268	 0,679471916971917	 0,6943645640074213	 0,6823871175264364	 0,6827050264550265	 0,7208569208569211	 0,7138785693473194	 0,7198849267347721	 0,6835470085470087	        
0,7019985279789203	 0,7187242321170894	 0,6804247035016266	 0,6880245485508646	 0,6920455361631833	 0,6960311475017359	 0,700773844891492	 0,7008174984737485	 0,694935064935065	 0,64771172454996	        
0,6981420289112599	 0,7000503663003663	 0,7074652216655894	 0,7056384791678909	 0,7067179896127267	 0,7269796176046176	 0,6827402755974186	 0,6975	 0,7115319865319868	 0,6727178618482966	        
0,6866723091723093	 0,6612660215601392	 0,6926125044546099	 0,685234487734488	 0,7108708542919072	 0,7060780464805233	 0,6819997710622713	 0,7033549783549784	 0,6986167876241407	 0,6765756173650912	        
0,7010012988519776	 0,6882223332223333	 0,7139529315999905	 0,7105030916795625	 0,7021478521478522	 0,7306878306878309	 0,7001723644003056	 0,71824901289187	 0,7140038665038666	 0,6741114709972843	        
0,6775901875901876	 0,6809131344845633	 0,6808722142055477	 0,6764254264254266	 0,7105368989984375	 0,677888777888778	 0,6775842844024663	 0,7043045843045845	 0,7112926887926889	 0,6775662468844288	        
0,7046191961633139	 0,6951528269710088	 0,7104145854145856	 0,7078990453990456	 0,7096306471306472	 0,6811888111888112	 0,70040580334698	 0,7126314162028449	 0,7172655542403444	 0,7203600962529535	        
0,6875926157176158	 0,7015713453213454	 0,6778340706912135	 0,6759482184482185	 0,7099104599104602	 0,6722655122655125	 0,709930260711511	 0,6673571526512703	 0,7085122439289108	 0,6774891774891775	        
0,7040660320072085	 0,6655035596212068	 0,7248931623931625	 0,6812656641604009	 0,7039023301628345	 0,6658566923272806	 0,6791891441891444	 0,6911128345338873	 0,6797344630677966	 0,6634476634476635	        
0,6794000117529528	 0,6893994893994896	 0,7207615369380077	 0,6686575577200577	 0,7005010608384312	 0,6971292188203955	 0,696747696747697	 0,6851972101972102	 0,6853335553335553	 0,6474170274170274	        
0,7126646355153144	 0,7266006216006218	 0,6845889590207772	 0,7041768416768418	 0,6938582251082251	 0,6845704295704296	 0,7188451110596441	 0,6647417397417398	 0,6759542540792541	 0,6904713875867723	        
0,7085813390041334	 0,6714285714285715	 0,7020734666568001	 0,7314380880557354	 0,684726913298342	 0,6902020202020204	 0,6922541743970317	 0,7121656121656122	 0,6917427810284954	 0,7311735883164455	        
0,6942800788954636	 0,6494743351886211	 0,6685933347698054	 0,6741856693143458	 0,7010303932178933	 0,7080400155400158	 0,7119799644799646	 0,7133871357400772	 0,7061247575953461	 0,6886192754613807	        
0,6787240537240539	 0,71482683982684	 0,6769658119658121	 0,6564814814814816	 0,6934158789928022	 0,6490655948989282	 0,6941970727685014	 0,721797520661157	 0,6955129021305494	 0,6929775779775781	        
0,7210138626805295	 0,7207933092548477	 0,7200538177100679	 0,6560324129651862	 0,7069803933440297	 0,6824647574647575	 0,6777065527065528	 0,7132367632367633	 0,6903148133917367	 0,6695409165997404	        
0,7001959437621204	 0,6960801824438189	 0,6823164015471709	 0,6820730195730196	 0,6945970695970696	 0,7140134375428495	 0,7088810880477548	 0,7058518404672252	 0,6860689018583757	 0,6801855007737361	        
0,67182335208651	 0,7216527062680911	 0,6993686868686871	 0,6991365777080063	 0,6765415140415141	 0,6953126812855321	 0,7070947570947572	 0,7111588411588412	 0,6923160173160174	 0,7118456105298211	        
0,6654979523400577	 0,7036007851797328	 0,7064424772758108	 0,6948886761386764	 0,6912544796473369	 0,7162228396603397	 0,690047251223722	 0,705009276437848	 0,6887814962814964	 0,69412034044387	        
0,6984877302184995	 0,6993774913811681	 0,711505074786325	 0,6900117739403454	 0,6928408397158399	 0,6869831557331558	 0,6767933455433456	 0,7159503195217483	 0,6834717978100332	 0,6958069708069708	        
0,6950203642511337	 0,7163580009733856	 0,694245337995338	 0,705651051846704	 0,687994991119991	 0,6853349673202616	 0,6593576066790353	 0,7214028006307419	 0,6869859307359308	 0,6906909430438843	        
0,6991959963113812	 0,7315698190698191	 0,6850717464353828	 0,686548796920314	 0,687256710107389	 0,7134512546277254	 0,6779711360068504	 0,7089647331834833	 0,6983330939213293	 0,6952891187759609	        
0,7104639408210839	 0,6990265544187114	 0,7054326625755196	 0,6907259407259407	 0,6646110299956456	 0,7072120472120474	 0,7039256198347108	 0,7209235209235209	 0,7050976800976801	 0,68010694156205	        
0,7263488648104034	 0,7235680985680986	 0,6950965700965701	 0,6984273302455121	 0,707402121687836	 0,6926291845409493	 0,6858373769088055	 0,6841370435120437	 0,6888883552345091	 0,7140072049162959	        
0,6851101512866218	 0,6905518723700542	 0,6978627989657402	 0,6837127378794047	 0,7135817307692309	 0,6961522736522738	 0,7298026048026048	 0,7126098901098901	 0,7093998015873019	 0,6779605579605581	        
0,6908730158730161	 0,7017543859649124	 0,7075454307597167	 0,7074938949938953	 0,6984859911330503	 0,7044435956200664	 0,6850191475191476	 0,7251365918032584	 0,6930673493173495	 0,7299700299700299	        
0,7114833314833316	 0,7059654631083204	 0,7163620330286996	 0,7396077606603926	 0,7003212836546171	 0,7075414781297136	 0,705415417915418	 0,7106973908444498	 0,697568457183842	 0,6978993228993229	        
0,6987240537240539	 0,7034132534132536	 0,684171710642299	 0,6892776667776669	 0,7252089056776558	 0,6888211788211789	 0,675513992180659	 0,6859099234099235	 0,6873376623376625	 0,6908404095904098	        
0,6903935066159331	 0,6980488261738262	 0,7221557190766752	 0,6941008991008992	 0,7140790690790693	 0,6829811214426601	 0,6772601472601474	 0,7370825008325007	 0,6827037545787547	 0,6915750915750917	        
0,7134965728715731	 0,7207983193277313	 0,7111923207511445	 0,721925693354265	 0,7332878232878234	 0,7264999706176178	 0,673090566840567	 0,6878510378510378	 0,7143994893994895	 0,6756106740481743	        
0,6975641025641026	 0,7099949070537307	 0,7095418470418472	 0,688296227581942	 0,7116810273060274	 0,6575761957340903	 0,6957353002389769	 0,7256936245572609	 0,7037608225108226	 0,7053527354997946	        
0,7039226855016331	 0,7202907794819562	 0,673906862368401	 0,6955067155067155	 0,7121933621933622	 0,6801406926406928	 0,702154195011338	 0,7032801689051689	 0,6833880700230183	 0,7253032642738525	        
0,7072201607915894	 0,6825468975468977	 0,6764301058418707	 0,7044558065391402	 0,7188725490196082	 0,6574619824619824	 0,7033311133311135	 0,6842043142043143	 0,712452931683701	 0,7205913134484564	        
0,7101299494156638	 0,7120315581854045	 0,7024091979449124	 0,6981396579610867	 0,7128464128464131	 0,6908500229928803	 0,6948460630278813	 0,6923831070889895	 0,7095917970917971	 0,7040415724626252	        
0,699611173140585	 0,6945112579727966	 0,6839218073593075	 0,7068837412587414	 0,6691524849419587	 0,6966200466200466	 0,6994052669144583	 0,7330530290572862	 0,7198005698005698	 0,6604782254782257	        
0,6930735930735931	 0,6766118496887729	 0,6758635808635811	 0,697021137617113	 0,7109756909756911	 0,685777307487834	 0,7007545069309776	 0,7102537984890928	 0,6871473764330908	 0,6936474983349985	        
0,6828067765567767	 0,6948706055848913	 0,7065910280195996	 0,6770905215232947	 0,711363358863359	 0,6712479827864445	 0,6649317349317351	 0,6942770954535661	 0,6964960964960967	 0,7071953220390722	        
0,6913765156412214	 0,7123295507910894	 0,70636859872154	 0,7017555361305363	 0,7006829480043767	 0,6737516451802166	 0,6925328837828839	 0,6946590446590447	 0,7059512709512712	 0,6918941177869751	        
0,6882301032301034	 0,6847888222888223	 0,7075690335305721	 0,6931875142401459	 0,6923295454545456	 0,7144449300699303	 0,6887123293373293	 0,732346574993634	 0,7157263371549087	 0,6952909529196295	        
0,694498556998557	 0,6746609384767281	 0,6923912025474526	 0,6948272213897215	 0,6795886805502191	 0,6978655484629751	 0,6737012987012987	 0,6749532518763288	 0,6931975431975432	 0,6934493416636274	        
0,6851174315880199	 0,6982076093840802	 0,6896381396381397	 0,688772945804196	 0,7077495652495654	 0,6868920431420432	 0,6694183009972484	 0,704259030729619	 0,70416709193799	 0,7261319038104753	        
0,7385705106858954	 0,6635739260739262	 0,7058275058275059	 0,7262568314038904	 0,7031870440483887	 0,6982561709124211	 0,7146857528436478	 0,6778839749993597	 0,7245716585002301	 0,6924233329695516	        
0,7295879501761856	 0,7040111075714793	 0,6620991045991047	 0,7124700299700301	 0,7247455416960064	 0,701499888999889	 0,6793857289808707	 0,6979412744118628	 0,7073806535344997	 0,6821250318309142	        
