0.14242424242424245, 0.1111111111111111, 0.14814814814814817, 0.1450980392156863, 0.13333333333333333, 0.16666666666666666, 0.10714285714285714, 0.11255411255411256, 0.08823529411764706, 0.126007326007326,        
0.0, 0.09803921568627451, 0.1111111111111111, 0.0, 0.15151515151515152, 0.09803921568627451, 0.1148148148148148, 0.11176470588235293, 0.20588235294117652, 0.17708333333333337,        
0.1388888888888889, 0.2333333333333334, 0.027777777777777776, 0.075, 0.13095238095238096, 0.06140350877192983, 0.2254901960784314, 0.13333333333333336, 0.23076923076923078, 0.07291666666666667,        
0.06666666666666667, 0.0642857142857143, 0.16666666666666669, 0.038461538461538464, 0.16666666666666666, 0.14795918367346936, 0.15151515151515152, 0.2166666666666667, 0.13333333333333336, 0.07291666666666667,        
0.22941176470588237, 0.1575757575757576, 0.05714285714285715, 0.14814814814814817, 0.15151515151515152, 0.11538461538461539, 0.18611111111111112, 0.15238095238095242, 0.08333333333333334, 0.16666666666666669,        
0.08148148148148149, 0.16666666666666666, 0.03571428571428571, 0.1388888888888889, 0.10444444444444446, 0.08333333333333334, 0.16923076923076924, 0.2666666666666667, 0.08974358974358974, 0.0,        
0.15625, 0.19791666666666669, 0.21693121693121695, 0.1875, 0.175, 0.09196428571428572, 0.10317460317460318, 0.1350877192982456, 0.1388888888888889, 0.14102564102564102,        
0.20034013605442183, 0.13095238095238096, 0.038461538461538464, 0.12037037037037039, 0.17833333333333332, 0.13095238095238096, 0.1613756613756614, 0.25, 0.08333333333333334, 0.1794871794871795,        
0.14444444444444446, 0.08333333333333334, 0.22727272727272727, 0.13095238095238096, 0.11190476190476192, 0.11458333333333334, 0.15625, 0.11458333333333334, 0.196969696969697, 0.1111111111111111,        
0.1781746031746032, 0.17333333333333337, 0.11779448621553885, 0.11458333333333334, 0.09196428571428572, 0.08974358974358974, 0.06666666666666667, 0.15555555555555556, 0.1666666666666667, 0.07407407407407408,        
0.13333333333333333, 0.05952380952380953, 0.23982683982683983, 0.14259259259259258, 0.038461538461538464, 0.1512820512820513, 0.1218487394957983, 0.060606060606060615, 0.29523809523809524, 0.10606060606060606,        
0.08974358974358974, 0.08888888888888889, 0.196969696969697, 0.08928571428571429, 0.2358974358974359, 0.08333333333333333, 0.24285714285714288, 0.060000000000000005, 0.041666666666666664, 0.0627450980392157,        
0.14912280701754388, 0.11458333333333334, 0.06481481481481483, 0.11111111111111112, 0.11666666666666667, 0.3333333333333334, 0.1717948717948718, 0.18333333333333332, 0.16666666666666666, 0.11538461538461539,        
0.07692307692307693, 0.11111111111111112, 0.16, 0.18690476190476196, 0.16666666666666666, 0.08888888888888889, 0.23333333333333334, 0.125, 0.11904761904761905, 0.0,        
0.10606060606060606, 0.18843537414965986, 0.058823529411764705, 0.1944444444444445, 0.1336996336996337, 0.058823529411764705, 0.045454545454545456, 0.1476190476190476, 0.22222222222222227, 0.14285714285714285,        
0.20980392156862748, 0.25000000000000006, 0.09821428571428571, 0.15416666666666667, 0.2, 0.13095238095238096, 0.2166666666666667, 0.24285714285714288, 0.14285714285714285, 0.2404761904761905,        
0.07777777777777778, 0.16041666666666665, 0.0625, 0.1222222222222222, 0.20833333333333337, 0.17777777777777778, 0.20444444444444443, 0.10714285714285714, 0.1488888888888889, 0.3461538461538462,        
0.12121212121212123, 0.125, 0.06862745098039216, 0.10317460317460318, 0.06481481481481483, 0.08974358974358974, 0.2555555555555556, 0.07777777777777778, 0.12000000000000001, 0.10863095238095238,        
0.1875, 0.16888888888888892, 0.18039215686274512, 0.0, 0.13333333333333336, 0.10606060606060606, 0.12051282051282053, 0.1111111111111111, 0.1649122807017544, 0.15384615384615385,        
0.05128205128205129, 0.16666666666666666, 0.05128205128205129, 0.10784313725490197, 0.16666666666666666, 0.04761904761904762, 0.13725490196078433, 0.10714285714285714, 0.17647058823529413, 0.10185185185185186,        
0.2592592592592593, 0.23589743589743595, 0.15000000000000002, 0.13333333333333336, 0.12916666666666665, 0.2047619047619048, 0.22424242424242424, 0.13703703703703704, 0.08333333333333334, 0.15686274509803924,        
0.11111111111111112, 0.044444444444444446, 0.08333333333333333, 0.125, 0.11904761904761905, 0.09696969696969698, 0.21212121212121213, 0.22291666666666665, 0.26696428571428577, 0.03921568627450981,        
0.08333333333333334, 0.20000000000000004, 0.14242424242424245, 0.125, 0.09090909090909091, 0.10444444444444446, 0.12291666666666667, 0.16666666666666666, 0.038461538461538464, 0.08253968253968255,        
0.07291666666666667, 0.10256410256410257, 0.2529411764705883, 0.0, 0.09629629629629631, 0.1476190476190476, 0.28125000000000006, 0.19333333333333336, 0.05, 0.19523809523809524,        
0.038461538461538464, 0.2222222222222223, 0.08888888888888889, 0.09215686274509804, 0.11574074074074076, 0.08333333333333334, 0.13137254901960785, 0.18055555555555558, 0.11555555555555558, 0.15151515151515152,        
0.16666666666666669, 0.19780219780219782, 0.09629629629629631, 0.17424242424242428, 0.08241758241758242, 0.07833333333333334, 0.14285714285714285, 0.17647058823529413, 0.0, 0.28518518518518526,        
0.0, 0.18055555555555558, 0.041666666666666664, 0.16666666666666666, 0.041666666666666664, 0.13636363636363635, 0.1794871794871795, 0.028571428571428574, 0.058333333333333334, 0.16041666666666665,        
0.03571428571428571, 0.14705882352941177, 0.07843137254901962, 0.1111111111111111, 0.15686274509803924, 0.10606060606060606, 0.1722222222222222, 0.11666666666666665, 0.17857142857142858, 0.13333333333333333,        
0.12222222222222223, 0.0888888888888889, 0.10256410256410257, 0.0925925925925926, 0.18222222222222223, 0.17058823529411768, 0.10476190476190476, 0.19019607843137254, 0.3641025641025642, 0.12820512820512822,        
0.14583333333333334, 0.20208333333333334, 0.03361344537815126, 0.19444444444444445, 0.23263888888888895, 0.08333333333333334, 0.25833333333333336, 0.14444444444444446, 0.08333333333333333, 0.07843137254901962,        
0.11904761904761904, 0.021052631578947368, 0.1488888888888889, 0.24841269841269847, 0.060606060606060615, 0.14035087719298248, 0.028571428571428574, 0.20833333333333334, 0.06481481481481483, 0.13958333333333334,        
0.1929824561403509, 0.060606060606060615, 0.13333333333333333, 0.08235294117647059, 0.10317460317460318, 0.07460317460317462, 0.05, 0.17176870748299322, 0.20392156862745103, 0.1547619047619048,        
0.08974358974358974, 0.10256410256410257, 0.21568627450980393, 0.08333333333333334, 0.19607843137254904, 0.13095238095238096, 0.10714285714285714, 0.2625, 0.23111111111111113, 0.2592592592592593,        
0.0, 0.05714285714285715, 0.125, 0.1666666666666667, 0.045454545454545456, 0.1738095238095238, 0.08928571428571429, 0.15952380952380954, 0.15454545454545457, 0.19230769230769232,        
0.08974358974358974, 0.1471861471861472, 0.03921568627450981, 0.08333333333333334, 0.0, 0.125, 0.1388888888888889, 0.13137254901960785, 0.09090909090909091, 0.027777777777777776,        
0.16228070175438597, 0.0925925925925926, 0.14102564102564102, 0.1, 0.20185185185185187, 0.14444444444444446, 0.058823529411764705, 0.1638888888888889, 0.34, 0.05,        
0.15625, 0.21428571428571433, 0.1717948717948718, 0.19607843137254904, 0.07777777777777778, 0.17500000000000004, 0.1711111111111111, 0.12280701754385966, 0.1916666666666667, 0.06666666666666668,        
0.10416666666666667, 0.08571428571428572, 0.04166666666666667, 0.11111111111111112, 0.1607142857142857, 0.217948717948718, 0.11111111111111112, 0.22767857142857145, 0.19019607843137254, 0.1527777777777778,        
0.15384615384615385, 0.10606060606060606, 0.12280701754385966, 0.17647058823529413, 0.12051282051282053, 0.20833333333333334, 0.18125000000000002, 0.07692307692307693, 0.13541666666666669, 0.07653061224489796,        
0.09070294784580499, 0.2196078431372549, 0.12962962962962965, 0.04761904761904762, 0.15555555555555556, 0.14285714285714285, 0.15000000000000002, 0.0925925925925926, 0.08333333333333334, 0.13095238095238096,        
0.2575757575757576, 0.0, 0.21428571428571433, 0.07407407407407408, 0.22222222222222227, 0.17647058823529413, 0.2333333333333334, 0.1708683473389356, 0.31250000000000006, 0.14705882352941177,        
0.13333333333333333, 0.16666666666666666, 0.13055555555555556, 0.10582010582010583, 0.18222222222222223, 0.08974358974358974, 0.0824561403508772, 0.15777777777777782, 0.23333333333333334, 0.21568627450980393,        
0.17083333333333334, 0.14102564102564102, 0.08333333333333334, 0.08974358974358974, 0.17857142857142858, 0.17083333333333334, 0.22352941176470592, 0.14652014652014653, 0.05625, 0.24242424242424246,        
0.19814814814814813, 0.1492063492063492, 0.03125, 0.11904761904761905, 0.1726190476190476, 0.16666666666666669, 0.08181818181818182, 0.05555555555555555, 0.1875, 0.25641025641025644,        
0.16666666666666669, 0.10784313725490197, 0.13095238095238096, 0.20028011204481794, 0.04761904761904762, 0.03703703703703704, 0.08333333333333333, 0.19583333333333336, 0.12745098039215688, 0.21111111111111114,        
0.1649659863945578, 0.05641025641025642, 0.2, 0.05952380952380952, 0.14705882352941177, 0.11596638655462184, 0.1488888888888889, 0.06862745098039216, 0.0925925925925926, 0.10350877192982456,        
0.2916666666666667, 0.20034013605442183, 0.06666666666666668, 0.13157894736842105, 0.12962962962962965, 0.1722222222222222, 0.13333333333333336, 0.22333333333333333, 0.0824561403508772, 0.21875000000000006,        
0.12121212121212123, 0.1125, 0.19642857142857142, 0.11764705882352941, 0.25490196078431376, 0.10784313725490197, 0.07777777777777778, 0.12051282051282053, 0.17058823529411768, 0.05128205128205129,        
0.0, 0.04166666666666667, 0.08974358974358974, 0.05555555555555555, 0.13958333333333334, 0.0, 0.196969696969697, 0.2777777777777778, 0.13333333333333336, 0.18125000000000002,        
0.14705882352941177, 0.07407407407407408, 0.11754385964912281, 0.16666666666666669, 0.16666666666666669, 0.038461538461538464, 0.08333333333333334, 0.1388888888888889, 0.14102564102564102, 0.1527777777777778,        
0.03571428571428571, 0.21212121212121213, 0.16041666666666665, 0.23611111111111116, 0.16666666666666669, 0.14444444444444446, 0.15910364145658265, 0.11764705882352941, 0.0, 0.09375,        
0.21568627450980393, 0.2023809523809524, 0.05555555555555556, 0.05555555555555556, 0.13541666666666669, 0.07777777777777778, 0.12414965986394558, 0.10256410256410257, 0.03571428571428571, 0.07843137254901962,        
0.03703703703703704, 0.3238095238095238, 0.30769230769230776, 0.1357142857142857, 0.1507936507936508, 0.195578231292517, 0.18333333333333332, 0.20444444444444443, 0.11904761904761905, 0.11587301587301588,        
0.12962962962962965, 0.16666666666666669, 0.17857142857142858, 0.3333333333333334, 0.1416666666666667, 0.2023809523809524, 0.18333333333333338, 0.1492063492063492, 0.1111111111111111, 0.1507936507936508,        
0.06481481481481483, 0.14102564102564102, 0.12745098039215688, 0.09803921568627451, 0.15185185185185185, 0.11212121212121212, 0.15942028985507248, 0.21333333333333335, 0.03333333333333333, 0.08333333333333334,        
0.09523809523809525, 0.16031746031746033, 0.05555555555555556, 0.09090909090909091, 0.2023809523809524, 0.1, 0.0, 0.17083333333333334, 0.15, 0.09722222222222222,        
0.17777777777777778, 0.22222222222222227, 0.11111111111111112, 0.14081632653061224, 0.25170068027210885, 0.1111111111111111, 0.16444444444444445, 0.16666666666666669, 0.196969696969697, 0.11190476190476192,        
0.19727891156462588, 0.13137254901960785, 0.19814814814814813, 0.14615384615384613, 0.15555555555555559, 0.044444444444444446, 0.12414965986394558, 0.22222222222222224, 0.18627450980392157, 0.06153846153846154,        
0.0, 0.0, 0.04761904761904762, 0.0, 0.1547619047619048, 0.08888888888888889, 0.1717948717948718, 0.07619047619047621, 0.16666666666666669, 0.16462585034013605,        
0.19523809523809524, 0.13137254901960785, 0.15555555555555556, 0.14117647058823532, 0.18571428571428572, 0.11904761904761905, 0.09473684210526316, 0.10784313725490197, 0.10606060606060606, 0.20476190476190476,        
0.20512820512820515, 0.12916666666666665, 0.18055555555555558, 0.14761904761904765, 0.22727272727272727, 0.18039215686274512, 0.10444444444444446, 0.23333333333333334, 0.18627450980392157, 0.11904761904761905,        
0.15151515151515152, 0.08333333333333334, 0.11904761904761905, 0.1547619047619048, 0.15952380952380954, 0.05128205128205129, 0.20512820512820515, 0.08333333333333333, 0.1717948717948718, 0.05555555555555556,        
0.16666666666666669, 0.07777777777777778, 0.11587301587301588, 0.18452380952380953, 0.2023809523809524, 0.0824561403508772, 0.3055555555555556, 0.04166666666666667, 0.09649122807017545, 0.07738095238095238,        
0.08888888888888889, 0.0625, 0.32291666666666674, 0.16666666666666669, 0.13333333333333333, 0.11111111111111112, 0.20833333333333337, 0.1717948717948718, 0.19333333333333336, 0.12222222222222223,        
0.13333333333333336, 0.17361111111111116, 0.0888888888888889, 0.12745098039215688, 0.2333333333333334, 0.11666666666666665, 0.08333333333333333, 0.045454545454545456, 0.04166666666666667, 0.22222222222222227,        
0.17708333333333337, 0.15000000000000002, 0.08974358974358974, 0.12745098039215688, 0.13666666666666666, 0.14705882352941177, 0.075, 0.15000000000000002, 0.125, 0.060606060606060615,        
0.14047619047619048, 0.11458333333333334, 0.1512605042016807, 0.1794871794871795, 0.17058823529411768, 0.12962962962962965, 0.0625, 0.09791666666666668, 0.091005291005291, 0.13725490196078433,        
0.26153846153846155, 0.12820512820512822, 0.1, 0.1843137254901961, 0.18333333333333332, 0.16666666666666669, 0.15897435897435896, 0.15686274509803924, 0.04761904761904762, 0.16000000000000003,        
0.05555555555555556, 0.16666666666666669, 0.1450980392156863, 0.08823529411764706, 0.1527777777777778, 0.14444444444444446, 0.1865079365079365, 0.28666666666666674, 0.06481481481481483, 0.08974358974358974,        
0.217948717948718, 0.18039215686274512, 0.16666666666666666, 0.10925925925925926, 0.15625, 0.04761904761904762, 0.10769230769230768, 0.20833333333333334, 0.10224089635854341, 0.15,        
0.16222222222222224, 0.09722222222222222, 0.09791666666666668, 0.08888888888888889, 0.08333333333333334, 0.11458333333333334, 0.06696428571428571, 0.13690476190476192, 0.15151515151515152, 0.1627450980392157,        
0.1365079365079365, 0.03809523809523809, 0.06140350877192983, 0.13095238095238096, 0.14583333333333334, 0.22380952380952382, 0.12156862745098038, 0.18915343915343918, 0.05, 0.10784313725490197,        
0.08974358974358974, 0.14393939393939395, 0.10606060606060606, 0.14444444444444446, 0.041666666666666664, 0.11228070175438598, 0.2904761904761905, 0.1904761904761905, 0.05128205128205129, 0.07777777777777778,        
0.14285714285714285, 0.15151515151515152, 0.08333333333333334, 0.12037037037037039, 0.038461538461538464, 0.1111111111111111, 0.3222222222222223, 0.15800865800865802, 0.19166666666666665, 0.13725490196078433,        
0.11458333333333334, 0.041666666666666664, 0.17777777777777778, 0.0, 0.1, 0.0625, 0.09803921568627451, 0.07777777777777778, 0.20666666666666664, 0.06481481481481483,        
0.15263157894736845, 0.3333333333333334, 0.17647058823529413, 0.15897435897435896, 0.20714285714285713, 0.15151515151515152, 0.0, 0.3205128205128206, 0.1738095238095238, 0.1232142857142857,        
0.12407407407407407, 0.08333333333333334, 0.10582010582010583, 0.15800865800865802, 0.0, 0.20833333333333334, 0.09, 0.09791666666666668, 0.09803921568627451, 0.05555555555555556,        
0.24470899470899474, 0.09803921568627451, 0.26458333333333334, 0.11779448621553885, 0.11458333333333334, 0.12051282051282053, 0.03703703703703704, 0.22708333333333336, 0.25, 0.12280701754385966,        
0.11555555555555558, 0.15211640211640212, 0.10784313725490197, 0.12962962962962965, 0.27777777777777785, 0.08888888888888889, 0.11666666666666665, 0.1547619047619048, 0.19523809523809524, 0.15490196078431376,        
0.12280701754385966, 0.08703703703703705, 0.2854497354497355, 0.09333333333333332, 0.10444444444444446, 0.03333333333333333, 0.14814814814814817, 0.1666666666666667, 0.1527777777777778, 0.10444444444444446,        
0.18222222222222223, 0.11458333333333334, 0.07142857142857142, 0.10784313725490197, 0.09803921568627451, 0.1616541353383459, 0.22592592592592597, 0.2243589743589744, 0.11904761904761905, 0.09523809523809525,        
0.12820512820512822, 0.03636363636363637, 0.15686274509803924, 0.14145658263305325, 0.0925925925925926, 0.16666666666666669, 0.1912280701754386, 0.03571428571428571, 0.1285714285714286, 0.06666666666666667,        
0.16000000000000003, 0.04166666666666667, 0.052941176470588235, 0.14385964912280702, 0.07357142857142858, 0.07692307692307693, 0.2042016806722689, 0.15934065934065933, 0.1761904761904762, 0.09333333333333332,        
0.11111111111111112, 0.11190476190476191, 0.08888888888888889, 0.1148148148148148, 0.17478991596638657, 0.12280701754385966, 0.15952380952380954, 0.08974358974358974, 0.14583333333333334, 0.16666666666666669,        
0.16666666666666669, 0.10256410256410257, 0.11904761904761905, 0.19791666666666669, 0.3166666666666667, 0.18333333333333335, 0.20185185185185187, 0.16071428571428573, 0.0642857142857143, 0.2616666666666667,        
0.16666666666666669, 0.10606060606060606, 0.09722222222222222, 0.1888888888888889, 0.12000000000000001, 0.11111111111111112, 0.19777777777777777, 0.0642857142857143, 0.08333333333333333, 0.13095238095238096,        
0.11111111111111112, 0.10444444444444446, 0.22380952380952382, 0.07843137254901962, 0.18888888888888894, 0.226984126984127, 0.11111111111111112, 0.05, 0.18055555555555558, 0.11111111111111112,        
0.07017543859649124, 0.07843137254901962, 0.20303030303030303, 0.08148148148148149, 0.12727272727272726, 0.22333333333333333, 0.261904761904762, 0.08333333333333334, 0.03076923076923077, 0.12820512820512822,        
0.06923076923076923, 0.1929824561403509, 0.07843137254901962, 0.1535714285714286, 0.03333333333333333, 0.09523809523809525, 0.25, 0.09215686274509804, 0.19230769230769232, 0.13541666666666669,        
0.14117647058823532, 0.15185185185185185, 0.08703703703703705, 0.0, 0.17708333333333337, 0.058823529411764705, 0.1476190476190476, 0.1722222222222222, 0.05625, 0.10714285714285714,        
0.20370370370370372, 0.12407407407407407, 0.0, 0.038461538461538464, 0.17142857142857143, 0.060606060606060615, 0.28666666666666674, 0.1949874686716792, 0.20370370370370372, 0.03571428571428571,        
0.12820512820512822, 0.0925925925925926, 0.13095238095238096, 0.11666666666666665, 0.10833333333333335, 0.10606060606060606, 0.07692307692307693, 0.1614035087719298, 0.03571428571428571, 0.14795918367346936,        
0.038461538461538464, 0.10769230769230768, 0.13541666666666669, 0.18611111111111112, 0.19444444444444445, 0.10863095238095238, 0.14705882352941177, 0.21555555555555556, 0.029411764705882353, 0.10256410256410257,        
0.2743589743589744, 0.10238095238095238, 0.025, 0.12222222222222223, 0.05625, 0.12156862745098038, 0.20833333333333337, 0.1, 0.12222222222222223, 0.07738095238095238,        
0.1, 0.12280701754385966, 0.04761904761904762, 0.13290043290043288, 0.14035087719298248, 0.045454545454545456, 0.0625, 0.19365079365079368, 0.10897435897435898, 0.07619047619047621,        
0.08333333333333333, 0.20625, 0.12051282051282053, 0.17708333333333337, 0.08181818181818182, 0.13095238095238096, 0.06862745098039216, 0.17647058823529413, 0.0642857142857143, 0.12962962962962965,        
0.34920634920634924, 0.13777777777777775, 0.12280701754385966, 0.09523809523809525, 0.1336996336996337, 0.08235294117647059, 0.1843137254901961, 0.11111111111111112, 0.125, 0.12745098039215688,        
0.18809523809523812, 0.13095238095238096, 0.21111111111111114, 0.13958333333333334, 0.21693121693121695, 0.0625, 0.2, 0.13095238095238096, 0.12745098039215688, 0.12142857142857144,        
0.22916666666666669, 0.0, 0.13725490196078433, 0.10416666666666667, 0.14102564102564102, 0.0, 0.17017543859649123, 0.17857142857142858, 0.1488888888888889, 0.1527777777777778,        
0.1449275362318841, 0.10416666666666667, 0.08771929824561404, 0.07291666666666667, 0.12962962962962965, 0.11904761904761905, 0.15, 0.15863095238095237, 0.2074074074074074, 0.0974025974025974,        
0.09722222222222222, 0.1598639455782313, 0.21212121212121213, 0.029411764705882353, 0.23611111111111116, 0.18333333333333332, 0.13, 0.22222222222222224, 0.13095238095238096, 0.28717948717948727,        
0.15555555555555556, 0.1, 0.11111111111111112, 0.18181818181818185, 0.13958333333333334, 0.25000000000000006, 0.11596638655462184, 0.05128205128205129, 0.13541666666666669, 0.11111111111111112,        
0.1336996336996337, 0.19523809523809524, 0.28472222222222227, 0.1875, 0.12820512820512822, 0.14259259259259258, 0.19230769230769232, 0.30026455026455035, 0.08974358974358974, 0.08333333333333334,        
0.10588235294117647, 0.028571428571428574, 0.15625, 0.12820512820512822, 0.125, 0.03636363636363637, 0.1607843137254902, 0.13958333333333334, 0.14705882352941177, 0.125,        
0.16666666666666669, 0.10256410256410257, 0.08333333333333333, 0.0, 0.12820512820512822, 0.07653061224489796, 0.18666666666666668, 0.19814814814814813, 0.0, 0.09999999999999999,        
0.12962962962962965, 0.16041666666666665, 0.16041666666666665, 0.2, 0.08974358974358974, 0.03636363636363637, 0.15384615384615385, 0.045454545454545456, 0.17647058823529413, 0.22916666666666669,        
0.03333333333333333, 0.14814814814814817, 0.1794871794871795, 0.04761904761904762, 0.041666666666666664, 0.13690476190476192, 0.19649122807017544, 0.09693877551020409, 0.09999999999999999, 0.0625,        
0.13376623376623378, 0.16071428571428573, 0.2575757575757576, 0.16666666666666666, 0.1961309523809524, 0.038461538461538464, 0.0642857142857143, 0.14285714285714285, 0.21568627450980393, 0.13333333333333333,        
0.1, 0.16140350877192985, 0.21212121212121213, 0.1791979949874687, 0.038461538461538464, 0.06140350877192983, 0.13529411764705881, 0.1794871794871795, 0.1388888888888889, 0.07619047619047621,        
0.21031746031746032, 0.07407407407407408, 0.24242424242424246, 0.03571428571428571, 0.0984848484848485, 0.1335978835978836, 0.21403508771929824, 0.18333333333333338, 0.25000000000000006, 0.17962962962962964,        
0.07291666666666667, 0.10444444444444446, 0.14484126984126985, 0.126984126984127, 0.09722222222222222, 0.044444444444444446, 0.18915343915343918, 0.13111111111111112, 0.11538461538461539, 0.08333333333333333,        
0.08333333333333334, 0.03508771929824562, 0.1111111111111111, 0.27777777777777785, 0.12222222222222223, 0.18627450980392157, 0.17450980392156865, 0.12222222222222223, 0.13333333333333336, 0.09,        
0.17500000000000004, 0.1547619047619048, 0.07692307692307693, 0.07777777777777778, 0.10606060606060606, 0.05128205128205129, 0.13725490196078433, 0.11111111111111112, 0.2435897435897436, 0.03571428571428571,        
0.08703703703703705, 0.09523809523809525, 0.2, 0.06666666666666668, 0.19333333333333336, 0.18459383753501402, 0.07692307692307693, 0.06862745098039216, 0.20444444444444443, 0.0,        
0.05128205128205129, 0.1835978835978836, 0.19607843137254904, 0.18421052631578952, 0.20833333333333334, 0.12222222222222223, 0.24500000000000002, 0.24285714285714288, 0.11111111111111112, 0.0,        
0.20833333333333334, 0.08974358974358974, 0.03125, 0.058823529411764705, 0.06666666666666667, 0.03333333333333334, 0.07719298245614035, 0.13518518518518519, 0.13095238095238096, 0.15,        
0.05555555555555556, 0.196969696969697, 0.10833333333333335, 0.1388888888888889, 0.08823529411764706, 0.2777777777777778, 0.13777777777777775, 0.3777777777777778, 0.1388888888888889, 0.12820512820512822,        
0.16041666666666668, 0.0642857142857143, 0.08333333333333334, 0.07843137254901962, 0.03076923076923077, 0.10224089635854341, 0.1666666666666667, 0.196969696969697, 0.11111111111111112, 0.029411764705882353,        
0.10784313725490197, 0.26153846153846155, 0.12745098039215688, 0.14583333333333334, 0.041666666666666664, 0.15555555555555556, 0.08974358974358974, 0.14444444444444446, 0.1666666666666667, 0.16666666666666669,        
0.1388888888888889, 0.038461538461538464, 0.1750700280112045, 0.20833333333333337, 0.0, 0.049019607843137254, 0.12820512820512822, 0.21111111111111114, 0.18222222222222223, 0.11458333333333334,        
0.19791666666666669, 0.2333333333333334, 0.15625, 0.12051282051282053, 0.09375, 0.08333333333333334, 0.20526315789473687, 0.2100840336134454, 0.1414965986394558, 0.09999999999999999,        
0.1087719298245614, 0.10930735930735933, 0.1, 0.03921568627450981, 0.1607843137254902, 0.18888888888888894, 0.13333333333333336, 0.18222222222222223, 0.18222222222222223, 0.13333333333333333,        
0.0642857142857143, 0.06666666666666668, 0.07142857142857142, 0.08888888888888889, 0.16666666666666669, 0.08333333333333333, 0.23076923076923078, 0.0625, 0.07777777777777778, 0.2333333333333334,        
0.22333333333333333, 0.06666666666666668, 0.08823529411764706, 0.09523809523809525, 0.05128205128205129, 0.10416666666666667, 0.11666666666666667, 0.21428571428571427, 0.08333333333333333, 0.11904761904761905,        
0.1616541353383459, 0.17647058823529413, 0.1607843137254902, 0.10714285714285714, 0.0, 0.08823529411764706, 0.13636363636363635, 0.1148148148148148, 0.14444444444444446, 0.16166666666666668,        
0.03571428571428571, 0.13333333333333336, 0.16666666666666669, 0.21666666666666667, 0.25198412698412703, 0.0, 0.1717948717948718, 0.20833333333333334, 0.09333333333333332, 0.07692307692307693,        
0.10444444444444446, 0.19999999999999998, 0.12820512820512822, 0.12833333333333335, 0.11851851851851854, 0.18461538461538465, 0.09803921568627451, 0.13095238095238096, 0.15686274509803924, 0.16666666666666669,        
0.1, 0.09803921568627451, 0.13157894736842105, 0.03333333333333333, 0.13137254901960785, 0.14102564102564102, 0.11458333333333334, 0.1388888888888889, 0.11904761904761905, 0.13958333333333334,        
0.07777777777777778, 0.044444444444444446, 0.10256410256410257, 0.058333333333333334, 0.13095238095238096, 0.11403508771929827, 0.05, 0.16666666666666669, 0.08888888888888889, 0.07777777777777778,        
0.12222222222222223, 0.029411764705882353, 0.041666666666666664, 0.1696969696969697, 0.14242424242424245, 0.18498168498168502, 0.15, 0.14242424242424245, 0.1416666666666667, 0.03125,        
0.20416666666666666, 0.22727272727272727, 0.2925170068027211, 0.06481481481481483, 0.16825396825396824, 0.13333333333333336, 0.17216117216117216, 0.1711111111111111, 0.14102564102564102, 0.10769230769230768,        
0.05925925925925927, 0.08974358974358974, 0.07282913165266107, 0.1111111111111111, 0.11904761904761905, 0.11555555555555558, 0.18055555555555558, 0.1111111111111111, 0.14102564102564102, 0.09649122807017545,        
0.15555555555555556, 0.08888888888888889, 0.07291666666666667, 0.29166666666666674, 0.13333333333333333, 0.19019607843137254, 0.1527777777777778, 0.1711111111111111, 0.1738095238095238, 0.09803921568627451,        
0.03571428571428571, 0.08235294117647059, 0.14102564102564102, 0.14814814814814817, 0.038461538461538464, 0.12222222222222223, 0.03125, 0.1547619047619048, 0.08253968253968255, 0.22500000000000003,        
0.03636363636363637, 0.05128205128205129, 0.08333333333333334, 0.05128205128205129, 0.10224089635854341, 0.15, 0.17708333333333337, 0.11666666666666665, 0.14814814814814817, 0.04081632653061224,        
0.24242424242424246, 0.1888888888888889, 0.1488888888888889, 0.04761904761904762, 0.12414965986394558, 0.08333333333333333, 0.15555555555555556, 0.1527777777777778, 0.060000000000000005, 0.11666666666666667,        
0.08333333333333333, 0.20526315789473687, 0.19791666666666669, 0.07619047619047621, 0.0974025974025974, 0.15686274509803924, 0.10606060606060606, 0.24901960784313726, 0.11241830065359477, 0.07291666666666667,        
0.2247619047619048, 0.052941176470588235, 0.26041666666666674, 0.13055555555555556, 0.06666666666666667, 0.10784313725490197, 0.13165266106442577, 0.23015873015873017, 0.14285714285714285, 0.2619047619047619,        
0.17142857142857143, 0.1488888888888889, 0.12727272727272726, 0.09791666666666668, 0.06666666666666667, 0.11904761904761905, 0.2023809523809524, 0.35317460317460325, 0.1425925925925926, 0.18333333333333332,        
0.07291666666666667, 0.08843537414965986, 0.20588235294117652, 0.1521739130434783, 0.2100840336134454, 0.09090909090909091, 0.06862745098039216, 0.2254901960784314, 0.13333333333333336, 0.15151515151515152,        
0.04761904761904762, 0.09803921568627451, 0.2229166666666667, 0.14035087719298248, 0.17653061224489797, 0.12820512820512822, 0.10606060606060606, 0.13095238095238096, 0.0, 0.08888888888888889,        
0.08333333333333333, 0.16666666666666669, 0.14035087719298248, 0.12222222222222223, 0.1111111111111111, 0.11666666666666667, 0.15436507936507937, 0.08333333333333334, 0.16904761904761909, 0.09710144927536232,        
0.0, 0.11111111111111112, 0.09523809523809525, 0.08333333333333334, 0.16111111111111112, 0.12051282051282053, 0.19523809523809524, 0.14583333333333334, 0.11764705882352941, 0.06481481481481483,        
0.11111111111111112, 0.125, 0.07833333333333334, 0.18888888888888894, 0.07619047619047621, 0.11754385964912281, 0.08333333333333334, 0.18, 0.1388888888888889, 0.23684210526315794,        
0.13333333333333333, 0.08333333333333333, 0.07692307692307693, 0.19642857142857145, 0.14583333333333334, 0.2619047619047619, 0.11851851851851854, 0.1527777777777778, 0.12222222222222223, 0.0888888888888889,        
0.13725490196078433, 0.0625, 0.1, 0.06140350877192983, 0.1666666666666667, 0.11458333333333334, 0.14117647058823532, 0.3194444444444445, 0.06140350877192983, 0.09803921568627451,        
0.1754385964912281, 0.12037037037037039, 0.12280701754385966, 0.19230769230769232, 0.15151515151515152, 0.21111111111111114, 0.03636363636363637, 0.24479166666666669, 0.058333333333333334, 0.2351851851851852,        
0.06666666666666668, 0.04736842105263158, 0.15952380952380954, 0.1388888888888889, 0.14242424242424245, 0.07619047619047621, 0.25833333333333336, 0.16666666666666666, 0.1388888888888889, 0.16666666666666669,        
0.1148148148148148, 0.15151515151515152, 0.06938775510204082, 0.04166666666666667, 0.07142857142857142, 0.20833333333333334, 0.1717948717948718, 0.15272108843537419, 0.1738095238095238, 0.038461538461538464,        
0.09523809523809525, 0.14285714285714285, 0.12962962962962965, 0.1254901960784314, 0.05, 0.1484593837535014, 0.16666666666666669, 0.09333333333333332, 0.07111111111111112, 0.12820512820512822,        
0.17708333333333337, 0.15416666666666667, 0.11904761904761905, 0.0, 0.044444444444444446, 0.1388888888888889, 0.10416666666666667, 0.0625, 0.26363636363636367, 0.125,        
0.09999999999999999, 0.10185185185185186, 0.0925925925925926, 0.060000000000000005, 0.12962962962962965, 0.18333333333333332, 0.17708333333333337, 0.038461538461538464, 0.11666666666666665, 0.03571428571428571,        
0.1507936507936508, 0.1875, 0.21818181818181823, 0.21568627450980393, 0.07692307692307693, 0.11666666666666667, 0.08205128205128207, 0.14047619047619048, 0.21250000000000002, 0.12280701754385966,        
0.11904761904761905, 0.06862745098039216, 0.16666666666666666, 0.14523809523809525, 0.18888888888888894, 0.14444444444444446, 0.26944444444444443, 0.058333333333333334, 0.2575757575757576, 0.31041666666666673,        
0.1, 0.09523809523809525, 0.0, 0.06666666666666668, 0.08333333333333333, 0.08333333333333334, 0.12820512820512822, 0.19333333333333336, 0.13725490196078433, 0.11904761904761905,        
0.16111111111111112, 0.11190476190476192, 0.12745098039215688, 0.08823529411764706, 0.24365079365079367, 0.08333333333333334, 0.10444444444444446, 0.1547619047619048, 0.18125, 0.12222222222222223,        
0.07142857142857142, 0.2023809523809524, 0.21153846153846154, 0.15555555555555556, 0.11458333333333334, 0.125, 0.19777777777777777, 0.2484848484848485, 0.13529411764705881, 0.11904761904761905,        
0.19523809523809527, 0.14285714285714285, 0.07291666666666667, 0.18541666666666667, 0.1388888888888889, 0.03508771929824562, 0.0627450980392157, 0.1904761904761905, 0.08888888888888889, 0.12380952380952383,        
0.044444444444444446, 0.03508771929824562, 0.16666666666666666, 0.23809523809523814, 0.08771929824561404, 0.3333333333333334, 0.24444444444444446, 0.04166666666666667, 0.1298245614035088, 0.1794871794871795,        
0.10582010582010583, 0.11190476190476192, 0.12820512820512822, 0.12280701754385966, 0.15098039215686274, 0.0873015873015873, 0.24074074074074078, 0.07291666666666667, 0.1, 0.047619047619047616,        
0.1717948717948718, 0.2, 0.16666666666666669, 0.08235294117647059, 0.044444444444444446, 0.05555555555555556, 0.1476190476190476, 0.2833333333333334, 0.23888888888888893, 0.1449275362318841,        
0.06666666666666667, 0.16386554621848745, 0.10526315789473684, 0.06666666666666667, 0.2037593984962406, 0.15263157894736845, 0.052083333333333336, 0.1388888888888889, 0.025, 0.12280701754385966,        
0.0, 0.07142857142857142, 0.22592592592592597, 0.11111111111111112, 0.12222222222222223, 0.33333333333333337, 0.17, 0.19523809523809524, 0.17777777777777778, 0.06862745098039216,        
0.13333333333333333, 0.11904761904761905, 0.07777777777777778, 0.1944444444444445, 0.08974358974358974, 0.25641025641025644, 0.17316017316017318, 0.1, 0.0, 0.16666666666666669,        
0.07291666666666667, 0.030303030303030307, 0.17500000000000004, 0.1416666666666667, 0.1388888888888889, 0.11666666666666667, 0.125, 0.2023809523809524, 0.03571428571428571, 0.08333333333333334,        
0.125, 0.10714285714285714, 0.14285714285714285, 0.1488888888888889, 0.10476190476190476, 0.11111111111111112, 0.23958333333333337, 0.029411764705882353, 0.2481481481481482, 0.06666666666666668,        
0.1843137254901961, 0.15555555555555556, 0.226984126984127, 0.05263157894736842, 0.1476190476190476, 0.10224089635854341, 0.15555555555555556, 0.09999999999999999, 0.022222222222222223, 0.11754385964912281,        
0.12745098039215688, 0.14730158730158732, 0.060000000000000005, 0.07291666666666667, 0.06862745098039216, 0.125, 0.16428571428571428, 0.1388888888888889, 0.15666666666666668, 0.11111111111111112,        
0.08205128205128207, 0.23111111111111118, 0.11363636363636363, 0.08703703703703705, 0.03125, 0.058333333333333334, 0.1607843137254902, 0.1, 0.0625, 0.05128205128205129,        
0.08333333333333333, 0.30769230769230776, 0.19814814814814818, 0.12745098039215688, 0.11904761904761904, 0.18888888888888894, 0.2023809523809524, 0.19444444444444445, 0.09523809523809525, 0.2122448979591837,        
0.10256410256410257, 0.14285714285714285, 0.12745098039215688, 0.04166666666666667, 0.07291666666666667, 0.18888888888888894, 0.21111111111111114, 0.07777777777777778, 0.09803921568627451, 0.14912280701754388,        
0.041666666666666664, 0.10769230769230768, 0.18333333333333335, 0.1388888888888889, 0.08974358974358974, 0.05, 0.126984126984127, 0.10606060606060606, 0.04761904761904762, 0.03333333333333333,        
0.212962962962963, 0.05128205128205129, 0.14583333333333334, 0.1547619047619048, 0.16666666666666669, 0.11458333333333334, 0.1740740740740741, 0.12962962962962965, 0.038461538461538464, 0.31372549019607854,        
0.19166666666666665, 0.10606060606060606, 0.08974358974358974, 0.19444444444444445, 0.16666666666666669, 0.13725490196078433, 0.14814814814814817, 0.038461538461538464, 0.1754385964912281, 0.17647058823529413,        
0.07719298245614035, 0.14102564102564102, 0.22222222222222227, 0.04761904761904762, 0.22222222222222224, 0.0, 0.09629629629629631, 0.12222222222222223, 0.0925925925925926, 0.1087719298245614,        
0.11754385964912281, 0.16140350877192985, 0.10185185185185186, 0.10185185185185186, 0.11904761904761905, 0.20208333333333334, 0.14444444444444446, 0.14285714285714285, 0.1488888888888889, 0.1019607843137255,        
0.08974358974358974, 0.1875, 0.13958333333333334, 0.2836734693877551, 0.11458333333333334, 0.11666666666666665, 0.1388888888888889, 0.14285714285714285, 0.05555555555555556, 0.27922077922077926,        
0.19780219780219782, 0.038461538461538464, 0.15873015873015875, 0.14057971014492754, 0.20208333333333334, 0.14583333333333334, 0.18843537414965986, 0.11458333333333334, 0.1388888888888889, 0.07777777777777778,        
0.18498168498168502, 0.26153846153846155, 0.08181818181818182, 0.06140350877192983, 0.08974358974358974, 0.22352941176470592, 0.09999999999999999, 0.07291666666666667, 0.11666666666666668, 0.15,        
0.19523809523809524, 0.06481481481481483, 0.06666666666666667, 0.11666666666666665, 0.05128205128205129, 0.13333333333333333, 0.10606060606060606, 0.1527777777777778, 0.28666666666666674, 0.029411764705882353,        
0.16666666666666669, 0.2, 0.19230769230769232, 0.10606060606060606, 0.10476190476190476, 0.058823529411764705, 0.09999999999999999, 0.14583333333333334, 0.06923076923076923, 0.13636363636363635,        
0.1666666666666667, 0.16666666666666669, 0.14583333333333334, 0.10185185185185186, 0.10416666666666667, 0.19333333333333336, 0.1722222222222222, 0.18333333333333335, 0.08333333333333334, 0.11555555555555558,        
0.1527777777777778, 0.07017543859649124, 0.1380952380952381, 0.13095238095238096, 0.22407407407407406, 0.06862745098039216, 0.08333333333333333, 0.20370370370370372, 0.19795918367346937, 0.20512820512820515,        
0.12222222222222223, 0.03571428571428571, 0.05555555555555555, 0.16140350877192985, 0.08703703703703705, 0.1527777777777778, 0.08181818181818182, 0.029411764705882353, 0.08205128205128207, 0.10606060606060606,        
0.1, 0.1131868131868132, 0.03333333333333333, 0.2083333333333334, 0.06666666666666668, 0.15555555555555556, 0.08703703703703705, 0.0625, 0.1462962962962963, 0.12916666666666665,        
0.14583333333333334, 0.125, 0.16815476190476192, 0.24761904761904763, 0.18888888888888894, 0.07692307692307693, 0.07777777777777778, 0.06666666666666668, 0.11458333333333334, 0.0824561403508772,        
0.04166666666666667, 0.26890756302521013, 0.25462962962962965, 0.03174603174603175, 0.17142857142857143, 0.2333333333333334, 0.027777777777777776, 0.2111111111111111, 0.2972222222222223, 0.14583333333333334,        
0.16666666666666669, 0.2640692640692641, 0.1875, 0.11904761904761905, 0.22916666666666669, 0.09473684210526316, 0.10416666666666667, 0.09696969696969698, 0.041666666666666664, 0.03921568627450981,        
0.14035087719298248, 0.10416666666666667, 0.12820512820512822, 0.16666666666666666, 0.12121212121212123, 0.11458333333333334, 0.10714285714285714, 0.09722222222222222, 0.023529411764705882, 0.09722222222222222,        
0.09523809523809525, 0.11587301587301588, 0.20980392156862748, 0.13333333333333333, 0.262962962962963, 0.15029761904761907, 0.07777777777777778, 0.07111111111111112, 0.08205128205128207, 0.03571428571428571,        
0.23809523809523814, 0.05128205128205129, 0.14285714285714285, 0.10714285714285714, 0.16666666666666666, 0.13095238095238096, 0.16666666666666669, 0.075, 0.10185185185185186, 0.0625,        
0.15686274509803924, 0.12820512820512822, 0.16666666666666669, 0.10416666666666667, 0.08771929824561404, 0.16296296296296298, 0.017857142857142856, 0.1875, 0.1613756613756614, 0.11111111111111112,        
0.0, 0.0, 0.18253968253968253, 0.156140350877193, 0.12666666666666665, 0.12631578947368424, 0.044444444444444446, 0.2254901960784314, 0.09285714285714286, 0.06666666666666668,        
0.17708333333333337, 0.13095238095238096, 0.08333333333333334, 0.2023809523809524, 0.1, 0.23076923076923078, 0.14444444444444446, 0.14444444444444446, 0.12222222222222223, 0.11458333333333334,        
0.1666666666666667, 0.18498168498168502, 0.11111111111111112, 0.15625, 0.10714285714285714, 0.19841269841269846, 0.13999999999999999, 0.044444444444444446, 0.16000000000000003, 0.11190476190476192,        
0.25000000000000006, 0.08333333333333334, 0.05128205128205129, 0.14035087719298248, 0.06666666666666668, 0.11458333333333334, 0.05555555555555556, 0.2, 0.24285714285714288, 0.12291666666666667,        
0.09722222222222222, 0.11779448621553885, 0.07291666666666667, 0.14375, 0.14102564102564102, 0.11458333333333334, 0.045454545454545456, 0.15897435897435896, 0.11904761904761904, 0.07936507936507937,        
0.05555555555555556, 0.16666666666666666, 0.196969696969697, 0.09375, 0.17777777777777778, 0.13055555555555556, 0.156140350877193, 0.18888888888888894, 0.15789473684210525, 0.11904761904761905,        
0.12820512820512822, 0.075, 0.12727272727272726, 0.1666666666666667, 0.2214285714285714, 0.12916666666666665, 0.25000000000000006, 0.12820512820512822, 0.2619047619047619, 0.23809523809523814,        
0.1527777777777778, 0.14786967418546365, 0.2, 0.1, 0.1614035087719298, 0.10606060606060606, 0.08974358974358974, 0.1218487394957983, 0.15897435897435896, 0.13333333333333336,        
