0.6980880230880231, 0.7142857142857143, 0.5, 0.8, 0.0
0.6941813905049201, 0.7142857142857143, 0.5, 0.8125, 0.0
0.6952393285726619, 0.7, 0.6, 0.7777777777777778, 0.0
0.7034435499141384, 0.7, 0.6, 0.8, 0.0
0.7079796020972493, 0.7333333333333334, 0.5, 0.8, 0.0
0.7061050061050064, 0.7071428571428571, 0.6363636363636364, 0.8333333333333334, 0.0
0.7270469114219116, 0.7303030303030303, 0.5714285714285714, 0.8333333333333334, 0.0
0.7025848801058887, 0.7032967032967032, 0.6363636363636364, 0.7692307692307692, 0.0
0.7047932622932626, 0.7142857142857143, 0.5, 0.8125, 0.0
0.715136483886484, 0.7207792207792207, 0.625, 0.7857142857142857, 0.0
0.7256776556776559, 0.7142857142857143, 0.6428571428571428, 0.8, 0.0
0.6761482107635955, 0.6923076923076923, 0.5, 0.75, 0.0
0.7026739342528817, 0.7, 0.5, 0.8181818181818181, 0.0
0.6890262515262517, 0.6875, 0.6, 0.7777777777777778, 0.0
0.6932302545938911, 0.7, 0.6, 0.75, 0.0
0.7138367207571361, 0.7272727272727273, 0.5, 0.8, 0.0
0.6987001887001888, 0.7142857142857143, 0.5, 0.7857142857142857, 0.0
0.7377733377733379, 0.7333333333333334, 0.6923076923076923, 0.8, 0.0
0.6866359335109337, 0.7238095238095239, 0.5, 0.7857142857142857, 0.0
0.6683649683649685, 0.7, 0.33333333333333337, 0.75, 0.0
0.6893365893365894, 0.7142857142857143, 0.5384615384615384, 0.7692307692307692, 0.0
0.6935301735301738, 0.6923076923076923, 0.6, 0.8, 0.0
0.7272108843537417, 0.7207792207792207, 0.6666666666666667, 0.8181818181818181, 0.0
0.7066860223110225, 0.7142857142857143, 0.5555555555555556, 0.8461538461538461, 0.0
0.6725879889341428, 0.6666666666666667, 0.5, 0.7692307692307692, 0.0
0.7369449994449995, 0.7142857142857143, 0.6428571428571428, 0.875, 0.0
0.6951365301365302, 0.6794871794871795, 0.6363636363636364, 0.7692307692307692, 0.0
0.7158151372437088, 0.7303030303030303, 0.5714285714285714, 0.7857142857142857, 0.0
0.6853428053428056, 0.6666666666666667, 0.6, 0.7777777777777778, 0.0
0.7167467081529584, 0.7071428571428571, 0.6666666666666667, 0.8, 0.0
0.7074163931306789, 0.7272727272727273, 0.6, 0.8, 0.0
0.7110889841153001, 0.7142857142857143, 0.625, 0.7857142857142857, 0.0
0.6653269807115962, 0.6666666666666667, 0.5, 0.8, 0.0
0.669287656787657, 0.6875, 0.5, 0.7692307692307692, 0.0
0.7101061331830564, 0.7142857142857143, 0.5555555555555556, 0.8, 0.0
0.7001139211665529, 0.7142857142857143, 0.5, 0.8, 0.0
0.6942195825008327, 0.7071428571428571, 0.33333333333333337, 0.8181818181818181, 0.0
0.7016039822105999, 0.7100840336134453, 0.6153846153846154, 0.7777777777777778, 0.0
0.7149073149073151, 0.7142857142857143, 0.6363636363636364, 0.8, 0.0
0.7066253851968141, 0.7142857142857143, 0.6, 0.8, 0.0
0.7096221959858324, 0.7142857142857143, 0.6666666666666667, 0.75, 0.0
0.6850815850815851, 0.6794871794871795, 0.5, 0.8333333333333334, 0.0
0.7029428751395665, 0.7, 0.5714285714285714, 0.8125, 0.0
0.6741795649883885, 0.6923076923076923, 0.5833333333333333, 0.75, 0.0
0.680970695970696, 0.6666666666666667, 0.6, 0.7692307692307692, 0.0
0.6875975215260931, 0.7032967032967032, 0.5, 0.8, 0.0
0.7201001379572809, 0.7207792207792207, 0.6153846153846154, 0.8571428571428572, 0.0
0.7065452224543134, 0.7142857142857143, 0.5555555555555556, 0.8181818181818181, 0.0
0.6890659340659341, 0.7, 0.5833333333333333, 0.7692307692307692, 0.0
0.7109265734265735, 0.7272727272727273, 0.6, 0.8, 0.0
0.6929285000713575, 0.6923076923076923, 0.6, 0.7692307692307692, 0.0
0.7152884697002345, 0.7142857142857143, 0.625, 0.7857142857142857, 0.0
0.6879150170816839, 0.6904761904761905, 0.5555555555555556, 0.8, 0.0
0.7203139090393995, 0.7142857142857143, 0.5714285714285714, 0.8333333333333334, 0.0
0.6934909997409996, 0.6899038461538461, 0.6, 0.8125, 0.0
0.6914299985728558, 0.7071428571428571, 0.5555555555555556, 0.7777777777777778, 0.0
0.6730158730158731, 0.6666666666666667, 0.5, 0.75, 0.0
0.7093493807779525, 0.7142857142857143, 0.5714285714285714, 0.8, 0.0
0.7072537978955092, 0.7058823529411764, 0.6363636363636364, 0.8333333333333334, 0.0
0.7341540404040405, 0.7333333333333334, 0.6666666666666667, 0.8125, 0.0
0.7054556554556555, 0.7142857142857143, 0.5555555555555556, 0.75, 0.0
0.7056277056277056, 0.7142857142857143, 0.5714285714285714, 0.7692307692307692, 0.0
0.7215638528138528, 0.7207792207792207, 0.6666666666666667, 0.75, 0.0
0.6804559166323875, 0.6666666666666667, 0.5, 0.7692307692307692, 0.0
0.6699034299034299, 0.6666666666666667, 0.5714285714285714, 0.8, 0.0
0.7025674692954107, 0.75, 0.4, 0.8, 0.0
0.6521613307327595, 0.6794871794871795, 0.5, 0.8, 0.0
0.6840147597500539, 0.7058823529411764, 0.5, 0.75, 0.0
0.7084325396825397, 0.7142857142857143, 0.625, 0.8, 0.0
0.7103618603618606, 0.7272727272727273, 0.6, 0.8571428571428572, 0.0
0.6811892736892737, 0.6875, 0.5555555555555556, 0.8, 0.0
0.6718163780663781, 0.6666666666666667, 0.5, 0.7692307692307692, 0.0
0.6826340326340328, 0.7272727272727273, 0.4444444444444444, 0.8, 0.0
0.711309523809524, 0.7142857142857143, 0.6, 0.7857142857142857, 0.0
0.7118618207772621, 0.7207792207792207, 0.6, 0.8333333333333334, 0.0
0.701968645389698, 0.7, 0.5714285714285714, 0.8571428571428572, 0.0
0.7045015170015172, 0.7136363636363636, 0.5555555555555556, 0.8, 0.0
0.708247194889352, 0.7142857142857143, 0.5, 0.8125, 0.0
0.6846442446442448, 0.7142857142857143, 0.5, 0.8333333333333334, 0.0
0.6841237709658764, 0.6923076923076923, 0.5, 0.8571428571428572, 0.0
0.695383782883783, 0.6875, 0.5, 0.8181818181818181, 0.0
0.7002053502053502, 0.7, 0.6, 0.7777777777777778, 0.0
0.731757131757132, 0.7272727272727273, 0.6428571428571428, 0.8, 0.0
0.7140546490546493, 0.7, 0.6, 0.8, 0.0
0.6958868055021903, 0.6666666666666667, 0.625, 0.8333333333333334, 0.0
0.724852924852925, 0.75, 0.6363636363636364, 0.8, 0.0
0.6837368187368187, 0.6666666666666667, 0.625, 0.75, 0.0
0.6862685560053985, 0.7, 0.5, 0.8, 0.0
0.6999240955123309, 0.6875, 0.5714285714285714, 0.8181818181818181, 0.0
0.7046958760194056, 0.7142857142857143, 0.5, 0.8, 0.0
0.7048886298886301, 0.7142857142857143, 0.5, 0.8333333333333334, 0.0
0.6660672660672662, 0.7, 0.33333333333333337, 0.8, 0.0
0.714552491249324, 0.7142857142857143, 0.6666666666666667, 0.8, 0.0
0.7157688465380774, 0.7142857142857143, 0.6153846153846154, 0.8181818181818181, 0.0
0.6842557442557442, 0.7, 0.5833333333333333, 0.7692307692307692, 0.0
0.6983183483183485, 0.6961538461538461, 0.6428571428571428, 0.7692307692307692, 0.0
0.712841602841603, 0.7142857142857143, 0.6153846153846154, 0.8333333333333334, 0.0
0.7293961990390562, 0.75, 0.625, 0.8125, 0.0
0.7171807359307362, 0.7207792207792207, 0.6666666666666667, 0.8, 0.0
0.7016630712282885, 0.7, 0.6, 0.8181818181818181, 0.0
0.7102055148011029, 0.7136363636363636, 0.6, 0.8125, 0.0
0.7112235912235914, 0.7142857142857143, 0.6, 0.8, 0.0
0.7199771194115085, 0.7, 0.625, 0.8181818181818181, 0.0
0.685816144639674, 0.6666666666666667, 0.6363636363636364, 0.7857142857142857, 0.0
0.6821882284382286, 0.6770833333333334, 0.5, 0.8181818181818181, 0.0
0.6960542543875877, 0.7071428571428571, 0.6, 0.7777777777777778, 0.0
0.7273337773337775, 0.7207792207792207, 0.6153846153846154, 0.7857142857142857, 0.0
0.7007840644204281, 0.7142857142857143, 0.5714285714285714, 0.7857142857142857, 0.0
0.6873863790530458, 0.7, 0.5555555555555556, 0.7692307692307692, 0.0
0.693307387057387, 0.7032967032967032, 0.5, 0.875, 0.0
0.6978432872274787, 0.6923076923076923, 0.5, 0.7857142857142857, 0.0
0.7119393627206129, 0.7071428571428571, 0.5, 0.8181818181818181, 0.0
0.7065462315462316, 0.7, 0.6153846153846154, 0.8181818181818181, 0.0
0.7096036316624553, 0.7142857142857143, 0.5, 0.8, 0.0
0.6932868413637647, 0.7, 0.6, 0.7692307692307692, 0.0
0.6977499352499353, 0.6923076923076923, 0.6666666666666667, 0.7777777777777778, 0.0
0.6873219373219374, 0.7142857142857143, 0.5, 0.7857142857142857, 0.0
0.6895530684593185, 0.69375, 0.5555555555555556, 0.8, 0.0
0.7095587419116833, 0.7142857142857143, 0.6153846153846154, 0.8333333333333334, 0.0
0.674915824915825, 0.7272727272727273, 0.5, 0.7777777777777778, 0.0
0.6897477522477524, 0.7207792207792207, 0.5, 0.7692307692307692, 0.0
0.6957305852042696, 0.7, 0.5, 0.8, 0.0
0.6924929762114639, 0.6923076923076923, 0.5833333333333333, 0.8, 0.0
0.7245709192768016, 0.7207792207792207, 0.6363636363636364, 0.8, 0.0
0.7184009703746548, 0.7142857142857143, 0.6, 0.8125, 0.0
0.6826649540935256, 0.6923076923076923, 0.5833333333333333, 0.7692307692307692, 0.0
0.7074185074185078, 0.7, 0.6666666666666667, 0.7857142857142857, 0.0
0.6744582340736187, 0.6666666666666667, 0.5, 0.8333333333333334, 0.0
0.7013825063825064, 0.7, 0.625, 0.8181818181818181, 0.0
0.7013431013431016, 0.7142857142857143, 0.5, 0.8461538461538461, 0.0
0.7206990925740927, 0.7272727272727273, 0.6153846153846154, 0.8333333333333334, 0.0
0.7324305324305326, 0.7303030303030303, 0.6363636363636364, 0.8333333333333334, 0.0
0.6171396504729839, 0.6666666666666667, 0.33333333333333337, 0.7333333333333334, 0.0
0.6698375853838039, 0.6794871794871795, 0.5, 0.7857142857142857, 0.0
0.7007954834826493, 0.7, 0.6428571428571428, 0.7857142857142857, 0.0
0.7275482093663913, 0.7142857142857143, 0.6363636363636364, 0.8, 0.0
0.7047809829059829, 0.6961538461538461, 0.6, 0.8, 0.0
0.7353968253968255, 0.7333333333333334, 0.6666666666666667, 0.8181818181818181, 0.0
0.6690274011702585, 0.6666666666666667, 0.5, 0.7692307692307692, 0.0
0.709411768786769, 0.7097902097902098, 0.5833333333333333, 0.8181818181818181, 0.0
0.6813582775767651, 0.6862745098039216, 0.5, 0.75, 0.0
0.6883286852036853, 0.6899038461538461, 0.5, 0.8461538461538461, 0.0
0.7015180332488027, 0.7, 0.6666666666666667, 0.75, 0.0
0.6964061428767313, 0.7, 0.6153846153846154, 0.7692307692307692, 0.0
0.7147944647944651, 0.7, 0.5, 0.8666666666666667, 0.0
0.7148279824750415, 0.7142857142857143, 0.6, 0.8, 0.0
0.7125977823346247, 0.7142857142857143, 0.6, 0.7777777777777778, 0.0
0.6912681762681763, 0.7, 0.5555555555555556, 0.75, 0.0
0.7175585217251885, 0.7272727272727273, 0.6153846153846154, 0.7857142857142857, 0.0
0.7078167863882151, 0.7142857142857143, 0.5454545454545454, 0.7857142857142857, 0.0
0.720812520812521, 0.7207792207792207, 0.6, 0.8181818181818181, 0.0
0.7308726987298417, 0.7333333333333334, 0.6666666666666667, 0.8, 0.0
0.6811404204261345, 0.6666666666666667, 0.5555555555555556, 0.8, 0.0
0.7194585992905321, 0.7303030303030303, 0.6363636363636364, 0.7777777777777778, 0.0
0.6880064380064382, 0.6961538461538461, 0.5, 0.7857142857142857, 0.0
0.691760862594196, 0.7071428571428571, 0.5833333333333333, 0.8181818181818181, 0.0
0.6984370127227271, 0.7142857142857143, 0.5714285714285714, 0.7777777777777778, 0.0
0.7241358641358643, 0.7272727272727273, 0.6666666666666667, 0.7692307692307692, 0.0
0.717051467051467, 0.7272727272727273, 0.6428571428571428, 0.7857142857142857, 0.0
0.7019985279789203, 0.7071428571428571, 0.6363636363636364, 0.7777777777777778, 0.0
0.6981420289112599, 0.7142857142857143, 0.5714285714285714, 0.8, 0.0
0.6866723091723093, 0.6923076923076923, 0.5, 0.8125, 0.0
0.7010012988519776, 0.7142857142857143, 0.625, 0.75, 0.0
0.6775901875901876, 0.6923076923076923, 0.5454545454545454, 0.75, 0.0
0.7046191961633139, 0.7142857142857143, 0.5714285714285714, 0.7777777777777778, 0.0
0.6875926157176158, 0.6666666666666667, 0.6, 0.8, 0.0
0.7040660320072085, 0.7, 0.6, 0.8333333333333334, 0.0
0.6794000117529528, 0.6923076923076923, 0.6, 0.75, 0.0
0.7126646355153144, 0.7142857142857143, 0.6, 0.8, 0.0
0.7085813390041334, 0.7207792207792207, 0.5, 0.8, 0.0
0.6942800788954636, 0.7333333333333334, 0.33333333333333337, 0.8333333333333334, 0.0
0.6787240537240539, 0.6961538461538461, 0.5, 0.8125, 0.0
0.7210138626805295, 0.7142857142857143, 0.6666666666666667, 0.8, 0.0
0.7001959437621204, 0.6961538461538461, 0.6428571428571428, 0.8, 0.0
0.67182335208651, 0.6666666666666667, 0.5, 0.75, 0.0
0.6654979523400577, 0.6666666666666667, 0.5, 0.7777777777777778, 0.0
0.6984877302184995, 0.7142857142857143, 0.5555555555555556, 0.8125, 0.0
0.6950203642511337, 0.6666666666666667, 0.6153846153846154, 0.8, 0.0
0.6991959963113812, 0.7, 0.5454545454545454, 0.8, 0.0
0.7104639408210839, 0.7272727272727273, 0.625, 0.7857142857142857, 0.0
0.7263488648104034, 0.75, 0.6428571428571428, 0.7777777777777778, 0.0
0.6851101512866218, 0.6923076923076923, 0.5714285714285714, 0.8333333333333334, 0.0
0.6908730158730161, 0.6666666666666667, 0.6428571428571428, 0.8, 0.0
0.7114833314833316, 0.7142857142857143, 0.6153846153846154, 0.8, 0.0
0.6987240537240539, 0.7, 0.6, 0.8, 0.0
0.6903935066159331, 0.7029411764705882, 0.5, 0.8571428571428572, 0.0
0.7134965728715731, 0.7142857142857143, 0.6363636363636364, 0.8181818181818181, 0.0
0.6975641025641026, 0.6961538461538461, 0.5714285714285714, 0.8333333333333334, 0.0
0.7039226855016331, 0.7, 0.5, 0.8181818181818181, 0.0
0.7072201607915894, 0.7207792207792207, 0.6, 0.8, 0.0
0.7101299494156638, 0.7238095238095239, 0.5555555555555556, 0.8461538461538461, 0.0
0.699611173140585, 0.6923076923076923, 0.6363636363636364, 0.8, 0.0
0.6930735930735931, 0.6666666666666667, 0.5714285714285714, 0.8, 0.0
0.6828067765567767, 0.6666666666666667, 0.5555555555555556, 0.8, 0.0
0.6913765156412214, 0.6923076923076923, 0.6, 0.75, 0.0
0.6882301032301034, 0.7207792207792207, 0.5, 0.8, 0.0
0.694498556998557, 0.7, 0.6, 0.75, 0.0
0.6851174315880199, 0.6923076923076923, 0.5833333333333333, 0.75, 0.0
0.7385705106858954, 0.7333333333333334, 0.6666666666666667, 0.8333333333333334, 0.0
0.7295879501761856, 0.7207792207792207, 0.6666666666666667, 0.8, 0.0
