4 21 28 66 
3 6 21 28 66 
3 6 21 28 66 
3 6 22 27 66 
3 6 22 26 66 
3 6 23 26 66 
22 26 66 
2 13 22 27 36 41 66 
22 26 66 
3 6 29 66 
3 6 21 28 66 
4 7 23 26 66 
3 6 23 26 66 
1 6 66 
4 7 21 28 66 
3 6 23 26 66 
1 6 66 
4 8 23 26 66 
3 6 21 27 66 
4 11 21 27 66 
2 7 21 26 61 66 
2 22 26 66 
3 6 23 66 
3 11 22 26 66 
2 6 21 28 51 66 
1 7 22 27 66 
22 28 51 66 
3 9 21 27 66 
21 27 66 
3 21 27 66 
2 7 21 26 36 61 66 
3 6 21 27 66 
3 6 21 28 66 
3 6 23 66 
3 13 22 27 67 
21 27 66 
3 6 22 27 66 
2 7 22 27 66 
3 6 23 26 66 
3 12 21 28 41 46 66 
3 6 22 26 66 
4 6 23 66 
3 6 22 27 66 
3 7 22 27 36 66 
3 6 22 27 66 
3 6 23 27 66 
3 6 21 28 66 
3 7 21 27 66 
3 7 23 27 66 
3 8 22 27 66 
3 6 22 26 66 
3 6 22 26 66 
3 6 22 26 66 
1 6 26 31 36 61 66 
21 28 66 
4 6 23 26 66 
3 6 23 26 66 
3 8 22 27 67 
3 6 21 28 66 
1 6 26 67 
3 7 21 28 51 61 66 
3 6 21 28 66 
3 6 23 26 66 
3 6 21 28 66 
1 6 21 66 
6 21 28 66 
2 13 28 66 
3 6 22 27 66 
3 6 21 28 66 
1 6 21 26 36 66 
3 6 24 66 
3 7 21 27 66 
3 7 21 26 66 
22 26 66 
3 6 22 27 66 
2 6 21 28 66 
3 6 23 66 
3 6 21 28 66 
3 6 22 27 66 
3 6 22 27 66 
3 6 23 26 66 
2 21 27 66 
3 6 23 26 66 
3 6 22 27 66 
6 21 28 66 
3 8 22 27 66 
2 7 21 26 67 
3 6 21 28 66 
3 6 21 27 34 66 
3 11 22 27 66 
3 6 21 28 66 
1 6 21 66 
2 21 27 67 
3 6 22 27 66 
3 11 23 26 66 
1 6 22 27 67 
2 7 21 27 66 
3 6 22 27 66 
1 11 21 66 
4 23 26 66 
1 6 23 26 66 
3 6 22 27 66 
2 6 22 27 68 
4 13 27 66 
2 8 21 28 51 67 
4 11 23 26 66 
3 8 21 27 36 56 66 
3 6 23 26 66 
3 7 22 66 
2 7 21 26 66 
22 27 51 66 
67 
3 6 22 26 66 
1 6 28 66 
3 11 21 28 66 
23 30 51 66 
3 6 22 27 66 
2 21 27 66 
2 7 21 26 36 51 66 
1 6 21 66 
1 6 16 21 26 66 
3 11 22 27 34 66 
1 6 21 66 
3 7 21 27 36 66 
4 11 22 28 66 
2 7 22 26 66 
4 6 23 26 66 
1 6 21 26 66 
4 6 22 27 36 66 
3 6 21 28 67 
2 22 26 66 
36 67 
3 6 21 28 66 
2 13 21 27 66 
4 22 27 66 
21 26 66 
1 11 21 66 
3 12 21 28 66 
3 6 22 27 66 
22 28 66 
3 11 22 28 66 
2 7 22 27 66 
1 6 26 36 66 
3 6 22 27 66 
3 6 23 26 66 
1 6 26 66 
3 6 21 27 66 
4 6 23 26 66 
2 7 23 27 36 66 
1 12 23 26 36 66 
4 23 26 66 
3 6 21 26 66 
3 6 23 26 66 
3 6 22 27 37 56 66 
3 6 22 27 66 
3 6 21 27 66 
3 6 21 26 67 
3 6 22 27 66 
3 6 22 27 66 
3 11 22 27 66 
2 7 16 21 27 66 
3 6 21 28 66 
4 7 22 27 66 
3 7 21 26 66 
3 7 21 26 66 
3 21 28 36 66 
3 11 22 26 66 
1 7 11 22 27 51 66 
3 13 21 27 66 
3 6 22 27 66 
4 7 22 27 66 
3 6 23 26 66 
4 6 23 26 66 
3 11 22 27 66 
4 6 22 27 41 51 69 
3 11 22 27 66 
23 26 66 
3 8 21 27 66 
22 26 67 
24 27 66 
2 7 23 26 66 
3 6 22 27 66 
3 6 22 27 66 
3 6 21 28 66 
3 11 22 26 66 
1 6 61 66 
2 6 21 27 67 
3 6 22 27 66 
7 22 27 66 
4 22 66 
6 22 27 66 
3 6 21 28 66 
1 6 21 66 
3 6 27 66 
21 29 67 
2 7 21 26 56 66 
4 11 22 27 66 
3 6 21 26 66 
2 12 22 28 66 
3 12 22 27 37 61 66 
3 6 22 27 66 
3 6 22 27 66 
3 6 16 21 26 66 
3 7 22 27 36 66 
2 7 28 66 
3 6 21 28 66 
3 6 22 27 67 
1 7 66 
2 7 22 66 
2 7 22 26 66 
3 6 22 27 66 
2 7 21 27 66 
16 22 26 66 
4 7 22 27 36 66 
1 7 27 51 67 
4 22 27 66 
1 6 27 66 
3 6 21 28 66 
2 12 22 27 63 66 
4 7 22 26 66 
2 22 26 66 
3 6 22 27 66 
2 7 21 26 36 66 
3 6 22 27 66 
3 12 22 26 66 
3 6 21 28 66 
2 21 27 66 
2 6 22 26 66 
1 6 36 66 
3 6 23 26 66 
3 6 28 66 
2 12 21 28 66 
2 7 22 26 66 
3 6 22 27 66 
1 6 31 66 
11 26 66 
21 27 66 
4 8 21 28 66 
3 11 23 27 33 66 
4 12 21 28 36 66 
2 8 23 26 37 68 
2 23 66 
3 6 22 27 66 
1 6 26 36 66 
4 6 22 27 67 
3 6 22 26 66 
22 27 66 
2 21 27 66 
3 6 23 27 66 
3 6 21 28 66 
2 7 22 26 66 
3 6 21 28 66 
2 12 22 28 67 
2 21 26 66 
3 6 21 28 66 
3 6 22 27 66 
3 22 29 66 
3 6 22 27 66 
1 7 22 27 66 
3 6 21 28 66 
3 8 22 26 31 37 46 67 
1 6 21 36 66 
3 11 22 26 66 
1 6 26 36 66 
3 6 23 26 66 
3 6 23 26 66 
3 6 21 28 67 
3 7 22 27 46 66 
1 6 26 66 
3 11 22 26 66 
3 6 16 22 27 66 
3 6 21 28 66 
21 27 66 
3 11 21 28 66 
3 6 22 27 66 
3 6 22 27 37 66 
2 7 21 26 66 
4 6 23 26 66 
3 11 22 28 31 66 
37 67 
3 11 22 27 34 66 
2 11 22 26 36 66 
61 66 
1 6 21 66 
2 13 23 28 66 
3 6 22 27 66 
4 7 21 28 66 
4 23 26 66 
3 13 21 27 66 
3 6 22 27 66 
4 7 21 28 66 
4 8 22 26 66 
4 11 22 27 66 
3 6 21 28 66 
3 6 22 26 66 
1 26 31 66 
3 6 21 27 66 
1 6 21 66 
3 14 22 27 66 
2 7 22 27 66 
4 11 21 28 66 
3 11 22 27 67 
1 6 21 66 
3 6 21 28 66 
3 6 21 28 66 
4 21 28 66 
6 22 27 66 
3 6 22 27 66 
3 6 23 26 66 
4 7 22 27 51 66 
4 8 22 66 
1 7 23 27 51 66 
1 7 23 26 66 
3 6 21 27 66 
3 6 22 26 66 
4 7 21 28 67 
4 21 28 66 
4 11 21 27 66 
4 26 66 
4 7 23 26 36 68 
4 6 22 27 66 
3 7 21 26 37 51 66 
3 6 21 28 66 
3 11 23 26 66 
3 7 23 27 56 66 
3 11 22 27 33 66 
2 7 22 28 66 
3 6 21 28 66 
4 11 22 27 66 
3 6 21 27 67 
1 7 21 28 66 
3 6 22 27 66 
4 7 23 27 36 41 56 61 66 
3 6 22 27 66 
2 7 22 28 37 66 
4 8 22 28 66 
4 6 22 27 41 56 66 
4 6 22 27 46 66 
2 7 22 27 66 
4 7 23 26 36 66 
3 6 23 26 66 
2 8 21 27 66 
24 27 66 
4 22 27 66 
3 11 22 27 36 66 
3 6 22 26 66 
1 7 11 22 27 51 66 
31 46 66 
3 6 22 27 66 
3 6 23 26 66 
2 6 21 26 66 
4 11 22 27 66 
3 6 22 26 66 
3 6 22 27 66 
4 7 22 26 66 
6 66 
6 21 28 66 
2 7 27 66 
3 11 23 26 66 
21 27 66 
3 6 22 26 66 
2 12 21 27 66 
2 7 21 26 66 
3 11 21 28 36 51 66 
2 21 26 66 
3 6 21 28 66 
2 7 22 27 51 66 
3 6 23 26 66 
4 23 26 66 
4 6 22 27 66 
2 8 21 27 66 
2 6 22 26 66 
3 11 21 27 66 
1 7 21 26 66 
3 6 21 28 66 
22 26 66 
3 6 22 26 66 
4 7 22 27 67 
4 22 27 66 
3 6 23 26 66 
3 6 22 27 66 
3 6 22 26 66 
3 11 21 26 66 
4 22 27 66 
1 6 21 28 66 
3 6 22 27 66 
2 7 16 21 28 51 66 
3 6 21 28 66 
3 6 23 26 66 
6 22 27 66 
3 6 22 26 66 
4 21 28 66 
21 28 46 66 
21 29 46 66 
2 8 21 27 31 46 67 
3 11 21 28 66 
4 12 21 28 66 
3 6 23 26 66 
3 12 22 27 51 66 
3 6 22 26 66 
4 11 22 26 66 
6 22 26 66 
4 13 22 27 36 41 46 66 
3 7 23 26 66 
4 11 22 28 31 66 
2 7 22 26 66 
2 12 22 66 
4 13 22 27 66 
3 6 22 27 66 
1 6 27 66 
3 11 21 27 66 
3 6 28 66 
2 7 21 27 66 
3 6 23 26 66 
3 11 22 27 34 66 
2 7 21 26 66 
3 13 22 27 36 61 66 
2 8 22 26 51 66 
2 8 22 27 66 
3 7 23 26 66 
3 6 22 27 66 
6 66 
3 13 21 27 66 
3 6 23 66 
3 6 23 26 66 
4 23 26 66 
3 6 22 27 66 
1 6 26 66 
3 6 23 26 66 
4 7 22 27 36 66 
3 22 27 51 67 
1 6 21 66 
3 6 21 27 66 
4 6 23 27 61 66 
3 11 23 27 36 66 
3 6 21 26 66 
6 21 27 66 
3 6 22 27 66 
3 6 22 27 66 
3 6 22 27 66 
3 7 21 28 67 
3 12 21 28 37 66 
2 21 27 66 
1 6 26 31 66 
26 66 
4 8 21 27 66 
4 21 28 66 
4 11 22 27 66 
1 7 21 26 36 66 
4 11 22 27 66 
2 23 66 
3 6 22 27 66 
2 7 23 66 
2 11 21 27 67 
3 7 21 27 66 
3 6 21 28 66 
3 6 21 27 66 
3 6 22 27 66 
3 6 23 26 66 
4 8 21 28 67 
3 6 22 27 66 
3 11 23 26 66 
2 6 21 27 66 
2 12 21 27 66 
4 6 23 26 66 
3 6 21 28 66 
3 7 21 28 66 
3 6 23 26 66 
3 6 28 66 
3 6 22 27 66 
3 6 23 26 66 
3 6 23 26 66 
3 6 22 27 66 
4 7 22 27 68 
3 6 22 26 66 
3 6 22 27 66 
3 6 21 28 66 
3 6 22 27 66 
1 7 28 51 66 
3 6 23 26 66 
4 23 26 66 
3 7 21 26 31 67 
3 11 22 27 46 66 
3 6 21 28 66 
4 22 27 66 
3 7 21 27 66 
3 11 22 26 66 
3 6 22 27 66 
4 9 22 27 33 36 46 66 
3 6 21 28 35 46 66 
4 6 22 27 67 
4 7 22 26 66 
3 6 21 26 66 
2 7 22 28 66 
4 13 22 26 66 
3 7 21 27 66 
3 6 23 26 66 
2 8 21 27 36 56 67 
3 6 23 26 66 
3 6 23 26 66 
4 7 22 27 66 
1 6 21 36 66 
4 7 23 26 66 
3 6 21 28 66 
2 7 22 28 37 66 
22 26 66 
2 7 21 26 36 66 
21 28 66 
3 6 23 26 66 
3 7 21 26 66 
2 28 66 
3 6 22 27 66 
3 7 22 27 66 
21 27 66 
2 11 22 27 41 66 
3 6 22 27 66 
3 6 27 67 
2 7 21 28 66 
4 7 22 27 66 
6 22 27 66 
3 6 22 26 66 
4 23 26 66 
1 7 56 66 
3 6 23 26 66 
22 26 66 
3 6 21 27 66 
23 27 66 
3 6 22 27 66 
2 21 27 36 66 
3 6 21 27 66 
3 6 21 28 66 
3 6 27 66 
2 6 22 28 51 66 
3 6 21 28 66 
1 7 21 26 67 
4 11 22 28 66 
4 6 22 27 66 
2 7 23 26 66 
2 7 21 26 66 
3 6 22 27 66 
3 6 21 27 66 
3 6 23 26 66 
2 7 22 30 66 
2 7 22 27 36 51 66 
4 6 21 27 66 
4 12 22 26 66 
3 6 16 21 27 66 
22 26 66 
3 7 22 27 66 
3 7 22 27 51 66 
1 7 21 26 66 
2 7 22 26 66 
2 7 23 27 66 
3 11 22 27 66 
3 6 23 26 66 
2 11 22 28 56 66 
2 7 21 27 66 
2 7 21 26 66 
3 6 21 27 66 
3 6 22 27 66 
3 6 22 27 66 
3 11 22 27 66 
6 22 26 66 
3 6 23 26 66 
3 11 22 26 66 
3 6 22 26 66 
3 6 22 27 66 
3 6 22 27 66 
36 66 
2 7 21 26 46 66 
1 6 21 66 
4 6 22 27 36 66 
6 22 27 66 
3 11 22 28 33 66 
3 13 22 26 66 
3 6 22 27 66 
3 6 22 27 66 
4 22 27 66 
2 6 22 27 66 
3 6 22 27 66 
21 28 36 66 
4 11 21 27 66 
3 6 22 27 66 
2 6 21 66 
3 7 21 27 66 
3 8 23 26 66 
4 11 22 27 36 67 
21 66 
4 7 24 26 36 66 
3 11 22 26 66 
2 11 22 26 66 
2 13 21 27 66 
2 7 22 66 
3 6 21 28 66 
2 7 22 27 66 
3 6 22 26 66 
4 6 23 26 67 
2 7 22 27 66 
23 26 51 66 
4 21 28 66 
1 22 27 57 66 
22 27 66 
6 23 66 
4 11 22 27 66 
4 7 22 27 66 
2 23 66 
3 23 27 36 41 56 61 66 
7 66 
3 6 22 26 67 
3 6 22 27 66 
2 7 23 26 66 
3 11 22 27 66 
3 6 21 28 66 
4 7 22 27 66 
2 12 21 28 66 
3 6 22 66 
3 6 22 27 66 
3 6 21 28 66 
3 7 21 27 66 
2 7 21 26 51 66 
3 6 29 66 
4 11 21 29 41 66 
3 6 23 26 66 
3 8 21 27 66 
3 11 21 28 66 
1 6 66 
4 6 22 27 66 
3 6 21 27 66 
2 7 23 26 66 
3 6 22 26 66 
3 6 23 27 66 
41 66 
3 6 22 27 66 
4 23 26 66 
3 6 23 26 66 
23 28 51 66 
3 8 22 27 37 67 
2 7 21 26 36 67 
6 22 27 66 
3 6 22 27 66 
4 6 22 27 56 66 
3 6 23 26 66 
1 7 22 27 66 
1 6 26 67 
4 6 23 26 66 
22 28 66 
22 27 66 
1 6 21 26 66 
3 6 22 27 66 
4 11 22 27 66 
3 11 22 26 66 
2 12 22 28 36 66 
3 7 21 28 51 66 
3 11 21 28 66 
3 11 22 27 66 
3 6 22 27 66 
2 7 22 27 66 
6 21 28 66 
3 6 23 26 66 
3 8 22 66 
3 6 21 28 66 
3 6 21 28 66 
2 7 22 27 51 67 
3 6 23 26 66 
3 6 21 27 66 
1 7 27 66 
3 23 27 36 41 56 61 66 
3 11 22 27 66 
2 8 21 27 66 
4 12 22 27 66 
2 7 22 30 66 
2 7 21 27 66 
4 8 23 26 66 
22 28 51 66 
4 11 23 27 66 
3 7 22 26 66 
3 6 23 66 
1 6 22 26 37 66 
3 6 21 28 66 
3 6 22 27 66 
1 6 21 66 
2 7 21 29 66 
7 22 27 66 
2 7 21 26 36 66 
1 6 21 27 66 
2 22 26 66 
3 6 22 27 66 
1 6 26 66 
3 6 22 27 66 
23 27 66 
3 6 22 27 66 
67 
3 6 21 28 66 
3 7 21 28 66 
3 8 23 27 36 46 67 
3 6 24 66 
2 12 22 28 67 
2 7 22 26 66 
1 6 21 28 66 
2 7 22 28 67 
4 6 22 27 66 
2 21 26 66 
4 22 27 66 
2 7 21 27 56 67 
1 6 26 36 66 
2 7 21 26 36 51 61 66 
3 6 23 26 66 
3 7 21 27 66 
2 12 27 66 
4 12 22 27 66 
3 6 16 21 27 66 
2 7 21 27 66 
3 7 22 27 37 66 
1 6 21 66 
3 6 22 27 66 
6 22 27 36 51 66 
3 6 22 27 66 
6 22 27 66 
2 7 22 26 66 
4 8 21 26 66 
2 8 21 28 36 46 67 
3 6 22 27 66 
4 11 22 26 66 
3 6 22 26 66 
4 6 22 27 46 66 
5 6 21 30 66 
2 21 26 66 
4 6 22 26 66 
3 6 27 66 
3 11 22 27 66 
2 8 22 26 37 66 
4 21 28 66 
4 13 22 27 66 
4 6 22 27 66 
3 6 22 27 66 
22 29 66 
2 12 21 26 66 
2 11 22 27 66 
3 6 22 27 66 
2 22 26 66 
3 6 22 27 36 66 
2 7 22 27 66 
4 23 26 66 
4 21 28 66 
1 6 26 66 
6 26 51 66 
3 11 22 27 66 
1 6 22 27 67 
4 6 23 26 67 
21 27 66 
3 6 29 66 
16 22 26 51 66 
1 6 21 31 61 66 
3 6 22 27 66 
3 6 22 27 66 
3 6 22 27 66 
1 12 21 28 66 
3 6 22 27 66 
2 7 22 66 
2 7 22 27 66 
2 7 22 27 51 66 
6 66 
3 6 22 27 66 
3 6 22 27 66 
3 13 23 27 66 
31 46 66 
3 6 28 66 
2 13 21 27 66 
4 7 22 26 66 
3 11 16 28 66 
3 11 21 28 66 
3 6 23 26 66 
2 12 21 27 66 
3 6 22 27 66 
2 8 21 28 56 67 
21 66 
23 27 66 
3 11 21 27 66 
3 6 21 27 66 
3 6 23 26 66 
6 23 26 66 
3 6 22 27 66 
4 22 27 66 
3 6 21 27 66 
3 6 22 26 66 
3 8 22 27 61 66 
3 11 16 21 27 66 
3 11 22 27 66 
2 6 22 27 66 
4 7 21 28 66 
4 11 23 26 66 
4 11 21 28 66 
3 8 22 26 66 
1 6 26 66 
6 22 27 66 
4 6 22 27 66 
3 6 22 27 66 
2 7 22 27 66 
3 11 21 28 34 66 
1 22 28 47 67 
3 11 22 27 66 
1 6 21 28 66 
3 6 22 26 66 
3 6 22 27 66 
2 12 21 66 
2 12 21 26 66 
6 22 26 66 
1 6 23 26 36 66 
3 11 21 28 66 
3 11 16 22 26 66 
3 6 21 28 66 
3 6 23 26 66 
3 6 22 27 67 
4 6 21 28 66 
67 
2 7 22 26 66 
3 6 22 27 67 
3 6 22 26 66 
1 6 26 67 
4 7 22 27 66 
3 6 21 28 66 
4 22 26 66 
2 21 28 66 
3 6 21 28 66 
3 6 22 27 66 
4 22 27 66 
2 7 22 28 67 
2 8 21 27 66 
2 7 21 26 66 
3 6 22 27 66 
2 11 16 21 27 66 
1 6 26 66 
3 6 22 27 66 
3 6 24 66 
1 6 23 66 
3 6 22 26 66 
2 11 23 26 36 56 66 
3 6 22 66 
3 6 23 26 66 
4 8 22 26 66 
2 7 22 27 66 
2 6 16 21 27 66 
3 8 22 26 66 
1 7 23 27 56 66 
3 6 22 27 66 
21 26 66 
3 7 22 27 36 66 
3 6 23 26 66 
1 6 21 56 61 66 
3 6 22 27 66 
2 12 21 28 66 
3 8 22 26 66 
23 26 46 66 
21 27 66 
4 6 22 27 66 
4 22 27 66 
2 12 21 26 66 
4 6 23 26 66 
6 22 27 66 
4 7 22 28 36 67 
3 6 23 26 66 
3 6 23 26 66 
3 6 22 27 66 
2 7 23 66 
16 21 26 51 66 
2 8 21 28 31 36 61 66 
2 7 21 27 66 
3 6 22 27 69 
21 27 66 
3 6 22 26 66 
2 6 21 27 67 
2 7 22 26 66 
3 11 22 26 66 
4 6 23 26 66 
3 6 21 28 66 
4 11 22 27 66 
2 11 22 26 66 
21 66 
2 6 22 27 66 
2 7 21 26 36 51 66 
3 6 21 28 66 
2 8 21 27 67 
1 6 21 36 56 66 
3 6 22 27 66 
3 6 21 26 66 
1 6 21 36 66 
3 6 22 27 66 
3 6 22 27 66 
3 6 22 27 66 
3 6 22 27 66 
3 7 23 26 66 
3 9 23 27 36 64 67 
3 11 22 27 36 66 
1 6 21 66 
2 11 21 27 66 
3 6 22 27 66 
4 6 22 28 36 53 66 
2 12 22 26 66 
3 6 22 27 66 
3 7 22 26 66 
3 6 21 28 66 
3 7 21 28 36 61 66 
1 6 26 67 
4 6 22 27 66 
3 6 22 27 66 
3 6 21 28 36 67 
3 7 22 26 66 
3 6 22 27 66 
3 6 23 26 66 
3 6 21 27 66 
4 22 27 66 
2 7 21 28 51 66 
3 6 21 27 67 
2 13 22 27 41 66 
3 8 21 27 66 
3 6 22 27 66 
3 6 23 27 31 36 56 66 
3 11 22 27 66 
3 6 22 27 66 
3 7 22 26 66 
21 27 66 
2 7 23 27 66 
3 6 22 26 66 
3 6 22 27 66 
2 12 21 27 66 
2 8 22 26 36 61 67 
21 27 66 
2 7 22 30 66 
2 22 27 56 66 
3 11 21 28 33 66 
21 27 66 
3 6 21 28 66 
4 11 22 26 66 
3 6 21 28 66 
1 6 21 26 56 66 
2 7 22 27 66 
2 7 22 27 66 
2 7 23 27 66 
3 8 21 27 66 
3 12 21 28 66 
2 7 22 28 37 66 
3 6 22 27 66 
1 6 51 68 
3 6 21 27 66 
4 22 27 66 
4 11 22 27 66 
4 6 22 27 56 67 
1 12 21 27 66 
2 12 21 27 51 66 
2 7 22 66 
3 7 24 26 56 61 66 
22 27 66 
3 6 23 26 66 
2 11 21 27 66 
4 7 21 28 66 
4 22 27 66 
2 7 21 26 66 
3 11 21 28 66 
3 6 22 26 66 
4 7 22 27 66 
3 6 23 26 66 
1 7 22 27 66 
2 7 23 26 36 56 66 
21 28 66 
22 27 66 
4 7 21 26 66 
4 7 22 27 56 66 
1 6 21 26 36 61 66 
3 6 22 27 66 
4 13 23 27 31 46 66 
4 7 21 28 66 
1 26 66 
1 11 21 26 66 
1 6 21 36 66 
3 7 23 26 66 
2 8 22 29 66 
3 6 22 26 66 
3 6 21 27 66 
4 22 27 66 
4 6 22 27 66 
2 7 22 27 66 
3 6 23 26 66 
3 6 22 27 66 
3 6 23 26 66 
2 21 27 66 
3 6 22 27 66 
3 6 23 26 66 
22 27 66 
4 8 22 26 66 
3 11 21 27 66 
1 7 36 51 61 66 
4 11 21 29 36 66 
2 6 22 27 66 
3 7 21 27 67 
67 
1 12 21 27 66 
22 28 66 
1 7 21 26 66 
2 7 21 27 68 
3 6 22 27 66 
3 6 21 28 66 
23 26 66 
3 11 21 28 66 
3 6 23 26 66 
3 7 21 28 66 
6 22 27 66 
2 7 21 28 36 67 
3 6 23 26 34 47 66 
1 12 23 26 61 66 
3 6 22 27 66 
2 8 21 27 68 
3 7 24 26 51 66 
2 8 21 27 66 
3 11 21 28 66 
22 27 66 
3 6 21 28 66 
3 6 21 27 66 
21 27 66 
3 11 24 26 66 
4 7 22 28 56 67 
23 27 36 51 66 
3 7 28 66 
2 7 21 26 66 
3 11 21 27 66 
2 6 21 27 66 
2 6 22 27 66 
3 6 21 28 66 
4 23 26 66 
1 7 22 27 66 
2 7 22 26 66 
1 6 21 26 36 61 67 
3 6 22 26 66 
3 6 21 67 
2 7 22 27 66 
3 6 22 26 66 
3 23 27 67 
3 11 22 27 66 
3 23 26 36 56 67 
3 6 23 26 66 
2 11 21 26 66 
22 28 36 66 
2 6 21 26 66 
3 6 22 27 66 
6 23 27 41 51 66 
3 6 23 26 66 
3 13 22 28 66 
3 6 23 26 66 
3 6 23 26 66 
1 7 21 26 66 
3 6 21 28 66 
3 6 23 26 66 
4 7 22 27 66 
3 6 21 28 66 
3 6 21 28 66 
3 6 21 28 66 
4 12 22 27 66 
5 11 24 27 66 
3 7 16 21 26 66 
5 13 21 28 61 66 
3 6 23 26 66 
3 7 22 27 66 
3 6 22 27 66 
3 11 21 26 66 
1 6 26 66 
6 66 
1 6 26 66 
3 6 23 26 66 
3 6 21 26 66 
2 8 22 26 31 66 
3 6 29 66 
4 6 21 28 51 67 
1 6 26 66 
23 27 66 
3 6 23 26 66 
3 6 22 27 66 
2 6 21 28 66 
2 7 21 26 66 
3 11 22 26 66 
1 6 22 27 66 
2 7 21 27 66 
2 13 21 27 66 
3 7 27 66 
2 7 21 26 36 66 
3 6 22 26 66 
23 28 51 66 
3 6 22 27 66 
23 66 
2 6 22 27 66 
6 66 
2 7 21 28 66 
3 6 21 28 66 
2 12 22 66 
21 26 66 
21 28 66 
3 6 22 27 66 
3 6 22 26 66 
21 27 66 
23 26 66 
6 66 
3 6 21 28 66 
2 12 21 28 66 
4 7 22 27 37 56 66 
2 7 21 26 36 66 
67 
4 7 22 27 56 66 
3 6 21 28 66 
3 11 22 27 66 
2 7 21 27 66 
3 6 21 28 66 
1 7 22 26 36 66 
3 6 26 66 
3 6 22 27 66 
4 6 23 26 66 
4 12 22 27 46 66 
2 8 22 26 36 67 
3 8 22 26 66 
3 6 23 26 66 
21 28 66 
21 27 66 
2 21 27 66 
4 22 27 66 
3 6 22 26 66 
1 7 21 26 68 
2 7 21 26 51 66 
2 21 27 66 
3 6 22 27 66 
3 6 22 26 31 66 
2 7 22 26 66 
3 6 21 28 66 
4 6 23 26 66 
4 6 23 26 66 
4 6 21 28 66 
1 7 27 66 
3 6 26 66 
4 6 22 27 68 
3 6 21 27 66 
3 11 23 26 33 66 
3 8 21 27 66 
22 66 
2 7 21 28 66 
4 6 23 26 56 66 
31 46 66 
6 23 26 66 
4 7 22 27 51 56 67 
21 28 66 
4 12 23 26 66 
22 27 66 
3 6 22 27 66 
1 6 22 27 36 66 
3 11 16 21 27 66 
3 6 22 27 66 
3 11 21 27 66 
3 6 22 27 66 
3 6 22 27 36 56 61 66 
4 7 22 27 51 67 
3 6 22 27 66 
2 7 21 66 
2 11 21 26 66 
4 22 27 66 
3 12 22 26 66 
4 11 23 27 66 
4 22 27 66 
2 12 21 26 66 
3 6 22 27 66 
4 7 22 27 66 
2 6 21 66 
3 6 23 26 66 
4 12 22 27 66 
2 7 22 66 
3 6 21 28 66 
3 6 22 27 66 
3 11 23 26 66 
3 6 23 26 66 
4 12 21 28 56 61 66 
2 12 21 26 66 
2 6 22 27 66 
3 6 22 27 66 
24 28 66 
4 6 22 27 66 
3 6 22 27 66 
41 66 
3 7 26 66 
2 21 27 66 
28 66 
4 7 23 26 51 66 
3 6 22 27 66 
3 6 22 27 66 
2 7 22 27 66 
3 6 22 27 66 
2 7 21 26 66 
1 7 21 26 66 
3 6 22 27 66 
2 8 21 27 66 
4 22 27 66 
4 23 26 66 
4 22 27 66 
4 7 21 28 66 
3 6 22 27 66 
3 6 22 27 66 
3 6 23 26 66 
3 6 23 26 66 
2 8 22 26 66 
4 11 16 21 27 66 
3 6 22 27 66 
5 6 23 27 66 
28 66 
3 6 21 28 66 
5 12 21 28 51 66 
2 11 21 27 66 
4 21 28 66 
3 6 21 27 66 
3 6 22 26 67 
2 7 21 26 31 66 
3 6 23 26 66 
2 7 27 66 
3 6 22 27 66 
22 27 66 
1 6 26 31 66 
3 13 22 27 66 
4 6 24 26 66 
3 8 21 28 36 41 56 67 
1 7 21 26 67 
3 6 22 27 66 
6 61 66 
3 6 23 26 66 
2 21 27 66 
2 7 21 26 66 
3 11 22 27 66 
4 6 22 27 37 67 
3 11 22 27 66 
4 22 27 66 
3 6 22 27 66 
4 7 21 28 66 
3 6 22 27 66 
2 11 22 26 66 
1 6 21 61 66 
3 6 22 26 66 
2 7 22 26 66 
2 7 21 27 66 
2 6 23 26 66 
1 6 21 66 
2 8 22 27 66 
2 8 22 26 67 
4 7 22 27 67 
4 7 23 26 66 
2 7 23 26 46 69 
3 11 22 27 66 
3 6 22 27 66 
3 6 22 27 66 
3 6 22 27 66 
3 7 21 28 66 
3 6 22 26 66 
1 12 22 27 66 
22 28 66 
3 6 21 28 66 
3 7 21 28 51 66 
3 8 22 26 66 
3 6 21 28 66 
3 6 21 26 66 
3 6 22 27 66 
1 6 26 66 
22 28 51 66 
3 11 21 28 66 
3 12 22 26 41 66 
26 66 
1 6 22 27 36 51 66 
3 6 21 28 66 
4 22 27 66 
4 8 21 26 66 
3 11 28 66 
23 26 66 
3 11 21 28 66 
3 6 22 66 
6 66 
6 23 26 66 
1 6 21 66 
3 6 22 26 66 
23 26 66 
3 6 26 66 
2 7 21 28 66 
1 6 26 67 
1 11 21 66 
2 7 21 26 66 
3 6 22 27 66 
4 8 22 26 66 
2 13 22 27 36 66 
3 6 21 28 66 
3 11 23 27 66 
3 6 22 27 66 
4 8 21 27 66 
4 6 22 27 67 
2 7 21 26 66 
3 6 23 26 66 
6 23 26 66 
1 6 11 22 28 41 56 67 
2 22 26 66 
3 8 22 27 37 67 
2 11 22 27 66 
3 6 21 28 66 
3 13 22 27 66 
2 12 21 28 66 
3 6 22 27 66 
21 27 66 
3 11 23 26 66 
6 22 27 66 
2 7 27 36 66 
3 6 21 28 66 
3 11 22 27 66 
3 6 23 26 66 
3 6 23 27 67 
4 7 22 27 66 
2 7 21 26 66 
22 26 66 
3 6 22 27 66 
3 6 21 27 66 
23 28 51 66 
6 22 27 66 
3 6 23 26 66 
4 22 27 66 
4 7 21 28 66 
3 6 21 28 66 
3 11 23 27 66 
3 11 21 27 66 
2 6 21 27 36 66 
23 28 66 
6 23 26 66 
3 8 22 26 66 
3 12 22 27 66 
2 6 21 28 66 
6 21 66 
3 6 22 67 
4 13 22 27 46 66 
3 7 66 
3 6 21 27 66 
11 66 
3 6 22 27 66 
4 6 22 27 66 
4 7 23 27 36 41 56 61 66 
2 7 22 26 66 
23 27 66 
3 6 22 27 66 
1 6 11 22 28 66 
2 7 21 26 66 
4 22 27 66 
2 12 27 66 
3 6 21 28 66 
3 6 21 28 66 
3 6 21 28 66 
3 11 22 26 66 
22 27 66 
6 66 
4 11 23 26 66 
2 7 21 27 66 
3 6 23 26 66 
3 8 21 27 36 68 
3 6 21 26 66 
36 67 
3 6 23 26 66 
4 7 21 28 67 
3 6 28 66 
3 8 22 26 66 
1 6 22 26 37 66 
3 8 21 27 32 36 47 56 62 66 
2 12 21 27 66 
4 7 22 27 36 66 
3 21 27 66 
3 6 22 27 66 
2 12 22 28 66 
3 11 23 26 66 
2 6 22 27 66 
3 6 23 26 66 
4 6 23 26 66 
4 22 27 66 
3 6 21 27 66 
3 6 23 26 66 
1 12 22 26 66 
3 6 22 26 66 
22 26 66 
3 7 21 28 66 
2 11 23 29 34 67 
22 27 36 61 66 
3 6 23 26 66 
2 7 23 26 66 
3 6 23 26 66 
3 8 22 26 36 61 66 
2 7 27 66 
3 6 22 27 66 
3 6 22 27 66 
3 11 23 26 66 
3 6 21 27 66 
3 8 21 27 66 
4 7 22 27 56 66 
1 6 21 36 66 
1 6 22 66 
4 8 22 27 67 
2 7 21 27 51 67 
3 11 22 27 66 
4 8 22 26 66 
3 11 23 26 33 66 
4 13 21 27 66 
3 6 23 26 57 66 
5 13 21 28 61 66 
4 12 21 28 56 61 66 
3 6 23 26 66 
3 6 23 26 66 
3 6 21 26 66 
3 7 29 66 
2 12 27 66 
3 6 21 27 66 
3 11 22 28 66 
1 12 22 27 66 
3 6 22 27 66 
3 6 16 21 26 66 
3 6 22 27 66 
3 12 23 26 51 66 
3 6 21 27 66 
22 27 36 61 66 
4 7 22 27 66 
3 7 22 26 66 
3 6 22 27 66 
3 7 21 26 66 
3 6 22 27 66 
3 6 21 28 66 
3 6 21 28 66 
3 6 22 27 66 
2 22 27 66 
3 6 21 28 66 
3 6 24 66 
3 7 22 26 66 
3 6 21 28 66 
3 6 21 28 66 
3 7 22 26 66 
2 7 21 26 66 
1 7 21 26 67 
3 6 22 28 66 
3 6 22 27 66 
3 6 21 27 66 
3 8 22 27 36 46 56 67 
1 6 27 66 
21 28 66 
3 7 22 26 66 
3 6 22 27 66 
3 7 21 27 66 
1 6 26 66 
1 6 26 66 
3 6 21 28 66 
3 11 22 27 66 
1 12 21 27 66 
3 6 22 27 66 
2 7 22 27 66 
4 11 23 27 36 66 
1 6 26 67 
4 6 21 28 66 
1 11 21 27 66 
3 11 22 26 56 66 
4 8 22 27 66 
4 7 22 27 67 
3 6 21 28 66 
4 6 22 27 36 56 66 
1 23 26 66 
4 13 22 27 66 
2 12 22 27 66 
3 6 22 27 66 
6 66 
3 6 22 27 66 
3 7 21 28 36 61 66 
2 6 22 26 67 
3 6 22 27 66 
3 11 22 26 66 
1 7 22 27 51 66 
3 6 27 67 
2 7 22 67 
22 28 66 
3 11 22 26 66 
36 51 66 
4 6 23 26 66 
3 6 22 27 66 
3 7 21 29 52 66 
2 7 22 26 66 
3 12 22 26 66 
3 6 22 27 66 
2 7 21 28 66 
4 8 22 26 66 
3 11 21 28 66 
1 6 21 66 
2 7 21 26 31 36 51 61 66 
3 11 22 27 66 
3 6 21 26 67 
3 6 22 27 66 
3 11 22 27 36 66 
3 7 22 27 51 66 
4 22 66 
7 22 27 66 
4 6 22 27 66 
3 6 22 27 67 
3 6 21 28 66 
2 12 21 26 66 
3 6 22 26 66 
4 13 23 26 66 
3 6 21 28 66 
2 7 27 36 66 
3 6 21 28 66 
1 22 26 66 
3 8 21 27 66 
3 6 22 27 66 
1 6 22 27 51 66 
3 11 22 27 66 
3 11 22 27 66 
1 7 21 26 67 
1 11 26 66 
3 6 21 27 66 
3 6 23 26 66 
4 7 22 27 66 
2 7 21 27 66 
3 13 22 27 67 
3 23 26 66 
3 21 27 66 
3 7 22 27 66 
3 6 22 27 66 
3 11 21 28 66 
2 7 21 66 
4 6 22 67 
3 6 22 27 66 
4 22 27 66 
3 6 22 26 66 
3 6 22 26 66 
22 27 66 
21 28 66 
1 11 21 66 
21 56 66 
2 7 21 27 66 
2 7 22 26 66 
3 8 22 26 66 
6 66 
1 6 22 26 66 
4 8 22 26 66 
2 7 23 66 
3 6 23 26 66 
3 7 22 27 66 
3 6 22 26 66 
3 11 23 26 66 
2 7 21 27 66 
3 11 22 28 34 66 
4 13 23 26 66 
2 8 28 46 67 
6 66 
4 6 22 27 36 66 
3 11 21 28 66 
3 6 21 26 67 
4 8 22 26 66 
4 7 22 27 66 
3 6 23 26 66 
4 6 23 27 37 41 67 
3 6 23 26 66 
3 6 22 27 66 
3 11 21 28 66 
3 6 22 27 66 
3 6 21 28 66 
3 6 23 26 66 
1 6 21 36 66 
1 6 26 66 
1 6 16 22 27 66 
2 7 23 26 66 
4 11 22 27 66 
22 27 41 66 
23 26 66 
3 22 27 67 
3 11 22 27 66 
3 6 22 27 66 
6 23 26 66 
2 12 21 66 
1 7 22 27 66 
3 11 22 27 66 
3 6 21 28 66 
3 8 22 27 37 67 
3 6 23 26 66 
1 7 21 26 66 
3 6 21 28 66 
3 6 22 27 66 
3 6 22 27 66 
2 8 21 27 37 66 
2 6 16 28 66 
23 26 66 
1 7 21 26 66 
3 6 23 26 66 
4 21 27 66 
2 7 22 26 66 
3 6 21 28 66 
22 26 66 
4 13 23 26 66 
2 12 23 27 66 
3 7 22 26 66 
2 6 23 26 66 
3 6 22 27 66 
3 6 22 26 67 
29 66 
6 66 
4 6 22 27 41 56 66 
22 27 66 
3 11 29 34 67 
2 7 22 26 36 56 67 
3 11 22 27 66 
2 7 21 26 32 37 46 66 
3 6 21 28 66 
3 6 23 26 66 
3 11 22 28 31 66 
3 6 21 27 66 
2 7 21 26 66 
3 6 23 26 66 
3 6 22 27 66 
2 7 22 26 36 51 66 
67 
1 7 21 26 36 67 
3 6 22 27 66 
3 11 22 27 66 
3 6 21 28 67 
2 8 21 27 32 36 46 67 
4 11 22 27 66 
3 11 23 66 
2 13 22 27 66 
4 12 21 26 66 
1 7 22 27 66 
2 23 26 66 
2 6 22 27 56 61 66 
3 13 22 26 66 
3 11 22 27 66 
3 7 22 27 66 
1 7 21 26 31 46 67 
4 11 22 27 66 
1 6 21 66 
1 6 26 67 
3 6 21 28 66 
3 6 21 28 66 
1 6 26 67 
4 23 26 66 
22 27 46 66 
2 7 22 26 66 
3 6 22 27 66 
2 7 16 21 26 66 
3 6 21 27 66 
3 21 27 66 
3 11 22 27 66 
4 12 23 26 36 61 66 
3 7 22 27 52 66 
4 11 23 26 66 
4 13 22 26 66 
4 7 22 27 37 56 66 
3 11 22 28 66 
3 6 22 27 67 
1 12 23 26 68 
3 6 22 27 66 
3 6 22 27 66 
2 7 21 26 66 
6 22 27 66 
3 6 23 26 66 
21 28 66 
3 6 22 27 66 
1 12 23 26 36 66 
4 22 27 66 
67 
1 6 11 21 28 66 
3 8 22 26 51 61 66 
3 6 22 27 67 
3 6 21 28 66 
4 22 27 66 
3 6 21 28 66 
3 6 22 27 66 
2 13 22 26 66 
4 22 27 66 
3 6 11 21 29 36 61 66 
1 6 23 26 66 
2 7 22 26 66 
2 7 21 26 66 
4 7 22 27 66 
2 7 22 27 66 
3 6 22 26 66 
3 6 22 27 66 
4 8 21 27 66 
2 8 22 26 66 
3 6 22 27 66 
4 11 22 26 66 
3 6 22 66 
3 6 22 27 66 
3 6 23 26 66 
3 6 22 27 66 
3 6 22 27 66 
3 6 23 26 66 
36 46 66 
3 6 21 26 66 
3 7 22 28 46 51 67 
2 6 21 26 66 
31 66 
4 21 28 66 
3 6 21 28 66 
3 8 22 27 36 46 67 
3 6 22 27 66 
4 6 22 28 36 53 66 
4 8 22 27 66 
3 6 22 27 66 
3 6 23 26 66 
1 66 
4 7 21 28 66 
3 6 22 27 36 67 
4 13 21 27 66 
2 7 21 27 66 
4 27 66 
2 21 28 67 
1 6 26 31 66 
3 6 22 27 41 67 
3 6 21 28 66 
2 8 21 28 31 36 61 66 
3 6 22 27 66 
3 6 22 27 66 
3 6 21 26 66 
3 6 22 27 66 
4 6 23 26 66 
3 6 22 26 66 
2 7 22 26 66 
3 6 23 26 36 67 
3 6 21 28 66 
2 7 22 36 66 
3 6 24 66 
3 6 22 27 66 
23 28 66 
4 6 22 27 66 
3 8 22 26 66 
3 6 22 26 66 
3 6 22 26 66 
3 8 22 26 66 
3 7 21 66 
3 11 23 27 66 
3 7 21 28 66 
1 6 26 66 
23 26 51 66 
3 6 21 26 66 
3 8 22 27 66 
3 6 21 28 66 
2 6 21 26 66 
1 6 16 66 
3 6 22 27 66 
3 11 21 28 66 
1 6 21 66 
3 6 22 27 66 
2 7 21 27 66 
3 6 21 28 66 
3 6 21 26 66 
1 6 21 36 66 
3 6 22 27 66 
2 7 27 66 
3 6 22 26 66 
2 7 22 27 51 66 
2 12 22 26 36 51 66 
1 6 22 27 66 
3 6 22 27 66 
2 6 21 26 67 
2 6 21 27 61 66 
2 7 22 27 67 
4 12 22 27 66 
1 7 16 22 26 66 
3 6 23 26 66 
3 8 23 27 61 66 
4 8 22 28 66 
22 27 46 66 
1 12 22 27 66 
3 11 22 27 66 
1 6 21 36 61 66 
3 6 23 26 66 
6 22 27 66 
26 66 
3 6 22 27 66 
3 6 21 26 66 
2 7 21 28 66 
2 6 21 26 67 
3 6 23 26 66 
3 6 21 26 66 
1 7 22 27 66 
2 12 21 27 66 
3 6 21 28 66 
1 6 21 66 
22 28 52 66 
6 66 
4 7 22 27 66 
2 7 21 27 66 
3 7 23 26 66 
4 11 22 26 66 
6 22 27 66 
2 23 26 66 
3 6 22 27 66 
3 7 23 26 66 
23 28 66 
3 11 21 27 66 
3 7 22 27 67 
3 7 22 27 66 
4 8 22 27 66 
3 8 22 28 67 
3 11 22 26 66 
3 6 22 27 66 
3 6 22 27 66 
4 6 22 27 62 66 
3 11 21 27 66 
4 23 26 66 
3 6 22 27 66 
3 6 21 28 66 
3 6 24 66 
3 6 21 27 66 
3 7 23 26 66 
3 6 22 27 66 
3 7 22 27 56 66 
3 6 22 27 66 
1 7 23 26 66 
3 6 21 26 66 
3 8 21 26 66 
6 66 
2 7 21 26 66 
4 11 22 27 37 66 
3 6 21 28 66 
4 8 22 27 66 
3 7 22 27 51 66 
3 6 22 26 66 
22 27 66 
3 6 23 26 66 
4 13 21 28 66 
4 7 23 28 66 
3 6 22 27 67 
2 7 21 26 66 
4 8 22 28 66 
2 6 22 26 67 
3 6 23 26 66 
3 13 22 28 41 66 
3 11 22 27 36 46 66 
3 6 22 27 66 
2 7 21 26 66 
21 28 66 
3 7 25 26 51 66 
36 51 66 
6 21 28 66 
2 21 27 66 
3 6 22 27 66 
4 7 22 27 36 56 66 
3 6 22 27 66 
3 6 23 26 66 
2 7 22 26 66 
3 6 22 27 66 
3 11 22 27 66 
3 6 22 27 66 
4 7 22 27 66 
3 6 22 27 66 
3 6 22 26 66 
21 41 66 
3 6 21 27 66 
2 11 22 28 34 67 
3 6 22 26 66 
2 7 21 26 56 66 
1 6 66 
3 7 22 27 56 66 
3 7 23 27 37 56 66 
4 11 22 27 66 
3 6 22 27 66 
4 11 21 29 66 
4 7 23 26 66 
1 6 23 27 66 
3 21 28 66 
2 7 22 66 
3 6 22 27 66 
3 6 22 27 66 
4 7 22 26 66 
4 11 21 29 66 
3 6 22 27 36 67 
3 7 23 61 66 
3 6 23 26 66 
1 7 22 27 66 
3 6 28 67 
4 7 24 26 36 66 
3 11 21 28 36 66 
6 21 28 66 
3 8 22 26 66 
2 12 23 37 66 
4 7 21 28 66 
4 7 22 27 66 
3 6 29 66 
1 12 22 27 66 
3 8 21 26 66 
4 7 22 27 66 
3 6 21 28 66 
2 7 16 28 36 66 
3 6 23 26 34 46 66 
3 6 22 27 66 
3 6 21 27 66 
22 27 66 
21 26 66 
2 6 27 66 
2 7 21 26 36 66 
22 26 66 
3 6 22 27 66 
4 8 24 28 56 68 
3 7 22 27 36 66 
3 6 22 27 66 
3 8 27 61 66 
1 6 26 66 
2 7 21 26 56 66 
3 6 23 26 66 
2 7 21 26 66 
3 6 23 26 66 
3 6 21 28 61 66 
6 22 27 66 
3 6 22 27 66 
4 11 23 26 66 
3 7 22 26 66 
2 12 21 26 66 
2 7 21 27 66 
3 11 22 27 66 
2 7 22 27 51 66 
25 27 51 66 
3 6 22 27 66 
2 7 21 26 66 
3 6 22 27 66 
4 6 22 27 66 
4 11 22 27 66 
4 7 21 28 66 
3 6 21 67 
3 6 22 27 66 
3 6 22 27 66 
4 6 22 28 36 66 
2 7 22 26 66 
4 6 23 26 66 
22 27 51 66 
3 6 22 26 66 
3 6 21 26 66 
1 6 21 36 66 
4 13 22 27 66 
2 7 21 27 66 
3 7 22 27 66 
3 8 23 26 66 
3 6 23 26 66 
3 7 23 28 51 66 
4 22 27 66 
21 41 66 
3 6 22 27 66 
3 6 22 26 66 
23 26 46 61 66 
2 22 26 66 
2 7 22 26 66 
3 6 22 27 66 
3 6 22 26 67 
4 7 22 27 66 
4 7 21 26 66 
3 6 21 28 66 
3 8 22 28 66 
1 6 26 66 
3 11 21 28 66 
3 6 21 28 66 
2 7 23 26 66 
3 6 21 27 66 
2 6 22 27 56 61 66 
4 12 22 27 66 
3 6 21 28 66 
3 6 22 27 66 
3 6 22 27 67 
3 6 21 28 66 
3 11 22 27 66 
3 11 21 27 56 61 66 
1 7 21 27 56 66 
25 27 51 66 
4 8 22 26 66 
2 13 21 27 66 
3 7 22 26 66 
4 11 21 27 66 
4 6 16 21 27 66 
3 6 23 26 66 
4 8 21 28 66 
3 6 22 26 66 
3 6 22 27 66 
2 7 22 26 66 
3 6 22 27 66 
4 23 26 66 
3 11 21 28 36 66 
2 12 21 26 66 
3 6 22 27 68 
3 6 21 28 35 47 66 
3 6 22 26 66 
3 7 21 26 66 
6 22 27 51 66 
2 6 23 26 66 
2 7 22 26 66 
2 7 23 27 36 66 
3 6 12 22 26 66 
3 11 23 26 66 
3 6 22 27 66 
2 8 21 26 66 
4 7 22 27 67 
2 7 21 26 67 
4 7 23 26 36 66 
3 6 22 27 66 
3 6 23 26 66 
22 26 66 
4 7 21 26 66 
3 6 22 27 66 
3 8 21 27 66 
3 6 21 28 66 
1 6 22 27 66 
3 6 22 27 66 
2 7 29 66 
3 6 23 26 66 
3 6 22 27 66 
3 6 23 26 66 
4 11 21 28 66 
3 6 22 26 66 
1 6 21 26 66 
4 8 21 27 61 66 
2 7 22 27 66 
1 6 26 67 
3 7 21 27 66 
2 6 28 67 
3 6 22 27 66 
2 12 22 28 66 
2 6 22 26 66 
1 26 66 
3 6 23 26 66 
3 6 22 27 66 
1 6 21 36 67 
4 7 23 27 37 51 56 66 
3 11 21 27 66 
6 21 66 
3 6 23 26 66 
3 6 22 27 66 
3 6 23 26 66 
1 6 21 26 66 
2 6 21 27 66 
3 12 21 28 36 46 66 
3 6 22 27 66 
1 7 22 27 51 66 
2 8 21 27 46 66 
67 
6 22 27 66 
4 7 22 27 67 
3 6 22 27 66 
4 13 23 26 66 
3 6 22 27 66 
1 6 26 66 
1 7 22 27 66 
3 8 21 26 66 
2 6 22 27 66 
2 8 21 27 66 
3 11 22 27 67 
2 12 21 27 66 
22 27 66 
3 7 21 26 66 
3 6 21 28 66 
6 21 27 66 
22 28 66 
3 6 22 26 66 
3 6 21 28 66 
3 6 22 26 66 
3 11 23 27 66 
3 12 23 26 37 66 
3 11 23 27 66 
1 6 26 67 
1 7 22 27 66 
1 6 21 66 
3 6 23 26 66 
3 6 22 27 66 
3 11 23 27 66 
3 6 21 28 66 
6 23 26 66 
23 28 66 
4 7 22 27 66 
3 11 21 27 66 
3 6 22 27 66 
4 11 22 27 66 
3 6 22 27 66 
4 6 22 27 66 
3 6 22 27 66 
2 6 26 66 
1 6 66 
4 11 16 21 27 66 
3 6 22 27 66 
2 22 26 66 
3 6 22 27 66 
3 6 21 27 66 
3 6 21 27 31 57 66 
3 6 21 27 66 
2 7 21 27 66 
3 11 23 26 66 
1 7 21 26 36 67 
1 6 22 27 67 
2 12 21 26 66 
3 6 23 26 66 
2 7 21 26 66 
2 6 21 28 66 
4 21 28 66 
4 22 27 66 
3 6 22 27 66 
6 66 
3 6 22 26 66 
3 6 22 27 66 
2 7 21 28 66 
1 6 11 22 28 66 
3 6 23 26 66 
2 12 21 27 66 
3 6 22 27 66 
3 13 21 27 66 
1 7 23 26 66 
3 6 21 28 66 
3 6 23 26 36 67 
3 11 23 26 66 
3 7 22 27 66 
2 7 22 26 66 
6 66 
6 28 66 
3 6 22 27 66 
2 8 28 31 66 
21 29 51 66 
3 6 22 27 66 
3 6 26 66 
3 6 21 28 66 
2 21 27 66 
3 6 23 67 
3 6 23 26 66 
3 6 22 27 66 
4 21 28 66 
3 8 22 26 66 
3 11 23 26 66 
3 6 22 27 66 
4 6 21 28 52 61 66 
3 6 22 27 66 
1 6 21 66 
2 6 22 27 66 
3 8 21 27 36 66 
3 6 23 26 66 
3 11 23 26 66 
3 11 21 28 66 
3 6 22 27 66 
1 6 21 26 66 
3 6 21 28 66 
3 6 22 27 66 
3 6 22 27 66 
4 8 27 66 
2 6 21 27 51 66 
6 21 26 66 
2 13 21 27 66 
3 7 22 27 51 67 
3 6 22 27 66 
3 6 27 67 
2 7 22 26 66 
3 6 22 27 66 
21 28 31 66 
4 7 23 26 66 
4 22 27 66 
1 7 22 27 66 
3 6 21 27 66 
5 13 23 26 61 66 
2 7 22 26 37 56 67 
3 11 22 27 66 
4 7 21 26 66 
4 6 21 28 66 
3 13 23 27 51 66 
1 6 21 66 
3 6 22 27 66 
3 6 23 66 
2 6 21 27 66 
3 12 21 28 36 61 66 
3 12 21 27 37 61 66 
3 11 21 28 34 66 
4 12 22 28 66 
4 8 21 27 66 
3 6 23 26 34 47 66 
3 6 22 26 67 
3 8 28 66 
1 6 22 66 
4 7 22 27 66 
3 6 23 26 66 
3 6 21 28 66 
1 6 21 66 
3 12 22 26 41 66 
3 7 21 29 56 66 
26 51 66 
4 6 22 27 66 
4 7 22 27 66 
2 6 28 66 
3 6 22 27 66 
3 6 21 28 66 
3 6 22 27 66 
2 6 21 27 66 
4 23 26 66 
3 12 21 27 66 
2 7 24 28 67 
4 6 22 27 66 
3 6 22 33 66 
4 7 22 27 66 
36 46 66 
3 11 23 26 66 
3 7 22 27 66 
2 12 23 37 66 
3 6 21 27 66 
4 21 28 66 
22 27 66 
4 8 22 27 66 
1 6 21 66 
3 6 23 26 66 
3 6 22 27 66 
3 7 21 28 36 66 
4 11 22 26 66 
3 6 22 27 66 
3 6 23 26 66 
3 6 22 26 66 
4 6 21 28 67 
2 12 22 66 
3 6 22 27 66 
2 21 27 66 
3 11 21 28 66 
4 7 22 26 66 
4 6 28 62 66 
2 8 22 26 66 
2 12 21 29 66 
4 6 22 68 
3 6 22 27 66 
2 7 21 26 66 
2 6 21 28 66 
6 22 26 66 
4 7 22 27 66 
3 11 22 27 66 
2 7 22 27 66 
4 7 23 26 66 
2 11 21 27 66 
4 11 21 28 66 
2 21 27 66 
1 6 21 36 66 
3 11 22 26 66 
2 7 16 21 27 36 51 66 
1 12 22 27 66 
2 6 21 26 67 
3 11 22 27 66 
3 6 21 28 66 
4 22 27 66 
1 7 21 26 36 66 
3 11 22 27 66 
3 11 23 27 31 66 
3 6 22 27 66 
3 6 21 28 66 
21 26 66 
4 7 22 26 66 
3 6 21 26 66 
3 8 16 21 26 66 
4 11 22 28 66 
3 6 23 26 66 
1 6 21 66 
4 7 22 27 68 
2 8 21 28 51 67 
4 7 21 28 66 
3 6 22 27 66 
3 22 27 66 
3 6 22 27 66 
6 23 28 31 66 
4 7 23 26 66 
2 7 21 27 68 
6 66 
3 7 23 27 37 57 66 
3 6 23 26 66 
3 6 22 27 66 
4 11 23 26 66 
4 11 24 26 66 
3 6 21 27 66 
3 6 29 66 
3 7 21 26 67 
4 22 27 66 
22 26 66 
3 6 21 27 66 
4 11 24 66 
3 6 21 28 66 
3 12 22 26 36 46 66 
1 6 22 66 
4 8 22 27 66 
2 7 21 26 66 
2 22 26 66 
3 6 23 26 66 
3 6 21 28 66 
3 6 22 27 66 
3 6 21 28 66 
4 21 28 66 
6 66 
1 6 26 67 
3 11 22 27 66 
1 6 21 26 36 66 
3 7 27 67 
3 6 21 27 66 
3 6 21 27 66 
3 6 22 27 66 
3 6 22 27 66 
4 13 21 27 66 
4 7 21 28 66 
1 6 22 27 66 
2 7 27 36 67 
2 8 21 27 66 
2 12 21 26 66 
3 6 21 28 66 
3 6 22 27 66 
3 6 22 26 66 
3 6 22 27 66 
3 6 21 28 66 
1 11 21 26 66 
22 27 36 51 66 
21 26 56 66 
2 7 22 26 66 
3 6 23 26 66 
4 7 22 27 66 
3 7 22 27 66 
1 7 21 26 66 
2 7 22 26 66 
6 23 26 66 
3 6 22 27 66 
3 7 22 27 66 
3 7 23 26 66 
25 27 66 
2 11 22 27 66 
1 6 26 67 
3 6 22 27 66 
3 6 22 27 66 
3 6 22 27 66 
3 6 22 27 68 
3 6 29 66 
3 6 21 28 66 
3 6 23 26 66 
21 28 51 66 
1 6 26 66 
2 22 26 66 
1 6 21 36 66 
3 6 21 27 66 
2 8 22 28 36 46 68 
3 6 22 27 66 
2 6 21 26 66 
3 12 22 27 41 66 
2 7 22 26 66 
2 8 21 27 66 
3 6 23 26 66 
3 6 21 28 66 
4 7 36 46 69 
23 29 51 61 68 
4 22 27 66 
1 7 21 26 66 
3 6 23 26 56 66 
4 13 22 26 67 
3 7 22 26 66 
11 26 66 
3 6 21 27 66 
3 7 21 28 66 
2 7 21 29 66 
3 11 22 27 66 
2 8 21 27 66 
3 6 22 27 66 
3 11 22 27 66 
2 7 16 21 27 66 
4 6 22 27 66 
3 6 22 27 66 
3 6 23 26 66 
3 6 21 28 66 
4 22 27 66 
6 21 28 66 
3 6 22 27 66 
3 11 28 66 
23 26 46 66 
4 8 22 27 67 
3 6 22 27 66 
3 11 22 26 66 
2 6 26 66 
3 6 22 27 66 
3 6 22 27 66 
22 27 61 67 
3 6 22 26 66 
2 7 22 26 66 
3 11 21 27 66 
22 26 66 
1 6 27 66 
3 6 22 27 66 
3 7 22 26 66 
3 6 29 66 
3 6 22 27 61 66 
3 11 22 27 66 
22 27 66 
2 7 22 27 66 
2 12 21 28 66 
22 27 66 
3 6 22 27 66 
3 6 23 26 66 
3 6 22 26 66 
7 22 27 41 51 66 
3 6 23 26 66 
3 6 22 26 66 
1 7 28 51 66 
2 7 16 22 26 67 
2 7 21 27 66 
3 6 23 26 66 
2 7 21 26 66 
3 6 22 27 34 46 66 
3 6 22 27 66 
3 6 22 27 66 
2 6 21 26 66 
3 6 22 27 66 
4 7 11 23 27 66 
2 7 21 26 66 
23 27 61 66 
1 6 21 28 66 
3 6 22 27 66 
3 6 22 27 66 
2 7 22 27 66 
2 8 23 27 52 66 
3 6 23 26 66 
3 6 22 26 66 
2 12 22 28 67 
2 12 21 28 36 66 
3 6 22 26 66 
67 
3 6 22 27 66 
7 22 27 41 51 66 
1 6 26 67 
2 7 21 27 66 
2 7 22 27 66 
1 6 21 66 
4 21 27 66 
4 6 22 27 56 66 
1 6 26 61 66 
4 7 23 26 66 
1 7 22 27 66 
2 6 21 26 66 
3 6 22 27 66 
4 12 21 29 36 66 
3 6 21 28 66 
2 7 22 27 67 
3 6 22 27 66 
2 12 21 28 66 
3 6 21 28 66 
3 7 23 26 66 
2 7 22 26 66 
3 6 22 26 66 
3 11 22 27 66 
3 6 21 26 66 
2 7 16 28 36 66 
4 11 22 26 66 
2 7 22 27 66 
22 28 66 
3 6 22 27 66 
1 6 26 66 
3 6 23 26 66 
21 28 41 66 
3 6 22 27 66 
1 11 22 26 66 
3 6 22 26 66 
3 6 21 26 66 
3 6 23 26 66 
3 6 21 27 66 
1 6 21 66 
3 11 23 27 66 
4 8 22 27 67 
4 7 16 22 26 66 
3 6 24 66 
3 6 23 26 66 
3 6 21 28 66 
3 6 23 26 66 
3 6 22 27 66 
3 6 23 26 66 
3 6 21 26 66 
3 6 22 27 66 
3 6 22 26 66 
3 6 22 26 66 
3 11 22 27 66 
2 22 26 66 
3 6 21 28 66 
4 8 21 27 67 
2 7 22 27 66 
2 7 21 27 66 
1 7 23 26 51 66 
4 22 27 66 
3 6 22 27 66 
3 6 21 66 
3 6 21 27 66 
4 13 28 66 
1 6 26 67 
22 27 66 
2 21 26 66 
3 6 22 27 66 
3 6 22 27 66 
2 6 21 27 66 
3 7 22 27 56 66 
3 6 11 21 27 66 
3 6 22 26 66 
3 7 21 26 66 
4 6 21 28 68 
23 29 51 66 
3 22 26 66 
5 8 23 30 66 
22 28 51 66 
24 27 67 
3 11 22 27 66 
1 11 23 26 36 66 
3 8 28 66 
2 7 21 26 66 
3 6 23 26 66 
2 7 21 26 67 
2 7 27 36 67 
3 6 22 27 66 
3 6 22 27 66 
3 6 23 26 66 
4 7 21 28 66 
2 7 22 26 36 66 
2 9 23 27 37 46 61 68 
3 6 22 27 66 
2 7 22 56 66 
3 7 22 26 66 
1 6 16 21 27 51 66 
3 8 23 26 36 56 67 
5 11 23 27 66 
3 6 23 26 66 
3 6 21 28 66 
3 6 22 27 66 
2 6 23 27 66 
21 28 66 
3 6 29 66 
3 6 21 28 66 
3 6 22 27 66 
2 7 22 27 66 
3 6 22 27 66 
4 7 22 27 36 66 
3 7 22 27 66 
1 7 22 28 51 66 
21 36 66 
2 7 21 27 66 
3 6 23 26 66 
6 22 27 66 
3 6 21 27 66 
2 7 21 26 36 66 
3 11 22 26 34 66 
1 6 26 66 
3 11 22 27 66 
1 11 21 26 66 
3 11 22 27 66 
3 6 22 26 66 
2 21 26 66 
4 23 26 66 
2 7 21 27 66 
4 8 23 26 66 
1 6 21 27 66 
3 11 22 27 66 
2 7 21 27 66 
4 6 22 27 56 67 
1 7 21 27 66 
2 7 22 26 66 
1 6 26 66 
3 21 27 51 67 
3 6 21 28 67 
2 7 21 28 51 66 
3 7 22 26 66 
3 6 22 27 66 
4 8 21 27 67 
3 6 22 67 
4 11 22 27 66 
6 23 26 66 
3 8 22 27 37 67 
2 8 23 66 
3 6 22 27 66 
3 6 22 27 66 
1 6 26 66 
6 66 
4 6 23 26 66 
6 22 26 66 
2 6 21 27 51 66 
3 6 21 27 66 
3 11 22 27 66 
3 8 22 27 66 
3 11 16 22 26 66 
1 7 22 29 66 
3 6 23 27 37 66 
3 8 21 27 36 66 
4 22 27 66 
3 6 22 27 66 
2 13 21 28 66 
2 7 21 26 66 
3 13 21 28 66 
3 6 22 27 66 
2 9 23 27 37 46 61 68 
3 21 28 36 66 
3 6 22 27 66 
1 6 26 31 66 
1 6 21 27 66 
2 8 23 26 66 
4 6 22 27 66 
3 6 22 27 66 
2 7 21 26 67 
4 8 22 26 66 
1 6 26 66 
4 6 21 28 66 
3 7 22 27 67 
2 22 66 
2 6 22 26 66 
1 7 21 27 66 
4 11 23 26 66 
4 6 23 26 66 
3 6 26 66 
3 6 22 27 66 
22 27 66 
2 22 27 36 56 67 
3 6 23 26 57 66 
4 7 21 28 61 66 
1 7 22 26 36 66 
2 7 22 27 66 
2 12 21 26 66 
27 66 
4 6 21 28 52 61 66 
2 7 21 28 66 
3 6 22 27 66 
3 6 22 27 66 
3 11 22 27 66 
3 6 23 26 66 
1 7 21 26 66 
2 21 27 66 
3 8 27 66 
2 7 21 27 56 67 
3 6 22 27 66 
4 8 23 26 67 
3 6 22 27 66 
6 23 26 66 
1 6 22 66 
3 7 22 27 66 
2 12 21 26 66 
22 26 66 
2 6 22 27 67 
3 7 23 28 51 61 66 
1 6 21 36 66 
22 29 66 
3 6 23 26 66 
3 7 21 27 66 
1 7 21 27 66 
3 11 22 26 66 
2 8 21 27 33 47 67 
2 7 22 66 
1 7 22 27 66 
1 22 27 57 66 
1 21 27 66 
4 6 22 27 66 
3 11 21 27 66 
3 6 23 26 66 
4 7 22 27 66 
4 8 22 28 67 
3 11 22 27 36 66 
2 7 21 27 66 
3 8 21 28 61 66 
4 6 23 26 66 
1 6 26 67 
3 6 23 26 66 
4 7 23 26 66 
3 11 22 27 41 66 
3 11 21 27 66 
3 11 22 26 66 
3 6 22 27 66 
4 21 28 66 
4 6 23 26 66 
3 8 21 26 51 67 
1 6 21 36 66 
3 6 21 27 66 
3 6 23 26 66 
4 6 21 28 66 
4 23 26 66 
1 6 21 26 36 67 
2 7 22 66 
1 6 21 26 67 
4 7 22 27 36 56 66 
4 8 21 27 66 
2 7 22 66 
3 11 22 26 66 
3 8 21 27 66 
3 11 21 28 36 66 
21 28 66 
3 6 22 27 66 
3 6 23 26 66 
1 6 26 61 67 
3 6 23 26 66 
4 7 22 27 66 
3 11 22 27 66 
4 7 22 26 67 
4 11 22 27 66 
3 6 22 27 66 
4 6 21 28 66 
4 6 21 28 67 
4 13 27 66 
2 7 22 26 36 56 66 
21 28 66 
1 23 26 66 
4 7 22 66 
1 7 22 26 32 46 66 
3 11 16 22 36 66 
22 27 66 
23 26 66 
3 6 23 26 67 
2 7 22 26 66 
2 8 21 27 66 
2 7 21 26 66 
4 23 26 66 
2 12 21 28 66 
1 6 23 66 
4 8 22 27 66 
3 7 23 27 67 
3 6 21 28 66 
2 12 21 26 66 
3 6 22 27 66 
3 13 21 27 36 66 
2 8 21 27 66 
2 7 21 27 66 
23 26 46 51 66 
3 6 23 66 
7 22 26 66 
4 7 23 26 66 
3 6 22 27 66 
2 6 22 27 66 
4 7 22 27 66 
3 6 22 27 66 
3 6 23 26 66 
6 22 27 66 
3 8 21 26 66 
3 6 22 27 66 
3 6 21 27 66 
2 7 21 26 66 
3 6 23 26 66 
3 6 22 27 66 
3 7 22 27 66 
1 6 26 66 
3 6 21 28 66 
1 12 23 26 61 66 
4 6 22 27 66 
23 27 46 66 
3 8 21 26 36 66 
3 6 22 27 66 
23 28 66 
3 11 23 26 66 
3 12 22 26 66 
1 7 21 26 66 
3 6 21 28 66 
2 12 22 27 36 66 
22 27 66 
3 6 21 27 66 
4 7 29 67 
3 6 21 28 66 
1 7 66 
4 7 22 27 56 66 
3 11 22 27 66 
22 28 52 66 
3 13 21 28 51 66 
3 6 22 27 66 
2 6 23 26 66 
3 6 21 28 66 
3 11 21 28 66 
3 6 22 27 66 
2 12 27 66 
3 6 23 26 66 
2 7 21 26 36 66 
6 22 27 66 
1 6 21 66 
3 6 22 26 66 
1 6 26 66 
3 6 22 27 66 
4 12 22 27 41 46 66 
26 66 
22 27 66 
2 12 21 26 66 
4 6 22 27 36 67 
2 8 21 27 36 67 
3 6 21 28 66 
1 7 23 26 66 
3 7 22 27 61 66 
1 12 22 27 66 
2 27 66 
1 22 26 66 
6 66 
1 6 21 66 
4 7 22 27 66 
3 11 22 27 66 
4 8 22 26 66 
1 7 21 26 66 
3 6 16 21 27 66 
2 7 21 27 66 
1 7 16 22 26 66 
2 12 21 26 66 
3 11 22 26 66 
3 6 22 27 66 
3 7 23 28 51 66 
3 11 23 26 33 67 
2 7 27 36 66 
6 22 27 36 66 
1 11 66 
3 6 21 66 
3 6 23 26 66 
1 6 26 66 
3 6 23 26 66 
4 12 22 27 66 
3 8 22 28 37 46 68 
4 7 22 27 66 
4 6 22 27 67 
3 6 23 26 66 
3 6 21 26 67 
1 6 21 36 66 
1 6 22 26 66 
4 8 22 26 66 
3 11 22 28 66 
1 12 23 26 61 66 
3 6 22 27 66 
3 6 21 28 66 
3 6 22 27 36 56 66 
6 22 27 66 
3 21 28 56 61 66 
3 6 21 27 67 
4 12 22 28 66 
4 8 21 27 66 
3 6 23 26 66 
3 6 22 27 66 
56 66 
3 11 22 26 66 
2 7 27 66 
2 6 22 27 51 66 
3 6 23 26 66 
1 6 26 66 
3 6 21 27 66 
3 7 21 28 67 
23 26 66 
3 6 22 27 66 
3 6 16 21 26 66 
3 6 22 27 66 
3 6 21 26 66 
2 7 22 26 66 
3 22 26 66 
3 6 22 27 66 
4 11 22 27 66 
3 7 22 26 66 
1 6 26 66 
1 6 16 26 66 
1 7 28 68 
1 7 21 28 66 
2 7 22 27 66 
3 6 22 27 66 
3 7 23 28 61 66 
2 7 21 27 66 
2 7 23 26 66 
6 66 
2 7 26 66 
4 23 26 66 
3 6 22 27 66 
3 6 21 28 66 
4 22 27 66 
3 6 23 26 66 
1 6 26 31 46 66 
3 6 22 27 66 
1 11 27 66 
3 7 22 27 66 
22 27 66 
3 11 22 27 66 
3 6 22 27 66 
4 7 22 27 66 
4 7 21 28 66 
56 66 
5 6 23 27 66 
3 11 22 27 66 
2 12 21 26 66 
3 6 22 27 66 
3 6 21 28 66 
2 7 22 26 66 
4 7 23 26 36 67 
3 6 22 27 66 
3 6 22 26 66 
22 27 36 56 66 
3 6 22 27 66 
3 8 21 26 66 
3 6 21 28 66 
2 7 21 26 46 66 
2 7 21 26 66 
3 6 24 66 
2 7 22 27 66 
4 12 22 27 37 66 
3 8 23 66 
2 7 22 26 66 
3 6 22 27 66 
1 12 23 26 36 66 
6 22 26 66 
2 7 21 27 66 
4 12 21 28 66 
1 6 26 66 
3 6 21 28 66 
4 6 22 27 66 
1 6 22 27 66 
2 7 27 66 
3 6 22 27 66 
1 11 22 27 66 
5 6 21 29 61 67 
3 6 22 26 66 
2 8 16 27 66 
6 66 
3 8 21 27 66 
3 11 21 28 66 
3 6 22 27 66 
21 66 
2 12 23 37 66 
3 6 21 28 66 
4 7 22 27 66 
3 11 22 26 66 
2 7 22 66 
2 7 21 26 66 
3 11 22 27 66 
2 22 27 66 
3 6 22 27 66 
6 26 66 
3 6 23 26 66 
3 6 22 27 66 
2 7 22 26 66 
3 6 22 27 66 
3 6 22 27 66 
3 11 22 28 66 
4 8 23 26 66 
3 6 22 26 66 
2 12 21 27 66 
4 23 26 66 
23 26 66 
3 6 22 27 66 
3 6 21 28 66 
2 7 21 28 51 66 
4 8 21 27 66 
3 11 22 27 66 
2 7 22 27 66 
4 8 22 26 66 
3 6 22 27 66 
4 13 23 26 36 66 
3 6 21 27 66 
6 22 26 66 
2 7 21 28 66 
3 6 22 27 66 
2 7 21 26 66 
3 7 16 21 26 66 
3 6 21 27 66 
2 7 21 28 66 
3 7 22 27 66 
1 7 21 27 66 
3 6 22 26 66 
3 7 22 27 51 66 
22 27 66 
3 6 21 27 66 
3 6 22 27 66 
3 6 23 26 66 
4 8 22 27 66 
23 27 66 
3 6 22 66 
1 11 16 21 26 66 
4 6 21 28 56 66 
2 12 21 28 36 66 
1 6 21 28 66 
4 21 28 66 
21 28 51 66 
4 22 27 66 
1 6 21 66 
4 11 22 27 66 
2 8 22 26 31 66 
2 7 21 29 66 
3 11 23 26 66 
3 6 22 27 66 
4 12 23 26 36 56 66 
3 6 22 27 66 
4 11 23 26 66 
3 7 23 26 66 
4 11 22 27 66 
2 7 22 26 36 56 67 
3 6 21 28 66 
3 6 21 28 66 
6 11 22 27 66 
2 7 21 27 66 
2 7 21 28 51 66 
3 6 22 27 66 
2 7 23 26 66 
3 6 21 28 66 
3 6 23 26 66 
3 11 23 66 
3 6 29 66 
4 22 26 66 
3 6 22 27 66 
2 6 21 28 66 
3 6 21 27 67 
4 6 22 27 66 
3 6 22 27 66 
3 13 21 26 66 
3 6 21 26 66 
3 6 21 28 51 57 66 
2 6 22 26 66 
3 6 22 26 66 
22 66 
4 6 22 27 66 
4 13 28 66 
3 6 21 28 66 
3 11 22 27 66 
2 7 21 27 66 
4 23 26 66 
2 7 21 30 66 
4 7 22 27 66 
3 6 21 28 66 
4 6 23 26 66 
3 11 22 26 66 
2 12 27 66 
4 6 21 28 66 
22 27 66 
3 6 22 27 66 
2 7 22 66 
3 7 21 27 66 
4 6 22 27 66 
4 8 22 28 66 
3 6 23 66 
3 6 22 27 66 
4 21 26 66 
1 6 21 36 66 
3 6 21 28 66 
2 6 21 27 66 
3 6 22 27 66 
1 7 23 26 51 66 
2 6 21 27 36 66 
3 11 23 26 31 66 
3 6 22 27 66 
4 6 22 27 66 
3 6 26 66 
3 11 21 28 66 
3 12 21 27 66 
1 6 26 66 
5 8 23 27 66 
2 6 22 27 36 56 67 
6 66 
22 27 36 66 
3 6 22 27 66 
1 6 26 66 
3 6 22 27 66 
3 6 22 27 66 
3 6 21 28 66 
3 11 21 28 66 
4 7 23 26 66 
3 11 21 28 36 66 
23 30 51 66 
6 22 27 66 
3 11 22 27 66 
3 6 21 28 66 
4 8 23 26 66 
22 26 66 
4 22 27 66 
3 6 22 27 66 
3 8 27 66 
3 6 22 27 66 
3 6 23 26 66 
3 7 23 26 36 66 
3 6 21 27 66 
3 6 23 26 66 
4 7 22 27 66 
3 6 23 26 66 
4 7 22 27 56 66 
4 6 22 27 36 66 
6 21 26 66 
6 22 27 66 
3 22 27 66 
1 6 21 26 36 61 66 
4 11 23 26 66 
4 7 22 27 66 
3 6 23 26 66 
2 11 22 26 66 
3 6 21 28 66 
3 6 22 27 66 
3 7 22 27 66 
3 6 21 28 66 
3 6 23 26 66 
2 7 16 21 27 66 
3 8 22 27 66 
3 6 22 26 66 
3 11 21 28 66 
1 7 27 31 46 66 
3 13 21 28 36 46 66 
3 7 21 28 66 
4 6 21 28 66 
6 22 27 66 
3 11 21 28 66 
3 6 23 26 66 
67 
2 7 21 26 66 
3 6 22 27 66 
2 7 22 26 66 
1 7 24 26 66 
3 8 21 26 66 
3 11 28 66 
4 6 23 26 66 
3 6 22 27 66 
4 11 21 28 66 
4 7 22 27 51 66 
1 6 21 27 66 
3 8 21 27 66 
4 7 21 28 66 
3 6 22 27 66 
2 7 22 66 
2 7 21 27 66 
1 7 21 27 66 
3 7 28 66 
3 11 22 26 66 
2 12 22 26 66 
16 21 26 66 
3 6 21 28 66 
23 28 66 
28 66 
4 13 22 27 66 
3 7 21 66 
1 7 21 26 66 
3 8 22 27 66 
3 11 21 28 66 
3 6 22 27 66 
4 6 23 26 36 51 67 
1 6 21 66 
3 8 21 26 66 
1 7 23 26 66 
3 6 26 66 
3 6 23 66 
3 6 23 26 66 
4 8 21 26 66 
3 6 23 26 66 
2 21 27 66 
4 6 21 28 56 66 
3 6 21 28 66 
1 7 22 28 66 
2 7 21 27 66 
3 6 11 21 29 36 61 66 
3 6 23 26 66 
1 6 21 66 
3 9 23 27 36 64 67 
3 6 21 28 66 
3 6 21 27 66 
3 6 21 27 66 
3 11 22 27 66 
1 7 22 27 66 
4 23 26 66 
4 6 22 27 36 66 
3 6 21 28 66 
3 6 21 28 66 
3 6 21 27 67 
2 22 26 66 
3 6 21 27 67 
3 11 22 27 66 
2 7 22 27 66 
3 6 21 28 66 
3 6 22 27 66 
3 6 22 27 66 
22 26 66 
4 22 27 66 
4 8 21 26 66 
3 11 23 26 66 
23 26 51 66 
4 23 26 66 
3 11 22 27 66 
2 7 23 26 66 
3 6 22 27 66 
3 6 22 27 66 
3 11 22 27 66 
3 7 21 28 66 
2 7 22 26 66 
3 7 21 27 66 
23 26 66 
2 6 26 66 
3 6 21 28 66 
1 6 21 26 36 61 67 
4 11 22 27 66 
3 11 22 27 66 
3 6 21 28 66 
2 7 21 27 66 
3 22 28 67 
3 6 22 27 66 
3 11 21 27 66 
21 27 66 
3 6 22 27 66 
2 6 21 28 66 
3 11 22 27 66 
4 6 21 28 66 
3 6 22 27 66 
3 6 22 27 66 
4 11 22 27 41 66 
2 12 21 26 66 
1 7 21 26 66 
3 6 21 28 66 
23 26 51 66 
6 66 
2 6 21 27 67 
3 6 22 27 66 
4 6 21 28 67 
21 28 46 66 
3 6 22 27 66 
2 27 66 
1 6 16 21 27 51 66 
3 11 23 27 66 
1 11 22 66 
3 6 21 28 66 
22 27 66 
3 6 26 67 
3 6 22 27 66 
2 22 26 66 
4 11 23 27 66 
3 11 22 27 36 66 
1 7 21 27 66 
4 22 27 66 
21 27 66 
3 6 22 26 66 
4 6 21 28 36 68 
3 6 23 26 66 
4 22 27 66 
1 6 26 66 
2 22 27 66 
3 7 22 27 51 67 
3 13 22 27 66 
4 6 24 26 36 56 66 
3 6 22 27 66 
3 6 22 26 66 
3 6 22 26 66 
3 6 22 27 66 
3 6 22 27 66 
22 27 66 
21 27 66 
4 6 22 26 67 
3 6 23 26 66 
3 11 22 27 33 66 
2 22 26 66 
6 66 
23 27 66 
3 6 22 27 66 
3 6 23 26 66 
21 27 66 
3 8 22 26 36 66 
3 6 23 26 66 
3 7 22 27 66 
4 6 21 28 62 66 
23 27 66 
3 6 22 27 66 
4 12 22 27 66 
4 6 23 26 66 
3 6 21 28 66 
2 7 21 26 66 
3 6 16 22 26 66 
2 21 27 66 
3 7 22 27 46 66 
2 7 22 26 67 
3 7 21 28 66 
1 6 22 27 66 
3 6 21 28 66 
2 7 22 26 66 
4 22 27 66 
4 11 21 28 36 66 
3 6 21 27 66 
2 6 21 26 66 
1 6 26 66 
3 6 22 27 66 
3 11 21 27 66 
3 8 22 26 66 
2 6 22 27 66 
1 7 27 51 67 
1 7 21 26 36 67 
3 6 22 27 66 
2 22 26 66 
4 6 22 26 66 
6 22 26 66 
3 6 21 28 66 
1 7 22 27 66 
4 8 24 26 66 
3 6 23 26 66 
3 6 26 66 
3 6 22 27 66 
2 8 22 26 31 66 
3 6 21 28 66 
3 6 22 27 66 
3 6 21 28 66 
56 66 
3 11 22 26 66 
3 6 26 66 
2 6 22 66 
3 6 22 27 66 
2 6 21 67 
3 8 22 26 66 
3 6 21 27 66 
1 6 21 36 66 
2 8 21 27 66 
3 6 22 27 66 
3 6 22 27 66 
