0.059027777777777776, 0.0, 0.0, 0.25, 0.0
0.1128747795414462, 0.0, 0.0, 0.2857142857142857, 0.0
0.11816578483245149, 0.0, 0.0, 0.33333333333333337, 0.0
0.06233766233766234, 0.0, 0.0, 0.4, 0.0
0.08214285714285714, 0.0, 0.0, 0.2857142857142857, 0.0
0.15, 0.0, 0.0, 0.5, 0.0
0.11857142857142858, 0.0, 0.0, 0.4, 0.0
0.08055555555555556, 0.0, 0.0, 0.33333333333333337, 0.0
0.11333333333333333, 0.0, 0.0, 0.4, 0.0
0.10357142857142856, 0.0, 0.0, 0.5, 0.0
0.05714285714285714, 0.0, 0.0, 0.2857142857142857, 0.0
0.04166666666666667, 0.0, 0.0, 0.33333333333333337, 0.0
0.06190476190476191, 0.0, 0.0, 0.33333333333333337, 0.0
0.1987012987012987, 0.0, 0.0, 0.6666666666666667, 0.0
0.08641975308641975, 0.0, 0.0, 0.33333333333333337, 0.0
0.10945767195767196, 0.0, 0.0, 0.33333333333333337, 0.0
0.1412037037037037, 0.2222222222222222, 0.0, 0.25, 0.0
0.20981240981240978, 0.2222222222222222, 0.0, 0.5, 0.0
0.05952380952380952, 0.0, 0.0, 0.2857142857142857, 0.0
0.10526695526695526, 0.0, 0.0, 0.4, 0.0
0.21333333333333337, 0.0, 0.0, 0.6666666666666667, 0.0
0.19292929292929298, 0.0, 0.0, 0.6666666666666667, 0.0
0.10555555555555556, 0.0, 0.0, 0.5, 0.0
0.0586734693877551, 0.0, 0.0, 0.2857142857142857, 0.0
0.14415584415584418, 0.0, 0.0, 0.4, 0.0
0.09126984126984126, 0.0, 0.0, 0.2857142857142857, 0.0
0.06818181818181818, 0.0, 0.0, 0.5, 0.0
0.16666666666666669, 0.0, 0.0, 0.6666666666666667, 0.0
0.02222222222222222, 0.0, 0.0, 0.2222222222222222, 0.0
0.10353535353535354, 0.0, 0.0, 0.6666666666666667, 0.0
0.08148148148148149, 0.0, 0.0, 0.4, 0.0
0.07333333333333333, 0.0, 0.0, 0.4, 0.0
0.02857142857142857, 0.0, 0.0, 0.2857142857142857, 0.0
0.10493827160493827, 0.0, 0.0, 0.25, 0.0
0.14814814814814817, 0.1111111111111111, 0.0, 0.33333333333333337, 0.0
0.289010989010989, 0.2857142857142857, 0.0, 0.6666666666666667, 0.0
0.14583333333333334, 0.0, 0.0, 0.5, 0.0
0.12103174603174605, 0.0, 0.0, 0.33333333333333337, 0.0
0.15833333333333335, 0.125, 0.0, 0.5, 0.0
0.0873015873015873, 0.0, 0.0, 0.5, 0.0
0.12301587301587302, 0.0, 0.0, 0.2857142857142857, 0.0
0.03703703703703704, 0.0, 0.0, 0.33333333333333337, 0.0
0.1634920634920635, 0.0, 0.0, 0.5, 0.0
0.075, 0.0, 0.0, 0.5, 0.0
0.18253968253968256, 0.25396825396825395, 0.0, 0.33333333333333337, 0.0
0.09876543209876544, 0.0, 0.0, 0.6666666666666667, 0.0
0.2942857142857143, 0.2857142857142857, 0.25, 0.4, 0.0
0.08888888888888889, 0.0, 0.0, 0.4, 0.0
0.06565656565656565, 0.0, 0.0, 0.5, 0.0
0.09722222222222222, 0.0, 0.0, 0.25, 0.0
0.11177248677248679, 0.0, 0.0, 0.33333333333333337, 0.0
0.20969387755102042, 0.26785714285714285, 0.0, 0.6666666666666667, 0.0
0.10416666666666667, 0.0, 0.0, 0.5, 0.0
0.03125, 0.0, 0.0, 0.25, 0.0
0.09027777777777779, 0.0, 0.0, 0.33333333333333337, 0.0
0.05, 0.0, 0.0, 0.25, 0.0
0.07272727272727274, 0.0, 0.0, 0.4, 0.0
0.15555555555555556, 0.1111111111111111, 0.0, 0.5, 0.0
0.03571428571428571, 0.0, 0.0, 0.25, 0.0
0.08180708180708181, 0.0, 0.0, 0.33333333333333337, 0.0
0.10515873015873016, 0.0, 0.0, 0.33333333333333337, 0.0
0.16878306878306878, 0.25, 0.0, 0.4, 0.0
0.19894179894179895, 0.25396825396825395, 0.0, 0.4, 0.0
0.20625000000000002, 0.125, 0.0, 0.6666666666666667, 0.0
0.12222222222222223, 0.0, 0.0, 0.5, 0.0
0.13, 0.0, 0.0, 0.4, 0.0
0.09523809523809525, 0.0, 0.0, 0.33333333333333337, 0.0
0.09090909090909091, 0.0, 0.0, 0.33333333333333337, 0.0
0.17857142857142855, 0.0, 0.0, 0.6666666666666667, 0.0
0.0, 0.0, 0.0, 0.0, 0.0
0.058333333333333334, 0.0, 0.0, 0.33333333333333337, 0.0
0.1336734693877551, 0.0, 0.0, 0.4, 0.0
0.13722222222222222, 0.1111111111111111, 0.0, 0.4, 0.0
0.050505050505050504, 0.0, 0.0, 0.33333333333333337, 0.0
0.04292929292929293, 0.0, 0.0, 0.25, 0.0
0.05158730158730159, 0.0, 0.0, 0.33333333333333337, 0.0
0.15306122448979592, 0.25, 0.0, 0.2857142857142857, 0.0
0.1285714285714286, 0.0, 0.0, 0.4, 0.0
0.03333333333333334, 0.0, 0.0, 0.33333333333333337, 0.0
0.06696428571428571, 0.0, 0.0, 0.2857142857142857, 0.0
0.10945767195767196, 0.0, 0.0, 0.33333333333333337, 0.0
0.25132275132275134, 0.30952380952380953, 0.0, 0.33333333333333337, 0.0
0.18412698412698414, 0.2361111111111111, 0.0, 0.5, 0.0
0.1302910052910053, 0.0, 0.0, 0.5, 0.0
0.0912087912087912, 0.0, 0.0, 0.4, 0.0
0.20723104056437386, 0.25, 0.0, 0.2857142857142857, 0.0
0.20039682539682543, 0.26785714285714285, 0.0, 0.33333333333333337, 0.0
0.025, 0.0, 0.0, 0.25, 0.0
0.2013888888888889, 0.2222222222222222, 0.0, 0.6666666666666667, 0.0
0.10678210678210678, 0.0, 0.0, 0.33333333333333337, 0.0
0.11078042328042326, 0.0, 0.0, 0.2857142857142857, 0.0
0.15579365079365076, 0.1111111111111111, 0.0, 0.4, 0.0
0.09696969696969698, 0.0, 0.0, 0.4, 0.0
0.0564373897707231, 0.0, 0.0, 0.2857142857142857, 0.0
0.10158730158730159, 0.0, 0.0, 0.2857142857142857, 0.0
0.17222222222222222, 0.1111111111111111, 0.0, 0.5, 0.0
0.14375, 0.0, 0.0, 0.5, 0.0
0.08722222222222223, 0.0, 0.0, 0.4, 0.0
0.1617063492063492, 0.1111111111111111, 0.0, 0.5, 0.0
0.12865961199294532, 0.0, 0.0, 0.4, 0.0
0.04761904761904762, 0.0, 0.0, 0.33333333333333337, 0.0
0.11172161172161174, 0.0, 0.0, 0.33333333333333337, 0.0
0.12214285714285715, 0.0, 0.0, 0.4, 0.0
0.08928571428571429, 0.0, 0.0, 0.5, 0.0
0.044444444444444446, 0.0, 0.0, 0.4, 0.0
0.12469135802469136, 0.0, 0.0, 0.4, 0.0
0.19, 0.2222222222222222, 0.0, 0.5, 0.0
0.05, 0.0, 0.0, 0.5, 0.0
0.1125, 0.0, 0.0, 0.5, 0.0
0.15731922398589063, 0.2222222222222222, 0.0, 0.4, 0.0
0.0977891156462585, 0.0, 0.0, 0.5, 0.0
0.1769047619047619, 0.25, 0.0, 0.4, 0.0
0.15912698412698414, 0.1111111111111111, 0.0, 0.5, 0.0
0.07738095238095238, 0.0, 0.0, 0.33333333333333337, 0.0
0.083994708994709, 0.0, 0.0, 0.2857142857142857, 0.0
0.05555555555555556, 0.0, 0.0, 0.33333333333333337, 0.0
0.125, 0.0, 0.0, 0.5, 0.0
0.07222222222222223, 0.0, 0.0, 0.4, 0.0
0.08024691358024691, 0.0, 0.0, 0.5, 0.0
0.12433862433862435, 0.0, 0.0, 0.5, 0.0
0.07272727272727274, 0.0, 0.0, 0.4, 0.0
0.27976190476190477, 0.2857142857142857, 0.0, 0.5, 0.0
0.03703703703703704, 0.0, 0.0, 0.33333333333333337, 0.0
0.04081632653061224, 0.0, 0.0, 0.2857142857142857, 0.0
0.10069444444444445, 0.0, 0.0, 0.33333333333333337, 0.0
0.05714285714285714, 0.0, 0.0, 0.2857142857142857, 0.0
0.1479076479076479, 0.0, 0.0, 0.5, 0.0
0.09343434343434343, 0.0, 0.0, 0.33333333333333337, 0.0
0.059027777777777776, 0.0, 0.0, 0.25, 0.0
0.12777777777777777, 0.0, 0.0, 0.5, 0.0
0.26666666666666666, 0.4, 0.0, 0.4, 0.0
0.10682539682539684, 0.0, 0.0, 0.6666666666666667, 0.0
0.044444444444444446, 0.0, 0.0, 0.4, 0.0
0.0202020202020202, 0.0, 0.0, 0.2222222222222222, 0.0
0.17839506172839506, 0.2222222222222222, 0.0, 0.4, 0.0
0.17849927849927852, 0.2222222222222222, 0.0, 0.4, 0.0
0.15531135531135531, 0.0, 0.0, 0.5, 0.0
0.10714285714285714, 0.0, 0.0, 0.25, 0.0
0.141005291005291, 0.0, 0.0, 0.4, 0.0
0.18333333333333335, 0.0, 0.0, 0.6666666666666667, 0.0
0.1288888888888889, 0.0, 0.0, 0.6666666666666667, 0.0
0.045454545454545456, 0.0, 0.0, 0.5, 0.0
0.10555555555555556, 0.0, 0.0, 0.33333333333333337, 0.0
0.24912698412698414, 0.25, 0.0, 0.5, 0.0
0.23412698412698413, 0.25396825396825395, 0.0, 0.5, 0.0
0.1285714285714286, 0.0, 0.0, 0.6666666666666667, 0.0
0.015384615384615382, 0.0, 0.0, 0.19999999999999996, 0.0
0.1402116402116402, 0.1111111111111111, 0.0, 0.33333333333333337, 0.0
0.18392857142857144, 0.14285714285714285, 0.0, 0.5, 0.0
0.12936507936507935, 0.1111111111111111, 0.0, 0.2857142857142857, 0.0
0.08492063492063491, 0.0, 0.0, 0.4, 0.0
0.024691358024691357, 0.0, 0.0, 0.2222222222222222, 0.0
0.031746031746031744, 0.0, 0.0, 0.2222222222222222, 0.0
0.0984848484848485, 0.0, 0.0, 0.5, 0.0
0.22310405643738976, 0.25, 0.0, 0.6666666666666667, 0.0
0.14305555555555557, 0.0, 0.0, 0.6666666666666667, 0.0
0.04166666666666667, 0.0, 0.0, 0.33333333333333337, 0.0
0.11458333333333334, 0.0, 0.0, 0.33333333333333337, 0.0
0.24988662131519274, 0.2857142857142857, 0.0, 0.4, 0.0
0.03571428571428571, 0.0, 0.0, 0.2857142857142857, 0.0
0.0, 0.0, 0.0, 0.0, 0.0
0.13055555555555556, 0.0, 0.0, 0.6666666666666667, 0.0
0.12291666666666667, 0.0, 0.0, 0.4, 0.0
0.12112332112332114, 0.0, 0.0, 0.6666666666666667, 0.0
0.059027777777777776, 0.0, 0.0, 0.25, 0.0
0.18421516754850087, 0.2222222222222222, 0.0, 0.5, 0.0
0.20370370370370372, 0.0, 0.0, 0.6666666666666667, 0.0
0.06, 0.0, 0.0, 0.4, 0.0
0.12518037518037517, 0.0, 0.0, 0.33333333333333337, 0.0
0.1569047619047619, 0.09999999999999998, 0.0, 0.5, 0.0
0.0487012987012987, 0.0, 0.0, 0.2857142857142857, 0.0
0.1347985347985348, 0.0, 0.0, 0.4, 0.0
0.13095238095238096, 0.0, 0.0, 0.33333333333333337, 0.0
0.0, 0.0, 0.0, 0.0, 0.0
0.027777777777777776, 0.0, 0.0, 0.25, 0.0
0.0, 0.0, 0.0, 0.0, 0.0
0.02857142857142857, 0.0, 0.0, 0.2857142857142857, 0.0
0.14444444444444446, 0.0, 0.0, 0.6666666666666667, 0.0
0.047619047619047616, 0.0, 0.0, 0.2857142857142857, 0.0
0.044642857142857144, 0.0, 0.0, 0.2857142857142857, 0.0
0.12839506172839504, 0.0, 0.0, 0.4, 0.0
0.12152777777777778, 0.0, 0.0, 0.5, 0.0
0.1126984126984127, 0.0, 0.0, 0.33333333333333337, 0.0
0.027777777777777776, 0.0, 0.0, 0.25, 0.0
0.0, 0.0, 0.0, 0.0, 0.0
0.13522588522588522, 0.0, 0.0, 0.5, 0.0
0.19603174603174606, 0.25396825396825395, 0.0, 0.5, 0.0
0.07407407407407408, 0.0, 0.0, 0.33333333333333337, 0.0
0.07936507936507937, 0.0, 0.0, 0.33333333333333337, 0.0
0.09722222222222222, 0.0, 0.0, 0.5, 0.0
0.17857142857142858, 0.25, 0.0, 0.2857142857142857, 0.0
0.04292929292929293, 0.0, 0.0, 0.25, 0.0
0.24079365079365084, 0.25, 0.0, 0.6666666666666667, 0.0
0.038461538461538464, 0.0, 0.0, 0.25, 0.0
0.11499999999999999, 0.0, 0.0, 0.4, 0.0
0.1622222222222222, 0.1111111111111111, 0.0, 0.4, 0.0
0.021978021978021976, 0.0, 0.0, 0.2857142857142857, 0.0
0.08194444444444444, 0.0, 0.0, 0.4, 0.0
0.03571428571428571, 0.0, 0.0, 0.25, 0.0
0.0, 0.0, 0.0, 0.0, 0.0
0.1683982683982684, 0.0, 0.0, 0.6666666666666667, 0.0
0.11547619047619047, 0.0, 0.0, 0.33333333333333337, 0.0
0.1519047619047619, 0.0, 0.0, 0.5, 0.0
0.15555555555555559, 0.0, 0.0, 0.6666666666666667, 0.0
0.15833333333333333, 0.09999999999999998, 0.0, 0.5, 0.0
0.20952380952380953, 0.33333333333333337, 0.0, 0.4, 0.0
0.08333333333333334, 0.0, 0.0, 0.33333333333333337, 0.0
0.06696428571428571, 0.0, 0.0, 0.2857142857142857, 0.0
0.15293040293040294, 0.0, 0.0, 0.6666666666666667, 0.0
0.13174603174603175, 0.0, 0.0, 0.5, 0.0
0.08928571428571429, 0.0, 0.0, 0.2857142857142857, 0.0
0.16857142857142857, 0.0, 0.0, 0.5, 0.0
0.21222222222222226, 0.1111111111111111, 0.0, 0.6666666666666667, 0.0
0.02857142857142857, 0.0, 0.0, 0.2857142857142857, 0.0
0.0992063492063492, 0.0, 0.0, 0.25, 0.0
0.03571428571428571, 0.0, 0.0, 0.2857142857142857, 0.0
0.15520282186948853, 0.2222222222222222, 0.0, 0.33333333333333337, 0.0
0.07738095238095238, 0.0, 0.0, 0.33333333333333337, 0.0
0.10493827160493827, 0.0, 0.0, 0.25, 0.0
0.23477633477633475, 0.25, 0.0, 0.6666666666666667, 0.0
0.09444444444444444, 0.0, 0.0, 0.5, 0.0
0.027777777777777776, 0.0, 0.0, 0.25, 0.0
0.14682539682539683, 0.1111111111111111, 0.0, 0.33333333333333337, 0.0
0.0487012987012987, 0.0, 0.0, 0.2857142857142857, 0.0
0.08412698412698413, 0.0, 0.0, 0.33333333333333337, 0.0
0.1349206349206349, 0.1111111111111111, 0.0, 0.2857142857142857, 0.0
0.1335978835978836, 0.0, 0.0, 0.33333333333333337, 0.0
0.08333333333333333, 0.0, 0.0, 0.25, 0.0
0.10863095238095238, 0.0, 0.0, 0.33333333333333337, 0.0
0.050793650793650794, 0.0, 0.0, 0.2857142857142857, 0.0
0.059027777777777776, 0.0, 0.0, 0.25, 0.0
0.05, 0.0, 0.0, 0.4, 0.0
0.14814814814814817, 0.0, 0.0, 0.5, 0.0
0.04722222222222222, 0.0, 0.0, 0.25, 0.0
0.09714285714285714, 0.0, 0.0, 0.4, 0.0
0.06547619047619048, 0.0, 0.0, 0.2857142857142857, 0.0
0.18333333333333335, 0.0, 0.0, 0.6666666666666667, 0.0
0.08571428571428572, 0.0, 0.0, 0.4, 0.0
0.115995115995116, 0.0, 0.0, 0.6666666666666667, 0.0
0.12469135802469136, 0.0, 0.0, 0.5, 0.0
0.10850340136054422, 0.0, 0.0, 0.4, 0.0
0.050505050505050504, 0.0, 0.0, 0.33333333333333337, 0.0
0.09833333333333334, 0.0, 0.0, 0.4, 0.0
0.10277777777777777, 0.0, 0.0, 0.33333333333333337, 0.0
0.047619047619047616, 0.0, 0.0, 0.2857142857142857, 0.0
0.1349206349206349, 0.0, 0.0, 0.5, 0.0
0.07857142857142857, 0.0, 0.0, 0.2857142857142857, 0.0
0.06696428571428571, 0.0, 0.0, 0.2857142857142857, 0.0
0.31333333333333335, 0.4, 0.0, 0.6666666666666667, 0.0
0.08888888888888889, 0.0, 0.0, 0.4, 0.0
0.0992063492063492, 0.0, 0.0, 0.2857142857142857, 0.0
0.1740740740740741, 0.0, 0.0, 0.6666666666666667, 0.0
0.0564373897707231, 0.0, 0.0, 0.2857142857142857, 0.0
0.18606701940035275, 0.0, 0.0, 0.6666666666666667, 0.0
0.042328042328042326, 0.0, 0.0, 0.2857142857142857, 0.0
0.0, 0.0, 0.0, 0.0, 0.0
0.08180708180708181, 0.0, 0.0, 0.33333333333333337, 0.0
0.140652557319224, 0.2222222222222222, 0.0, 0.2857142857142857, 0.0
0.10019841269841269, 0.0, 0.0, 0.2857142857142857, 0.0
0.05555555555555555, 0.0, 0.0, 0.25, 0.0
0.0984848484848485, 0.0, 0.0, 0.5, 0.0
0.08888888888888889, 0.0, 0.0, 0.4, 0.0
0.10897435897435898, 0.0, 0.0, 0.6666666666666667, 0.0
0.11366213151927439, 0.0, 0.0, 0.5, 0.0
0.07291666666666667, 0.0, 0.0, 0.33333333333333337, 0.0
0.0625, 0.0, 0.0, 0.5, 0.0
0.16378066378066378, 0.2222222222222222, 0.0, 0.5, 0.0
0.10476190476190476, 0.0, 0.0, 0.4, 0.0
0.1922398589065256, 0.2222222222222222, 0.0, 0.6666666666666667, 0.0
0.2148148148148148, 0.25, 0.0, 0.5, 0.0
0.14930555555555555, 0.1111111111111111, 0.0, 0.5, 0.0
0.05277777777777777, 0.0, 0.0, 0.2222222222222222, 0.0
0.041666666666666664, 0.0, 0.0, 0.25, 0.0
0.18445767195767196, 0.2222222222222222, 0.0, 0.5, 0.0
0.05357142857142857, 0.0, 0.0, 0.2857142857142857, 0.0
0.16428571428571428, 0.0, 0.0, 0.6666666666666667, 0.0
0.03703703703703704, 0.0, 0.0, 0.33333333333333337, 0.0
0.23402777777777778, 0.2916666666666667, 0.0, 0.4, 0.0
0.11428571428571428, 0.0, 0.0, 0.2857142857142857, 0.0
0.08571428571428572, 0.0, 0.0, 0.4, 0.0
0.13376623376623378, 0.0, 0.0, 0.4, 0.0
0.16172839506172842, 0.2222222222222222, 0.0, 0.4, 0.0
0.13125, 0.0, 0.0, 0.4, 0.0
0.1360544217687075, 0.0, 0.0, 0.6666666666666667, 0.0
0.13690476190476192, 0.0, 0.0, 0.5, 0.0
0.06913580246913581, 0.0, 0.0, 0.4, 0.0
0.1701388888888889, 0.1111111111111111, 0.0, 0.6666666666666667, 0.0
0.017094017094017092, 0.0, 0.0, 0.2222222222222222, 0.0
0.0787037037037037, 0.0, 0.0, 0.25, 0.0
0.06018518518518518, 0.0, 0.0, 0.25, 0.0
0.09691358024691359, 0.0, 0.0, 0.4, 0.0
0.11706349206349205, 0.0, 0.0, 0.33333333333333337, 0.0
0.1316137566137566, 0.0, 0.0, 0.5, 0.0
0.03571428571428571, 0.0, 0.0, 0.2857142857142857, 0.0
0.07777777777777778, 0.0, 0.0, 0.33333333333333337, 0.0
0.07777777777777778, 0.0, 0.0, 0.33333333333333337, 0.0
0.10793650793650794, 0.0, 0.0, 0.4, 0.0
0.1439909297052154, 0.0, 0.0, 0.5, 0.0
0.13703703703703704, 0.0, 0.0, 0.4, 0.0
0.024691358024691357, 0.0, 0.0, 0.2222222222222222, 0.0
0.04861111111111111, 0.0, 0.0, 0.33333333333333337, 0.0
0.12857142857142856, 0.0, 0.0, 0.5, 0.0
0.06696428571428571, 0.0, 0.0, 0.2857142857142857, 0.0
0.15046296296296297, 0.1111111111111111, 0.0, 0.5, 0.0
0.04166666666666667, 0.0, 0.0, 0.33333333333333337, 0.0
0.15555555555555556, 0.1111111111111111, 0.0, 0.5, 0.0
0.06878306878306878, 0.0, 0.0, 0.33333333333333337, 0.0
0.26765873015873015, 0.26785714285714285, 0.0, 0.4, 0.0
0.03571428571428571, 0.0, 0.0, 0.25, 0.0
0.03571428571428571, 0.0, 0.0, 0.25, 0.0
0.04761904761904762, 0.0, 0.0, 0.33333333333333337, 0.0
0.0841880341880342, 0.0, 0.0, 0.4, 0.0
0.08333333333333334, 0.0, 0.0, 0.33333333333333337, 0.0
0.19936507936507936, 0.2361111111111111, 0.0, 0.5, 0.0
0.05952380952380952, 0.0, 0.0, 0.2857142857142857, 0.0
0.044642857142857144, 0.0, 0.0, 0.2857142857142857, 0.0
0.1305194805194805, 0.0, 0.0, 0.5, 0.0
0.03571428571428571, 0.0, 0.0, 0.2857142857142857, 0.0
0.1468253968253968, 0.2222222222222222, 0.0, 0.33333333333333337, 0.0
0.08101851851851852, 0.0, 0.0, 0.25, 0.0
0.06190476190476191, 0.0, 0.0, 0.33333333333333337, 0.0
0.15211640211640212, 0.0, 0.0, 0.5, 0.0
0.10902777777777778, 0.0, 0.0, 0.4, 0.0
0.09722222222222222, 0.0, 0.0, 0.5, 0.0
0.16406926406926406, 0.25, 0.0, 0.4, 0.0
0.06696428571428571, 0.0, 0.0, 0.2857142857142857, 0.0
0.1304563492063492, 0.1111111111111111, 0.0, 0.2857142857142857, 0.0
0.12400793650793651, 0.0, 0.0, 0.33333333333333337, 0.0
0.1740740740740741, 0.25, 0.0, 0.4, 0.0
0.05357142857142857, 0.0, 0.0, 0.2857142857142857, 0.0
0.08333333333333334, 0.0, 0.0, 0.6666666666666667, 0.0
0.09415584415584415, 0.0, 0.0, 0.5, 0.0
0.21316137566137563, 0.2361111111111111, 0.0, 0.5, 0.0
0.0, 0.0, 0.0, 0.0, 0.0
0.07291666666666667, 0.0, 0.0, 0.33333333333333337, 0.0
0.1126984126984127, 0.0, 0.0, 0.33333333333333337, 0.0
0.018518518518518517, 0.0, 0.0, 0.2222222222222222, 0.0
0.10582010582010583, 0.0, 0.0, 0.6666666666666667, 0.0
0.07142857142857142, 0.0, 0.0, 0.2857142857142857, 0.0
0.10317460317460317, 0.0, 0.0, 0.25, 0.0
0.13556998556998556, 0.0, 0.0, 0.4, 0.0
0.18024691358024691, 0.0, 0.0, 0.5, 0.0
0.03632478632478632, 0.0, 0.0, 0.25, 0.0
0.06666666666666667, 0.0, 0.0, 0.4, 0.0
0.11696428571428572, 0.0, 0.0, 0.4, 0.0
0.04081632653061224, 0.0, 0.0, 0.2857142857142857, 0.0
0.18095238095238098, 0.14285714285714285, 0.0, 0.4, 0.0
0.031746031746031744, 0.0, 0.0, 0.2857142857142857, 0.0
0.02222222222222222, 0.0, 0.0, 0.2222222222222222, 0.0
0.12152777777777778, 0.0, 0.0, 0.5, 0.0
0.04444444444444444, 0.0, 0.0, 0.2222222222222222, 0.0
0.14153439153439154, 0.1111111111111111, 0.0, 0.33333333333333337, 0.0
0.031746031746031744, 0.0, 0.0, 0.2222222222222222, 0.0
0.15643738977072308, 0.0, 0.0, 0.5, 0.0
0.11940836940836941, 0.0, 0.0, 0.33333333333333337, 0.0
0.07962962962962962, 0.0, 0.0, 0.33333333333333337, 0.0
0.12193362193362195, 0.0, 0.0, 0.33333333333333337, 0.0
0.16696428571428573, 0.125, 0.0, 0.4, 0.0
0.06696428571428571, 0.0, 0.0, 0.2857142857142857, 0.0
0.08571428571428572, 0.0, 0.0, 0.4, 0.0
0.10863095238095238, 0.0, 0.0, 0.33333333333333337, 0.0
0.06857142857142857, 0.0, 0.0, 0.4, 0.0
0.10069444444444445, 0.0, 0.0, 0.33333333333333337, 0.0
0.21428571428571427, 0.14285714285714285, 0.0, 0.5, 0.0
0.08888888888888889, 0.0, 0.0, 0.4, 0.0
0.05357142857142857, 0.0, 0.0, 0.2857142857142857, 0.0
0.08333333333333334, 0.0, 0.0, 0.6666666666666667, 0.0
0.020833333333333332, 0.0, 0.0, 0.25, 0.0
0.08076923076923077, 0.0, 0.0, 0.4, 0.0
0.12738095238095237, 0.0, 0.0, 0.4, 0.0
0.17857142857142858, 0.0, 0.0, 0.6666666666666667, 0.0
0.09474206349206349, 0.0, 0.0, 0.2857142857142857, 0.0
0.1007936507936508, 0.0, 0.0, 0.2857142857142857, 0.0
0.07579365079365079, 0.0, 0.0, 0.2857142857142857, 0.0
0.13636363636363635, 0.0, 0.0, 0.5, 0.0
0.12193362193362195, 0.0, 0.0, 0.33333333333333337, 0.0
0.11458333333333334, 0.0, 0.0, 0.6666666666666667, 0.0
0.04938271604938271, 0.0, 0.0, 0.2222222222222222, 0.0
0.13174603174603175, 0.0, 0.0, 0.5, 0.0
0.037037037037037035, 0.0, 0.0, 0.2222222222222222, 0.0
0.10899470899470899, 0.0, 0.0, 0.4, 0.0
0.21199294532627866, 0.2222222222222222, 0.0, 0.6666666666666667, 0.0
0.0, 0.0, 0.0, 0.0, 0.0
0.04, 0.0, 0.0, 0.4, 0.0
0.05952380952380952, 0.0, 0.0, 0.2857142857142857, 0.0
0.0625, 0.0, 0.0, 0.25, 0.0
0.1479076479076479, 0.0, 0.0, 0.5, 0.0
0.09656084656084657, 0.0, 0.0, 0.33333333333333337, 0.0
0.12515262515262515, 0.0, 0.0, 0.33333333333333337, 0.0
0.08024691358024691, 0.0, 0.0, 0.25, 0.0
0.12838827838827838, 0.0, 0.0, 0.4, 0.0
0.10500000000000001, 0.0, 0.0, 0.4, 0.0
0.08024691358024691, 0.0, 0.0, 0.5, 0.0
0.11728395061728396, 0.0, 0.0, 0.5, 0.0
0.0, 0.0, 0.0, 0.0, 0.0
0.06944444444444445, 0.0, 0.0, 0.33333333333333337, 0.0
0.027777777777777776, 0.0, 0.0, 0.25, 0.0
0.15211640211640212, 0.0, 0.0, 0.5, 0.0
0.18816137566137567, 0.21111111111111108, 0.0, 0.5, 0.0
0.12251984126984126, 0.1111111111111111, 0.0, 0.2857142857142857, 0.0
