0.5604700854700855, 0.625, 0.2222222222222222, 0.75, 0.0
0.5585470085470086, 0.6, 0.30000000000000004, 0.75, 0.0
0.5376262626262627, 0.5555555555555556, 0.30000000000000004, 0.75, 0.0
0.5505555555555557, 0.45, 0.33333333333333337, 0.8888888888888888, 0.0
0.5448412698412699, 0.5, 0.30000000000000004, 0.75, 0.0
0.45416666666666666, 0.4722222222222222, 0.2222222222222222, 0.625, 0.0
0.6548611111111111, 0.6833333333333333, 0.4, 0.75, 0.0
0.5822222222222222, 0.6125, 0.2222222222222222, 0.75, 0.0
0.538888888888889, 0.5555555555555556, 0.30000000000000004, 0.75, 0.0
0.5444444444444445, 0.5625, 0.33333333333333337, 0.75, 0.0
0.5102777777777778, 0.5, 0.2222222222222222, 0.8888888888888888, 0.0
0.5210648148148148, 0.5, 0.33333333333333337, 0.7777777777777778, 0.0
0.7023809523809524, 0.75, 0.5555555555555556, 0.7777777777777778, 0.0
0.6428571428571429, 0.625, 0.5, 0.75, 0.0
0.5227272727272727, 0.5, 0.33333333333333337, 0.7777777777777778, 0.0
0.5391414141414141, 0.6, 0.19999999999999996, 0.7777777777777778, 0.0
0.5980769230769231, 0.625, 0.4, 0.7777777777777778, 0.0
0.4664351851851852, 0.4722222222222222, 0.2222222222222222, 0.75, 0.0
0.5116666666666666, 0.5, 0.2222222222222222, 0.8, 0.0
0.571875, 0.5902777777777778, 0.4444444444444444, 0.7, 0.0
0.46722222222222226, 0.4722222222222222, 0.2222222222222222, 0.75, 0.0
0.6121212121212122, 0.5555555555555556, 0.4, 0.7777777777777778, 0.0
0.47037037037037027, 0.5, 0.2222222222222222, 0.6, 0.0
0.572979797979798, 0.5555555555555556, 0.4, 0.7777777777777778, 0.0
0.5148148148148147, 0.5, 0.30000000000000004, 0.8888888888888888, 0.0
0.4645061728395061, 0.5, 0.11111111111111116, 0.6666666666666667, 0.0
0.5159090909090909, 0.5555555555555556, 0.2222222222222222, 0.75, 0.0
0.5527777777777778, 0.5777777777777777, 0.2222222222222222, 0.75, 0.0
0.504320987654321, 0.5555555555555556, 0.2222222222222222, 0.7777777777777778, 0.0
0.5401515151515152, 0.5, 0.30000000000000004, 0.7777777777777778, 0.0
0.6741666666666667, 0.6666666666666667, 0.5, 0.75, 0.0
0.5127777777777778, 0.4722222222222222, 0.25, 0.8, 0.0
0.5617283950617283, 0.5555555555555556, 0.11111111111111116, 0.75, 0.0
0.5340909090909091, 0.5555555555555556, 0.2222222222222222, 0.75, 0.0
0.578395061728395, 0.625, 0.375, 0.75, 0.0
0.5956790123456791, 0.5, 0.33333333333333337, 0.7777777777777778, 0.0
0.5313131313131313, 0.5, 0.4, 0.75, 0.0
0.39583333333333337, 0.4222222222222222, 0.2222222222222222, 0.5, 0.0
0.5827160493827162, 0.6666666666666667, 0.30000000000000004, 0.75, 0.0
0.65625, 0.7083333333333334, 0.4444444444444444, 0.7777777777777778, 0.0
0.5141203703703704, 0.5, 0.11111111111111116, 0.8888888888888888, 0.0
0.6211805555555556, 0.6666666666666667, 0.4, 0.75, 0.0
0.5061728395061729, 0.5, 0.2222222222222222, 0.7777777777777778, 0.0
0.616388888888889, 0.6458333333333334, 0.33333333333333337, 0.8888888888888888, 0.0
0.4738888888888889, 0.4444444444444444, 0.30000000000000004, 0.75, 0.0
0.6085858585858586, 0.625, 0.4, 0.75, 0.0
0.49658119658119665, 0.4444444444444444, 0.375, 0.7, 0.0
0.605, 0.625, 0.375, 0.8, 0.0
0.5458333333333334, 0.6, 0.2222222222222222, 0.75, 0.0
0.5204545454545454, 0.5, 0.33333333333333337, 0.7777777777777778, 0.0
0.4808641975308642, 0.5, 0.2222222222222222, 0.75, 0.0
0.6472222222222221, 0.6527777777777778, 0.5, 0.8888888888888888, 0.0
0.5416666666666666, 0.5555555555555556, 0.4444444444444444, 0.6666666666666667, 0.0
0.5065972222222223, 0.4444444444444444, 0.33333333333333337, 0.75, 0.0
0.537037037037037, 0.4444444444444444, 0.4, 0.75, 0.0
0.5467592592592593, 0.5902777777777778, 0.30000000000000004, 0.75, 0.0
0.5564814814814816, 0.625, 0.2222222222222222, 0.7777777777777778, 0.0
0.5464646464646464, 0.5, 0.33333333333333337, 0.7777777777777778, 0.0
0.6090909090909091, 0.6666666666666667, 0.30000000000000004, 0.7777777777777778, 0.0
0.5364197530864198, 0.5555555555555556, 0.2222222222222222, 0.75, 0.0
0.576388888888889, 0.5277777777777778, 0.4444444444444444, 0.75, 0.0
0.5236111111111111, 0.4444444444444444, 0.375, 0.75, 0.0
0.5179292929292929, 0.5555555555555556, 0.30000000000000004, 0.7777777777777778, 0.0
0.5736111111111112, 0.5555555555555556, 0.33333333333333337, 0.75, 0.0
0.5402777777777779, 0.5, 0.33333333333333337, 0.8888888888888888, 0.0
0.576851851851852, 0.625, 0.30000000000000004, 0.75, 0.0
0.5689393939393939, 0.5555555555555556, 0.2222222222222222, 0.75, 0.0
0.49805555555555553, 0.4444444444444444, 0.2222222222222222, 0.7777777777777778, 0.0
0.5906565656565657, 0.625, 0.33333333333333337, 0.8888888888888888, 0.0
0.5844907407407408, 0.5625, 0.375, 0.75, 0.0
0.5341666666666667, 0.5, 0.30000000000000004, 0.7777777777777778, 0.0
0.44027777777777777, 0.4722222222222222, 0.30000000000000004, 0.5555555555555556, 0.0
0.5839506172839506, 0.625, 0.2222222222222222, 0.8, 0.0
0.5482638888888889, 0.5555555555555556, 0.4, 0.75, 0.0
0.5909090909090909, 0.625, 0.33333333333333337, 0.7777777777777778, 0.0
0.47348484848484845, 0.4444444444444444, 0.30000000000000004, 0.75, 0.0
0.5983333333333334, 0.5555555555555556, 0.30000000000000004, 0.8888888888888888, 0.0
0.4645061728395061, 0.5, 0.30000000000000004, 0.625, 0.0
0.6197222222222222, 0.6125, 0.4444444444444444, 0.7777777777777778, 0.0
0.49375, 0.5277777777777778, 0.30000000000000004, 0.625, 0.0
0.5442307692307693, 0.5, 0.30000000000000004, 0.7777777777777778, 0.0
0.5503086419753087, 0.5555555555555556, 0.30000000000000004, 0.75, 0.0
0.5555555555555556, 0.5555555555555556, 0.2222222222222222, 0.7777777777777778, 0.0
0.5397222222222222, 0.5777777777777777, 0.2222222222222222, 0.75, 0.0
0.5762345679012346, 0.625, 0.30000000000000004, 0.8888888888888888, 0.0
0.5872222222222223, 0.625, 0.33333333333333337, 0.75, 0.0
0.5002525252525252, 0.5, 0.2222222222222222, 0.7777777777777778, 0.0
0.5, 0.5, 0.25, 0.75, 0.0
0.5659722222222223, 0.5902777777777778, 0.2222222222222222, 0.75, 0.0
0.5161616161616162, 0.5, 0.4, 0.6666666666666667, 0.0
0.4625, 0.4222222222222222, 0.30000000000000004, 0.75, 0.0
0.5011111111111111, 0.4722222222222222, 0.30000000000000004, 0.7777777777777778, 0.0
0.5924242424242424, 0.6, 0.4444444444444444, 0.7777777777777778, 0.0
0.5231481481481481, 0.5555555555555556, 0.2222222222222222, 0.625, 0.0
0.5972222222222222, 0.625, 0.4, 0.7777777777777778, 0.0
0.5744444444444444, 0.625, 0.2222222222222222, 0.75, 0.0
0.670138888888889, 0.7083333333333334, 0.4444444444444444, 0.7777777777777778, 0.0
0.5164141414141414, 0.5, 0.2222222222222222, 0.6666666666666667, 0.0
0.5066666666666666, 0.5, 0.11111111111111116, 0.7777777777777778, 0.0
0.5307539682539681, 0.5555555555555556, 0.33333333333333337, 0.7777777777777778, 0.0
0.5333333333333333, 0.6666666666666667, 0.2222222222222222, 0.7777777777777778, 0.0
0.5987654320987654, 0.625, 0.4444444444444444, 0.7777777777777778, 0.0
0.7138888888888888, 0.7777777777777778, 0.5, 0.8888888888888888, 0.0
0.5430555555555556, 0.5625, 0.33333333333333337, 0.7777777777777778, 0.0
0.5969135802469137, 0.625, 0.4, 0.7777777777777778, 0.0
0.5902777777777778, 0.6, 0.30000000000000004, 0.7777777777777778, 0.0
0.5578703703703703, 0.5277777777777778, 0.5, 0.6666666666666667, 0.0
0.520940170940171, 0.5555555555555556, 0.2222222222222222, 0.75, 0.0
0.6064814814814815, 0.5902777777777778, 0.4444444444444444, 0.7777777777777778, 0.0
0.5237179487179486, 0.5555555555555556, 0.2222222222222222, 0.6666666666666667, 0.0
0.5989583333333334, 0.6125, 0.4, 0.7777777777777778, 0.0
0.5308641975308642, 0.5, 0.33333333333333337, 0.7777777777777778, 0.0
0.5067901234567902, 0.5, 0.2222222222222222, 0.8888888888888888, 0.0
0.6172839506172839, 0.625, 0.33333333333333337, 0.7777777777777778, 0.0
0.5744444444444444, 0.625, 0.4, 0.7777777777777778, 0.0
0.6180555555555556, 0.625, 0.4444444444444444, 0.8888888888888888, 0.0
0.6459876543209877, 0.6666666666666667, 0.30000000000000004, 0.7777777777777778, 0.0
0.5507575757575758, 0.5555555555555556, 0.33333333333333337, 0.75, 0.0
0.6012345679012346, 0.6666666666666667, 0.2222222222222222, 0.7777777777777778, 0.0
0.6097222222222222, 0.6277777777777778, 0.4, 0.7777777777777778, 0.0
0.5052083333333334, 0.5, 0.2222222222222222, 0.75, 0.0
0.4929012345679012, 0.5, 0.30000000000000004, 0.6666666666666667, 0.0
0.5108585858585859, 0.5, 0.30000000000000004, 0.75, 0.0
0.4175925925925925, 0.4444444444444444, 0.2222222222222222, 0.625, 0.0
0.5722222222222223, 0.6111111111111112, 0.2222222222222222, 0.7777777777777778, 0.0
0.5020202020202021, 0.5, 0.33333333333333337, 0.7, 0.0
0.5536324786324787, 0.5, 0.2222222222222222, 0.75, 0.0
0.5486111111111112, 0.5277777777777778, 0.30000000000000004, 0.75, 0.0
0.5371527777777778, 0.5, 0.375, 0.7777777777777778, 0.0
0.49444444444444446, 0.5, 0.33333333333333337, 0.7777777777777778, 0.0
0.5394444444444444, 0.5277777777777778, 0.30000000000000004, 0.8888888888888888, 0.0
0.530952380952381, 0.625, 0.2222222222222222, 0.75, 0.0
0.4555555555555555, 0.5, 0.2222222222222222, 0.625, 0.0
0.546875, 0.5555555555555556, 0.2222222222222222, 0.75, 0.0
0.6419753086419753, 0.625, 0.4444444444444444, 0.7777777777777778, 0.0
0.5954861111111112, 0.5902777777777778, 0.375, 0.7777777777777778, 0.0
0.576388888888889, 0.5902777777777778, 0.4444444444444444, 0.75, 0.0
0.5092592592592592, 0.5555555555555556, 0.2222222222222222, 0.625, 0.0
0.5292735042735044, 0.5555555555555556, 0.2222222222222222, 0.75, 0.0
0.43939393939393945, 0.4444444444444444, 0.2222222222222222, 0.6666666666666667, 0.0
0.5631313131313133, 0.5, 0.4444444444444444, 0.75, 0.0
0.5333333333333333, 0.5555555555555556, 0.33333333333333337, 0.75, 0.0
0.5666666666666667, 0.5902777777777778, 0.2222222222222222, 0.75, 0.0
0.4822916666666667, 0.45, 0.11111111111111116, 0.75, 0.0
0.5151515151515151, 0.5, 0.2222222222222222, 0.75, 0.0
0.5823232323232324, 0.625, 0.30000000000000004, 0.7777777777777778, 0.0
0.575, 0.5902777777777778, 0.25, 0.7777777777777778, 0.0
0.6108024691358025, 0.625, 0.375, 0.75, 0.0
0.5674242424242425, 0.625, 0.30000000000000004, 0.75, 0.0
0.5282828282828281, 0.5555555555555556, 0.30000000000000004, 0.75, 0.0
0.6023809523809524, 0.6666666666666667, 0.4, 0.7777777777777778, 0.0
0.5616666666666668, 0.5555555555555556, 0.30000000000000004, 0.8888888888888888, 0.0
0.6085858585858586, 0.625, 0.25, 0.75, 0.0
0.6613247863247864, 0.6666666666666667, 0.4, 0.8888888888888888, 0.0
0.44895833333333335, 0.4444444444444444, 0.33333333333333337, 0.625, 0.0
0.549537037037037, 0.5555555555555556, 0.4, 0.6666666666666667, 0.0
0.6197916666666667, 0.6875, 0.33333333333333337, 0.75, 0.0
0.5525, 0.6, 0.33333333333333337, 0.7, 0.0
0.5517361111111111, 0.5277777777777778, 0.4, 0.7777777777777778, 0.0
0.5517361111111111, 0.5347222222222222, 0.33333333333333337, 0.75, 0.0
0.5261904761904762, 0.625, 0.30000000000000004, 0.6666666666666667, 0.0
0.5141414141414141, 0.5, 0.2222222222222222, 0.75, 0.0
0.5810185185185186, 0.6111111111111112, 0.33333333333333337, 0.7777777777777778, 0.0
0.5305555555555556, 0.4444444444444444, 0.30000000000000004, 0.7777777777777778, 0.0
0.5429487179487179, 0.5555555555555556, 0.4, 0.8, 0.0
0.5659090909090909, 0.5555555555555556, 0.11111111111111116, 0.8888888888888888, 0.0
0.6094444444444445, 0.6458333333333334, 0.375, 0.7777777777777778, 0.0
0.5954861111111112, 0.5902777777777778, 0.33333333333333337, 0.8888888888888888, 0.0
0.5518518518518518, 0.55, 0.2222222222222222, 0.8888888888888888, 0.0
0.5820707070707071, 0.5555555555555556, 0.4444444444444444, 0.7777777777777778, 0.0
0.5939814814814816, 0.625, 0.2222222222222222, 0.8888888888888888, 0.0
0.527020202020202, 0.5, 0.30000000000000004, 0.75, 0.0
0.5847222222222224, 0.625, 0.33333333333333337, 0.75, 0.0
0.5614197530864197, 0.5, 0.33333333333333337, 0.8888888888888888, 0.0
0.6053240740740741, 0.6125, 0.4, 0.7777777777777778, 0.0
0.5537878787878788, 0.5555555555555556, 0.30000000000000004, 0.75, 0.0
0.4922839506172839, 0.5, 0.2222222222222222, 0.7777777777777778, 0.0
0.5272727272727273, 0.5, 0.33333333333333337, 0.75, 0.0
0.5934343434343435, 0.625, 0.2222222222222222, 0.8888888888888888, 0.0
0.53125, 0.625, 0.2222222222222222, 0.75, 0.0
0.6006944444444444, 0.5902777777777778, 0.4444444444444444, 0.75, 0.0
0.5190972222222222, 0.5, 0.25, 0.75, 0.0
0.5625, 0.5277777777777778, 0.4444444444444444, 0.75, 0.0
0.599074074074074, 0.5902777777777778, 0.4, 0.8888888888888888, 0.0
0.5247685185185185, 0.5277777777777778, 0.4, 0.75, 0.0
0.575, 0.5, 0.4444444444444444, 0.75, 0.0
0.49074074074074076, 0.5555555555555556, 0.25, 0.625, 0.0
0.5537037037037037, 0.5555555555555556, 0.30000000000000004, 0.7777777777777778, 0.0
0.5883838383838383, 0.5555555555555556, 0.4444444444444444, 0.75, 0.0
0.503030303030303, 0.4444444444444444, 0.30000000000000004, 0.75, 0.0
0.5596153846153846, 0.5555555555555556, 0.4, 0.75, 0.0
0.5253472222222223, 0.5277777777777778, 0.30000000000000004, 0.7777777777777778, 0.0
0.4991666666666667, 0.5, 0.2222222222222222, 0.75, 0.0
0.5211111111111111, 0.5277777777777778, 0.30000000000000004, 0.75, 0.0
0.5152777777777778, 0.5, 0.4, 0.6666666666666667, 0.0
0.6089506172839507, 0.625, 0.4, 0.75, 0.0
0.5061728395061729, 0.5, 0.2222222222222222, 0.75, 0.0
0.5503968253968254, 0.625, 0.2222222222222222, 0.75, 0.0
0.5050925925925925, 0.5277777777777778, 0.2222222222222222, 0.75, 0.0
0.4661616161616161, 0.4444444444444444, 0.30000000000000004, 0.75, 0.0
0.6398148148148148, 0.625, 0.4, 0.8, 0.0
0.5608024691358025, 0.5555555555555556, 0.30000000000000004, 0.75, 0.0
0.5302777777777778, 0.5777777777777777, 0.2222222222222222, 0.75, 0.0
0.5543650793650794, 0.5277777777777778, 0.4, 0.75, 0.0
0.5678571428571428, 0.6, 0.30000000000000004, 0.75, 0.0
0.5246913580246914, 0.4444444444444444, 0.2222222222222222, 0.75, 0.0
0.5419191919191919, 0.5555555555555556, 0.30000000000000004, 0.75, 0.0
0.5083333333333333, 0.4722222222222222, 0.2222222222222222, 0.75, 0.0
0.5921717171717171, 0.6666666666666667, 0.2222222222222222, 0.8, 0.0
0.6080555555555556, 0.6458333333333334, 0.30000000000000004, 0.7777777777777778, 0.0
0.5416666666666666, 0.5, 0.2222222222222222, 0.75, 0.0
0.6466049382716049, 0.6666666666666667, 0.4444444444444444, 0.7777777777777778, 0.0
0.5677777777777778, 0.625, 0.11111111111111116, 0.75, 0.0
0.498989898989899, 0.4444444444444444, 0.2222222222222222, 0.75, 0.0
0.5297979797979798, 0.5555555555555556, 0.2222222222222222, 0.75, 0.0
0.5780864197530865, 0.625, 0.30000000000000004, 0.75, 0.0
0.6263888888888889, 0.7083333333333334, 0.4, 0.75, 0.0
0.5496031746031746, 0.5555555555555556, 0.33333333333333337, 0.8888888888888888, 0.0
0.48981481481481476, 0.5, 0.25, 0.75, 0.0
0.5401234567901234, 0.5555555555555556, 0.2222222222222222, 0.75, 0.0
0.4972222222222222, 0.5555555555555556, 0.2222222222222222, 0.75, 0.0
0.5786111111111112, 0.5555555555555556, 0.33333333333333337, 0.8888888888888888, 0.0
0.5363636363636364, 0.5, 0.2222222222222222, 0.75, 0.0
0.5652777777777779, 0.5, 0.4444444444444444, 0.75, 0.0
0.5549999999999999, 0.5347222222222222, 0.33333333333333337, 0.7777777777777778, 0.0
0.4808641975308642, 0.5, 0.2222222222222222, 0.8888888888888888, 0.0
0.506712962962963, 0.5, 0.2222222222222222, 0.7777777777777778, 0.0
0.6189814814814815, 0.625, 0.4, 0.7777777777777778, 0.0
0.5396464646464646, 0.5, 0.30000000000000004, 0.7777777777777778, 0.0
0.5627777777777778, 0.5777777777777777, 0.33333333333333337, 0.75, 0.0
0.5352777777777777, 0.5, 0.375, 0.7777777777777778, 0.0
0.5447530864197531, 0.5555555555555556, 0.19999999999999996, 0.75, 0.0
0.5625, 0.5777777777777777, 0.4, 0.7777777777777778, 0.0
0.5792929292929293, 0.625, 0.33333333333333337, 0.7777777777777778, 0.0
0.6378787878787878, 0.7, 0.4, 0.7777777777777778, 0.0
0.4327777777777778, 0.4444444444444444, 0.25, 0.6666666666666667, 0.0
0.5327777777777778, 0.5277777777777778, 0.2222222222222222, 0.75, 0.0
0.4895061728395062, 0.4444444444444444, 0.30000000000000004, 0.7777777777777778, 0.0
0.6375, 0.6458333333333334, 0.4, 0.8888888888888888, 0.0
0.5437500000000001, 0.5555555555555556, 0.2222222222222222, 0.8888888888888888, 0.0
0.5367283950617284, 0.625, 0.33333333333333337, 0.7777777777777778, 0.0
0.6027777777777779, 0.625, 0.30000000000000004, 0.8888888888888888, 0.0
0.4777777777777778, 0.4, 0.19999999999999996, 0.75, 0.0
0.5727777777777778, 0.6527777777777778, 0.2222222222222222, 0.7777777777777778, 0.0
0.4974537037037037, 0.4722222222222222, 0.2222222222222222, 0.7777777777777778, 0.0
0.5863425925925926, 0.5902777777777778, 0.2222222222222222, 0.8, 0.0
0.4966049382716049, 0.4444444444444444, 0.33333333333333337, 0.7777777777777778, 0.0
0.5506172839506173, 0.5, 0.4, 0.75, 0.0
0.4981481481481482, 0.5555555555555556, 0.19999999999999996, 0.7777777777777778, 0.0
0.5636574074074074, 0.5777777777777777, 0.33333333333333337, 0.75, 0.0
0.5606060606060607, 0.5555555555555556, 0.2222222222222222, 0.7777777777777778, 0.0
0.6236111111111111, 0.6458333333333334, 0.4444444444444444, 0.75, 0.0
0.5656565656565656, 0.5555555555555556, 0.4, 0.75, 0.0
0.585042735042735, 0.625, 0.2222222222222222, 0.7777777777777778, 0.0
0.53125, 0.5555555555555556, 0.33333333333333337, 0.6666666666666667, 0.0
0.6388888888888888, 0.625, 0.4444444444444444, 0.75, 0.0
0.5578703703703703, 0.5555555555555556, 0.30000000000000004, 0.75, 0.0
0.441919191919192, 0.4, 0.25, 0.6666666666666667, 0.0
0.5564814814814816, 0.625, 0.30000000000000004, 0.7777777777777778, 0.0
0.5366161616161617, 0.5555555555555556, 0.2222222222222222, 0.75, 0.0
0.5688271604938273, 0.625, 0.2222222222222222, 0.8888888888888888, 0.0
0.5166666666666667, 0.5, 0.4444444444444444, 0.6, 0.0
0.5060606060606061, 0.5, 0.30000000000000004, 0.75, 0.0
0.496875, 0.5125, 0.2222222222222222, 0.7777777777777778, 0.0
0.6083333333333334, 0.625, 0.30000000000000004, 0.7777777777777778, 0.0
0.5297979797979798, 0.5555555555555556, 0.2222222222222222, 0.75, 0.0
0.5583333333333332, 0.5555555555555556, 0.4, 0.75, 0.0
0.5972222222222222, 0.625, 0.2222222222222222, 0.75, 0.0
0.5329861111111112, 0.5555555555555556, 0.33333333333333337, 0.7777777777777778, 0.0
0.5628787878787879, 0.625, 0.2222222222222222, 0.7777777777777778, 0.0
0.5043209876543211, 0.4444444444444444, 0.30000000000000004, 0.7777777777777778, 0.0
0.5267676767676767, 0.5555555555555556, 0.2222222222222222, 0.7777777777777778, 0.0
0.46388888888888896, 0.33333333333333337, 0.2222222222222222, 0.7777777777777778, 0.0
0.549074074074074, 0.5277777777777778, 0.19999999999999996, 0.7777777777777778, 0.0
0.5786111111111112, 0.625, 0.4, 0.75, 0.0
0.5146464646464647, 0.5, 0.33333333333333337, 0.6666666666666667, 0.0
0.5388888888888889, 0.5555555555555556, 0.375, 0.75, 0.0
0.5490740740740742, 0.5, 0.4, 0.75, 0.0
0.6336805555555556, 0.6666666666666667, 0.33333333333333337, 0.7777777777777778, 0.0
0.4341666666666667, 0.4222222222222222, 0.2222222222222222, 0.75, 0.0
0.6003086419753088, 0.5555555555555556, 0.4444444444444444, 0.8888888888888888, 0.0
0.5348765432098765, 0.5555555555555556, 0.30000000000000004, 0.6666666666666667, 0.0
0.5368055555555555, 0.55, 0.2222222222222222, 0.7777777777777778, 0.0
0.5565972222222223, 0.5555555555555556, 0.30000000000000004, 0.75, 0.0
0.5694444444444444, 0.6111111111111112, 0.30000000000000004, 0.7777777777777778, 0.0
0.54, 0.5277777777777778, 0.33333333333333337, 0.7777777777777778, 0.0
0.5646464646464646, 0.6, 0.30000000000000004, 0.75, 0.0
0.5171717171717172, 0.5, 0.33333333333333337, 0.75, 0.0
0.5883838383838383, 0.5555555555555556, 0.375, 0.7777777777777778, 0.0
0.5635416666666666, 0.625, 0.30000000000000004, 0.75, 0.0
0.5842592592592594, 0.6111111111111112, 0.4, 0.7777777777777778, 0.0
0.5769230769230769, 0.5555555555555556, 0.4444444444444444, 0.7777777777777778, 0.0
0.5702020202020202, 0.6, 0.30000000000000004, 0.75, 0.0
0.5770833333333333, 0.5625, 0.375, 0.7777777777777778, 0.0
0.5111111111111111, 0.4722222222222222, 0.4, 0.7777777777777778, 0.0
0.5225694444444444, 0.4722222222222222, 0.33333333333333337, 0.7777777777777778, 0.0
0.5272727272727272, 0.5, 0.2222222222222222, 0.8888888888888888, 0.0
0.5675, 0.5625, 0.30000000000000004, 0.7777777777777778, 0.0
0.5518518518518518, 0.5555555555555556, 0.30000000000000004, 0.7777777777777778, 0.0
0.5197916666666667, 0.5625, 0.2222222222222222, 0.75, 0.0
0.5644444444444444, 0.5277777777777778, 0.30000000000000004, 0.8888888888888888, 0.0
0.5337301587301587, 0.5555555555555556, 0.375, 0.75, 0.0
0.6357142857142858, 0.7, 0.30000000000000004, 0.7777777777777778, 0.0
0.6018518518518519, 0.5777777777777777, 0.4, 0.75, 0.0
0.5430555555555556, 0.5277777777777778, 0.33333333333333337, 0.7777777777777778, 0.0
0.571031746031746, 0.6, 0.30000000000000004, 0.7777777777777778, 0.0
0.5478395061728395, 0.5, 0.33333333333333337, 0.7777777777777778, 0.0
0.4756410256410257, 0.4444444444444444, 0.30000000000000004, 0.75, 0.0
0.5986111111111112, 0.6458333333333334, 0.33333333333333337, 0.75, 0.0
0.5091666666666667, 0.5, 0.25, 0.75, 0.0
0.6016666666666667, 0.6458333333333334, 0.19999999999999996, 0.75, 0.0
0.4861111111111111, 0.5, 0.19999999999999996, 0.7777777777777778, 0.0
0.5652777777777779, 0.5777777777777777, 0.30000000000000004, 0.7777777777777778, 0.0
0.5732323232323232, 0.6, 0.375, 0.75, 0.0
0.5458333333333334, 0.5902777777777778, 0.2222222222222222, 0.625, 0.0
0.6123456790123457, 0.625, 0.4, 0.7777777777777778, 0.0
0.514957264957265, 0.5555555555555556, 0.2222222222222222, 0.7777777777777778, 0.0
0.6067901234567902, 0.6666666666666667, 0.30000000000000004, 0.8, 0.0
0.5272222222222223, 0.5347222222222222, 0.2222222222222222, 0.75, 0.0
0.5736111111111111, 0.5625, 0.19999999999999996, 0.8888888888888888, 0.0
0.5972222222222223, 0.6111111111111112, 0.2222222222222222, 0.8888888888888888, 0.0
0.4605555555555555, 0.4722222222222222, 0.2222222222222222, 0.75, 0.0
0.6027777777777777, 0.625, 0.30000000000000004, 0.7777777777777778, 0.0
0.5861111111111111, 0.625, 0.19999999999999996, 0.7777777777777778, 0.0
0.5931818181818183, 0.5555555555555556, 0.4, 0.7777777777777778, 0.0
0.5355555555555556, 0.5, 0.375, 0.75, 0.0
0.5972222222222222, 0.5555555555555556, 0.4444444444444444, 0.7777777777777778, 0.0
0.5833333333333334, 0.6666666666666667, 0.125, 0.75, 0.0
0.5194444444444445, 0.5, 0.25, 0.75, 0.0
0.6320987654320986, 0.6666666666666667, 0.30000000000000004, 0.8888888888888888, 0.0
0.5022727272727273, 0.5555555555555556, 0.2222222222222222, 0.75, 0.0
0.5599999999999999, 0.5277777777777778, 0.30000000000000004, 0.75, 0.0
0.5537878787878788, 0.5555555555555556, 0.30000000000000004, 0.7777777777777778, 0.0
0.612962962962963, 0.6, 0.5, 0.75, 0.0
0.5675925925925926, 0.625, 0.4, 0.6666666666666667, 0.0
0.5818181818181819, 0.625, 0.33333333333333337, 0.75, 0.0
0.5104938271604937, 0.4444444444444444, 0.2222222222222222, 0.75, 0.0
0.462037037037037, 0.4444444444444444, 0.2222222222222222, 0.6666666666666667, 0.0
0.39745370370370364, 0.4222222222222222, 0.2222222222222222, 0.625, 0.0
0.6341666666666667, 0.6875, 0.4, 0.7777777777777778, 0.0
0.6136111111111111, 0.6125, 0.375, 0.8, 0.0
0.5601851851851851, 0.5, 0.4444444444444444, 0.7777777777777778, 0.0
0.5114197530864198, 0.5, 0.30000000000000004, 0.6666666666666667, 0.0
0.5648148148148149, 0.625, 0.2222222222222222, 0.75, 0.0
0.595, 0.625, 0.19999999999999996, 0.75, 0.0
0.6253472222222222, 0.675, 0.375, 0.7777777777777778, 0.0
0.5396464646464646, 0.5, 0.5, 0.625, 0.0
0.5780864197530864, 0.5555555555555556, 0.4, 0.7777777777777778, 0.0
0.5648148148148148, 0.625, 0.2222222222222222, 0.7777777777777778, 0.0
0.6022727272727273, 0.625, 0.30000000000000004, 0.7777777777777778, 0.0
0.47878787878787876, 0.4444444444444444, 0.30000000000000004, 0.75, 0.0
0.5516666666666666, 0.625, 0.30000000000000004, 0.75, 0.0
0.5131944444444445, 0.5625, 0.2222222222222222, 0.75, 0.0
0.5255050505050506, 0.5555555555555556, 0.2222222222222222, 0.7777777777777778, 0.0
0.63989898989899, 0.75, 0.30000000000000004, 0.8888888888888888, 0.0
0.5065972222222223, 0.5902777777777778, 0.2222222222222222, 0.625, 0.0
0.6448412698412699, 0.75, 0.33333333333333337, 0.75, 0.0
0.6024305555555556, 0.625, 0.4444444444444444, 0.75, 0.0
0.5331196581196581, 0.5555555555555556, 0.25, 0.7777777777777778, 0.0
0.5413194444444445, 0.5277777777777778, 0.375, 0.75, 0.0
0.5684343434343435, 0.5555555555555556, 0.30000000000000004, 0.8888888888888888, 0.0
0.619753086419753, 0.5555555555555556, 0.4, 0.8888888888888888, 0.0
0.6128472222222223, 0.5902777777777778, 0.33333333333333337, 0.8888888888888888, 0.0
0.5626984126984127, 0.6666666666666667, 0.30000000000000004, 0.7777777777777778, 0.0
0.5916666666666668, 0.625, 0.4444444444444444, 0.6666666666666667, 0.0
0.5523809523809524, 0.625, 0.30000000000000004, 0.75, 0.0
0.5, 0.4444444444444444, 0.33333333333333337, 0.7777777777777778, 0.0
0.5621212121212121, 0.6, 0.2222222222222222, 0.75, 0.0
0.55, 0.5555555555555556, 0.30000000000000004, 0.75, 0.0
0.5494444444444444, 0.5902777777777778, 0.2222222222222222, 0.75, 0.0
0.6558080808080807, 0.6666666666666667, 0.33333333333333337, 0.8888888888888888, 0.0
0.5275000000000001, 0.5625, 0.33333333333333337, 0.75, 0.0
0.6272222222222222, 0.6458333333333334, 0.30000000000000004, 0.75, 0.0
0.5645833333333333, 0.5777777777777777, 0.30000000000000004, 0.8888888888888888, 0.0
0.6392857142857142, 0.7, 0.4, 0.7777777777777778, 0.0
0.5351010101010101, 0.5, 0.4, 0.75, 0.0
0.6128787878787879, 0.6666666666666667, 0.30000000000000004, 0.7777777777777778, 0.0
0.5336419753086419, 0.4444444444444444, 0.4, 0.75, 0.0
0.6227272727272727, 0.625, 0.33333333333333337, 0.8888888888888888, 0.0
0.4888888888888888, 0.5, 0.2222222222222222, 0.7777777777777778, 0.0
0.3752314814814815, 0.3166666666666667, 0.2222222222222222, 0.6666666666666667, 0.0
0.6540123456790123, 0.6666666666666667, 0.4, 0.7777777777777778, 0.0
0.5444444444444444, 0.5555555555555556, 0.25, 0.8, 0.0
0.5502136752136753, 0.5555555555555556, 0.2222222222222222, 0.7777777777777778, 0.0
0.5245370370370371, 0.5277777777777778, 0.2222222222222222, 0.75, 0.0
0.6336805555555556, 0.6458333333333334, 0.4444444444444444, 0.7777777777777778, 0.0
0.618939393939394, 0.625, 0.4, 0.8888888888888888, 0.0
0.617283950617284, 0.6666666666666667, 0.2222222222222222, 0.75, 0.0
0.5454545454545454, 0.5555555555555556, 0.30000000000000004, 0.75, 0.0
0.5795138888888889, 0.5277777777777778, 0.4, 0.7777777777777778, 0.0
0.4275462962962963, 0.4222222222222222, 0.2222222222222222, 0.75, 0.0
0.5561965811965812, 0.625, 0.30000000000000004, 0.75, 0.0
0.4111111111111111, 0.3666666666666667, 0.19999999999999996, 0.7777777777777778, 0.0
0.723015873015873, 0.7777777777777778, 0.5555555555555556, 0.8, 0.0
0.541358024691358, 0.6, 0.30000000000000004, 0.7777777777777778, 0.0
0.5628787878787879, 0.5555555555555556, 0.2222222222222222, 0.7777777777777778, 0.0
0.48495370370370366, 0.5, 0.2222222222222222, 0.6666666666666667, 0.0
0.5033333333333333, 0.5, 0.2222222222222222, 0.7, 0.0
0.5941666666666667, 0.5902777777777778, 0.4, 0.7777777777777778, 0.0
0.5416666666666666, 0.5, 0.4444444444444444, 0.75, 0.0
