0.05, 0.0, 0.0, 0.25, 0.0
0.0625, 0.0, 0.0, 0.5, 0.0
0.06696428571428571, 0.0, 0.0, 0.2857142857142857, 0.0
0.20396825396825394, 0.2222222222222222, 0.0, 0.4, 0.0
0.06696428571428571, 0.0, 0.0, 0.2857142857142857, 0.0
0.05714285714285714, 0.0, 0.0, 0.2857142857142857, 0.0
0.09722222222222222, 0.0, 0.0, 0.5, 0.0
0.11153846153846156, 0.0, 0.0, 0.4, 0.0
0.1761904761904762, 0.0, 0.0, 0.5, 0.0
0.1598639455782313, 0.0, 0.0, 0.5, 0.0
0.17152777777777778, 0.1111111111111111, 0.0, 0.5, 0.0
0.07676767676767676, 0.0, 0.0, 0.4, 0.0
0.16428571428571428, 0.125, 0.0, 0.5, 0.0
0.08333333333333333, 0.0, 0.0, 0.25, 0.0
0.16593915343915344, 0.1111111111111111, 0.0, 0.5, 0.0
0.26934523809523814, 0.26785714285714285, 0.0, 0.6666666666666667, 0.0
0.10912698412698414, 0.0, 0.0, 0.33333333333333337, 0.0
0.09047619047619047, 0.0, 0.0, 0.33333333333333337, 0.0
0.12251984126984126, 0.1111111111111111, 0.0, 0.2857142857142857, 0.0
0.22433862433862434, 0.0, 0.0, 0.6666666666666667, 0.0
0.11851851851851854, 0.0, 0.0, 0.4, 0.0
0.08686868686868687, 0.0, 0.0, 0.4, 0.0
0.18708513708513708, 0.2222222222222222, 0.0, 0.5, 0.0
0.13194444444444445, 0.1111111111111111, 0.0, 0.33333333333333337, 0.0
0.05627705627705628, 0.0, 0.0, 0.33333333333333337, 0.0
0.22916666666666669, 0.125, 0.0, 0.6666666666666667, 0.0
0.06818181818181818, 0.0, 0.0, 0.25, 0.0
0.15714285714285714, 0.0, 0.0, 0.5, 0.0
0.05952380952380952, 0.0, 0.0, 0.2857142857142857, 0.0
0.1423611111111111, 0.0, 0.0, 0.6666666666666667, 0.0
0.11688311688311687, 0.0, 0.0, 0.5, 0.0
0.06481481481481483, 0.0, 0.0, 0.33333333333333337, 0.0
0.07222222222222223, 0.0, 0.0, 0.4, 0.0
0.04292929292929293, 0.0, 0.0, 0.25, 0.0
0.0, 0.0, 0.0, 0.0, 0.0
0.04081632653061224, 0.0, 0.0, 0.2857142857142857, 0.0
0.1358024691358025, 0.0, 0.0, 0.33333333333333337, 0.0
0.12936507936507935, 0.0, 0.0, 0.5, 0.0
0.12556689342403632, 0.0, 0.0, 0.33333333333333337, 0.0
0.07575757575757576, 0.0, 0.0, 0.5, 0.0
0.08531746031746032, 0.0, 0.0, 0.5, 0.0
0.10617283950617284, 0.0, 0.0, 0.4, 0.0
0.1689153439153439, 0.2361111111111111, 0.0, 0.4, 0.0
0.06233766233766234, 0.0, 0.0, 0.4, 0.0
0.08843537414965986, 0.0, 0.0, 0.33333333333333337, 0.0
0.10678210678210678, 0.0, 0.0, 0.33333333333333337, 0.0
0.04861111111111111, 0.0, 0.0, 0.33333333333333337, 0.0
0.06349206349206349, 0.0, 0.0, 0.2857142857142857, 0.0
0.14682539682539683, 0.0, 0.0, 0.5, 0.0
0.17970521541950113, 0.2222222222222222, 0.0, 0.5, 0.0
0.0, 0.0, 0.0, 0.0, 0.0
0.14912698412698414, 0.1111111111111111, 0.0, 0.4, 0.0
0.031746031746031744, 0.0, 0.0, 0.2222222222222222, 0.0
0.17272727272727273, 0.0, 0.0, 0.6666666666666667, 0.0
0.027777777777777776, 0.0, 0.0, 0.25, 0.0
0.10601851851851851, 0.0, 0.0, 0.4, 0.0
0.10866910866910866, 0.0, 0.0, 0.33333333333333337, 0.0
0.17113095238095238, 0.125, 0.0, 0.5, 0.0
0.14357142857142857, 0.0, 0.0, 0.5, 0.0
0.025, 0.0, 0.0, 0.25, 0.0
0.3055555555555556, 0.2916666666666667, 0.0, 0.5, 0.0
0.07142857142857142, 0.0, 0.0, 0.5, 0.0
0.11547619047619047, 0.0, 0.0, 0.33333333333333337, 0.0
0.18412698412698414, 0.2361111111111111, 0.0, 0.5, 0.0
0.1168831168831169, 0.0, 0.0, 0.33333333333333337, 0.0
0.0, 0.0, 0.0, 0.0, 0.0
0.11507936507936506, 0.0, 0.0, 0.5, 0.0
0.09292929292929292, 0.0, 0.0, 0.4, 0.0
0.050505050505050504, 0.0, 0.0, 0.33333333333333337, 0.0
0.03935185185185185, 0.0, 0.0, 0.25, 0.0
0.050793650793650794, 0.0, 0.0, 0.2857142857142857, 0.0
0.21460317460317463, 0.25396825396825395, 0.0, 0.6666666666666667, 0.0
0.15476190476190477, 0.0, 0.0, 0.5, 0.0
0.058302808302808304, 0.0, 0.0, 0.2857142857142857, 0.0
0.12770562770562768, 0.0, 0.0, 0.33333333333333337, 0.0
0.138015873015873, 0.1111111111111111, 0.0, 0.4, 0.0
0.13977072310405644, 0.0, 0.0, 0.5, 0.0
0.03907203907203907, 0.0, 0.0, 0.2857142857142857, 0.0
0.09047619047619049, 0.0, 0.0, 0.4, 0.0
0.07936507936507936, 0.0, 0.0, 0.2857142857142857, 0.0
0.08333333333333334, 0.0, 0.0, 0.33333333333333337, 0.0
0.0, 0.0, 0.0, 0.0, 0.0
0.1305194805194805, 0.0, 0.0, 0.4, 0.0
0.10833333333333335, 0.0, 0.0, 0.5, 0.0
0.12349206349206347, 0.0, 0.0, 0.4, 0.0
0.21319444444444446, 0.25, 0.0, 0.4, 0.0
0.11688311688311687, 0.0, 0.0, 0.5, 0.0
0.03125, 0.0, 0.0, 0.25, 0.0
0.08950617283950618, 0.0, 0.0, 0.33333333333333337, 0.0
0.09548229548229549, 0.0, 0.0, 0.4, 0.0
0.16666666666666666, 0.0, 0.0, 0.6666666666666667, 0.0
0.1828282828282828, 0.2222222222222222, 0.0, 0.6666666666666667, 0.0
0.08181818181818182, 0.0, 0.0, 0.4, 0.0
0.05454545454545454, 0.0, 0.0, 0.4, 0.0
0.08333333333333333, 0.0, 0.0, 0.25, 0.0
0.12121212121212123, 0.0, 0.0, 0.33333333333333337, 0.0
0.09696969696969697, 0.0, 0.0, 0.4, 0.0
0.13999999999999999, 0.0, 0.0, 0.5, 0.0
0.03703703703703704, 0.0, 0.0, 0.33333333333333337, 0.0
0.13756613756613756, 0.0, 0.0, 0.33333333333333337, 0.0
0.018518518518518517, 0.0, 0.0, 0.2222222222222222, 0.0
0.06666666666666667, 0.0, 0.0, 0.4, 0.0
0.16406926406926406, 0.25, 0.0, 0.4, 0.0
0.06746031746031746, 0.0, 0.0, 0.25, 0.0
0.13095238095238096, 0.0, 0.0, 0.33333333333333337, 0.0
0.04722222222222222, 0.0, 0.0, 0.25, 0.0
0.1082766439909297, 0.0, 0.0, 0.2857142857142857, 0.0
0.2224053724053724, 0.25, 0.0, 0.5, 0.0
0.15666666666666668, 0.0, 0.0, 0.6666666666666667, 0.0
0.06944444444444445, 0.0, 0.0, 0.33333333333333337, 0.0
0.21124338624338623, 0.25, 0.0, 0.4, 0.0
0.10959595959595961, 0.0, 0.0, 0.4, 0.0
0.11507936507936509, 0.0, 0.0, 0.33333333333333337, 0.0
0.1904761904761905, 0.0, 0.0, 0.6666666666666667, 0.0
0.06313131313131314, 0.0, 0.0, 0.25, 0.0
0.1595238095238095, 0.25, 0.0, 0.4, 0.0
0.046176046176046176, 0.0, 0.0, 0.2857142857142857, 0.0
0.0625, 0.0, 0.0, 0.5, 0.0
0.07647907647907648, 0.0, 0.0, 0.33333333333333337, 0.0
0.10793650793650794, 0.0, 0.0, 0.4, 0.0
0.075, 0.0, 0.0, 0.25, 0.0
0.1675485008818342, 0.2222222222222222, 0.0, 0.5, 0.0
0.024691358024691357, 0.0, 0.0, 0.2222222222222222, 0.0
0.05555555555555555, 0.0, 0.0, 0.25, 0.0
0.15547619047619046, 0.125, 0.0, 0.4, 0.0
0.02222222222222222, 0.0, 0.0, 0.2222222222222222, 0.0
0.1093073593073593, 0.0, 0.0, 0.2857142857142857, 0.0
0.16225749559082894, 0.2222222222222222, 0.0, 0.33333333333333337, 0.0
0.02222222222222222, 0.0, 0.0, 0.2222222222222222, 0.0
0.15205026455026457, 0.1111111111111111, 0.0, 0.4, 0.0
0.06435786435786435, 0.0, 0.0, 0.2857142857142857, 0.0
0.14285714285714285, 0.0, 0.0, 0.5, 0.0
0.13333333333333336, 0.125, 0.0, 0.33333333333333337, 0.0
0.07222222222222222, 0.0, 0.0, 0.5, 0.0
0.08608058608058608, 0.0, 0.0, 0.33333333333333337, 0.0
0.12085137085137082, 0.0, 0.0, 0.2857142857142857, 0.0
0.13125, 0.0, 0.0, 0.4, 0.0
0.1085137085137085, 0.0, 0.0, 0.4, 0.0
0.14833333333333334, 0.125, 0.0, 0.4, 0.0
0.1608225108225108, 0.25, 0.0, 0.4, 0.0
0.12962962962962965, 0.0, 0.0, 0.5, 0.0
0.04166666666666667, 0.0, 0.0, 0.33333333333333337, 0.0
0.12193362193362195, 0.0, 0.0, 0.33333333333333337, 0.0
0.06666666666666667, 0.0, 0.0, 0.4, 0.0
0.08571428571428572, 0.0, 0.0, 0.4, 0.0
0.050793650793650794, 0.0, 0.0, 0.2857142857142857, 0.0
0.058333333333333334, 0.0, 0.0, 0.33333333333333337, 0.0
0.13232323232323234, 0.0, 0.0, 0.4, 0.0
0.12222222222222223, 0.0, 0.0, 0.6666666666666667, 0.0
0.10357142857142856, 0.0, 0.0, 0.2857142857142857, 0.0
0.12055555555555557, 0.0, 0.0, 0.4, 0.0
0.1305194805194805, 0.0, 0.0, 0.4, 0.0
0.0869047619047619, 0.0, 0.0, 0.33333333333333337, 0.0
0.17698412698412697, 0.2222222222222222, 0.0, 0.4, 0.0
0.1391053391053391, 0.0, 0.0, 0.4, 0.0
0.16517857142857142, 0.125, 0.0, 0.5, 0.0
0.0487012987012987, 0.0, 0.0, 0.2857142857142857, 0.0
0.10245310245310245, 0.0, 0.0, 0.33333333333333337, 0.0
0.13055555555555556, 0.0, 0.0, 0.5, 0.0
0.0, 0.0, 0.0, 0.0, 0.0
0.18915343915343916, 0.0, 0.0, 0.6666666666666667, 0.0
0.10222222222222221, 0.0, 0.0, 0.4, 0.0
0.10185185185185186, 0.0, 0.0, 0.6666666666666667, 0.0
0.09027777777777778, 0.0, 0.0, 0.25, 0.0
0.08055555555555556, 0.0, 0.0, 0.33333333333333337, 0.0
0.031746031746031744, 0.0, 0.0, 0.2857142857142857, 0.0
0.15158730158730158, 0.1111111111111111, 0.0, 0.5, 0.0
0.044444444444444446, 0.0, 0.0, 0.4, 0.0
0.15436507936507937, 0.0, 0.0, 0.5, 0.0
0.23640873015873015, 0.26785714285714285, 0.0, 0.4, 0.0
0.09079365079365079, 0.0, 0.0, 0.4, 0.0
0.21279761904761907, 0.26785714285714285, 0.0, 0.5, 0.0
0.08333333333333333, 0.0, 0.0, 0.5, 0.0
0.08465608465608465, 0.0, 0.0, 0.2857142857142857, 0.0
0.047619047619047616, 0.0, 0.0, 0.2857142857142857, 0.0
0.0606060606060606, 0.0, 0.0, 0.2222222222222222, 0.0
0.027777777777777776, 0.0, 0.0, 0.25, 0.0
0.10088183421516755, 0.0, 0.0, 0.4, 0.0
0.07142857142857142, 0.0, 0.0, 0.2857142857142857, 0.0
0.0, 0.0, 0.0, 0.0, 0.0
0.13376623376623378, 0.0, 0.0, 0.4, 0.0
0.07256235827664399, 0.0, 0.0, 0.2857142857142857, 0.0
0.02222222222222222, 0.0, 0.0, 0.2222222222222222, 0.0
0.06696428571428571, 0.0, 0.0, 0.2857142857142857, 0.0
0.11732804232804232, 0.0, 0.0, 0.4, 0.0
0.13232323232323234, 0.0, 0.0, 0.4, 0.0
0.027777777777777776, 0.0, 0.0, 0.2222222222222222, 0.0
0.22301587301587303, 0.2222222222222222, 0.0, 0.6666666666666667, 0.0
0.11666666666666665, 0.0, 0.0, 0.4, 0.0
0.16666666666666666, 0.0, 0.0, 0.6666666666666667, 0.0
0.031746031746031744, 0.0, 0.0, 0.2857142857142857, 0.0
0.04292929292929293, 0.0, 0.0, 0.25, 0.0
0.14285714285714288, 0.0, 0.0, 0.6666666666666667, 0.0
0.08928571428571429, 0.0, 0.0, 0.2857142857142857, 0.0
0.031746031746031744, 0.0, 0.0, 0.2222222222222222, 0.0
0.06222222222222222, 0.0, 0.0, 0.4, 0.0
0.11991341991341992, 0.0, 0.0, 0.33333333333333337, 0.0
0.025, 0.0, 0.0, 0.25, 0.0
0.14891774891774892, 0.0, 0.0, 0.4, 0.0
0.0, 0.0, 0.0, 0.0, 0.0
0.11501322751322751, 0.0, 0.0, 0.4, 0.0
0.06818181818181818, 0.0, 0.0, 0.5, 0.0
0.17222222222222222, 0.0, 0.0, 0.5, 0.0
0.06712962962962964, 0.0, 0.0, 0.33333333333333337, 0.0
0.17037037037037037, 0.1111111111111111, 0.0, 0.4, 0.0
0.11536796536796536, 0.0, 0.0, 0.4, 0.0
0.23580246913580252, 0.2222222222222222, 0.0, 0.6666666666666667, 0.0
0.08214285714285714, 0.0, 0.0, 0.2857142857142857, 0.0
0.07323232323232323, 0.0, 0.0, 0.33333333333333337, 0.0
0.07566137566137567, 0.0, 0.0, 0.4, 0.0
0.025, 0.0, 0.0, 0.25, 0.0
0.16541950113378684, 0.2222222222222222, 0.0, 0.4, 0.0
0.14163614163614163, 0.0, 0.0, 0.33333333333333337, 0.0
0.18030303030303033, 0.0, 0.0, 0.6666666666666667, 0.0
0.14944444444444444, 0.1111111111111111, 0.0, 0.4, 0.0
0.07716049382716049, 0.0, 0.0, 0.25, 0.0
0.11688311688311687, 0.0, 0.0, 0.5, 0.0
0.1418650793650794, 0.0, 0.0, 0.5, 0.0
0.17632275132275133, 0.21111111111111108, 0.0, 0.5, 0.0
0.1259920634920635, 0.0, 0.0, 0.5, 0.0
0.08882783882783882, 0.0, 0.0, 0.33333333333333337, 0.0
0.1360544217687075, 0.0, 0.0, 0.6666666666666667, 0.0
0.05303030303030303, 0.0, 0.0, 0.33333333333333337, 0.0
0.1017857142857143, 0.0, 0.0, 0.4, 0.0
0.08571428571428572, 0.0, 0.0, 0.4, 0.0
0.10793650793650794, 0.0, 0.0, 0.4, 0.0
0.08167989417989417, 0.0, 0.0, 0.2857142857142857, 0.0
0.1638888888888889, 0.0, 0.0, 0.6666666666666667, 0.0
0.08163265306122448, 0.0, 0.0, 0.2857142857142857, 0.0
0.10863095238095238, 0.0, 0.0, 0.33333333333333337, 0.0
0.13703703703703704, 0.0, 0.0, 0.5, 0.0
0.05, 0.0, 0.0, 0.25, 0.0
0.28425925925925927, 0.2916666666666667, 0.0, 0.5, 0.0
0.08163265306122448, 0.0, 0.0, 0.2857142857142857, 0.0
0.1613095238095238, 0.125, 0.0, 0.5, 0.0
0.08333333333333333, 0.0, 0.0, 0.5, 0.0
0.15912698412698414, 0.1111111111111111, 0.0, 0.5, 0.0
0.13852813852813853, 0.0, 0.0, 0.6666666666666667, 0.0
0.2011111111111111, 0.2222222222222222, 0.0, 0.6666666666666667, 0.0
0.07936507936507937, 0.0, 0.0, 0.33333333333333337, 0.0
0.050793650793650794, 0.0, 0.0, 0.2857142857142857, 0.0
0.0891053391053391, 0.0, 0.0, 0.2857142857142857, 0.0
0.16428571428571428, 0.0, 0.0, 0.5, 0.0
0.11458333333333334, 0.0, 0.0, 0.6666666666666667, 0.0
0.1388278388278388, 0.0, 0.0, 0.4, 0.0
0.1773809523809524, 0.0, 0.0, 0.5, 0.0
0.05656565656565657, 0.0, 0.0, 0.4, 0.0
0.2193877551020408, 0.25, 0.0, 0.5, 0.0
0.18001443001443002, 0.2222222222222222, 0.0, 0.6666666666666667, 0.0
0.10617283950617284, 0.0, 0.0, 0.4, 0.0
0.0988095238095238, 0.0, 0.0, 0.5, 0.0
0.21333333333333332, 0.25, 0.0, 0.5, 0.0
0.0, 0.0, 0.0, 0.0, 0.0
0.1658730158730159, 0.2222222222222222, 0.0, 0.4, 0.0
0.2383116883116883, 0.2857142857142857, 0.0, 0.5, 0.0
0.1398148148148148, 0.0, 0.0, 0.5, 0.0
0.17448979591836736, 0.25, 0.0, 0.4, 0.0
0.07142857142857142, 0.0, 0.0, 0.5, 0.0
0.14285714285714288, 0.0, 0.0, 0.6666666666666667, 0.0
0.12414965986394558, 0.0, 0.0, 0.33333333333333337, 0.0
0.11574074074074074, 0.0, 0.0, 0.5, 0.0
0.09668109668109669, 0.0, 0.0, 0.33333333333333337, 0.0
0.022727272727272728, 0.0, 0.0, 0.25, 0.0
0.12251984126984126, 0.1111111111111111, 0.0, 0.2857142857142857, 0.0
0.09093915343915344, 0.0, 0.0, 0.33333333333333337, 0.0
0.12037037037037039, 0.0, 0.0, 0.5, 0.0
0.06944444444444445, 0.0, 0.0, 0.25, 0.0
0.09696969696969698, 0.0, 0.0, 0.6666666666666667, 0.0
0.17164502164502166, 0.0, 0.0, 0.6666666666666667, 0.0
0.030303030303030307, 0.0, 0.0, 0.33333333333333337, 0.0
0.10930735930735933, 0.0, 0.0, 0.33333333333333337, 0.0
0.10617283950617284, 0.0, 0.0, 0.4, 0.0
0.20625, 0.125, 0.0, 0.5, 0.0
0.03125, 0.0, 0.0, 0.25, 0.0
0.022727272727272728, 0.0, 0.0, 0.25, 0.0
0.13722222222222222, 0.1111111111111111, 0.0, 0.4, 0.0
0.065, 0.0, 0.0, 0.4, 0.0
0.0, 0.0, 0.0, 0.0, 0.0
0.09696969696969698, 0.0, 0.0, 0.4, 0.0
0.09375, 0.0, 0.0, 0.25, 0.0
0.14857142857142858, 0.0, 0.0, 0.4, 0.0
0.22087912087912084, 0.25, 0.0, 0.6666666666666667, 0.0
0.24434523809523806, 0.2857142857142857, 0.0, 0.4, 0.0
0.1572420634920635, 0.1111111111111111, 0.0, 0.5, 0.0
0.09166666666666667, 0.0, 0.0, 0.4, 0.0
0.13657407407407407, 0.0, 0.0, 0.5, 0.0
0.08831168831168831, 0.0, 0.0, 0.4, 0.0
0.025974025974025972, 0.0, 0.0, 0.2857142857142857, 0.0
0.08214285714285714, 0.0, 0.0, 0.2857142857142857, 0.0
0.15767195767195766, 0.0, 0.0, 0.4, 0.0
0.14047619047619048, 0.0, 0.0, 0.5, 0.0
0.07575757575757576, 0.0, 0.0, 0.5, 0.0
0.03125, 0.0, 0.0, 0.25, 0.0
0.10890652557319223, 0.0, 0.0, 0.2857142857142857, 0.0
0.0707070707070707, 0.0, 0.0, 0.33333333333333337, 0.0
0.09444444444444444, 0.0, 0.0, 0.25, 0.0
0.08658008658008659, 0.0, 0.0, 0.33333333333333337, 0.0
0.10833333333333334, 0.0, 0.0, 0.4, 0.0
0.07242063492063493, 0.0, 0.0, 0.33333333333333337, 0.0
0.1669047619047619, 0.125, 0.0, 0.4, 0.0
0.13095238095238096, 0.2222222222222222, 0.0, 0.25, 0.0
0.060090702947845805, 0.0, 0.0, 0.33333333333333337, 0.0
0.12857142857142856, 0.0, 0.0, 0.5, 0.0
0.0, 0.0, 0.0, 0.0, 0.0
0.13383838383838384, 0.0, 0.0, 0.6666666666666667, 0.0
0.07653061224489796, 0.0, 0.0, 0.2857142857142857, 0.0
0.05925925925925926, 0.0, 0.0, 0.33333333333333337, 0.0
0.10357142857142856, 0.0, 0.0, 0.5, 0.0
0.13095238095238096, 0.0, 0.0, 0.33333333333333337, 0.0
0.15515873015873016, 0.1111111111111111, 0.0, 0.4, 0.0
0.027777777777777776, 0.0, 0.0, 0.25, 0.0
0.0, 0.0, 0.0, 0.0, 0.0
0.027777777777777776, 0.0, 0.0, 0.25, 0.0
0.16541950113378684, 0.2222222222222222, 0.0, 0.4, 0.0
0.15428571428571428, 0.14285714285714285, 0.0, 0.4, 0.0
0.13383838383838384, 0.0, 0.0, 0.6666666666666667, 0.0
0.04166666666666667, 0.0, 0.0, 0.33333333333333337, 0.0
0.04722222222222222, 0.0, 0.0, 0.25, 0.0
0.14305555555555557, 0.1111111111111111, 0.0, 0.4, 0.0
0.10416666666666667, 0.0, 0.0, 0.33333333333333337, 0.0
0.08402777777777777, 0.0, 0.0, 0.25, 0.0
0.06696428571428571, 0.0, 0.0, 0.2857142857142857, 0.0
0.046176046176046176, 0.0, 0.0, 0.2857142857142857, 0.0
0.07653061224489796, 0.0, 0.0, 0.2857142857142857, 0.0
0.1, 0.0, 0.0, 0.4, 0.0
0.11501322751322751, 0.0, 0.0, 0.4, 0.0
0.13095238095238096, 0.0, 0.0, 0.5, 0.0
0.06565656565656565, 0.0, 0.0, 0.25, 0.0
0.15000000000000002, 0.0, 0.0, 0.6666666666666667, 0.0
0.16904761904761906, 0.14285714285714285, 0.0, 0.4, 0.0
0.07857142857142857, 0.0, 0.0, 0.2857142857142857, 0.0
0.18915343915343918, 0.25, 0.0, 0.5, 0.0
0.10858585858585858, 0.0, 0.0, 0.25, 0.0
0.045, 0.0, 0.0, 0.25, 0.0
0.027777777777777776, 0.0, 0.0, 0.2222222222222222, 0.0
0.2476911976911977, 0.25, 0.0, 0.6666666666666667, 0.0
0.24801587301587302, 0.2857142857142857, 0.0, 0.33333333333333337, 0.0
0.10493827160493827, 0.0, 0.0, 0.25, 0.0
0.05952380952380952, 0.0, 0.0, 0.2857142857142857, 0.0
0.1337962962962963, 0.0, 0.0, 0.4, 0.0
0.06878306878306878, 0.0, 0.0, 0.33333333333333337, 0.0
0.05, 0.0, 0.0, 0.5, 0.0
0.15595238095238095, 0.125, 0.0, 0.4, 0.0
0.12970521541950114, 0.0, 0.0, 0.4, 0.0
0.10515873015873016, 0.0, 0.0, 0.33333333333333337, 0.0
0.058333333333333334, 0.0, 0.0, 0.33333333333333337, 0.0
0.10173160173160173, 0.0, 0.0, 0.33333333333333337, 0.0
0.17092352092352092, 0.2222222222222222, 0.0, 0.5, 0.0
0.05, 0.0, 0.0, 0.25, 0.0
0.07142857142857142, 0.0, 0.0, 0.5, 0.0
0.16975308641975306, 0.2222222222222222, 0.0, 0.5, 0.0
0.19791666666666669, 0.125, 0.0, 0.5, 0.0
0.05357142857142857, 0.0, 0.0, 0.2857142857142857, 0.0
0.14135802469135803, 0.0, 0.0, 0.4, 0.0
0.15555555555555556, 0.0, 0.0, 0.6666666666666667, 0.0
0.1173469387755102, 0.0, 0.0, 0.2857142857142857, 0.0
0.04081632653061224, 0.0, 0.0, 0.2857142857142857, 0.0
0.07222222222222223, 0.0, 0.0, 0.4, 0.0
0.12962962962962965, 0.0, 0.0, 0.5, 0.0
0.10863095238095238, 0.0, 0.0, 0.33333333333333337, 0.0
0.2067099567099567, 0.25, 0.0, 0.6666666666666667, 0.0
0.031746031746031744, 0.0, 0.0, 0.2857142857142857, 0.0
0.10185185185185186, 0.0, 0.0, 0.6666666666666667, 0.0
0.16111111111111112, 0.2222222222222222, 0.0, 0.33333333333333337, 0.0
0.07676767676767676, 0.0, 0.0, 0.4, 0.0
0.10617283950617284, 0.0, 0.0, 0.4, 0.0
0.08571428571428572, 0.0, 0.0, 0.4, 0.0
0.08333333333333334, 0.0, 0.0, 0.6666666666666667, 0.0
0.11111111111111112, 0.0, 0.0, 0.6666666666666667, 0.0
0.09163059163059163, 0.0, 0.0, 0.5, 0.0
0.13241758241758242, 0.0, 0.0, 0.5, 0.0
0.09545454545454546, 0.0, 0.0, 0.4, 0.0
0.10185185185185186, 0.0, 0.0, 0.5, 0.0
0.2471655328798186, 0.2222222222222222, 0.0, 0.6666666666666667, 0.0
0.07467532467532467, 0.0, 0.0, 0.2857142857142857, 0.0
0.08818342151675485, 0.0, 0.0, 0.2857142857142857, 0.0
0.031746031746031744, 0.0, 0.0, 0.2222222222222222, 0.0
0.09656084656084657, 0.0, 0.0, 0.33333333333333337, 0.0
0.06944444444444445, 0.0, 0.0, 0.33333333333333337, 0.0
0.0202020202020202, 0.0, 0.0, 0.2222222222222222, 0.0
0.17523809523809525, 0.14285714285714285, 0.0, 0.4, 0.0
0.0487012987012987, 0.0, 0.0, 0.2857142857142857, 0.0
0.06547619047619048, 0.0, 0.0, 0.2857142857142857, 0.0
0.16145124716553289, 0.2222222222222222, 0.0, 0.4, 0.0
0.18024691358024691, 0.0, 0.0, 0.5, 0.0
0.07222222222222222, 0.0, 0.0, 0.25, 0.0
0.18730158730158727, 0.25, 0.0, 0.4, 0.0
0.14079365079365078, 0.0, 0.0, 0.5, 0.0
0.15981240981240982, 0.0, 0.0, 0.5, 0.0
0.02222222222222222, 0.0, 0.0, 0.2222222222222222, 0.0
0.08492063492063491, 0.0, 0.0, 0.4, 0.0
0.027777777777777776, 0.0, 0.0, 0.25, 0.0
0.07579365079365079, 0.0, 0.0, 0.2857142857142857, 0.0
0.07256235827664399, 0.0, 0.0, 0.2857142857142857, 0.0
0.13395061728395063, 0.0, 0.0, 0.4, 0.0
0.2975308641975309, 0.25, 0.0, 0.6666666666666667, 0.0
0.045454545454545456, 0.0, 0.0, 0.25, 0.0
0.12323232323232323, 0.0, 0.0, 0.4, 0.0
0.05714285714285714, 0.0, 0.0, 0.2857142857142857, 0.0
0.08333333333333334, 0.0, 0.0, 0.5, 0.0
