0.5017676767676768, 0.4444444444444444, 0.4, 0.625, 0.0
0.5619047619047619, 0.5, 0.33333333333333337, 0.75, 0.0
0.5188271604938273, 0.5555555555555556, 0.30000000000000004, 0.6666666666666667, 0.0
0.5996527777777778, 0.6125, 0.33333333333333337, 0.75, 0.0
0.5685185185185185, 0.5277777777777778, 0.30000000000000004, 0.7777777777777778, 0.0
0.5441666666666667, 0.6, 0.30000000000000004, 0.75, 0.0
0.5088888888888888, 0.4722222222222222, 0.30000000000000004, 0.75, 0.0
0.5638888888888889, 0.5777777777777777, 0.30000000000000004, 0.75, 0.0
0.48611111111111105, 0.5, 0.125, 0.75, 0.0
0.48078703703703707, 0.4722222222222222, 0.2222222222222222, 0.625, 0.0
0.7032828282828284, 0.75, 0.5, 0.8888888888888888, 0.0
0.6095679012345679, 0.625, 0.4444444444444444, 0.75, 0.0
0.5852564102564102, 0.5555555555555556, 0.375, 0.7777777777777778, 0.0
0.507070707070707, 0.5, 0.2222222222222222, 0.7777777777777778, 0.0
0.6697530864197531, 0.75, 0.2222222222222222, 0.8, 0.0
0.5902777777777778, 0.6875, 0.11111111111111116, 0.7777777777777778, 0.0
0.5358333333333334, 0.5277777777777778, 0.33333333333333337, 0.7777777777777778, 0.0
0.5965277777777778, 0.6111111111111112, 0.30000000000000004, 0.7777777777777778, 0.0
0.601388888888889, 0.5555555555555556, 0.33333333333333337, 0.8888888888888888, 0.0
0.5868686868686869, 0.625, 0.4, 0.7777777777777778, 0.0
0.43333333333333335, 0.4, 0.11111111111111116, 0.8, 0.0
0.48912037037037037, 0.5, 0.33333333333333337, 0.6666666666666667, 0.0
0.5083333333333333, 0.5555555555555556, 0.19999999999999996, 0.75, 0.0
0.6080246913580247, 0.5555555555555556, 0.4444444444444444, 0.75, 0.0
0.6091269841269842, 0.5555555555555556, 0.375, 0.7777777777777778, 0.0
0.5216049382716049, 0.5, 0.2222222222222222, 0.75, 0.0
0.5555555555555556, 0.5, 0.33333333333333337, 0.75, 0.0
0.582716049382716, 0.625, 0.30000000000000004, 0.75, 0.0
0.5212962962962963, 0.5, 0.33333333333333337, 0.7777777777777778, 0.0
0.6527777777777777, 0.6527777777777778, 0.5, 0.8888888888888888, 0.0
0.5734567901234568, 0.5555555555555556, 0.30000000000000004, 0.7777777777777778, 0.0
0.5803030303030303, 0.625, 0.30000000000000004, 0.7777777777777778, 0.0
0.6548611111111111, 0.6625, 0.4, 0.8888888888888888, 0.0
0.6103174603174603, 0.75, 0.30000000000000004, 0.7777777777777778, 0.0
0.552469135802469, 0.625, 0.2222222222222222, 0.8888888888888888, 0.0
0.6379629629629631, 0.6666666666666667, 0.5, 0.75, 0.0
0.539814814814815, 0.5555555555555556, 0.4, 0.7, 0.0
0.5106060606060606, 0.5, 0.25, 0.7777777777777778, 0.0
0.5856481481481481, 0.625, 0.2222222222222222, 0.75, 0.0
0.5506944444444445, 0.5347222222222222, 0.2222222222222222, 0.7777777777777778, 0.0
0.5569444444444445, 0.5555555555555556, 0.4, 0.75, 0.0
0.5658333333333334, 0.625, 0.30000000000000004, 0.75, 0.0
0.49722222222222223, 0.5, 0.2222222222222222, 0.75, 0.0
0.49490740740740735, 0.5, 0.2222222222222222, 0.75, 0.0
0.5272222222222223, 0.5277777777777778, 0.2222222222222222, 0.75, 0.0
0.4777777777777778, 0.5, 0.2222222222222222, 0.75, 0.0
0.5305555555555557, 0.5555555555555556, 0.33333333333333337, 0.7, 0.0
0.5910493827160495, 0.625, 0.33333333333333337, 0.8888888888888888, 0.0
0.46979166666666666, 0.4222222222222222, 0.2222222222222222, 0.7777777777777778, 0.0
0.48611111111111105, 0.4722222222222222, 0.2222222222222222, 0.7777777777777778, 0.0
0.47070707070707063, 0.5, 0.30000000000000004, 0.625, 0.0
0.5631313131313131, 0.5555555555555556, 0.30000000000000004, 0.8888888888888888, 0.0
0.5111111111111111, 0.5, 0.4444444444444444, 0.6666666666666667, 0.0
0.54, 0.5277777777777778, 0.33333333333333337, 0.7777777777777778, 0.0
0.5752314814814815, 0.5902777777777778, 0.2222222222222222, 0.7777777777777778, 0.0
0.5369444444444446, 0.5277777777777778, 0.30000000000000004, 0.6666666666666667, 0.0
0.4616161616161616, 0.5, 0.2222222222222222, 0.75, 0.0
0.6063131313131312, 0.625, 0.33333333333333337, 0.8888888888888888, 0.0
0.4678571428571429, 0.4444444444444444, 0.375, 0.6666666666666667, 0.0
0.5154320987654321, 0.5, 0.375, 0.75, 0.0
0.5539351851851851, 0.5555555555555556, 0.11111111111111116, 0.8888888888888888, 0.0
0.5773148148148148, 0.5777777777777777, 0.30000000000000004, 0.75, 0.0
0.5881944444444445, 0.5, 0.4, 0.7777777777777778, 0.0
0.5590909090909091, 0.625, 0.2222222222222222, 0.75, 0.0
0.4808080808080808, 0.5555555555555556, 0.2222222222222222, 0.75, 0.0
0.5145061728395063, 0.4444444444444444, 0.33333333333333337, 0.7, 0.0
0.5898148148148148, 0.5972222222222222, 0.4, 0.75, 0.0
0.5106481481481482, 0.4722222222222222, 0.30000000000000004, 0.75, 0.0
0.5353535353535354, 0.5555555555555556, 0.2222222222222222, 0.7777777777777778, 0.0
0.5645833333333333, 0.6111111111111112, 0.30000000000000004, 0.7777777777777778, 0.0
0.5555555555555556, 0.5555555555555556, 0.2222222222222222, 0.7777777777777778, 0.0
0.41222222222222216, 0.3666666666666667, 0.19999999999999996, 0.75, 0.0
0.5691919191919191, 0.625, 0.4, 0.7777777777777778, 0.0
0.5333333333333333, 0.5, 0.4, 0.7777777777777778, 0.0
0.4883333333333334, 0.5555555555555556, 0.25, 0.6666666666666667, 0.0
0.5088383838383838, 0.4444444444444444, 0.30000000000000004, 0.8888888888888888, 0.0
0.5614197530864197, 0.5555555555555556, 0.33333333333333337, 0.8888888888888888, 0.0
0.5019444444444445, 0.5, 0.30000000000000004, 0.6666666666666667, 0.0
0.5583333333333335, 0.5555555555555556, 0.33333333333333337, 0.75, 0.0
0.6098765432098765, 0.625, 0.33333333333333337, 0.75, 0.0
0.6244949494949495, 0.6666666666666667, 0.4, 0.7777777777777778, 0.0
0.5777777777777777, 0.675, 0.2222222222222222, 0.75, 0.0
0.518939393939394, 0.5555555555555556, 0.19999999999999996, 0.75, 0.0
0.5634920634920635, 0.6666666666666667, 0.33333333333333337, 0.75, 0.0
0.537878787878788, 0.6, 0.11111111111111116, 0.75, 0.0
0.5626543209876542, 0.5555555555555556, 0.30000000000000004, 0.8888888888888888, 0.0
0.42361111111111116, 0.4, 0.25, 0.6666666666666667, 0.0
0.5363888888888888, 0.5555555555555556, 0.2222222222222222, 0.7777777777777778, 0.0
0.47888888888888886, 0.4722222222222222, 0.2222222222222222, 0.75, 0.0
0.47888888888888886, 0.4444444444444444, 0.2222222222222222, 0.75, 0.0
0.5351851851851852, 0.5, 0.30000000000000004, 0.75, 0.0
0.5224537037037037, 0.5277777777777778, 0.30000000000000004, 0.75, 0.0
0.5059829059829061, 0.4444444444444444, 0.30000000000000004, 0.75, 0.0
0.5657407407407408, 0.5, 0.30000000000000004, 0.7777777777777778, 0.0
0.47638888888888886, 0.45, 0.2222222222222222, 0.75, 0.0
0.5052083333333334, 0.5, 0.2222222222222222, 0.75, 0.0
0.6255555555555556, 0.7083333333333334, 0.30000000000000004, 0.8888888888888888, 0.0
0.6154040404040404, 0.625, 0.4444444444444444, 0.75, 0.0
0.6201388888888889, 0.6875, 0.4, 0.8888888888888888, 0.0
0.4969444444444444, 0.5, 0.2222222222222222, 0.7777777777777778, 0.0
0.525, 0.5347222222222222, 0.19999999999999996, 0.7777777777777778, 0.0
0.5659090909090909, 0.5555555555555556, 0.33333333333333337, 0.7777777777777778, 0.0
0.5774305555555557, 0.5625, 0.30000000000000004, 0.8888888888888888, 0.0
0.5583333333333333, 0.5902777777777778, 0.2222222222222222, 0.7777777777777778, 0.0
0.5868055555555556, 0.6111111111111112, 0.33333333333333337, 0.75, 0.0
0.5120370370370371, 0.55, 0.19999999999999996, 0.7777777777777778, 0.0
0.5489583333333333, 0.55, 0.4444444444444444, 0.6666666666666667, 0.0
0.51489898989899, 0.625, 0.11111111111111116, 0.7777777777777778, 0.0
0.49197530864197536, 0.5, 0.19999999999999996, 0.8, 0.0
0.5333333333333333, 0.5555555555555556, 0.30000000000000004, 0.7777777777777778, 0.0
0.45, 0.45, 0.2222222222222222, 0.75, 0.0
0.6098484848484849, 0.625, 0.5, 0.75, 0.0
0.5596153846153846, 0.5555555555555556, 0.33333333333333337, 0.75, 0.0
0.5650462962962963, 0.5625, 0.30000000000000004, 0.8, 0.0
0.6002525252525253, 0.625, 0.30000000000000004, 0.7777777777777778, 0.0
0.5237373737373738, 0.5, 0.2222222222222222, 0.7777777777777778, 0.0
0.4365079365079366, 0.4, 0.30000000000000004, 0.6666666666666667, 0.0
0.6047979797979799, 0.625, 0.375, 0.75, 0.0
0.5277777777777778, 0.5, 0.33333333333333337, 0.75, 0.0
0.5552469135802469, 0.5, 0.4, 0.75, 0.0
0.5148148148148148, 0.5277777777777778, 0.19999999999999996, 0.7777777777777778, 0.0
0.6222222222222222, 0.625, 0.4444444444444444, 0.75, 0.0
0.5087962962962963, 0.5, 0.2222222222222222, 0.75, 0.0
0.6037037037037037, 0.625, 0.4, 0.7777777777777778, 0.0
0.5441666666666667, 0.5, 0.33333333333333337, 0.7777777777777778, 0.0
0.5882936507936508, 0.5277777777777778, 0.4444444444444444, 0.7777777777777778, 0.0
0.6805555555555556, 0.7083333333333334, 0.5, 0.7777777777777778, 0.0
0.5617283950617283, 0.5, 0.4444444444444444, 0.7777777777777778, 0.0
0.6186111111111112, 0.6458333333333334, 0.4, 0.75, 0.0
0.5411111111111111, 0.5277777777777778, 0.2222222222222222, 0.75, 0.0
0.6070707070707071, 0.625, 0.33333333333333337, 0.75, 0.0
0.5231481481481483, 0.5277777777777778, 0.33333333333333337, 0.6666666666666667, 0.0
0.5926767676767676, 0.625, 0.30000000000000004, 0.7777777777777778, 0.0
0.5450617283950617, 0.5555555555555556, 0.30000000000000004, 0.7777777777777778, 0.0
0.5273148148148148, 0.5625, 0.2222222222222222, 0.75, 0.0
0.5956790123456791, 0.6666666666666667, 0.33333333333333337, 0.7777777777777778, 0.0
0.5189393939393939, 0.5, 0.33333333333333337, 0.75, 0.0
0.6027777777777777, 0.6666666666666667, 0.2222222222222222, 0.7777777777777778, 0.0
0.6253086419753087, 0.75, 0.33333333333333337, 0.75, 0.0
0.4732638888888889, 0.4444444444444444, 0.2222222222222222, 0.625, 0.0
0.5775462962962963, 0.5555555555555556, 0.375, 0.7777777777777778, 0.0
0.6909722222222222, 0.6875, 0.625, 0.7777777777777778, 0.0
0.4922222222222222, 0.5, 0.30000000000000004, 0.6666666666666667, 0.0
0.6095679012345678, 0.625, 0.30000000000000004, 0.8, 0.0
0.58125, 0.5555555555555556, 0.33333333333333337, 0.75, 0.0
0.5064814814814815, 0.5, 0.33333333333333337, 0.625, 0.0
0.5456790123456791, 0.6666666666666667, 0.2222222222222222, 0.7777777777777778, 0.0
0.5397222222222222, 0.5277777777777778, 0.2222222222222222, 0.7777777777777778, 0.0
0.6280864197530864, 0.625, 0.4444444444444444, 0.7777777777777778, 0.0
0.5275252525252525, 0.4444444444444444, 0.30000000000000004, 0.7777777777777778, 0.0
0.5647222222222222, 0.5902777777777778, 0.30000000000000004, 0.7777777777777778, 0.0
0.5535714285714286, 0.5625, 0.2222222222222222, 0.75, 0.0
0.47395833333333326, 0.4722222222222222, 0.2222222222222222, 0.625, 0.0
0.5891414141414142, 0.625, 0.30000000000000004, 0.75, 0.0
0.5697530864197531, 0.5555555555555556, 0.4444444444444444, 0.75, 0.0
0.5708333333333334, 0.6111111111111112, 0.4, 0.6666666666666667, 0.0
0.550925925925926, 0.5555555555555556, 0.2222222222222222, 0.7777777777777778, 0.0
0.5571428571428572, 0.5555555555555556, 0.4, 0.7777777777777778, 0.0
0.5287037037037037, 0.4444444444444444, 0.30000000000000004, 0.75, 0.0
0.6125, 0.625, 0.4444444444444444, 0.75, 0.0
0.47685185185185186, 0.5555555555555556, 0.2222222222222222, 0.7777777777777778, 0.0
0.5755050505050505, 0.5, 0.33333333333333337, 0.7777777777777778, 0.0
0.4636111111111111, 0.4444444444444444, 0.125, 0.75, 0.0
0.5604166666666667, 0.5347222222222222, 0.4, 0.75, 0.0
0.3827160493827161, 0.30000000000000004, 0.30000000000000004, 0.5, 0.0
0.5069444444444444, 0.5, 0.2222222222222222, 0.75, 0.0
0.4864197530864198, 0.5, 0.30000000000000004, 0.6666666666666667, 0.0
0.5377314814814814, 0.5277777777777778, 0.33333333333333337, 0.7777777777777778, 0.0
0.4407407407407408, 0.4222222222222222, 0.30000000000000004, 0.6666666666666667, 0.0
0.45000000000000007, 0.5277777777777778, 0.125, 0.6666666666666667, 0.0
0.5626543209876543, 0.6, 0.30000000000000004, 0.7777777777777778, 0.0
0.6180555555555557, 0.6666666666666667, 0.33333333333333337, 0.7777777777777778, 0.0
0.5565656565656566, 0.625, 0.2222222222222222, 0.7777777777777778, 0.0
0.503968253968254, 0.5, 0.30000000000000004, 0.7777777777777778, 0.0
0.5414141414141413, 0.5, 0.2222222222222222, 0.7777777777777778, 0.0
0.5261574074074075, 0.5555555555555556, 0.2222222222222222, 0.75, 0.0
0.5625, 0.5277777777777778, 0.30000000000000004, 0.8, 0.0
0.5515873015873016, 0.5555555555555556, 0.33333333333333337, 0.75, 0.0
0.5726851851851853, 0.6125, 0.30000000000000004, 0.75, 0.0
0.544949494949495, 0.5555555555555556, 0.30000000000000004, 0.7777777777777778, 0.0
0.5228395061728395, 0.5, 0.2222222222222222, 0.75, 0.0
0.616111111111111, 0.625, 0.4, 0.7777777777777778, 0.0
0.4934343434343434, 0.5, 0.2222222222222222, 0.75, 0.0
0.5900000000000001, 0.6458333333333334, 0.375, 0.7777777777777778, 0.0
0.532638888888889, 0.5902777777777778, 0.2222222222222222, 0.75, 0.0
0.47500000000000003, 0.4722222222222222, 0.4, 0.5555555555555556, 0.0
0.578888888888889, 0.625, 0.33333333333333337, 0.75, 0.0
0.4849206349206349, 0.4444444444444444, 0.30000000000000004, 0.75, 0.0
0.47824074074074074, 0.5, 0.30000000000000004, 0.625, 0.0
0.572979797979798, 0.5555555555555556, 0.25, 0.75, 0.0
0.4126543209876543, 0.4, 0.11111111111111116, 0.75, 0.0
0.5833333333333334, 0.5625, 0.375, 0.75, 0.0
0.5328282828282829, 0.5, 0.375, 0.75, 0.0
0.5692307692307692, 0.6, 0.30000000000000004, 0.7777777777777778, 0.0
0.5186111111111111, 0.5222222222222221, 0.11111111111111116, 0.8888888888888888, 0.0
0.5200617283950617, 0.625, 0.2222222222222222, 0.75, 0.0
0.5616666666666668, 0.6111111111111112, 0.2222222222222222, 0.75, 0.0
0.505, 0.5, 0.25, 0.75, 0.0
0.5805555555555555, 0.6125, 0.33333333333333337, 0.75, 0.0
0.5116161616161616, 0.5, 0.30000000000000004, 0.75, 0.0
0.6032828282828283, 0.6666666666666667, 0.2222222222222222, 0.75, 0.0
0.5172222222222222, 0.5555555555555556, 0.19999999999999996, 0.7777777777777778, 0.0
0.6123456790123457, 0.625, 0.4, 0.7777777777777778, 0.0
0.5622222222222222, 0.5625, 0.2222222222222222, 0.7777777777777778, 0.0
0.6438888888888888, 0.6666666666666667, 0.4, 0.7777777777777778, 0.0
0.5795138888888889, 0.5555555555555556, 0.4, 0.75, 0.0
0.4797619047619048, 0.5, 0.30000000000000004, 0.6666666666666667, 0.0
0.603030303030303, 0.6666666666666667, 0.30000000000000004, 0.75, 0.0
0.5305555555555556, 0.5555555555555556, 0.19999999999999996, 0.8888888888888888, 0.0
0.5561728395061728, 0.5, 0.30000000000000004, 0.7777777777777778, 0.0
0.6979166666666666, 0.75, 0.5555555555555556, 0.7777777777777778, 0.0
0.5369658119658121, 0.625, 0.2222222222222222, 0.75, 0.0
0.46006944444444453, 0.5277777777777778, 0.2222222222222222, 0.6666666666666667, 0.0
0.5876543209876544, 0.6, 0.4, 0.75, 0.0
0.5694444444444444, 0.625, 0.2222222222222222, 0.75, 0.0
0.5432539682539683, 0.5277777777777778, 0.30000000000000004, 0.7777777777777778, 0.0
0.5418981481481482, 0.5347222222222222, 0.2222222222222222, 0.75, 0.0
0.553968253968254, 0.5902777777777778, 0.2222222222222222, 0.75, 0.0
0.5361111111111112, 0.5555555555555556, 0.30000000000000004, 0.75, 0.0
0.6169444444444444, 0.625, 0.30000000000000004, 0.8, 0.0
0.5328703703703704, 0.4444444444444444, 0.30000000000000004, 0.7777777777777778, 0.0
0.5071428571428571, 0.5, 0.4, 0.75, 0.0
0.5216666666666667, 0.5, 0.33333333333333337, 0.75, 0.0
0.43024691358024697, 0.4, 0.19999999999999996, 0.75, 0.0
0.5555555555555556, 0.5555555555555556, 0.375, 0.8888888888888888, 0.0
0.5055555555555555, 0.4444444444444444, 0.2222222222222222, 0.75, 0.0
0.5805555555555556, 0.625, 0.375, 0.7777777777777778, 0.0
0.5020833333333333, 0.5555555555555556, 0.125, 0.8888888888888888, 0.0
0.5648148148148149, 0.625, 0.2222222222222222, 0.75, 0.0
0.5864197530864197, 0.5555555555555556, 0.4444444444444444, 0.75, 0.0
0.6269841269841271, 0.625, 0.4, 0.8888888888888888, 0.0
0.6363425925925926, 0.625, 0.4444444444444444, 0.8, 0.0
0.5396825396825398, 0.5, 0.4444444444444444, 0.6666666666666667, 0.0
0.5558333333333334, 0.5555555555555556, 0.30000000000000004, 0.75, 0.0
0.6302777777777778, 0.6458333333333334, 0.33333333333333337, 0.7777777777777778, 0.0
0.5206018518518519, 0.4722222222222222, 0.30000000000000004, 0.75, 0.0
0.5852777777777778, 0.5902777777777778, 0.30000000000000004, 0.7777777777777778, 0.0
0.5972222222222222, 0.625, 0.2222222222222222, 0.7777777777777778, 0.0
0.5366161616161617, 0.5555555555555556, 0.2222222222222222, 0.7777777777777778, 0.0
0.5541666666666667, 0.5277777777777778, 0.4444444444444444, 0.7777777777777778, 0.0
0.5769841269841269, 0.625, 0.33333333333333337, 0.75, 0.0
0.5700000000000001, 0.5277777777777778, 0.30000000000000004, 0.75, 0.0
0.5179012345679013, 0.5555555555555556, 0.33333333333333337, 0.75, 0.0
0.5546296296296296, 0.5555555555555556, 0.19999999999999996, 0.7777777777777778, 0.0
0.5549382716049382, 0.5, 0.4, 0.75, 0.0
0.49374999999999997, 0.4444444444444444, 0.25, 0.75, 0.0
0.5555555555555556, 0.6, 0.30000000000000004, 0.7777777777777778, 0.0
0.602991452991453, 0.625, 0.30000000000000004, 0.7777777777777778, 0.0
0.5291666666666667, 0.5277777777777778, 0.2222222222222222, 0.75, 0.0
0.5416666666666667, 0.5277777777777778, 0.2222222222222222, 0.75, 0.0
0.5617283950617283, 0.5, 0.30000000000000004, 0.8888888888888888, 0.0
0.48611111111111116, 0.5, 0.33333333333333337, 0.625, 0.0
0.49621212121212116, 0.5, 0.11111111111111116, 0.7777777777777778, 0.0
0.4774691358024692, 0.5, 0.2222222222222222, 0.75, 0.0
0.4658730158730159, 0.5, 0.2222222222222222, 0.75, 0.0
0.5786111111111112, 0.5902777777777778, 0.30000000000000004, 0.75, 0.0
0.5416666666666666, 0.5, 0.375, 0.7777777777777778, 0.0
0.5491452991452992, 0.625, 0.125, 0.7777777777777778, 0.0
0.5666666666666667, 0.6666666666666667, 0.2222222222222222, 0.7777777777777778, 0.0
0.6527777777777778, 0.6666666666666667, 0.4444444444444444, 0.7777777777777778, 0.0
0.47716049382716047, 0.5, 0.2222222222222222, 0.7777777777777778, 0.0
0.6111111111111112, 0.625, 0.33333333333333337, 0.75, 0.0
0.5714285714285714, 0.6666666666666667, 0.11111111111111116, 0.7777777777777778, 0.0
0.4835858585858585, 0.4444444444444444, 0.2222222222222222, 0.7777777777777778, 0.0
0.4935185185185185, 0.4444444444444444, 0.2222222222222222, 0.75, 0.0
0.49506172839506174, 0.5555555555555556, 0.2222222222222222, 0.7777777777777778, 0.0
0.395, 0.4, 0.125, 0.625, 0.0
0.5128787878787879, 0.5555555555555556, 0.2222222222222222, 0.75, 0.0
0.5119444444444445, 0.5, 0.2222222222222222, 0.8888888888888888, 0.0
0.6510416666666666, 0.725, 0.30000000000000004, 0.7777777777777778, 0.0
0.4867283950617284, 0.4444444444444444, 0.30000000000000004, 0.75, 0.0
0.5427777777777778, 0.5, 0.4, 0.7777777777777778, 0.0
0.5233333333333333, 0.5625, 0.30000000000000004, 0.75, 0.0
0.576388888888889, 0.5555555555555556, 0.375, 0.75, 0.0
0.5853535353535354, 0.625, 0.30000000000000004, 0.7777777777777778, 0.0
0.5708333333333333, 0.625, 0.2222222222222222, 0.7777777777777778, 0.0
0.5560185185185186, 0.625, 0.30000000000000004, 0.75, 0.0
0.6050000000000001, 0.625, 0.30000000000000004, 0.8888888888888888, 0.0
0.566358024691358, 0.5555555555555556, 0.4444444444444444, 0.7777777777777778, 0.0
0.5771604938271605, 0.625, 0.33333333333333337, 0.75, 0.0
0.5972222222222222, 0.5833333333333334, 0.33333333333333337, 0.7777777777777778, 0.0
0.633838383838384, 0.6666666666666667, 0.2222222222222222, 0.8888888888888888, 0.0
0.5069444444444444, 0.5, 0.375, 0.625, 0.0
0.6322222222222222, 0.725, 0.2222222222222222, 0.8888888888888888, 0.0
0.6002777777777777, 0.5777777777777777, 0.4444444444444444, 0.7777777777777778, 0.0
0.6422839506172839, 0.625, 0.375, 0.8888888888888888, 0.0
0.615, 0.625, 0.375, 0.7777777777777778, 0.0
0.5402777777777779, 0.5277777777777778, 0.33333333333333337, 0.75, 0.0
0.580050505050505, 0.6, 0.4, 0.75, 0.0
0.524537037037037, 0.5555555555555556, 0.30000000000000004, 0.75, 0.0
0.59375, 0.5902777777777778, 0.33333333333333337, 0.75, 0.0
0.5513888888888889, 0.5277777777777778, 0.4, 0.75, 0.0
0.6080246913580247, 0.5555555555555556, 0.5, 0.75, 0.0
0.5872222222222222, 0.5902777777777778, 0.4, 0.7777777777777778, 0.0
0.48858024691358026, 0.5, 0.2222222222222222, 0.75, 0.0
0.6424603174603174, 0.6666666666666667, 0.375, 0.8, 0.0
0.5479166666666667, 0.5777777777777777, 0.2222222222222222, 0.7777777777777778, 0.0
0.5864583333333333, 0.5555555555555556, 0.4, 0.75, 0.0
0.5354166666666667, 0.5, 0.25, 0.75, 0.0
0.5606060606060606, 0.5555555555555556, 0.4, 0.75, 0.0
0.5467592592592593, 0.5902777777777778, 0.30000000000000004, 0.7777777777777778, 0.0
0.5323232323232323, 0.5, 0.25, 0.75, 0.0
0.601068376068376, 0.625, 0.4, 0.7777777777777778, 0.0
0.5006944444444444, 0.5277777777777778, 0.2222222222222222, 0.7777777777777778, 0.0
0.5118686868686869, 0.4444444444444444, 0.4, 0.75, 0.0
0.4364197530864198, 0.30000000000000004, 0.30000000000000004, 0.7777777777777778, 0.0
0.5615079365079366, 0.5555555555555556, 0.2222222222222222, 0.75, 0.0
0.5055555555555555, 0.5, 0.2222222222222222, 0.75, 0.0
0.6032828282828283, 0.625, 0.4, 0.75, 0.0
0.6030092592592592, 0.6125, 0.30000000000000004, 0.8888888888888888, 0.0
0.5080808080808081, 0.5, 0.25, 0.7, 0.0
0.5075, 0.5, 0.30000000000000004, 0.75, 0.0
0.5507936507936508, 0.625, 0.30000000000000004, 0.75, 0.0
0.5949074074074074, 0.6666666666666667, 0.11111111111111116, 0.75, 0.0
0.5941358024691357, 0.625, 0.2222222222222222, 0.8888888888888888, 0.0
0.5600694444444445, 0.5902777777777778, 0.30000000000000004, 0.7777777777777778, 0.0
0.5103174603174603, 0.4444444444444444, 0.30000000000000004, 0.7777777777777778, 0.0
0.6180555555555556, 0.625, 0.4, 0.75, 0.0
0.5065656565656567, 0.4444444444444444, 0.30000000000000004, 0.8888888888888888, 0.0
0.5566666666666668, 0.5277777777777778, 0.4, 0.75, 0.0
0.5638888888888889, 0.5, 0.4444444444444444, 0.75, 0.0
0.5277777777777778, 0.5902777777777778, 0.11111111111111116, 0.75, 0.0
0.5194444444444444, 0.5, 0.2222222222222222, 0.7777777777777778, 0.0
0.5120370370370371, 0.5, 0.2222222222222222, 0.6666666666666667, 0.0
0.5819444444444445, 0.55, 0.4, 0.75, 0.0
0.5190972222222222, 0.5277777777777778, 0.33333333333333337, 0.625, 0.0
0.585, 0.5902777777777778, 0.30000000000000004, 0.8888888888888888, 0.0
0.5881944444444445, 0.5555555555555556, 0.4, 0.7777777777777778, 0.0
0.5351851851851852, 0.5555555555555556, 0.2222222222222222, 0.7777777777777778, 0.0
0.5628205128205128, 0.5555555555555556, 0.33333333333333337, 0.8888888888888888, 0.0
0.4428571428571428, 0.4444444444444444, 0.30000000000000004, 0.5555555555555556, 0.0
0.468939393939394, 0.4444444444444444, 0.30000000000000004, 0.7777777777777778, 0.0
0.5734567901234568, 0.5555555555555556, 0.30000000000000004, 0.7777777777777778, 0.0
0.5122222222222221, 0.5, 0.2222222222222222, 0.75, 0.0
0.5833333333333334, 0.6, 0.4, 0.75, 0.0
0.4375, 0.4444444444444444, 0.2222222222222222, 0.5555555555555556, 0.0
0.5092592592592592, 0.5, 0.33333333333333337, 0.8888888888888888, 0.0
0.5868055555555556, 0.6111111111111112, 0.2222222222222222, 0.75, 0.0
0.5499999999999999, 0.6, 0.4444444444444444, 0.6666666666666667, 0.0
0.6049382716049383, 0.6, 0.4, 0.7777777777777778, 0.0
0.5570987654320988, 0.5, 0.33333333333333337, 0.75, 0.0
0.5685185185185185, 0.5555555555555556, 0.30000000000000004, 0.75, 0.0
0.5634920634920635, 0.625, 0.2222222222222222, 0.75, 0.0
0.5822916666666667, 0.625, 0.30000000000000004, 0.8888888888888888, 0.0
0.5583333333333333, 0.5, 0.4444444444444444, 0.75, 0.0
0.48055555555555557, 0.4444444444444444, 0.33333333333333337, 0.7777777777777778, 0.0
0.5891666666666666, 0.5777777777777777, 0.4444444444444444, 0.75, 0.0
0.575, 0.625, 0.30000000000000004, 0.8, 0.0
0.5656565656565656, 0.5555555555555556, 0.4444444444444444, 0.6666666666666667, 0.0
0.5730555555555555, 0.625, 0.2222222222222222, 0.7777777777777778, 0.0
0.51, 0.4722222222222222, 0.30000000000000004, 0.75, 0.0
0.6114197530864198, 0.6, 0.5, 0.75, 0.0
0.5138888888888888, 0.5, 0.2222222222222222, 0.75, 0.0
0.5302469135802469, 0.625, 0.0, 0.7777777777777778, 0.0
0.6466049382716049, 0.6666666666666667, 0.4444444444444444, 0.7777777777777778, 0.0
0.513888888888889, 0.5277777777777778, 0.25, 0.6666666666666667, 0.0
0.481111111111111, 0.5, 0.30000000000000004, 0.5555555555555556, 0.0
0.5465277777777778, 0.5277777777777778, 0.33333333333333337, 0.75, 0.0
0.587962962962963, 0.625, 0.33333333333333337, 0.75, 0.0
0.48611111111111116, 0.4652777777777778, 0.2222222222222222, 0.7777777777777778, 0.0
0.5169753086419753, 0.5, 0.2222222222222222, 0.7777777777777778, 0.0
0.5532407407407407, 0.5555555555555556, 0.2222222222222222, 0.7777777777777778, 0.0
0.513888888888889, 0.5, 0.33333333333333337, 0.75, 0.0
0.5186868686868688, 0.5555555555555556, 0.2222222222222222, 0.75, 0.0
0.478395061728395, 0.4444444444444444, 0.2222222222222222, 0.75, 0.0
0.5872222222222222, 0.7083333333333334, 0.2222222222222222, 0.7777777777777778, 0.0
0.5875, 0.5902777777777778, 0.4444444444444444, 0.75, 0.0
0.5546296296296297, 0.5555555555555556, 0.30000000000000004, 0.75, 0.0
0.5430555555555556, 0.5555555555555556, 0.4, 0.6666666666666667, 0.0
0.5533333333333333, 0.6125, 0.19999999999999996, 0.7777777777777778, 0.0
0.5613888888888889, 0.5625, 0.30000000000000004, 0.8888888888888888, 0.0
0.6513888888888889, 0.6666666666666667, 0.33333333333333337, 0.75, 0.0
0.46828703703703706, 0.4722222222222222, 0.2222222222222222, 0.75, 0.0
0.6260683760683761, 0.625, 0.5, 0.75, 0.0
0.5678571428571428, 0.5555555555555556, 0.4444444444444444, 0.75, 0.0
0.5338888888888889, 0.4722222222222222, 0.30000000000000004, 0.75, 0.0
0.5076388888888889, 0.5, 0.2222222222222222, 0.7, 0.0
0.5493827160493827, 0.4, 0.30000000000000004, 0.8888888888888888, 0.0
0.429513888888889, 0.3666666666666667, 0.2222222222222222, 0.6666666666666667, 0.0
0.5533950617283951, 0.5555555555555556, 0.30000000000000004, 0.75, 0.0
0.4428571428571428, 0.4444444444444444, 0.30000000000000004, 0.5555555555555556, 0.0
0.507828282828283, 0.4444444444444444, 0.25, 0.8888888888888888, 0.0
0.525, 0.5277777777777778, 0.4, 0.625, 0.0
0.5811111111111111, 0.5833333333333334, 0.4, 0.75, 0.0
0.5512345679012346, 0.5, 0.33333333333333337, 0.7777777777777778, 0.0
0.5402777777777777, 0.5277777777777778, 0.2222222222222222, 0.75, 0.0
0.6649305555555556, 0.6458333333333334, 0.5, 0.8888888888888888, 0.0
0.5753968253968254, 0.5, 0.33333333333333337, 0.75, 0.0
0.55, 0.5277777777777778, 0.33333333333333337, 0.75, 0.0
0.598015873015873, 0.625, 0.4, 0.8, 0.0
0.5863888888888888, 0.6458333333333334, 0.2222222222222222, 0.8, 0.0
0.5732323232323232, 0.6666666666666667, 0.25, 0.75, 0.0
0.5530092592592593, 0.5, 0.4, 0.75, 0.0
0.5694444444444445, 0.6125, 0.375, 0.75, 0.0
0.6022727272727273, 0.625, 0.4444444444444444, 0.75, 0.0
0.5353535353535354, 0.5555555555555556, 0.25, 0.75, 0.0
0.6212121212121212, 0.625, 0.4444444444444444, 0.8888888888888888, 0.0
0.6865079365079365, 0.75, 0.5, 0.75, 0.0
0.5990740740740742, 0.6666666666666667, 0.19999999999999996, 0.8888888888888888, 0.0
0.6080808080808081, 0.6, 0.30000000000000004, 0.7777777777777778, 0.0
