0.4896775638154948, 0.5, 0.25, 0.6363636363636364, 0.0
0.46794933461600124, 0.5, 0.0, 0.6363636363636364, 0.0
0.4670487948265726, 0.5, 0.0, 0.6, 0.0
0.4730921855921855, 0.5, 0.19999999999999996, 0.6666666666666667, 0.0
0.4471797052154195, 0.5, 0.0, 0.625, 0.0
0.4776254609587942, 0.5, 0.25, 0.6666666666666667, 0.0
0.5068207586064728, 0.5, 0.25, 0.6363636363636364, 0.0
0.5016931216931215, 0.5, 0.33333333333333337, 0.6, 0.0
0.4829365079365079, 0.5, 0.19999999999999996, 0.6, 0.0
0.5023242630385487, 0.5, 0.4, 0.6, 0.0
0.4759920634920634, 0.5, 0.0, 0.6666666666666667, 0.0
0.47858013633875696, 0.5, 0.0, 0.6363636363636364, 0.0
0.471067821067821, 0.5, 0.25, 0.6363636363636364, 0.0
0.5108853081075302, 0.5555555555555556, 0.19999999999999996, 0.6666666666666667, 0.0
0.5259665621734586, 0.5555555555555556, 0.25, 0.7, 0.0
0.4724137931034481, 0.5, 0.0, 0.6666666666666667, 0.0
0.5036265321979607, 0.5, 0.33333333333333337, 0.6923076923076923, 0.0
0.4644219867434152, 0.5, 0.0, 0.6923076923076923, 0.0
0.5125478927203064, 0.5555555555555556, 0.25, 0.7, 0.0
0.46280414987311536, 0.5, 0.25, 0.7272727272727273, 0.0
0.4746803005423695, 0.5, 0.0, 0.6363636363636364, 0.0
0.47942852166990096, 0.5, 0.25, 0.6363636363636364, 0.0
0.43663548752834463, 0.5, 0.0, 0.625, 0.0
0.524078699078699, 0.5555555555555556, 0.25, 0.7, 0.0
0.453032879818594, 0.5, 0.0, 0.6, 0.0
0.5248888888888887, 0.5555555555555556, 0.33333333333333337, 0.6666666666666667, 0.0
0.535607263107263, 0.5555555555555556, 0.25, 0.6666666666666667, 0.0
0.4514545454545454, 0.5, 0.0, 0.6363636363636364, 0.0
0.49659650694133445, 0.5, 0.0, 0.6666666666666667, 0.0
0.4845385067607289, 0.5, 0.25, 0.6666666666666667, 0.0
0.4652116402116402, 0.5, 0.0, 0.6, 0.0
0.535760370581799, 0.5555555555555556, 0.33333333333333337, 0.6923076923076923, 0.0
0.5076144094001236, 0.5277777777777778, 0.0, 0.7, 0.0
0.5380286380286379, 0.5555555555555556, 0.33333333333333337, 0.6363636363636364, 0.0
0.520077045969903, 0.5277777777777778, 0.25, 0.6666666666666667, 0.0
0.45549450549450554, 0.5, 0.19999999999999996, 0.6, 0.0
0.49302816525038745, 0.5, 0.25, 0.6666666666666667, 0.0
0.4579931972789115, 0.5, 0.0, 0.6, 0.0
0.5070881226053638, 0.5, 0.25, 0.6, 0.0
0.5163606508434093, 0.5555555555555556, 0.33333333333333337, 0.6363636363636364, 0.0
0.5101704879482656, 0.5, 0.33333333333333337, 0.6666666666666667, 0.0
0.4942289511255028, 0.5, 0.25, 0.6923076923076923, 0.0
0.4763770712046574, 0.5, 0.0, 0.6363636363636364, 0.0
0.4726600985221674, 0.5, 0.25, 0.6666666666666667, 0.0
0.48264790764790755, 0.5, 0.19999999999999996, 0.7, 0.0
0.53260582010582, 0.5555555555555556, 0.25, 0.7272727272727273, 0.0
0.4786348708762501, 0.5, 0.25, 0.6666666666666667, 0.0
0.49598063973063966, 0.5, 0.25, 0.7, 0.0
0.5042475014697236, 0.5555555555555556, 0.25, 0.6666666666666667, 0.0
0.5002068302068301, 0.5, 0.0, 0.7, 0.0
0.5049211325073394, 0.5, 0.33333333333333337, 0.6363636363636364, 0.0
0.47266009852216745, 0.5, 0.25, 0.7, 0.0
0.5018833656764691, 0.5, 0.25, 0.6363636363636364, 0.0
0.48787132407822054, 0.5, 0.0, 0.6666666666666667, 0.0
0.49361605472716574, 0.5, 0.0, 0.7, 0.0
0.47041847041847046, 0.5, 0.25, 0.6363636363636364, 0.0
0.4940182245737801, 0.5, 0.25, 0.7, 0.0
0.5345919512586178, 0.5555555555555556, 0.0, 0.6666666666666667, 0.0
0.5075543797766019, 0.5, 0.25, 0.7, 0.0
0.47084068195179296, 0.5, 0.0, 0.6, 0.0
0.49603174603174593, 0.5, 0.25, 0.7, 0.0
0.47298941798941796, 0.5, 0.0, 0.625, 0.0
0.5097505668934239, 0.5, 0.33333333333333337, 0.6666666666666667, 0.0
0.5020749365576951, 0.5, 0.25, 0.7, 0.0
0.4418470418470419, 0.5, 0.0, 0.6363636363636364, 0.0
0.49400510204081627, 0.5, 0.25, 0.625, 0.0
0.48395691609977315, 0.5, 0.19999999999999996, 0.625, 0.0
0.4977116402116401, 0.5, 0.25, 0.6666666666666667, 0.0
0.529453262786596, 0.5555555555555556, 0.33333333333333337, 0.6666666666666667, 0.0
0.5163299663299662, 0.5555555555555556, 0.25, 0.6363636363636364, 0.0
0.5139276361498583, 0.5555555555555556, 0.33333333333333337, 0.6666666666666667, 0.0
0.4873824451410659, 0.5, 0.0, 0.6363636363636364, 0.0
0.4915982484948001, 0.5555555555555556, 0.19999999999999996, 0.6666666666666667, 0.0
0.48796710951883354, 0.5555555555555556, 0.0, 0.6666666666666667, 0.0
0.5247207524985301, 0.5555555555555556, 0.25, 0.7, 0.0
0.5007086167800452, 0.5277777777777778, 0.19999999999999996, 0.6666666666666667, 0.0
0.5152744374966597, 0.5, 0.33333333333333337, 0.6666666666666667, 0.0
0.5033524904214558, 0.5, 0.19999999999999996, 0.625, 0.0
0.5004148629148628, 0.5555555555555556, 0.0, 0.7272727272727273, 0.0
0.4548440065681445, 0.5, 0.0, 0.6, 0.0
0.5110157699443413, 0.5277777777777778, 0.19999999999999996, 0.6666666666666667, 0.0
0.45391351943076075, 0.5, 0.25, 0.6, 0.0
0.4418225623582766, 0.5, 0.0, 0.625, 0.0
0.5099579983508554, 0.5, 0.25, 0.6666666666666667, 0.0
0.5009482580911152, 0.5277777777777778, 0.0, 0.6363636363636364, 0.0
0.506988035113035, 0.5277777777777778, 0.33333333333333337, 0.6363636363636364, 0.0
0.4610229276895943, 0.5, 0.0, 0.6666666666666667, 0.0
0.5241192715330645, 0.5555555555555556, 0.33333333333333337, 0.7, 0.0
0.5072350489017156, 0.5555555555555556, 0.25, 0.6363636363636364, 0.0
0.4830049261083743, 0.5, 0.19999999999999996, 0.6666666666666667, 0.0
0.5011763038548752, 0.5277777777777778, 0.25, 0.625, 0.0
0.4776623376623376, 0.5, 0.0, 0.6666666666666667, 0.0
0.4968154450913071, 0.5, 0.0, 0.6363636363636364, 0.0
0.47242747673782154, 0.5, 0.0, 0.625, 0.0
0.512151067323481, 0.5, 0.33333333333333337, 0.7, 0.0
0.49195402298850566, 0.5, 0.19999999999999996, 0.6, 0.0
0.5252139622829277, 0.5555555555555556, 0.33333333333333337, 0.6666666666666667, 0.0
0.49575309747723534, 0.5, 0.33333333333333337, 0.6363636363636364, 0.0
0.48648027898027896, 0.5, 0.25, 0.7, 0.0
0.4652777777777777, 0.5, 0.0, 0.6666666666666667, 0.0
0.533092833092833, 0.5555555555555556, 0.4, 0.6363636363636364, 0.0
0.516142290249433, 0.5, 0.33333333333333337, 0.6666666666666667, 0.0
0.496485260770975, 0.5, 0.25, 0.7272727272727273, 0.0
0.4902910052910052, 0.5, 0.0, 0.625, 0.0
0.4653667214012041, 0.5, 0.0, 0.6666666666666667, 0.0
0.5057334428024083, 0.5, 0.33333333333333337, 0.625, 0.0
0.44900278293135437, 0.5, 0.0, 0.6363636363636364, 0.0
0.510107229934816, 0.5, 0.4, 0.6363636363636364, 0.0
0.4997619047619047, 0.5, 0.0, 0.6666666666666667, 0.0
0.5056143445032333, 0.5, 0.25, 0.6, 0.0
0.4811605061605061, 0.5, 0.25, 0.6363636363636364, 0.0
0.4844827586206896, 0.5, 0.25, 0.6666666666666667, 0.0
0.4761257899188933, 0.5, 0.0, 0.7, 0.0
0.49457586064728914, 0.5555555555555556, 0.19999999999999996, 0.6666666666666667, 0.0
0.5179479524307109, 0.5555555555555556, 0.33333333333333337, 0.6363636363636364, 0.0
0.47701352145796583, 0.5, 0.25, 0.6666666666666667, 0.0
0.5200481000480999, 0.5, 0.0, 0.7, 0.0
0.47838718820861675, 0.5, 0.0, 0.6666666666666667, 0.0
0.4829581529581529, 0.5, 0.19999999999999996, 0.6363636363636364, 0.0
0.5073845598845598, 0.5, 0.33333333333333337, 0.6666666666666667, 0.0
0.48145227788084927, 0.5, 0.0, 0.6363636363636364, 0.0
0.5008503401360543, 0.5555555555555556, 0.0, 0.6666666666666667, 0.0
0.5198260073260073, 0.5, 0.4, 0.625, 0.0
0.4935882635882635, 0.5277777777777778, 0.0, 0.6363636363636364, 0.0
0.5104894179894178, 0.5555555555555556, 0.25, 0.7, 0.0
0.5083333333333332, 0.5, 0.19999999999999996, 0.6666666666666667, 0.0
0.4923496873496873, 0.5, 0.25, 0.7333333333333334, 0.0
0.48623857623857614, 0.5, 0.0, 0.6666666666666667, 0.0
0.4906179138321995, 0.5, 0.25, 0.6666666666666667, 0.0
0.5180158730158728, 0.5555555555555556, 0.25, 0.6666666666666667, 0.0
0.5207941483803552, 0.5555555555555556, 0.25, 0.6363636363636364, 0.0
0.5105755355755355, 0.5555555555555556, 0.0, 0.6666666666666667, 0.0
0.4979256854256854, 0.5, 0.25, 0.7, 0.0
0.5109556152659599, 0.5555555555555556, 0.25, 0.7, 0.0
0.4834554334554334, 0.5, 0.0, 0.6, 0.0
0.5126417233560089, 0.5555555555555556, 0.19999999999999996, 0.6666666666666667, 0.0
0.4684543851210517, 0.5, 0.0, 0.6363636363636364, 0.0
0.4884920634920634, 0.5, 0.19999999999999996, 0.6666666666666667, 0.0
0.46129770612529225, 0.5, 0.0, 0.6666666666666667, 0.0
0.5242884510125888, 0.5555555555555556, 0.33333333333333337, 0.6666666666666667, 0.0
0.5132275132275131, 0.5555555555555556, 0.33333333333333337, 0.6, 0.0
0.4862103174603174, 0.5, 0.33333333333333337, 0.625, 0.0
0.4802682436611007, 0.5, 0.25, 0.7272727272727273, 0.0
0.5029629629629628, 0.5, 0.25, 0.6666666666666667, 0.0
0.4878253433808989, 0.5, 0.19999999999999996, 0.6666666666666667, 0.0
0.5073418918246504, 0.5, 0.19999999999999996, 0.6666666666666667, 0.0
0.49724867724867716, 0.5, 0.33333333333333337, 0.6666666666666667, 0.0
0.47071995464852595, 0.5, 0.0, 0.6666666666666667, 0.0
0.48844954648526073, 0.5, 0.25, 0.6666666666666667, 0.0
0.5040510929399817, 0.5, 0.25, 0.7, 0.0
0.4907209853638424, 0.5, 0.19999999999999996, 0.6666666666666667, 0.0
0.5436636775922489, 0.5555555555555556, 0.33333333333333337, 0.6666666666666667, 0.0
0.48673774784885887, 0.5, 0.0, 0.6666666666666667, 0.0
0.4776409414340448, 0.5, 0.0, 0.7, 0.0
0.5110100627342005, 0.5, 0.33333333333333337, 0.6923076923076923, 0.0
0.5028943278943279, 0.5, 0.25, 0.6363636363636364, 0.0
0.48652210884353736, 0.5, 0.0, 0.625, 0.0
0.4965226242011956, 0.5, 0.19999999999999996, 0.6666666666666667, 0.0
0.5054181929181928, 0.5555555555555556, 0.25, 0.7, 0.0
0.47851370851370845, 0.5, 0.25, 0.6666666666666667, 0.0
0.5043315811172954, 0.5, 0.33333333333333337, 0.6363636363636364, 0.0
0.49798534798534794, 0.5555555555555556, 0.33333333333333337, 0.6, 0.0
0.5207257302084888, 0.5, 0.33333333333333337, 0.6666666666666667, 0.0
0.48349824778396205, 0.5, 0.25, 0.6363636363636364, 0.0
0.4701672335600907, 0.5, 0.0, 0.625, 0.0
0.4442710067710067, 0.5, 0.0, 0.6363636363636364, 0.0
0.49503657262277945, 0.5, 0.19999999999999996, 0.7, 0.0
0.504482657260435, 0.5, 0.25, 0.6666666666666667, 0.0
0.5124110563765736, 0.5, 0.33333333333333337, 0.625, 0.0
0.49660645867542413, 0.5, 0.33333333333333337, 0.6666666666666667, 0.0
0.49315108759553195, 0.5, 0.25, 0.6666666666666667, 0.0
0.4996031746031745, 0.5555555555555556, 0.0, 0.7, 0.0
0.49803906411049265, 0.5, 0.25, 0.6666666666666667, 0.0
0.5017930629041739, 0.5, 0.25, 0.6666666666666667, 0.0
0.49076354679802947, 0.5, 0.25, 0.6666666666666667, 0.0
0.49494949494949486, 0.5555555555555556, 0.0, 0.6666666666666667, 0.0
0.47164368553257446, 0.5, 0.0, 0.6666666666666667, 0.0
0.5096506941334527, 0.5, 0.25, 0.6666666666666667, 0.0
0.5123389507318078, 0.5277777777777778, 0.0, 0.6666666666666667, 0.0
0.5203239289446185, 0.5555555555555556, 0.19999999999999996, 0.6666666666666667, 0.0
0.4884426273315161, 0.5, 0.25, 0.6666666666666667, 0.0
0.547766019988242, 0.5555555555555556, 0.4, 0.6666666666666667, 0.0
0.527384960718294, 0.5, 0.33333333333333337, 0.7, 0.0
0.5192039442039441, 0.5, 0.33333333333333337, 0.6666666666666667, 0.0
0.5109567099567099, 0.5, 0.33333333333333337, 0.6363636363636364, 0.0
0.4928384833557247, 0.5, 0.25, 0.7, 0.0
0.4938050455291834, 0.5, 0.19999999999999996, 0.6666666666666667, 0.0
0.47535430839002263, 0.5, 0.0, 0.625, 0.0
0.5149922874060804, 0.5, 0.4, 0.6363636363636364, 0.0
0.476600529100529, 0.5, 0.0, 0.6666666666666667, 0.0
0.4921045429666119, 0.5, 0.0, 0.7, 0.0
0.5157453657453657, 0.5555555555555556, 0.19999999999999996, 0.6363636363636364, 0.0
0.4959970071081181, 0.5, 0.0, 0.6363636363636364, 0.0
0.47197094093645814, 0.5, 0.19999999999999996, 0.6666666666666667, 0.0
0.5195697306808417, 0.5555555555555556, 0.19999999999999996, 0.6923076923076923, 0.0
0.47055742611298157, 0.5, 0.0, 0.7272727272727273, 0.0
0.46526251526251516, 0.5, 0.0, 0.6, 0.0
0.49568645640074205, 0.5277777777777778, 0.19999999999999996, 0.6666666666666667, 0.0
0.4680897646414887, 0.5, 0.19999999999999996, 0.6, 0.0
0.5155719759168034, 0.5555555555555556, 0.25, 0.6666666666666667, 0.0
