0.40804232804232804, 0.4642857142857143, 0.0, 0.7, 0.0
0.4558390022675737, 0.5, 0.25, 0.6, 0.0
0.4534603174603174, 0.5, 0.0, 0.7, 0.0
0.4066431510875955, 0.5, 0.0, 0.6, 0.0
0.46898883009994113, 0.5, 0.25, 0.6, 0.0
0.4792465471036899, 0.5, 0.25, 0.6666666666666667, 0.0
0.41876503126503123, 0.5, 0.0, 0.6363636363636364, 0.0
0.4770251778872468, 0.5, 0.25, 0.6666666666666667, 0.0
0.4543083900226757, 0.4285714285714286, 0.25, 0.6, 0.0
0.4834078884078884, 0.5, 0.25, 0.6363636363636364, 0.0
0.4645975056689342, 0.5, 0.0, 0.6, 0.0
0.36633597883597885, 0.4285714285714286, 0.0, 0.625, 0.0
0.4328939909297052, 0.5, 0.0, 0.625, 0.0
0.4547325102880658, 0.5, 0.0, 0.625, 0.0
0.4253781658954073, 0.5, 0.0, 0.6363636363636364, 0.0
0.43679138321995464, 0.5, 0.0, 0.5555555555555556, 0.0
0.4483579638752052, 0.5, 0.0, 0.6, 0.0
0.45478927203065134, 0.5, 0.19999999999999996, 0.625, 0.0
0.41161081716637277, 0.4285714285714286, 0.0, 0.6, 0.0
0.3764126984126985, 0.4285714285714286, 0.0, 0.5714285714285714, 0.0
0.45874433106575957, 0.5, 0.0, 0.625, 0.0
0.4027597402597403, 0.4285714285714286, 0.0, 0.6363636363636364, 0.0
0.5038587848932675, 0.5, 0.25, 0.6666666666666667, 0.0
0.44204483256207394, 0.5, 0.0, 0.6363636363636364, 0.0
0.4132275132275132, 0.4285714285714286, 0.0, 0.6666666666666667, 0.0
0.39782587782587786, 0.4285714285714286, 0.0, 0.6363636363636364, 0.0
0.44069779426922284, 0.4642857142857143, 0.0, 0.6363636363636364, 0.0
0.439010989010989, 0.5, 0.0, 0.6, 0.0
0.4712962962962962, 0.5, 0.0, 0.625, 0.0
0.41624149659863946, 0.4285714285714286, 0.0, 0.6, 0.0
0.4694925444925445, 0.5, 0.25, 0.6363636363636364, 0.0
0.48067870826491516, 0.5, 0.33333333333333337, 0.6666666666666667, 0.0
0.4595804988662131, 0.5, 0.0, 0.6, 0.0
0.46531452087007635, 0.5, 0.0, 0.6666666666666667, 0.0
0.43388278388278384, 0.4285714285714286, 0.0, 0.6, 0.0
0.45325396825396824, 0.5, 0.25, 0.625, 0.0
0.42405372405372405, 0.4285714285714286, 0.0, 0.6, 0.0
0.4733990147783251, 0.5, 0.33333333333333337, 0.5714285714285714, 0.0
0.4918670835337502, 0.5, 0.33333333333333337, 0.6666666666666667, 0.0
0.4293240284619595, 0.5, 0.0, 0.625, 0.0
0.41696770662287896, 0.4285714285714286, 0.0, 0.6, 0.0
0.4712815990593768, 0.5, 0.25, 0.5555555555555556, 0.0
0.4693623426382047, 0.5, 0.0, 0.7, 0.0
0.4580904280904281, 0.4642857142857143, 0.19999999999999996, 0.6363636363636364, 0.0
0.44488232074438966, 0.5, 0.0, 0.6666666666666667, 0.0
0.47960927960927957, 0.5, 0.19999999999999996, 0.6, 0.0
0.41193212917350847, 0.4285714285714286, 0.0, 0.6, 0.0
0.45357142857142857, 0.5, 0.0, 0.625, 0.0
0.45355138688472024, 0.5, 0.0, 0.6363636363636364, 0.0
0.43638095238095237, 0.5, 0.0, 0.5555555555555556, 0.0
0.43868363437328955, 0.5, 0.0, 0.625, 0.0
0.4504761904761904, 0.5, 0.0, 0.6666666666666667, 0.0
0.45190476190476186, 0.4642857142857143, 0.19999999999999996, 0.6666666666666667, 0.0
0.43012820512820515, 0.4285714285714286, 0.0, 0.6666666666666667, 0.0
0.41582010582010576, 0.4285714285714286, 0.0, 0.6, 0.0
0.458068783068783, 0.5, 0.0, 0.6, 0.0
0.43289545703338805, 0.4285714285714286, 0.0, 0.6, 0.0
0.4616261133502513, 0.5, 0.0, 0.6363636363636364, 0.0
0.4634186694531522, 0.5, 0.25, 0.6363636363636364, 0.0
0.424546485260771, 0.4285714285714286, 0.0, 0.6, 0.0
0.41397707231040565, 0.4285714285714286, 0.0, 0.625, 0.0
0.42804121166190134, 0.4285714285714286, 0.0, 0.6923076923076923, 0.0
0.4013521457965902, 0.4285714285714286, 0.0, 0.6666666666666667, 0.0
0.4175150519978105, 0.5, 0.0, 0.6666666666666667, 0.0
0.44891240446796, 0.5, 0.0, 0.6, 0.0
0.4670908593322386, 0.5, 0.0, 0.625, 0.0
0.47465790914066774, 0.5, 0.33333333333333337, 0.6, 0.0
0.42339901477832514, 0.4285714285714286, 0.0, 0.6666666666666667, 0.0
0.4070333880678708, 0.4285714285714286, 0.0, 0.6, 0.0
0.4369141146918925, 0.4285714285714286, 0.25, 0.6363636363636364, 0.0
0.4315544608648057, 0.5, 0.0, 0.6, 0.0
0.4701149425287356, 0.5, 0.25, 0.6666666666666667, 0.0
0.4238095238095239, 0.4285714285714286, 0.25, 0.5555555555555556, 0.0
0.41970443349753694, 0.4285714285714286, 0.0, 0.6, 0.0
0.48339212228101114, 0.5, 0.25, 0.6666666666666667, 0.0
0.45939153439153435, 0.5, 0.25, 0.6666666666666667, 0.0
0.4591836734693877, 0.5, 0.0, 0.6, 0.0
0.4328174603174603, 0.4642857142857143, 0.0, 0.6666666666666667, 0.0
0.46864581778374875, 0.5, 0.0, 0.6363636363636364, 0.0
0.4560481663929939, 0.5, 0.0, 0.6666666666666667, 0.0
0.4779488001710223, 0.5, 0.0, 0.6666666666666667, 0.0
0.4214785214785215, 0.5, 0.0, 0.6363636363636364, 0.0
0.4697236919459141, 0.5, 0.33333333333333337, 0.6, 0.0
0.46017573696145125, 0.5, 0.25, 0.6, 0.0
0.422562358276644, 0.4642857142857143, 0.0, 0.6, 0.0
0.4245502645502645, 0.5, 0.0, 0.6, 0.0
0.46416361416361407, 0.5, 0.0, 0.6666666666666667, 0.0
0.45604816639299395, 0.5, 0.25, 0.6666666666666667, 0.0
0.44865079365079363, 0.5, 0.19999999999999996, 0.6, 0.0
0.4743284493284493, 0.5, 0.25, 0.6, 0.0
0.4572249589490968, 0.5, 0.25, 0.6, 0.0
0.43847837985769017, 0.4285714285714286, 0.19999999999999996, 0.6666666666666667, 0.0
0.46995550745550746, 0.5, 0.25, 0.6363636363636364, 0.0
0.44007936507936507, 0.5, 0.0, 0.6, 0.0
0.4738008160421953, 0.5, 0.25, 0.7272727272727273, 0.0
0.48127581231029504, 0.5, 0.33333333333333337, 0.6363636363636364, 0.0
0.42225056689342405, 0.4285714285714286, 0.0, 0.6666666666666667, 0.0
0.43992063492063493, 0.5, 0.0, 0.6, 0.0
0.44337301587301586, 0.4285714285714286, 0.0, 0.6666666666666667, 0.0
0.44426807760141085, 0.5, 0.0, 0.6666666666666667, 0.0
0.4061576354679802, 0.5, 0.0, 0.6, 0.0
0.44195767195767194, 0.4285714285714286, 0.25, 0.6666666666666667, 0.0
0.4279336734693878, 0.4285714285714286, 0.0, 0.625, 0.0
0.47761357416529826, 0.5, 0.0, 0.6, 0.0
0.43784126984126975, 0.4285714285714286, 0.19999999999999996, 0.6, 0.0
0.44329365079365074, 0.5, 0.0, 0.625, 0.0
0.4480746619635508, 0.5, 0.0, 0.625, 0.0
0.4540858318636096, 0.5, 0.0, 0.6, 0.0
0.4615226337448559, 0.5, 0.0, 0.6, 0.0
0.4958059430281652, 0.5, 0.25, 0.6666666666666667, 0.0
0.4327664399092971, 0.4285714285714286, 0.19999999999999996, 0.5555555555555556, 0.0
0.4209699031127602, 0.5, 0.0, 0.6363636363636364, 0.0
0.4621115921115921, 0.5, 0.19999999999999996, 0.6363636363636364, 0.0
0.4556776556776556, 0.5, 0.25, 0.6, 0.0
0.4582624716553288, 0.4642857142857143, 0.25, 0.625, 0.0
0.46631089217296107, 0.5, 0.0, 0.6666666666666667, 0.0
0.4765295815295814, 0.5, 0.0, 0.6666666666666667, 0.0
0.4572660098522167, 0.5, 0.0, 0.625, 0.0
0.47184858792001644, 0.5, 0.0, 0.6363636363636364, 0.0
0.4575396825396825, 0.5, 0.0, 0.6, 0.0
0.44554411106135244, 0.5, 0.0, 0.7272727272727273, 0.0
0.40391534391534395, 0.4285714285714286, 0.0, 0.5714285714285714, 0.0
0.4397354497354497, 0.5, 0.0, 0.6, 0.0
0.4628571428571428, 0.5, 0.25, 0.6, 0.0
0.4417124542124542, 0.4285714285714286, 0.0, 0.625, 0.0
0.4639025725232621, 0.5, 0.25, 0.6, 0.0
0.47826043688112646, 0.5, 0.0, 0.6363636363636364, 0.0
0.450907029478458, 0.4642857142857143, 0.25, 0.6, 0.0
0.4443121693121693, 0.4285714285714286, 0.0, 0.625, 0.0
0.43110149110149115, 0.4642857142857143, 0.0, 0.6363636363636364, 0.0
0.4045787545787546, 0.4285714285714286, 0.0, 0.6, 0.0
0.4373015873015873, 0.4285714285714286, 0.0, 0.5714285714285714, 0.0
0.42468820861678, 0.4642857142857143, 0.0, 0.6, 0.0
0.4641581632653061, 0.5, 0.25, 0.625, 0.0
0.47439960832817973, 0.5, 0.25, 0.6363636363636364, 0.0
0.4166256157635468, 0.4285714285714286, 0.0, 0.625, 0.0
0.4441798941798941, 0.5, 0.0, 0.6666666666666667, 0.0
0.4169784580498866, 0.4642857142857143, 0.0, 0.6666666666666667, 0.0
0.4631540270429159, 0.5, 0.0, 0.625, 0.0
0.460632183908046, 0.5, 0.33333333333333337, 0.625, 0.0
0.4541208791208791, 0.5, 0.0, 0.5714285714285714, 0.0
0.442624521072797, 0.5, 0.0, 0.625, 0.0
0.47182024324881466, 0.5, 0.33333333333333337, 0.6666666666666667, 0.0
0.4574314574314574, 0.5, 0.0, 0.6363636363636364, 0.0
0.44968253968253963, 0.5, 0.0, 0.6, 0.0
0.4354875283446712, 0.4642857142857143, 0.0, 0.6, 0.0
0.385062358276644, 0.4285714285714286, 0.0, 0.5555555555555556, 0.0
0.4221655328798186, 0.4285714285714286, 0.0, 0.7, 0.0
0.439367816091954, 0.4285714285714286, 0.0, 0.625, 0.0
0.42833333333333334, 0.4285714285714286, 0.0, 0.5555555555555556, 0.0
0.4624926513815403, 0.5, 0.19999999999999996, 0.625, 0.0
0.4820744389709906, 0.5, 0.0, 0.6666666666666667, 0.0
0.4482993197278911, 0.5, 0.0, 0.6666666666666667, 0.0
0.45871598639455774, 0.5, 0.0, 0.625, 0.0
0.4188124632569077, 0.5, 0.0, 0.6, 0.0
0.4455873015873015, 0.5, 0.0, 0.6, 0.0
0.42643678160919535, 0.5, 0.0, 0.5714285714285714, 0.0
0.4366005291005291, 0.4642857142857143, 0.0, 0.6666666666666667, 0.0
0.42196712018140586, 0.4285714285714286, 0.0, 0.625, 0.0
0.4638067870826491, 0.5, 0.25, 0.625, 0.0
0.48296387520525447, 0.5, 0.25, 0.625, 0.0
0.4602200577200577, 0.5, 0.0, 0.6363636363636364, 0.0
0.39592490842490846, 0.4285714285714286, 0.0, 0.625, 0.0
0.45575396825396824, 0.4285714285714286, 0.25, 0.6, 0.0
0.46664862914862915, 0.5, 0.25, 0.6363636363636364, 0.0
0.41657088122605357, 0.5, 0.0, 0.625, 0.0
0.46962233169129713, 0.5, 0.0, 0.6, 0.0
0.4697180391624836, 0.5, 0.19999999999999996, 0.6923076923076923, 0.0
0.46990968801313626, 0.5, 0.0, 0.625, 0.0
0.4514417989417989, 0.5, 0.0, 0.625, 0.0
0.4523412698412698, 0.5, 0.0, 0.625, 0.0
0.46013321995464856, 0.5, 0.0, 0.6666666666666667, 0.0
0.4755473453749316, 0.5, 0.25, 0.625, 0.0
0.41893424036281174, 0.4642857142857143, 0.0, 0.5555555555555556, 0.0
0.4012588943623427, 0.4285714285714286, 0.0, 0.5714285714285714, 0.0
0.4410493827160494, 0.4285714285714286, 0.0, 0.625, 0.0
0.4647619047619047, 0.5, 0.19999999999999996, 0.6666666666666667, 0.0
0.44648010719439285, 0.4642857142857143, 0.0, 0.6363636363636364, 0.0
0.47835097001763666, 0.5, 0.0, 0.625, 0.0
0.4617437126365697, 0.5, 0.25, 0.6666666666666667, 0.0
0.46387520525451553, 0.5, 0.19999999999999996, 0.6666666666666667, 0.0
0.4461548987411057, 0.4285714285714286, 0.0, 0.625, 0.0
0.4620890022675736, 0.5, 0.19999999999999996, 0.6666666666666667, 0.0
0.47012471655328797, 0.5, 0.25, 0.6, 0.0
0.4303113553113554, 0.4285714285714286, 0.25, 0.5714285714285714, 0.0
0.4517715419501133, 0.5, 0.0, 0.625, 0.0
0.48705528188286806, 0.5, 0.0, 0.625, 0.0
0.44034863945578234, 0.4642857142857143, 0.19999999999999996, 0.625, 0.0
0.40271164021164024, 0.4285714285714286, 0.0, 0.5555555555555556, 0.0
0.4708994708994709, 0.5, 0.0, 0.6, 0.0
0.436931216931217, 0.5, 0.19999999999999996, 0.5714285714285714, 0.0
0.4667124542124542, 0.5, 0.25, 0.6666666666666667, 0.0
0.4589517625231911, 0.5, 0.0, 0.6363636363636364, 0.0
0.45415931804820686, 0.5, 0.19999999999999996, 0.6666666666666667, 0.0
0.47796201814058953, 0.5, 0.25, 0.625, 0.0
0.44428024083196493, 0.5, 0.0, 0.6666666666666667, 0.0
0.47922799422799417, 0.5, 0.25, 0.6363636363636364, 0.0
0.4288548752834466, 0.5, 0.0, 0.6666666666666667, 0.0
0.4339627805145046, 0.5, 0.25, 0.6, 0.0
0.44349206349206344, 0.5, 0.0, 0.6, 0.0
