0.4526409414340449, 0.5, 0.0, 0.625, 0.0
0.4797161172161172, 0.5, 0.33333333333333337, 0.6666666666666667, 0.0
0.4900946275946275, 0.5, 0.19999999999999996, 0.6666666666666667, 0.0
0.4317166372721928, 0.5, 0.0, 0.6666666666666667, 0.0
0.46434240362811785, 0.5, 0.0, 0.6, 0.0
0.4913832199546485, 0.5, 0.33333333333333337, 0.7, 0.0
0.45569291819291824, 0.4285714285714286, 0.25, 0.625, 0.0
0.453968253968254, 0.4285714285714286, 0.25, 0.6, 0.0
0.4780240831964969, 0.5, 0.0, 0.6666666666666667, 0.0
0.44614932392710166, 0.5, 0.0, 0.6, 0.0
0.43124338624338626, 0.4285714285714286, 0.0, 0.5555555555555556, 0.0
0.44294532627865957, 0.5, 0.0, 0.6, 0.0
0.4667077175697866, 0.5, 0.0, 0.625, 0.0
0.4776272577996716, 0.5, 0.25, 0.6666666666666667, 0.0
0.4418367346938776, 0.4285714285714286, 0.25, 0.5555555555555556, 0.0
0.45270935960591124, 0.5, 0.0, 0.6666666666666667, 0.0
0.46659035409035404, 0.5, 0.19999999999999996, 0.6666666666666667, 0.0
0.42358276643990933, 0.4285714285714286, 0.0, 0.6666666666666667, 0.0
0.4069370958259848, 0.4285714285714286, 0.0, 0.6, 0.0
0.4879120879120879, 0.5, 0.33333333333333337, 0.6, 0.0
0.4299036281179139, 0.5, 0.0, 0.6, 0.0
0.42768199233716475, 0.5, 0.0, 0.625, 0.0
0.4524444444444444, 0.5, 0.0, 0.6, 0.0
0.4470899470899471, 0.5, 0.0, 0.6, 0.0
0.41464947089947096, 0.4642857142857143, 0.0, 0.5555555555555556, 0.0
0.47453231292517006, 0.4642857142857143, 0.33333333333333337, 0.625, 0.0
0.4118480725623583, 0.4285714285714286, 0.0, 0.6, 0.0
0.4667800453514738, 0.5, 0.0, 0.6666666666666667, 0.0
0.42775041050903123, 0.4285714285714286, 0.0, 0.6, 0.0
0.4376299945265462, 0.5, 0.0, 0.6, 0.0
0.47297178130511464, 0.5, 0.25, 0.625, 0.0
0.4254818594104308, 0.4642857142857143, 0.0, 0.6, 0.0
0.46940339354132454, 0.4285714285714286, 0.33333333333333337, 0.6666666666666667, 0.0
0.4675028344671201, 0.5, 0.25, 0.625, 0.0
0.4480011757789535, 0.5, 0.0, 0.6, 0.0
0.45097153804050355, 0.5, 0.0, 0.625, 0.0
0.47599890530925015, 0.5, 0.19999999999999996, 0.6, 0.0
0.43396278051450465, 0.4285714285714286, 0.19999999999999996, 0.5555555555555556, 0.0
0.47846854791299237, 0.5, 0.33333333333333337, 0.625, 0.0
0.46028272139383253, 0.5, 0.0, 0.7142857142857143, 0.0
0.4764652014652014, 0.5, 0.19999999999999996, 0.6, 0.0
0.4825113378684807, 0.5, 0.25, 0.7, 0.0
0.4530570252792475, 0.4285714285714286, 0.25, 0.6, 0.0
0.4664474414474415, 0.4285714285714286, 0.25, 0.6363636363636364, 0.0
0.4547345374931582, 0.5, 0.0, 0.6, 0.0
0.4232709750566893, 0.5, 0.0, 0.6, 0.0
0.4055645743145743, 0.4285714285714286, 0.0, 0.6363636363636364, 0.0
0.4308913308913309, 0.4642857142857143, 0.0, 0.5714285714285714, 0.0
0.42434807256235824, 0.5, 0.0, 0.6, 0.0
0.4671866447728517, 0.5, 0.19999999999999996, 0.625, 0.0
0.461984126984127, 0.5, 0.25, 0.5714285714285714, 0.0
0.42230432402846196, 0.4285714285714286, 0.0, 0.6666666666666667, 0.0
0.44523809523809527, 0.5, 0.0, 0.6666666666666667, 0.0
0.4166383219954649, 0.4642857142857143, 0.0, 0.5555555555555556, 0.0
0.4254578754578755, 0.4285714285714286, 0.0, 0.5714285714285714, 0.0
0.430570252792475, 0.4285714285714286, 0.25, 0.7, 0.0
0.46432823129251694, 0.5, 0.0, 0.625, 0.0
0.43486394557823127, 0.4642857142857143, 0.0, 0.6666666666666667, 0.0
0.46408730158730155, 0.5, 0.0, 0.6666666666666667, 0.0
0.48221371882086167, 0.5, 0.25, 0.625, 0.0
0.4384510125889436, 0.5, 0.0, 0.6, 0.0
0.4560286935286935, 0.4642857142857143, 0.33333333333333337, 0.625, 0.0
0.4355774493705528, 0.4285714285714286, 0.0, 0.5714285714285714, 0.0
0.43895730706075536, 0.4285714285714286, 0.0, 0.625, 0.0
0.4509523809523809, 0.5, 0.0, 0.6, 0.0
0.42997002997003, 0.5, 0.0, 0.6363636363636364, 0.0
0.47279693486590035, 0.5, 0.33333333333333337, 0.6, 0.0
0.45050264550264546, 0.5, 0.0, 0.6666666666666667, 0.0
0.46286375661375656, 0.5, 0.25, 0.6666666666666667, 0.0
0.4454232804232804, 0.5, 0.19999999999999996, 0.6, 0.0
0.4537037037037036, 0.5, 0.0, 0.6666666666666667, 0.0
0.47930839002267567, 0.5, 0.33333333333333337, 0.6, 0.0
0.4681171319102353, 0.5, 0.19999999999999996, 0.6, 0.0
0.45690770135214576, 0.5, 0.0, 0.6666666666666667, 0.0
0.43375334982477837, 0.5, 0.0, 0.6363636363636364, 0.0
0.4373015873015873, 0.4285714285714286, 0.19999999999999996, 0.5714285714285714, 0.0
0.4654761904761905, 0.5, 0.0, 0.625, 0.0
0.44469429747207523, 0.5, 0.0, 0.625, 0.0
0.46596119929453256, 0.5, 0.0, 0.6, 0.0
0.47217970521541947, 0.5, 0.25, 0.625, 0.0
0.42260536398467435, 0.4285714285714286, 0.0, 0.6, 0.0
0.46412151067323476, 0.5, 0.19999999999999996, 0.75, 0.0
0.4489795918367347, 0.4642857142857143, 0.25, 0.6, 0.0
0.44090136054421775, 0.4285714285714286, 0.0, 0.6, 0.0
0.47186644772851666, 0.5, 0.33333333333333337, 0.5714285714285714, 0.0
0.4393162393162394, 0.4285714285714286, 0.19999999999999996, 0.6, 0.0
0.4807936507936507, 0.5, 0.33333333333333337, 0.6, 0.0
0.4419108669108669, 0.5, 0.0, 0.6, 0.0
0.43619047619047613, 0.5, 0.0, 0.6, 0.0
0.4664902998236331, 0.5, 0.0, 0.6666666666666667, 0.0
0.44581807081807084, 0.5, 0.25, 0.5714285714285714, 0.0
0.4674414210128496, 0.5, 0.25, 0.625, 0.0
0.43072562358276645, 0.4285714285714286, 0.0, 0.6, 0.0
0.44850088183421516, 0.5, 0.0, 0.6, 0.0
0.4428024083196497, 0.5, 0.0, 0.6666666666666667, 0.0
0.4565255731922398, 0.5, 0.19999999999999996, 0.6, 0.0
0.48089764641488775, 0.5, 0.19999999999999996, 0.6, 0.0
0.4326762523191095, 0.4285714285714286, 0.0, 0.6363636363636364, 0.0
0.40047892720306505, 0.5, 0.0, 0.625, 0.0
0.4359075448361163, 0.5, 0.0, 0.6363636363636364, 0.0
0.4372134038800706, 0.5, 0.19999999999999996, 0.6, 0.0
0.4251505199781062, 0.4285714285714286, 0.0, 0.6666666666666667, 0.0
0.467095238095238, 0.5, 0.0, 0.6666666666666667, 0.0
0.4330393885949441, 0.5, 0.0, 0.6, 0.0
0.4894789734075448, 0.5, 0.25, 0.6363636363636364, 0.0
0.4541331684188827, 0.5, 0.0, 0.6363636363636364, 0.0
0.4552818828680897, 0.5, 0.0, 0.6, 0.0
0.47379482657260436, 0.5, 0.19999999999999996, 0.6666666666666667, 0.0
0.42599890530925016, 0.5, 0.0, 0.5714285714285714, 0.0
0.4322933771209633, 0.5, 0.0, 0.6666666666666667, 0.0
0.44497354497354497, 0.5, 0.0, 0.6, 0.0
0.43589065255731924, 0.5, 0.19999999999999996, 0.6666666666666667, 0.0
0.4640589569160997, 0.5, 0.0, 0.6666666666666667, 0.0
0.41557907113462667, 0.4285714285714286, 0.0, 0.6, 0.0
0.44875283446712017, 0.5, 0.0, 0.6, 0.0
0.48797313797313796, 0.5, 0.33333333333333337, 0.6, 0.0
0.4785714285714286, 0.5, 0.33333333333333337, 0.6666666666666667, 0.0
0.47902704291593173, 0.5, 0.0, 0.7, 0.0
0.4456496178718401, 0.5, 0.0, 0.6, 0.0
0.4352988008160422, 0.4285714285714286, 0.0, 0.6363636363636364, 0.0
0.45520683020683017, 0.5, 0.0, 0.6363636363636364, 0.0
0.48351122058018603, 0.5, 0.0, 0.6666666666666667, 0.0
0.4481575963718821, 0.5, 0.25, 0.6, 0.0
0.44344722737579884, 0.4642857142857143, 0.25, 0.6363636363636364, 0.0
0.40929800652022874, 0.4285714285714286, 0.0, 0.6363636363636364, 0.0
0.44438339438339436, 0.4285714285714286, 0.0, 0.6666666666666667, 0.0
0.4506172839506173, 0.4285714285714286, 0.0, 0.6, 0.0
0.41860670194003535, 0.4285714285714286, 0.0, 0.6, 0.0
0.42888888888888893, 0.4285714285714286, 0.0, 0.5714285714285714, 0.0
0.4609053497942387, 0.5, 0.33333333333333337, 0.6, 0.0
0.47007642563198115, 0.5, 0.0, 0.6, 0.0
0.44353741496598637, 0.5, 0.0, 0.6, 0.0
0.4497252747252747, 0.5, 0.19999999999999996, 0.7142857142857143, 0.0
0.456043956043956, 0.5, 0.0, 0.5714285714285714, 0.0
0.40862068965517245, 0.4285714285714286, 0.0, 0.6, 0.0
0.444968200523756, 0.5, 0.0, 0.6363636363636364, 0.0
0.3959183673469388, 0.4285714285714286, 0.0, 0.5714285714285714, 0.0
0.4901477832512315, 0.5, 0.33333333333333337, 0.6, 0.0
0.4645396825396825, 0.5, 0.25, 0.6, 0.0
0.4323979591836734, 0.5, 0.0, 0.5555555555555556, 0.0
0.46080586080586083, 0.5, 0.19999999999999996, 0.5714285714285714, 0.0
0.43703231292517003, 0.5, 0.0, 0.625, 0.0
0.45158730158730154, 0.5, 0.0, 0.6, 0.0
0.4267290249433107, 0.4285714285714286, 0.19999999999999996, 0.5555555555555556, 0.0
0.4430188124632569, 0.5, 0.0, 0.6666666666666667, 0.0
0.46693121693121686, 0.5, 0.19999999999999996, 0.6, 0.0
0.489606524427953, 0.5, 0.33333333333333337, 0.6363636363636364, 0.0
0.47486772486772477, 0.5, 0.19999999999999996, 0.6, 0.0
0.431957671957672, 0.4642857142857143, 0.0, 0.6, 0.0
0.42522045855379187, 0.5, 0.0, 0.6, 0.0
0.4535095856524428, 0.4285714285714286, 0.33333333333333337, 0.6363636363636364, 0.0
0.4373157596371883, 0.4642857142857143, 0.19999999999999996, 0.625, 0.0
0.4254603174603174, 0.5, 0.0, 0.7, 0.0
0.4600340136054422, 0.5, 0.0, 0.6, 0.0
0.4576131687242799, 0.5, 0.33333333333333337, 0.5555555555555556, 0.0
0.4612942612942613, 0.5, 0.33333333333333337, 0.6, 0.0
0.42901587301587296, 0.5, 0.0, 0.5555555555555556, 0.0
0.4182208994708995, 0.4285714285714286, 0.0, 0.5555555555555556, 0.0
0.4567186644772852, 0.5, 0.19999999999999996, 0.625, 0.0
0.41675925925925933, 0.4642857142857143, 0.0, 0.625, 0.0
0.42739564961787185, 0.5, 0.0, 0.6, 0.0
0.45851905296349743, 0.5, 0.19999999999999996, 0.6363636363636364, 0.0
0.42125850340136056, 0.4285714285714286, 0.0, 0.6, 0.0
0.46147854203409755, 0.5, 0.25, 0.625, 0.0
0.44544385655496765, 0.5, 0.0, 0.6, 0.0
0.41611721611721614, 0.5, 0.0, 0.6, 0.0
0.4177248677248677, 0.4642857142857143, 0.0, 0.6, 0.0
0.4733579638752053, 0.5, 0.25, 0.625, 0.0
0.46172161172161164, 0.5, 0.0, 0.6666666666666667, 0.0
0.442920634920635, 0.5, 0.0, 0.5555555555555556, 0.0
0.46875386518243667, 0.5, 0.33333333333333337, 0.6363636363636364, 0.0
0.42183908045977014, 0.4285714285714286, 0.0, 0.5555555555555556, 0.0
0.48447971781305105, 0.5, 0.0, 0.6, 0.0
0.43579712468601356, 0.5, 0.0, 0.6363636363636364, 0.0
0.44328133552271487, 0.4285714285714286, 0.0, 0.625, 0.0
0.43788947677836565, 0.5, 0.0, 0.6666666666666667, 0.0
0.4361932129173508, 0.5, 0.0, 0.625, 0.0
0.4634332745443856, 0.5, 0.0, 0.6, 0.0
0.4607568027210884, 0.5, 0.0, 0.625, 0.0
0.39333900226757373, 0.4642857142857143, 0.0, 0.6, 0.0
0.4257326007326008, 0.4285714285714286, 0.0, 0.5714285714285714, 0.0
0.47010582010582, 0.5, 0.25, 0.6666666666666667, 0.0
0.4371546149323927, 0.5, 0.0, 0.6, 0.0
0.4256660997732426, 0.4285714285714286, 0.0, 0.625, 0.0
0.43174603174603166, 0.5, 0.0, 0.6666666666666667, 0.0
0.481305114638448, 0.5, 0.4, 0.6, 0.0
0.4527167277167277, 0.4642857142857143, 0.25, 0.6, 0.0
0.47746598639455773, 0.5, 0.25, 0.6, 0.0
0.48206937095825986, 0.5, 0.33333333333333337, 0.6, 0.0
0.4487830687830688, 0.5, 0.0, 0.6, 0.0
0.46654456654456655, 0.5, 0.19999999999999996, 0.6, 0.0
0.3781462585034014, 0.4285714285714286, 0.0, 0.5, 0.0
0.44470390720390723, 0.4642857142857143, 0.19999999999999996, 0.625, 0.0
0.44250793650793646, 0.5, 0.0, 0.625, 0.0
0.4390064667842445, 0.5, 0.0, 0.6, 0.0
0.4514739229024943, 0.5, 0.25, 0.6666666666666667, 0.0
0.44388594944150495, 0.5, 0.0, 0.625, 0.0
0.48110500610500606, 0.5, 0.25, 0.6, 0.0
0.4728327228327228, 0.5, 0.0, 0.6666666666666667, 0.0
0.4510770975056689, 0.5, 0.0, 0.625, 0.0
