0.4630050505050504, 0.5, 0.25, 0.6666666666666667, 0.0
0.4684009406231628, 0.5, 0.0, 0.6666666666666667, 0.0
0.44793083900226754, 0.5, 0.0, 0.6, 0.0
0.5181637806637805, 0.5277777777777778, 0.25, 0.6363636363636364, 0.0
0.4828128220985364, 0.5, 0.25, 0.6363636363636364, 0.0
0.4456759715380404, 0.5, 0.0, 0.6, 0.0
0.46811660561660556, 0.5, 0.0, 0.625, 0.0
0.4603174603174603, 0.5, 0.0, 0.7, 0.0
0.5011784511784511, 0.5, 0.25, 0.6666666666666667, 0.0
0.4452020202020202, 0.5, 0.0, 0.6363636363636364, 0.0
0.4835884353741496, 0.5, 0.0, 0.6666666666666667, 0.0
0.49102353585112196, 0.5, 0.0, 0.7, 0.0
0.468004218004218, 0.5, 0.25, 0.6363636363636364, 0.0
0.46938260152545863, 0.5, 0.0, 0.6666666666666667, 0.0
0.47469896004378753, 0.5, 0.0, 0.625, 0.0
0.5066084121639677, 0.5, 0.25, 0.7, 0.0
0.44904467960023514, 0.5, 0.0, 0.625, 0.0
0.4883949383949383, 0.5, 0.19999999999999996, 0.6363636363636364, 0.0
0.4547345374931582, 0.4285714285714286, 0.0, 0.6, 0.0
0.45823026180169035, 0.5, 0.0, 0.75, 0.0
0.4519081117295403, 0.5, 0.0, 0.6363636363636364, 0.0
0.4793503821281598, 0.5, 0.0, 0.7, 0.0
0.4820578231292516, 0.5, 0.0, 0.6, 0.0
0.460794166151309, 0.5, 0.25, 0.6363636363636364, 0.0
0.46148255037143926, 0.5, 0.19999999999999996, 0.6363636363636364, 0.0
0.4815883704772594, 0.5, 0.33333333333333337, 0.6363636363636364, 0.0
0.4817989417989417, 0.5, 0.0, 0.6666666666666667, 0.0
0.4859935332157554, 0.5, 0.25, 0.6666666666666667, 0.0
0.5026915113871635, 0.5, 0.33333333333333337, 0.6666666666666667, 0.0
0.47840975896531446, 0.5, 0.0, 0.7, 0.0
0.5094143404488232, 0.5, 0.33333333333333337, 0.6666666666666667, 0.0
0.47765022675736957, 0.5, 0.25, 0.625, 0.0
0.45289432789432793, 0.4642857142857143, 0.0, 0.6363636363636364, 0.0
0.5206573120366224, 0.5, 0.33333333333333337, 0.6666666666666667, 0.0
0.4737103174603174, 0.5, 0.0, 0.6666666666666667, 0.0
0.48175473951336023, 0.5, 0.0, 0.8, 0.0
0.46414381914381914, 0.5, 0.0, 0.75, 0.0
0.44623202468030054, 0.5, 0.0, 0.7142857142857143, 0.0
0.4862051638837353, 0.5, 0.0, 0.6666666666666667, 0.0
0.4926535765821479, 0.5277777777777778, 0.19999999999999996, 0.6666666666666667, 0.0
0.49533730158730144, 0.5, 0.19999999999999996, 0.6666666666666667, 0.0
0.4496598639455782, 0.5, 0.19999999999999996, 0.6, 0.0
0.47549989692846834, 0.5, 0.25, 0.6363636363636364, 0.0
0.46680323644609356, 0.5, 0.19999999999999996, 0.6363636363636364, 0.0
0.43930041152263366, 0.5, 0.0, 0.6, 0.0
0.521079846079846, 0.5555555555555556, 0.33333333333333337, 0.6363636363636364, 0.0
0.4361939500828389, 0.5, 0.0, 0.6666666666666667, 0.0
0.4724867724867724, 0.5, 0.0, 0.6, 0.0
0.46518243661100794, 0.5, 0.0, 0.6666666666666667, 0.0
0.5044882320744388, 0.5, 0.19999999999999996, 0.6666666666666667, 0.0
0.4383415435139573, 0.4285714285714286, 0.0, 0.6, 0.0
0.4884118967452301, 0.5, 0.0, 0.6363636363636364, 0.0
0.4679421768707482, 0.5, 0.0, 0.6666666666666667, 0.0
0.4081807081807082, 0.4285714285714286, 0.0, 0.5714285714285714, 0.0
0.3895408163265306, 0.5, 0.0, 0.6, 0.0
0.4810568741603224, 0.5, 0.0, 0.6363636363636364, 0.0
0.48413569189431255, 0.5, 0.19999999999999996, 0.7, 0.0
0.47569786535303765, 0.5, 0.19999999999999996, 0.6, 0.0
0.48348965848965847, 0.5, 0.25, 0.6363636363636364, 0.0
0.41349206349206347, 0.4285714285714286, 0.0, 0.6, 0.0
0.45722495894909687, 0.5, 0.19999999999999996, 0.6666666666666667, 0.0
0.49434557212334984, 0.5, 0.0, 0.6363636363636364, 0.0
0.4405856595511768, 0.5, 0.0, 0.6, 0.0
0.4910449735449734, 0.5277777777777778, 0.0, 0.625, 0.0
0.4853721948549534, 0.5, 0.19999999999999996, 0.625, 0.0
0.40717022441160367, 0.5, 0.0, 0.6, 0.0
0.4386699507389162, 0.4285714285714286, 0.0, 0.6, 0.0
0.4667348084014751, 0.5, 0.25, 0.6666666666666667, 0.0
0.4573015873015872, 0.5, 0.0, 0.6, 0.0
0.4677339901477832, 0.5, 0.25, 0.6, 0.0
0.5099504199504199, 0.5, 0.25, 0.6923076923076923, 0.0
0.4456207482993197, 0.5, 0.0, 0.6666666666666667, 0.0
0.5482522267005024, 0.5555555555555556, 0.33333333333333337, 0.7, 0.0
0.46295840175150516, 0.5, 0.0, 0.6666666666666667, 0.0
0.48098845598845597, 0.5, 0.19999999999999996, 0.6363636363636364, 0.0
0.4591904264318057, 0.5, 0.0, 0.6363636363636364, 0.0
0.45996168582375474, 0.5, 0.0, 0.6, 0.0
0.47524450857784184, 0.5, 0.0, 0.6363636363636364, 0.0
0.46792528459195126, 0.5, 0.0, 0.6666666666666667, 0.0
0.4817975675118532, 0.5, 0.33333333333333337, 0.6363636363636364, 0.0
0.461152162014231, 0.5, 0.0, 0.625, 0.0
0.5033509700176366, 0.5, 0.19999999999999996, 0.6666666666666667, 0.0
0.4506244713141264, 0.5, 0.19999999999999996, 0.6666666666666667, 0.0
0.4817136886102402, 0.5, 0.0, 0.6666666666666667, 0.0
0.44111405835543765, 0.4285714285714286, 0.0, 0.6923076923076923, 0.0
0.48252599890530923, 0.5, 0.0, 0.625, 0.0
0.4648144001592277, 0.5, 0.25, 0.6666666666666667, 0.0
0.4524234693877551, 0.4642857142857143, 0.25, 0.625, 0.0
0.4575213675213676, 0.4285714285714286, 0.33333333333333337, 0.6923076923076923, 0.0
0.4556923918992884, 0.5, 0.19999999999999996, 0.6, 0.0
0.4903530377668308, 0.5, 0.0, 0.6666666666666667, 0.0
0.43091506194954465, 0.4285714285714286, 0.0, 0.6666666666666667, 0.0
0.4917040300968872, 0.5, 0.33333333333333337, 0.6363636363636364, 0.0
0.49504652435686913, 0.5, 0.25, 0.6, 0.0
0.49847148736037616, 0.5, 0.25, 0.7, 0.0
0.4810090702947845, 0.5, 0.0, 0.6, 0.0
0.41054421768707483, 0.4, 0.0, 0.6, 0.0
0.5148906648906648, 0.5, 0.33333333333333337, 0.6666666666666667, 0.0
0.45138373531230674, 0.4642857142857143, 0.0, 0.6363636363636364, 0.0
0.491056166056166, 0.5, 0.0, 0.625, 0.0
0.4775264964920136, 0.5, 0.0, 0.6666666666666667, 0.0
0.47939447383891826, 0.5, 0.25, 0.6, 0.0
0.5290654818432595, 0.5555555555555556, 0.25, 0.6923076923076923, 0.0
0.5033388067870825, 0.5, 0.0, 0.6666666666666667, 0.0
0.5009585652442795, 0.5277777777777778, 0.33333333333333337, 0.6363636363636364, 0.0
0.49719858685375923, 0.5, 0.33333333333333337, 0.7, 0.0
0.5095454545454544, 0.5277777777777778, 0.0, 0.6666666666666667, 0.0
0.4988858363858363, 0.5, 0.0, 0.625, 0.0
0.46903174603174597, 0.5, 0.0, 0.6666666666666667, 0.0
0.48460130404574847, 0.5, 0.25, 0.6363636363636364, 0.0
0.4953403078403077, 0.5277777777777778, 0.0, 0.7272727272727273, 0.0
0.48732993197278907, 0.5, 0.25, 0.6, 0.0
0.4477248677248677, 0.4285714285714286, 0.19999999999999996, 0.6, 0.0
0.4343999518999519, 0.4285714285714286, 0.19999999999999996, 0.6363636363636364, 0.0
0.45065192743764165, 0.5, 0.0, 0.6666666666666667, 0.0
0.49546703296703287, 0.5, 0.25, 0.7, 0.0
0.437443215220993, 0.5, 0.0, 0.6363636363636364, 0.0
0.4845983645983646, 0.5, 0.0, 0.6363636363636364, 0.0
0.4981847041847041, 0.5, 0.25, 0.7, 0.0
0.5222495894909687, 0.5, 0.33333333333333337, 0.7, 0.0
0.4861536281179138, 0.5, 0.33333333333333337, 0.6666666666666667, 0.0
0.4734220511998289, 0.5, 0.0, 0.6363636363636364, 0.0
0.45013560513560513, 0.5, 0.0, 0.6923076923076923, 0.0
0.5054821615166442, 0.5, 0.19999999999999996, 0.7, 0.0
0.5095719095719096, 0.5, 0.33333333333333337, 0.6363636363636364, 0.0
0.45168308702791454, 0.5, 0.0, 0.6666666666666667, 0.0
0.4876932591218305, 0.5, 0.0, 0.6666666666666667, 0.0
0.43108465608465607, 0.4642857142857143, 0.0, 0.6, 0.0
0.4201465201465201, 0.4642857142857143, 0.0, 0.6, 0.0
0.4872680890538033, 0.5, 0.25, 0.6363636363636364, 0.0
0.5126930682486237, 0.5, 0.33333333333333337, 0.6363636363636364, 0.0
0.5154662387421007, 0.5555555555555556, 0.0, 0.75, 0.0
0.478798185941043, 0.5, 0.0, 0.6666666666666667, 0.0
0.48773448773448763, 0.5, 0.0, 0.6666666666666667, 0.0
0.4747077922077922, 0.5, 0.0, 0.6666666666666667, 0.0
0.46824881467738605, 0.5, 0.0, 0.7, 0.0
0.4927465127465126, 0.5, 0.0, 0.7, 0.0
0.4364805692391899, 0.5, 0.19999999999999996, 0.6, 0.0
0.42962962962962964, 0.4285714285714286, 0.0, 0.6, 0.0
0.452404143475572, 0.5, 0.0, 0.6363636363636364, 0.0
0.4514502164502164, 0.5, 0.0, 0.6363636363636364, 0.0
0.5021219851576993, 0.5555555555555556, 0.0, 0.7272727272727273, 0.0
0.4816274994846423, 0.5, 0.19999999999999996, 0.6363636363636364, 0.0
0.5059078884078884, 0.5277777777777778, 0.33333333333333337, 0.6363636363636364, 0.0
0.49233218888391295, 0.5, 0.25, 0.7, 0.0
0.5086243386243385, 0.5277777777777778, 0.25, 0.6666666666666667, 0.0
0.45107709750566893, 0.5, 0.0, 0.625, 0.0
0.47786596119929453, 0.5, 0.25, 0.6, 0.0
0.4761286332714904, 0.4642857142857143, 0.33333333333333337, 0.6666666666666667, 0.0
0.4891439909297051, 0.5, 0.19999999999999996, 0.6, 0.0
0.47396875155495843, 0.5, 0.0, 0.6363636363636364, 0.0
0.5156130268199233, 0.5, 0.25, 0.6666666666666667, 0.0
0.43949147560258667, 0.5, 0.0, 0.6666666666666667, 0.0
0.4899840239125953, 0.5, 0.25, 0.6363636363636364, 0.0
0.4618400756331791, 0.5, 0.0, 0.6666666666666667, 0.0
0.4555779469572573, 0.5, 0.0, 0.6666666666666667, 0.0
0.4862244897959183, 0.5, 0.25, 0.6666666666666667, 0.0
0.5083573833573832, 0.5555555555555556, 0.0, 0.6363636363636364, 0.0
0.4686111111111109, 0.5277777777777778, 0.0, 0.6666666666666667, 0.0
0.4783748818231577, 0.5, 0.0, 0.6363636363636364, 0.0
0.47197094093645814, 0.5, 0.25, 0.6363636363636364, 0.0
0.5067125334982477, 0.5277777777777778, 0.25, 0.6363636363636364, 0.0
0.48741382074715395, 0.5555555555555556, 0.0, 0.6363636363636364, 0.0
0.5231875404289197, 0.5, 0.4, 0.6666666666666667, 0.0
0.4538832199546485, 0.5, 0.0, 0.6, 0.0
0.48499776085982976, 0.5, 0.19999999999999996, 0.7272727272727273, 0.0
0.4960404537990744, 0.5, 0.25, 0.7142857142857143, 0.0
0.5025867136978247, 0.5, 0.33333333333333337, 0.6666666666666667, 0.0
0.44773809523809516, 0.5, 0.0, 0.6666666666666667, 0.0
0.43216931216931215, 0.4285714285714286, 0.0, 0.6, 0.0
0.4735632183908045, 0.5, 0.19999999999999996, 0.6666666666666667, 0.0
0.48420908593322376, 0.5, 0.25, 0.6666666666666667, 0.0
0.45117216117216113, 0.4642857142857143, 0.19999999999999996, 0.6923076923076923, 0.0
0.4712967109518833, 0.5, 0.25, 0.7272727272727273, 0.0
0.4898682593127037, 0.5, 0.33333333333333337, 0.6666666666666667, 0.0
0.466156462585034, 0.5, 0.33333333333333337, 0.6666666666666667, 0.0
0.48833974667307994, 0.5, 0.33333333333333337, 0.6666666666666667, 0.0
0.4408456486042693, 0.5, 0.0, 0.625, 0.0
0.5228599773242629, 0.5277777777777778, 0.33333333333333337, 0.625, 0.0
0.46439794773128107, 0.5, 0.0, 0.6363636363636364, 0.0
0.4564342403628117, 0.5, 0.0, 0.6666666666666667, 0.0
0.47908163265306125, 0.5, 0.33333333333333337, 0.6, 0.0
0.4918283362727806, 0.5, 0.19999999999999996, 0.6666666666666667, 0.0
0.4762652030509173, 0.5, 0.0, 0.7, 0.0
0.48891828336272775, 0.5, 0.19999999999999996, 0.6, 0.0
0.5090599876314161, 0.5, 0.33333333333333337, 0.6666666666666667, 0.0
0.46544492544492544, 0.5, 0.0, 0.6666666666666667, 0.0
0.45002939447383883, 0.5, 0.0, 0.6, 0.0
0.45639896501965466, 0.5, 0.0, 0.7, 0.0
0.46932234432234426, 0.5, 0.0, 0.6666666666666667, 0.0
0.41708513708513706, 0.4285714285714286, 0.0, 0.6363636363636364, 0.0
0.4861416361416361, 0.5, 0.25, 0.6666666666666667, 0.0
0.4319102353585112, 0.4285714285714286, 0.0, 0.6, 0.0
0.4195861678004535, 0.4285714285714286, 0.0, 0.6, 0.0
0.45002405002405, 0.5, 0.0, 0.7, 0.0
0.4338179413179413, 0.5, 0.0, 0.6363636363636364, 0.0
0.5160974827641494, 0.5, 0.33333333333333337, 0.6666666666666667, 0.0
0.5138837353123067, 0.5, 0.33333333333333337, 0.6666666666666667, 0.0
0.49423280423280413, 0.5, 0.0, 0.6, 0.0
0.4407498631636563, 0.5, 0.0, 0.6, 0.0
