0.4258547008547009, 0.4285714285714286, 0.19999999999999996, 0.5714285714285714, 0.0
0.45258671369782477, 0.4285714285714286, 0.25, 0.6, 0.0
0.41578144078144086, 0.4285714285714286, 0.19999999999999996, 0.6, 0.0
0.42493894993895, 0.4285714285714286, 0.25, 0.5714285714285714, 0.0
0.4531472359058566, 0.5, 0.25, 0.5555555555555556, 0.0
0.43149206349206354, 0.4285714285714286, 0.19999999999999996, 0.5555555555555556, 0.0
0.4261316872427984, 0.4285714285714286, 0.19999999999999996, 0.6, 0.0
0.4186507936507936, 0.5, 0.0, 0.5714285714285714, 0.0
0.4050671550671551, 0.4285714285714286, 0.19999999999999996, 0.5555555555555556, 0.0
0.40331143951833615, 0.4285714285714286, 0.25, 0.5555555555555556, 0.0
0.4269253380364492, 0.4285714285714286, 0.19999999999999996, 0.5714285714285714, 0.0
0.4386015325670498, 0.4285714285714286, 0.19999999999999996, 0.625, 0.0
0.4374847374847376, 0.4285714285714286, 0.25, 0.5555555555555556, 0.0
0.4190329218106997, 0.4285714285714286, 0.19999999999999996, 0.625, 0.0
0.4274943310657598, 0.4285714285714286, 0.33333333333333337, 0.5555555555555556, 0.0
0.43558730158730163, 0.4285714285714286, 0.19999999999999996, 0.6, 0.0
0.42906746031746046, 0.4285714285714286, 0.19999999999999996, 0.5, 0.0
0.3991402116402117, 0.4285714285714286, 0.19999999999999996, 0.5555555555555556, 0.0
0.4674285714285714, 0.5, 0.33333333333333337, 0.5714285714285714, 0.0
0.4352490421455939, 0.4285714285714286, 0.33333333333333337, 0.5555555555555556, 0.0
0.45376984126984127, 0.4642857142857143, 0.25, 0.6, 0.0
0.4477402597402598, 0.4285714285714286, 0.19999999999999996, 0.6363636363636364, 0.0
0.41235708735708737, 0.4285714285714286, 0.19999999999999996, 0.6363636363636364, 0.0
0.44786535303776687, 0.4285714285714286, 0.25, 0.6, 0.0
0.41314285714285715, 0.4285714285714286, 0.25, 0.5714285714285714, 0.0
0.43667800453514743, 0.4285714285714286, 0.25, 0.5555555555555556, 0.0
0.38111471861471863, 0.4142857142857143, 0.0, 0.625, 0.0
0.41092796092796097, 0.4285714285714286, 0.25, 0.5555555555555556, 0.0
0.45351263962375077, 0.5, 0.19999999999999996, 0.625, 0.0
0.44069841269841276, 0.4285714285714286, 0.25, 0.5714285714285714, 0.0
0.4375283446712019, 0.4285714285714286, 0.33333333333333337, 0.5714285714285714, 0.0
0.3948853615520283, 0.4285714285714286, 0.19999999999999996, 0.5, 0.0
0.4670979986197378, 0.4285714285714286, 0.25, 0.625, 0.0
0.4187619047619047, 0.4285714285714286, 0.0, 0.5714285714285714, 0.0
0.42545561434450324, 0.5, 0.0, 0.5555555555555556, 0.0
0.42741147741147745, 0.4285714285714286, 0.19999999999999996, 0.5555555555555556, 0.0
0.4251469723691947, 0.4285714285714286, 0.19999999999999996, 0.625, 0.0
0.38669217687074836, 0.4, 0.0, 0.625, 0.0
0.44523809523809527, 0.4285714285714286, 0.25, 0.5714285714285714, 0.0
0.4456709956709958, 0.4285714285714286, 0.25, 0.6363636363636364, 0.0
0.43424456202233985, 0.4285714285714286, 0.25, 0.5555555555555556, 0.0
0.43129251700680277, 0.4642857142857143, 0.19999999999999996, 0.5555555555555556, 0.0
0.42657312925170077, 0.4285714285714286, 0.25, 0.625, 0.0
0.41175213675213684, 0.4285714285714286, 0.0, 0.5714285714285714, 0.0
0.40393885949441505, 0.4, 0.19999999999999996, 0.5714285714285714, 0.0
0.3989737274220034, 0.4285714285714286, 0.19999999999999996, 0.625, 0.0
0.4251322751322752, 0.4285714285714286, 0.19999999999999996, 0.6, 0.0
0.4256613756613757, 0.4285714285714286, 0.19999999999999996, 0.5714285714285714, 0.0
0.41763668430335105, 0.4285714285714286, 0.25, 0.5, 0.0
0.41763668430335105, 0.4285714285714286, 0.33333333333333337, 0.5, 0.0
0.4176190476190477, 0.4285714285714286, 0.19999999999999996, 0.5, 0.0
0.41834215167548505, 0.4285714285714286, 0.25, 0.5714285714285714, 0.0
0.3895604395604396, 0.4285714285714286, 0.19999999999999996, 0.5, 0.0
0.41964285714285715, 0.4285714285714286, 0.19999999999999996, 0.5555555555555556, 0.0
0.4458465608465609, 0.4285714285714286, 0.19999999999999996, 0.6, 0.0
0.45566893424036287, 0.4285714285714286, 0.25, 0.6666666666666667, 0.0
0.433456486042693, 0.4285714285714286, 0.19999999999999996, 0.625, 0.0
0.45314407814407814, 0.4642857142857143, 0.19999999999999996, 0.5714285714285714, 0.0
0.42695360195360205, 0.4285714285714286, 0.19999999999999996, 0.5714285714285714, 0.0
0.43460317460317466, 0.4285714285714286, 0.33333333333333337, 0.6, 0.0
0.42130647130647136, 0.4285714285714286, 0.19999999999999996, 0.6, 0.0
0.4461493239271017, 0.5, 0.33333333333333337, 0.6, 0.0
0.4363315696649031, 0.4285714285714286, 0.33333333333333337, 0.5, 0.0
0.43596413874191664, 0.4285714285714286, 0.25, 0.625, 0.0
0.42683150183150187, 0.4285714285714286, 0.25, 0.5714285714285714, 0.0
0.427281746031746, 0.4285714285714286, 0.19999999999999996, 0.6, 0.0
0.404625068418172, 0.4285714285714286, 0.25, 0.5714285714285714, 0.0
0.4247883597883598, 0.4285714285714286, 0.19999999999999996, 0.5714285714285714, 0.0
0.43044871794871803, 0.4285714285714286, 0.19999999999999996, 0.625, 0.0
0.419671201814059, 0.4285714285714286, 0.25, 0.5555555555555556, 0.0
0.3780219780219781, 0.4142857142857143, 0.0, 0.5, 0.0
0.42582199546485267, 0.4285714285714286, 0.0, 0.5714285714285714, 0.0
0.4410561660561661, 0.4285714285714286, 0.25, 0.6, 0.0
0.42985347985348, 0.4285714285714286, 0.33333333333333337, 0.5, 0.0
0.40497557997558, 0.4285714285714286, 0.19999999999999996, 0.5555555555555556, 0.0
0.4240362811791384, 0.4285714285714286, 0.19999999999999996, 0.6, 0.0
0.43429705215419506, 0.4285714285714286, 0.25, 0.5555555555555556, 0.0
0.4384479717813051, 0.4285714285714286, 0.19999999999999996, 0.6, 0.0
0.46619635508524404, 0.4285714285714286, 0.33333333333333337, 0.6, 0.0
0.43400000000000005, 0.4285714285714286, 0.19999999999999996, 0.5555555555555556, 0.0
0.43339212228101126, 0.4285714285714286, 0.19999999999999996, 0.5714285714285714, 0.0
0.39331501831501836, 0.4, 0.25, 0.5, 0.0
0.3940035273368607, 0.4285714285714286, 0.19999999999999996, 0.5, 0.0
0.3920634920634921, 0.4285714285714286, 0.19999999999999996, 0.5714285714285714, 0.0
0.43705738705738717, 0.4285714285714286, 0.33333333333333337, 0.5714285714285714, 0.0
0.4236507936507937, 0.4285714285714286, 0.25, 0.6, 0.0
0.40379818594104316, 0.4285714285714286, 0.0, 0.5555555555555556, 0.0
0.41495726495726504, 0.4285714285714286, 0.19999999999999996, 0.5555555555555556, 0.0
0.4210164835164836, 0.4285714285714286, 0.19999999999999996, 0.625, 0.0
0.4306471306471308, 0.4285714285714286, 0.33333333333333337, 0.5555555555555556, 0.0
0.4124632569077014, 0.4285714285714286, 0.19999999999999996, 0.5555555555555556, 0.0
0.44214852607709754, 0.4285714285714286, 0.25, 0.6, 0.0
0.42234977324263046, 0.4285714285714286, 0.25, 0.625, 0.0
0.41222222222222227, 0.4285714285714286, 0.19999999999999996, 0.5714285714285714, 0.0
0.43956043956043966, 0.4285714285714286, 0.19999999999999996, 0.5714285714285714, 0.0
0.4179894179894181, 0.4285714285714286, 0.25, 0.5714285714285714, 0.0
0.4493650793650794, 0.4285714285714286, 0.25, 0.5714285714285714, 0.0
0.4403036576949621, 0.4285714285714286, 0.33333333333333337, 0.6, 0.0
0.4373603762492651, 0.4285714285714286, 0.25, 0.6, 0.0
0.45096153846153847, 0.4285714285714286, 0.33333333333333337, 0.625, 0.0
0.42557870370370376, 0.4285714285714286, 0.33333333333333337, 0.625, 0.0
0.4246315192743764, 0.4285714285714286, 0.19999999999999996, 0.6666666666666667, 0.0
0.4416383219954648, 0.4285714285714286, 0.25, 0.5714285714285714, 0.0
0.43611111111111117, 0.4285714285714286, 0.19999999999999996, 0.5555555555555556, 0.0
0.43095238095238103, 0.4285714285714286, 0.25, 0.5714285714285714, 0.0
0.4500610500610502, 0.4285714285714286, 0.33333333333333337, 0.5714285714285714, 0.0
0.42927689594356266, 0.4285714285714286, 0.19999999999999996, 0.6, 0.0
0.4373299319727892, 0.4285714285714286, 0.25, 0.6, 0.0
0.4510673234811166, 0.4285714285714286, 0.33333333333333337, 0.5714285714285714, 0.0
0.4528083028083029, 0.4642857142857143, 0.33333333333333337, 0.5555555555555556, 0.0
0.40785147392290255, 0.4285714285714286, 0.19999999999999996, 0.5714285714285714, 0.0
0.39605911330049265, 0.4285714285714286, 0.19999999999999996, 0.5, 0.0
0.45364491475602586, 0.5, 0.25, 0.625, 0.0
0.4687619047619047, 0.5, 0.25, 0.6, 0.0
0.4423382173382174, 0.4285714285714286, 0.25, 0.6, 0.0
0.42266313932980604, 0.4285714285714286, 0.19999999999999996, 0.6, 0.0
0.4587566137566138, 0.5, 0.25, 0.6, 0.0
0.42158119658119664, 0.4285714285714286, 0.19999999999999996, 0.5714285714285714, 0.0
0.4401614668856048, 0.5, 0.19999999999999996, 0.625, 0.0
0.41660317460317464, 0.4285714285714286, 0.25, 0.5555555555555556, 0.0
0.4188124632569078, 0.4285714285714286, 0.19999999999999996, 0.5555555555555556, 0.0
0.4157777777777778, 0.4285714285714286, 0.19999999999999996, 0.5555555555555556, 0.0
0.443986568986569, 0.4642857142857143, 0.19999999999999996, 0.5714285714285714, 0.0
0.43796296296296294, 0.4285714285714286, 0.25, 0.5714285714285714, 0.0
0.41031746031746036, 0.4142857142857143, 0.19999999999999996, 0.5555555555555556, 0.0
0.4049933862433863, 0.4285714285714286, 0.19999999999999996, 0.5714285714285714, 0.0
0.40722495894909694, 0.4285714285714286, 0.19999999999999996, 0.6, 0.0
0.46324404761904764, 0.5, 0.25, 0.625, 0.0
0.42888888888888893, 0.4285714285714286, 0.19999999999999996, 0.5555555555555556, 0.0
0.42460317460317465, 0.4285714285714286, 0.19999999999999996, 0.5714285714285714, 0.0
0.4158446712018141, 0.4285714285714286, 0.19999999999999996, 0.5714285714285714, 0.0
0.4067936507936508, 0.4285714285714286, 0.0, 0.5714285714285714, 0.0
0.4353174603174603, 0.4285714285714286, 0.19999999999999996, 0.625, 0.0
0.4086031746031747, 0.4285714285714286, 0.19999999999999996, 0.5555555555555556, 0.0
0.4225529100529101, 0.4285714285714286, 0.33333333333333337, 0.5714285714285714, 0.0
0.4369378306878307, 0.4285714285714286, 0.19999999999999996, 0.6666666666666667, 0.0
0.3976495726495727, 0.4142857142857143, 0.19999999999999996, 0.5555555555555556, 0.0
0.45355673133450913, 0.4285714285714286, 0.25, 0.6, 0.0
0.4128253968253969, 0.4285714285714286, 0.19999999999999996, 0.5555555555555556, 0.0
0.4176190476190477, 0.4285714285714286, 0.19999999999999996, 0.5, 0.0
0.4631868131868132, 0.5, 0.33333333333333337, 0.6, 0.0
0.4506613756613757, 0.4642857142857143, 0.33333333333333337, 0.5555555555555556, 0.0
0.4197278911564627, 0.4285714285714286, 0.25, 0.5, 0.0
0.44422222222222224, 0.4285714285714286, 0.25, 0.5555555555555556, 0.0
0.45239512471655324, 0.5, 0.19999999999999996, 0.625, 0.0
0.4287851037851038, 0.4285714285714286, 0.19999999999999996, 0.5714285714285714, 0.0
0.4350122100122101, 0.4285714285714286, 0.19999999999999996, 0.5714285714285714, 0.0
0.4075102880658437, 0.4, 0.19999999999999996, 0.625, 0.0
0.4053571428571429, 0.4285714285714286, 0.25, 0.5, 0.0
0.419184455391352, 0.4285714285714286, 0.25, 0.5555555555555556, 0.0
0.4626842403628118, 0.5, 0.19999999999999996, 0.625, 0.0
0.40198412698412705, 0.4285714285714286, 0.25, 0.5714285714285714, 0.0
0.42933333333333334, 0.4285714285714286, 0.25, 0.5555555555555556, 0.0
0.41896258503401373, 0.4285714285714286, 0.19999999999999996, 0.5, 0.0
0.42410113035113045, 0.4285714285714286, 0.19999999999999996, 0.6363636363636364, 0.0
0.4092501368363438, 0.4285714285714286, 0.19999999999999996, 0.5555555555555556, 0.0
0.4303938859494415, 0.4285714285714286, 0.19999999999999996, 0.6666666666666667, 0.0
0.4294719169719171, 0.4285714285714286, 0.19999999999999996, 0.625, 0.0
0.40399659863945586, 0.4285714285714286, 0.19999999999999996, 0.5714285714285714, 0.0
0.4168934240362812, 0.4285714285714286, 0.19999999999999996, 0.5555555555555556, 0.0
0.43783068783068796, 0.4285714285714286, 0.25, 0.5714285714285714, 0.0
0.42605363984674344, 0.4285714285714286, 0.19999999999999996, 0.5555555555555556, 0.0
0.42981740481740494, 0.4285714285714286, 0.25, 0.6363636363636364, 0.0
0.4175834701696772, 0.4285714285714286, 0.19999999999999996, 0.625, 0.0
0.4270429159318049, 0.4285714285714286, 0.25, 0.5555555555555556, 0.0
0.42219169719169725, 0.4285714285714286, 0.19999999999999996, 0.5714285714285714, 0.0
0.4275555555555556, 0.4285714285714286, 0.0, 0.6, 0.0
0.4308956916099773, 0.4285714285714286, 0.25, 0.5714285714285714, 0.0
0.4168192918192919, 0.4285714285714286, 0.19999999999999996, 0.5555555555555556, 0.0
0.42048229548229554, 0.4285714285714286, 0.19999999999999996, 0.5714285714285714, 0.0
0.3937460317460318, 0.4, 0.19999999999999996, 0.5555555555555556, 0.0
0.4240410052910053, 0.4285714285714286, 0.25, 0.6666666666666667, 0.0
0.4157261389404247, 0.4285714285714286, 0.19999999999999996, 0.6363636363636364, 0.0
0.4331890331890333, 0.4285714285714286, 0.33333333333333337, 0.5555555555555556, 0.0
0.4325113378684807, 0.4642857142857143, 0.0, 0.5714285714285714, 0.0
0.41925338036449156, 0.4285714285714286, 0.25, 0.5555555555555556, 0.0
0.42722832722832726, 0.4642857142857143, 0.25, 0.5555555555555556, 0.0
0.42592592592592593, 0.4285714285714286, 0.19999999999999996, 0.5555555555555556, 0.0
0.4312997701886591, 0.5, 0.19999999999999996, 0.6363636363636364, 0.0
0.4197496947496947, 0.4285714285714286, 0.19999999999999996, 0.5714285714285714, 0.0
0.41465201465201473, 0.4285714285714286, 0.0, 0.5555555555555556, 0.0
0.4454296661193213, 0.5, 0.0, 0.6, 0.0
0.41042692939244674, 0.4285714285714286, 0.25, 0.5, 0.0
0.4494543650793652, 0.4285714285714286, 0.33333333333333337, 0.625, 0.0
0.44445914168136397, 0.4285714285714286, 0.25, 0.625, 0.0
0.41088888888888897, 0.4285714285714286, 0.25, 0.5714285714285714, 0.0
0.4190339354132458, 0.4285714285714286, 0.19999999999999996, 0.625, 0.0
0.4221371882086169, 0.4285714285714286, 0.25, 0.5714285714285714, 0.0
0.44934318555008207, 0.5, 0.19999999999999996, 0.6, 0.0
0.4143738977072311, 0.4285714285714286, 0.19999999999999996, 0.5714285714285714, 0.0
0.42037037037037045, 0.4285714285714286, 0.19999999999999996, 0.5714285714285714, 0.0
0.4196275946275947, 0.4285714285714286, 0.19999999999999996, 0.5714285714285714, 0.0
0.4574509980759982, 0.4285714285714286, 0.33333333333333337, 0.6363636363636364, 0.0
0.4134920634920635, 0.4285714285714286, 0.19999999999999996, 0.5714285714285714, 0.0
0.41966490299823644, 0.4285714285714286, 0.19999999999999996, 0.5, 0.0
0.4279693486590039, 0.4285714285714286, 0.25, 0.5714285714285714, 0.0
0.4368480725623583, 0.4642857142857143, 0.19999999999999996, 0.6, 0.0
0.4195179306290418, 0.4285714285714286, 0.25, 0.6, 0.0
0.41403174603174603, 0.4285714285714286, 0.19999999999999996, 0.5714285714285714, 0.0
0.4155045351473924, 0.4285714285714286, 0.25, 0.5714285714285714, 0.0
