 factual  -189,80219780219778  0,3571428571428571  0,3571428571428571  0,2545977512420465  9
 factual  -188,3076923076923  0,3571428571428571  0,3571428571428571  0,23326505709056042  9
 factual  -188,3076923076923  0,3571428571428571  0,3571428571428571  0,23326505709056042  9
 factual  -187,9340659340659  0,3571428571428571  0,3571428571428571  0,2644251721432929  9
 factual  -187,9340659340659  0,3571428571428571  0,3571428571428571  0,2644251721432929  9
 factual  -187,9340659340659  0,3571428571428571  0,3571428571428571  0,2644251721432929  9
 factual  -187,9340659340659  0,3571428571428571  0,3571428571428571  0,2644251721432929  9
 factual  -186,81318681318677  0,3571428571428571  0,3571428571428571  0,24409483134315343  9
 factual  -186,4395604395604  0,3571428571428571  0,3571428571428571  0,25599232981783315  9
 factual  -186,4395604395604  0,3571428571428571  0,3571428571428571  0,25599232981783315  9
 factual  -186,06593406593404  0,3571428571428571  0,3571428571428571  0,2593480345158197  9
 factual  -186,06593406593404  0,3571428571428571  0,3571428571428571  0,2593480345158197  9
 factual  -186,06593406593404  0,3571428571428571  0,3571428571428571  0,2593480345158197  9
 factual  -184,19780219780216  0,3571428571428571  0,3571428571428571  0,25483744443475986  9
 factual  -184,19780219780216  0,3571428571428571  0,3571428571428571  0,25483744443475986  9
 factual  -181,95604395604394  0,3571428571428571  0,3571428571428571  0,2852131090386124  9
 factual  -181,95604395604394  0,3571428571428571  0,3571428571428571  0,2852131090386124  9
 factual  -181,95604395604394  0,3571428571428571  0,3571428571428571  0,23901769371568027  9
 factual  -181,95604395604394  0,3571428571428571  0,3571428571428571  0,23901769371568027  9
 factual  -181,95604395604394  0,3571428571428571  0,3571428571428571  0,23901769371568027  9
 analogical  -26,228571428571424  0,16666666666666663  0,16666666666666663  0,3925157616432784  5
 analogical  -26,228571428571424  0,16666666666666663  0,0  0,4375635550132195  6
 analogical  -26,228571428571424  0,16666666666666663  0,0  0,4375635550132195  6
 analogical  -26,228571428571424  0,16666666666666663  0,0  0,4375635550132195  6
 analogical  -26,228571428571424  0,16666666666666663  0,0  0,4375635550132195  6
 analogical  -26,228571428571424  0,16666666666666663  0,0  0,4375635550132195  6
 analogical  -26,228571428571424  0,16666666666666663  0,0  0,4375635550132195  6
 analogical  -26,228571428571424  0,16666666666666663  0,16666666666666663  0,3923123856009762  5
 analogical  -26,228571428571424  0,16666666666666663  0,0  0,4375635550132195  6
 analogical  -23,31428571428571  0,16666666666666663  0,16666666666666663  0,4031421598535692  5
 analogical  -23,31428571428571  0,16666666666666663  0,16666666666666663  0,4031421598535692  5
 analogical  -23,31428571428571  0,16666666666666663  0,0  0,4377669310555216  6
 analogical  -23,31428571428571  0,16666666666666663  0,0  0,4377669310555216  6
 analogical  -23,31428571428571  0,16666666666666663  0,16666666666666663  0,40675208460443363  5
 analogical  -22,34285714285714  0,16666666666666663  0,16666666666666663  0,41137888956680896  5
 analogical  -22,34285714285714  0,16666666666666663  0,0  0,45663005897905223  6
 analogical  -22,34285714285714  0,16666666666666663  0,16666666666666663  0,41137888956680896  5
 analogical  -22,34285714285714  0,16666666666666663  0,0  0,45663005897905223  6
 analogical  -22,34285714285714  0,16666666666666663  0,0  0,45663005897905223  6
 analogical  -22,34285714285714  0,16666666666666663  0,0  0,45663005897905223  6
 creative  -187,9340659340659  0,3571428571428571  0,3571428571428571  0,2644251721432929  9
 creative  -187,9340659340659  0,3571428571428571  0,3571428571428571  0,2644251721432929  9
 creative  -187,9340659340659  0,3571428571428571  0,3571428571428571  0,2644251721432929  9
 creative  -187,9340659340659  0,3571428571428571  0,3571428571428571  0,2644251721432929  9
 creative  -187,9340659340659  0,3571428571428571  0,3571428571428571  0,2644251721432929  9
 creative  -187,9340659340659  0,3571428571428571  0,3571428571428571  0,2644251721432929  9
 creative  -187,9340659340659  0,3571428571428571  0,3571428571428571  0,2644251721432929  9
 creative  -187,9340659340659  0,3571428571428571  0,3571428571428571  0,2644251721432929  9
 creative  -187,9340659340659  0,3571428571428571  0,3571428571428571  0,2644251721432929  9
 creative  -186,81318681318677  0,3571428571428571  0,3571428571428571  0,24409483134315343  9
 creative  -186,06593406593404  0,3571428571428571  0,3571428571428571  0,2593480345158197  9
 creative  -186,06593406593404  0,3571428571428571  0,3571428571428571  0,2593480345158197  9
 creative  -186,06593406593404  0,3571428571428571  0,3571428571428571  0,2593480345158197  9
 creative  -186,06593406593404  0,3571428571428571  0,3571428571428571  0,2593480345158197  9
 creative  -186,06593406593404  0,3571428571428571  0,3571428571428571  0,2593480345158197  9
 creative  -184,19780219780216  0,3571428571428571  0,3571428571428571  0,25483744443475986  9
 creative  -184,19780219780216  0,3571428571428571  0,3571428571428571  0,25483744443475986  9
 creative  -181,95604395604394  0,3571428571428571  0,3571428571428571  0,2852131090386124  9
 creative  -180,92857142857142  0,3076923076923077  0,3076923076923077  0,27136621767494246  9
 creative  -180,92857142857142  0,3076923076923077  0,3076923076923077  0,27136621767494246  9
 factual  -163,1868131868132  0,4285714285714286  0,5  0,27723786280833257  7
 factual  -163,1868131868132  0,4285714285714286  0,5  0,27723786280833257  7
 factual  -163,1868131868132  0,4285714285714286  0,5  0,27723786280833257  7
 factual  -163,1868131868132  0,4285714285714286  0,5  0,27723786280833257  7
 factual  -163,1868131868132  0,4285714285714286  0,5  0,27723786280833257  7
 factual  -163,1868131868132  0,4285714285714286  0,5  0,27723786280833257  7
 factual  -163,1868131868132  0,4285714285714286  0,5  0,27723786280833257  7
 factual  -163,1868131868132  0,4285714285714286  0,5  0,27723786280833257  7
 factual  -163,1868131868132  0,4285714285714286  0,5  0,27723786280833257  7
 factual  -163,1868131868132  0,4285714285714286  0,5  0,27723786280833257  7
 factual  -163,1868131868132  0,4285714285714286  0,5  0,27723786280833257  7
 factual  -163,1868131868132  0,4285714285714286  0,5  0,27723786280833257  7
 factual  -163,1868131868132  0,4285714285714286  0,5  0,27723786280833257  7
 factual  -163,1868131868132  0,4285714285714286  0,5  0,27723786280833257  7
 factual  -152,5359256128487  0,4285714285714286  0,4285714285714286  0,2885252331561056  8
 factual  -152,5359256128487  0,4285714285714286  0,4285714285714286  0,2885252331561056  8
 factual  -152,5359256128487  0,4285714285714286  0,4285714285714286  0,2885252331561056  8
 factual  -152,5359256128487  0,4285714285714286  0,4285714285714286  0,2885252331561056  8
 factual  -152,5359256128487  0,4285714285714286  0,4285714285714286  0,2885252331561056  8
 factual  -152,5359256128487  0,4285714285714286  0,4285714285714286  0,2885252331561056  8
 analogical  -24,725274725274726  0,16666666666666663  0,0  0,39444783404514955  6
 analogical  -22,747252747252748  0,16666666666666663  0,0  0,3946512100874517  6
 analogical  -21,75824175824176  0,2857142857142857  0,0  0,34756965629448855  6
 analogical  -20,76923076923077  0,2857142857142857  0,2857142857142857  0,3181818181818182  5
 analogical  -19,78021978021978  0,33333333333333337  0,16666666666666663  0,3304352247305267  5
 analogical  -19,78021978021978  0,33333333333333337  0,4285714285714286  0,30323367907260523  4
 analogical  -19,78021978021978  0,16666666666666663  0,16666666666666663  0,30806386007728287  5
 analogical  -18,791208791208792  0,2857142857142857  0,16666666666666663  0,384126499898312  5
 analogical  -18,791208791208792  0,2857142857142857  0,16666666666666663  0,384126499898312  5
 analogical  -16,813186813186814  0,4285714285714286  0,16666666666666663  0,38061826316859876  5
 analogical  -16,813186813186814  0,16666666666666663  0,16666666666666663  0,3663819402074435  5
 analogical  -16,813186813186814  0,4285714285714286  0,2857142857142857  0,2672361195851129  5
 analogical  -16,813186813186814  0,16666666666666663  0,0  0,3300284726459223  6
 analogical  -15,824175824175825  0,4285714285714286  0,4285714285714286  0,3473154362416107  4
 analogical  -15,824175824175825  0,33333333333333337  0,16666666666666663  0,364856619890177  5
 analogical  -15,824175824175825  0,4285714285714286  0,16666666666666663  0,3578401464307504  5
 analogical  -15,824175824175825  0,2857142857142857  0,16666666666666663  0,3852450681309742  5
 analogical  -15,824175824175825  0,2857142857142857  0,16666666666666663  0,3852450681309742  5
 analogical  -15,824175824175825  0,2857142857142857  0,16666666666666663  0,3852450681309742  5
 analogical  -15,824175824175825  0,4285714285714286  0,4285714285714286  0,2834045149481391  4
 creative  -163,1868131868132  0,4285714285714286  0,5  0,27723786280833257  7
 creative  -163,1868131868132  0,4285714285714286  0,5  0,27723786280833257  7
 creative  -163,1868131868132  0,4285714285714286  0,5  0,27723786280833257  7
 creative  -163,1868131868132  0,4285714285714286  0,5  0,27723786280833257  7
 creative  -163,1868131868132  0,4285714285714286  0,5  0,27723786280833257  7
 creative  -163,1868131868132  0,4285714285714286  0,5  0,27723786280833257  7
 creative  -163,1868131868132  0,4285714285714286  0,5  0,27723786280833257  7
 creative  -152,5359256128487  0,4285714285714286  0,4285714285714286  0,2885252331561056  8
 creative  -152,5359256128487  0,4285714285714286  0,4285714285714286  0,2885252331561056  8
 creative  -152,5359256128487  0,4285714285714286  0,4285714285714286  0,2885252331561056  8
 creative  -152,5359256128487  0,4285714285714286  0,4285714285714286  0,2885252331561056  8
 creative  -152,5359256128487  0,4285714285714286  0,4285714285714286  0,2885252331561056  8
 creative  -152,5359256128487  0,4285714285714286  0,4285714285714286  0,2885252331561056  8
 creative  -152,5359256128487  0,4285714285714286  0,4285714285714286  0,2885252331561056  8
 creative  -152,5359256128487  0,4285714285714286  0,4285714285714286  0,2885252331561056  8
 creative  -152,5359256128487  0,4285714285714286  0,4285714285714286  0,2885252331561056  8
 creative  -152,5359256128487  0,4285714285714286  0,4285714285714286  0,2885252331561056  8
 creative  -152,5359256128487  0,4285714285714286  0,4285714285714286  0,2885252331561056  8
 creative  -152,5359256128487  0,4285714285714286  0,4285714285714286  0,2885252331561056  8
 creative  -152,1555367709214  0,4285714285714286  0,5  0,2691972457073128  7
 factual  -172,8791208791209  0,3571428571428571  0,3571428571428571  0,2852131090386124  9
 factual  -172,8791208791209  0,3571428571428571  0,3571428571428571  0,2852131090386124  9
 factual  -172,8791208791209  0,3571428571428571  0,3571428571428571  0,2852131090386124  9
 factual  -172,8791208791209  0,3571428571428571  0,3571428571428571  0,2852131090386124  9
 factual  -172,8791208791209  0,3571428571428571  0,3571428571428571  0,2852131090386124  9
 factual  -172,8791208791209  0,3571428571428571  0,3571428571428571  0,2852131090386124  9
 factual  -172,8791208791209  0,3571428571428571  0,3571428571428571  0,2852131090386124  9
 factual  -172,8791208791209  0,3571428571428571  0,3571428571428571  0,2852131090386124  9
 factual  -172,8791208791209  0,3571428571428571  0,3571428571428571  0,2852131090386124  9
 factual  -172,8791208791209  0,3571428571428571  0,3571428571428571  0,2852131090386124  9
 factual  -172,8791208791209  0,3571428571428571  0,3571428571428571  0,2852131090386124  9
 factual  -172,8791208791209  0,3571428571428571  0,3571428571428571  0,2852131090386124  9
 factual  -172,8791208791209  0,3571428571428571  0,3571428571428571  0,2852131090386124  9
 factual  -172,8791208791209  0,3571428571428571  0,3571428571428571  0,2852131090386124  9
 factual  -172,8791208791209  0,3571428571428571  0,3571428571428571  0,2852131090386124  9
 factual  -172,8791208791209  0,3571428571428571  0,3571428571428571  0,2852131090386124  9
 factual  -172,8791208791209  0,3571428571428571  0,3571428571428571  0,2852131090386124  9
 factual  -172,8791208791209  0,3571428571428571  0,3571428571428571  0,2852131090386124  9
 factual  -172,8791208791209  0,3571428571428571  0,3571428571428571  0,2852131090386124  9
 factual  -170,9835164835165  0,3571428571428571  0,3571428571428571  0,26963305151224615  9
 analogical  -30,557142857142857  0,1428571428571429  0,0  0,41188732967256464  6
 analogical  -30,557142857142857  0,1428571428571429  0,0  0,41188732967256464  6
 analogical  -26,614285714285714  0,16666666666666663  0,16666666666666663  0,3477730323367907  5
 analogical  -25,62857142857143  0,16666666666666663  0,16666666666666663  0,4463087248322148  5
 analogical  -25,62857142857143  0,2857142857142857  0,0  0,33846857840146427  6
 analogical  -25,62857142857143  0,16666666666666663  0,16666666666666663  0,4463087248322148  5
 analogical  -25,62857142857143  0,16666666666666663  0,0  0,40105755541997157  6
 analogical  -24,642857142857146  0,16666666666666663  0,0  0,46537522879804766  6
 analogical  -24,642857142857146  0,2857142857142857  0,2857142857142857  0,34756965629448855  5
 analogical  -24,642857142857146  0,2857142857142857  0,2857142857142857  0,34756965629448855  5
 analogical  -24,642857142857146  0,16666666666666663  0,16666666666666663  0,37756762253406545  5
 analogical  -24,642857142857146  0,16666666666666663  0,16666666666666663  0,34207850315232874  5
 analogical  -24,642857142857146  0,16666666666666663  0,0  0,4201240593858044  6
 analogical  -24,642857142857146  0,16666666666666663  0,1428571428571429  0,37024608501118567  6
 analogical  -23,65714285714286  0,16666666666666663  0,0  0,35138295708765505  6
 analogical  -23,65714285714286  0,2857142857142857  0,16666666666666663  0,38809233272320515  5
 analogical  -23,65714285714286  0,33333333333333337  0,2857142857142857  0,37395769778320115  5
 analogical  -22,67142857142857  0,16666666666666663  0,0  0,4562741509050234  6
 analogical  -22,67142857142857  0,16666666666666663  0,16666666666666663  0,3476205003050641  5
 analogical  -22,67142857142857  0,2857142857142857  0,0  0,3964307504575961  6
 creative  -250,46103896103898  0,16666666666666663  0,41666666666666663  0,24402582875737236  7
 creative  -250,46103896103898  0,16666666666666663  0,41666666666666663  0,24402582875737236  7
 creative  -250,46103896103898  0,16666666666666663  0,41666666666666663  0,24402582875737236  7
 creative  -250,46103896103898  0,16666666666666663  0,41666666666666663  0,24402582875737236  7
 creative  -250,46103896103898  0,16666666666666663  0,41666666666666663  0,24402582875737236  7
 creative  -250,46103896103898  0,16666666666666663  0,41666666666666663  0,24402582875737236  7
 creative  -248,22077922077924  0,16666666666666663  0,41666666666666663  0,26665141346349397  7
 creative  -248,22077922077924  0,16666666666666663  0,41666666666666663  0,26665141346349397  7
 creative  -248,22077922077924  0,16666666666666663  0,41666666666666663  0,26665141346349397  7
 creative  -248,22077922077924  0,16666666666666663  0,41666666666666663  0,26665141346349397  7
 creative  -248,22077922077924  0,16666666666666663  0,41666666666666663  0,26665141346349397  7
 creative  -248,22077922077924  0,16666666666666663  0,41666666666666663  0,26665141346349397  7
 creative  -248,22077922077924  0,16666666666666663  0,41666666666666663  0,26665141346349397  7
 creative  -248,22077922077924  0,16666666666666663  0,41666666666666663  0,26665141346349397  7
 creative  -248,22077922077924  0,16666666666666663  0,41666666666666663  0,26665141346349397  7
 creative  -248,22077922077924  0,16666666666666663  0,41666666666666663  0,26665141346349397  7
 creative  -246,8766233766234  0,16666666666666663  0,41666666666666663  0,24059385804352248  7
 creative  -246,42857142857144  0,23076923076923073  0,46153846153846156  0,2369878443703947  7
 creative  -246,42857142857144  0,23076923076923073  0,46153846153846156  0,2369878443703947  7
 creative  -246,42857142857144  0,23076923076923073  0,46153846153846156  0,2369878443703947  7
 factual  -102,67307692307692  0,5  0,5  0,2891353612830123  7
 factual  -102,67307692307692  0,5  0,5  0,2891353612830123  7
 factual  -102,67307692307692  0,5  0,5  0,2891353612830123  7
 factual  -102,67307692307692  0,5  0,5  0,2891353612830123  7
 factual  -102,67307692307692  0,5  0,5  0,2891353612830123  7
 factual  -102,67307692307692  0,5  0,5  0,2891353612830123  7
 factual  -102,67307692307692  0,5  0,5  0,2891353612830123  7
 factual  -102,67307692307692  0,5  0,5  0,2891353612830123  7
 factual  -102,67307692307692  0,5  0,5  0,2891353612830123  7
 factual  -102,67307692307692  0,5  0,5  0,2891353612830123  7
 factual  -102,67307692307692  0,5  0,5  0,2891353612830123  7
 factual  -102,67307692307692  0,5  0,5  0,2891353612830123  7
 factual  -99,38461538461537  0,5  0,5  0,2989627821842587  7
 factual  -99,38461538461537  0,5  0,5  0,2989627821842587  7
 factual  -99,38461538461537  0,5  0,5  0,2989627821842587  7
 factual  -99,38461538461537  0,5  0,5  0,2989627821842587  7
 factual  -99,38461538461537  0,5  0,5  0,2989627821842587  7
 factual  -99,38461538461537  0,5  0,5  0,2989627821842587  7
 factual  -99,38461538461537  0,5  0,5  0,2989627821842587  7
 factual  -99,38461538461537  0,5  0,5  0,2989627821842587  7
 analogical  -29,45  0,1428571428571429  0,0  0,3558572300183038  6
 analogical  -29,45  0,1428571428571429  0,0  0,3558572300183038  6
 analogical  -25,65  0,16666666666666663  0,16666666666666663  0,37756762253406545  5
 analogical  -25,65  0,16666666666666663  0,16666666666666663  0,3925157616432784  5
 analogical  -23,75  0,16666666666666663  0,0  0,40105755541997157  6
 analogical  -23,75  0,16666666666666663  0,16666666666666663  0,4011083994305471  5
 analogical  -23,75  0,16666666666666663  0,16666666666666663  0,446512100874517  5
 analogical  -23,75  0,16666666666666663  0,0  0,35138295708765505  6
 analogical  -23,75  0,16666666666666663  0,0  0,40105755541997157  6
 analogical  -22,799999999999997  0,16666666666666663  0,0  0,41188732967256464  6
 analogical  -21,849999999999998  0,375  0,16666666666666663  0,3497559487492374  5
 analogical  -21,849999999999998  0,16666666666666663  0,0  0,3964307504575961  6
 analogical  -21,849999999999998  0,16666666666666663  0,16666666666666663  0,3695851128737035  5
 analogical  -21,849999999999998  0,2857142857142857  0,16666666666666663  0,3732458816351434  5
 analogical  -21,849999999999998  0,16666666666666663  0,0  0,38768558063860076  6
 analogical  -21,849999999999998  0,16666666666666663  0,0  0,4377669310555216  6
 analogical  -20,9  0,33333333333333337  0,16666666666666663  0,39663412649989827  5
 analogical  -20,9  0,16666666666666663  0,16666666666666663  0,4463087248322148  5
 analogical  -20,9  0,16666666666666663  0,16666666666666663  0,4463087248322148  5
 analogical  -20,9  0,16666666666666663  0,0  0,46537522879804766  6
 creative  -102,67307692307692  0,5  0,5  0,3026235509456986  7
 creative  -102,67307692307692  0,5  0,5  0,3026235509456986  7
 creative  -102,67307692307692  0,5  0,5  0,3026235509456986  7
 creative  -102,67307692307692  0,5  0,5  0,3026235509456986  7
 creative  -102,67307692307692  0,5  0,5  0,3026235509456986  7
 creative  -102,67307692307692  0,5  0,5  0,3026235509456986  7
 creative  -102,67307692307692  0,5  0,5  0,3026235509456986  7
 creative  -102,67307692307692  0,5  0,5  0,3026235509456986  7
 creative  -102,67307692307692  0,5  0,5  0,3026235509456986  7
 creative  -102,67307692307692  0,5  0,5  0,3026235509456986  7
 creative  -102,67307692307692  0,5  0,5  0,3026235509456986  7
 creative  -102,67307692307692  0,5  0,5  0,3026235509456986  7
 creative  -102,67307692307692  0,5  0,5  0,3026235509456986  7
 creative  -102,67307692307692  0,5  0,5  0,3026235509456986  7
 creative  -102,67307692307692  0,5  0,5  0,3026235509456986  7
 creative  -102,67307692307692  0,5  0,5  0,3026235509456986  7
 creative  -102,67307692307692  0,5  0,5  0,3026235509456986  7
 creative  -102,67307692307692  0,5  0,5  0,3026235509456986  7
 creative  -102,67307692307692  0,5  0,5  0,3026235509456986  7
 creative  -102,67307692307692  0,5  0,5  0,3026235509456986  7
 factual  -156,81530008453086  0,3571428571428571  0,3571428571428571  0,26146169266974634  9
 factual  -156,07734573119188  0,3571428571428571  0,3571428571428571  0,2697637932537261  9
 factual  -156,07734573119188  0,3571428571428571  0,3571428571428571  0,2697637932537261  9
 factual  -156,07734573119188  0,3571428571428571  0,3571428571428571  0,2697637932537261  9
 factual  -154,97041420118344  0,3571428571428571  0,3571428571428571  0,26653883029721953  9
 factual  -154,97041420118344  0,3571428571428571  0,3571428571428571  0,26653883029721953  9
 factual  -153,86348267117498  0,3571428571428571  0,3571428571428571  0,26383683430663296  9
 factual  -153,4945054945055  0,3571428571428571  0,3571428571428571  0,2852131090386124  9
 factual  -153,4945054945055  0,3571428571428571  0,3571428571428571  0,2852131090386124  9
 factual  -153,4945054945055  0,3571428571428571  0,3571428571428571  0,2852131090386124  9
 factual  -153,4945054945055  0,3571428571428571  0,3571428571428571  0,2852131090386124  9
 factual  -153,4945054945055  0,3571428571428571  0,3571428571428571  0,2852131090386124  9
 factual  -153,4945054945055  0,3571428571428571  0,3571428571428571  0,2852131090386124  9
 factual  -153,4945054945055  0,3571428571428571  0,3571428571428571  0,2852131090386124  9
 factual  -153,4945054945055  0,3571428571428571  0,3571428571428571  0,2852131090386124  9
 factual  -153,4945054945055  0,3571428571428571  0,3571428571428571  0,2852131090386124  9
 factual  -153,4945054945055  0,3571428571428571  0,3571428571428571  0,2852131090386124  9
 factual  -153,4945054945055  0,3571428571428571  0,3571428571428571  0,2852131090386124  9
 factual  -153,4945054945055  0,3571428571428571  0,3571428571428571  0,2852131090386124  9
 factual  -153,4945054945055  0,3571428571428571  0,3571428571428571  0,2852131090386124  9
 analogical  -25,9021978021978  0,16666666666666663  0,0  0,4201240593858044  6
 analogical  -24,94285714285714  0,2857142857142857  0,2857142857142857  0,37029692902176126  5
 analogical  -24,94285714285714  0,2857142857142857  0,16666666666666663  0,4201749033963799  5
 analogical  -24,94285714285714  0,16666666666666663  0,0  0,4377669310555216  6
 analogical  -23,983516483516482  0,2857142857142857  0,2857142857142857  0,34756965629448855  5
 analogical  -23,983516483516482  0,16666666666666663  0,16666666666666663  0,37756762253406545  5
 analogical  -23,983516483516482  0,375  0,2857142857142857  0,3749237339841367  5
 analogical  -23,983516483516482  0,16666666666666663  0,16666666666666663  0,399633923123856  5
 analogical  -23,983516483516482  0,16666666666666663  0,0  0,46537522879804766  6
 analogical  -23,983516483516482  0,16666666666666663  0,16666666666666663  0,446512100874517  5
 analogical  -23,02417582417582  0,2857142857142857  0,16666666666666663  0,39663412649989827  5
 analogical  -23,02417582417582  0,16666666666666663  0,0  0,45663005897905223  6
 analogical  -23,02417582417582  0,16666666666666663  0,0  0,45663005897905223  6
 analogical  -23,02417582417582  0,16666666666666663  0,16666666666666663  0,41549725442342894  5
 analogical  -23,02417582417582  0,16666666666666663  0,16666666666666663  0,41549725442342894  5
 analogical  -23,02417582417582  0,16666666666666663  0,16666666666666663  0,41549725442342894  5
 analogical  -22,876584953508033  0,625  0,5333333333333333  0,12128475551294342  7
 analogical  -21,105494505494505  0,33333333333333337  0,16666666666666663  0,3925157616432784  5
 analogical  -20,146153846153844  0,16666666666666663  0,16666666666666663  0,34858653650599963  5
 analogical  -20,146153846153844  0,4285714285714286  0,2857142857142857  0,37395769778320115  5
 creative  -125,82121724429417  0,4666666666666667  0,4285714285714286  0,2969362851913187  8
 creative  -123,23837700760778  0,5  0,5  0,29307940381765885  7
 creative  -123,23837700760778  0,5  0,5  0,29307940381765885  7
 creative  -123,23837700760778  0,5  0,5  0,29307940381765885  7
 creative  -123,23837700760778  0,5  0,5  0,29307940381765885  7
 creative  -121,76246830092984  0,4666666666666667  0,4285714285714286  0,2856489148435457  8
 creative  -121,39349112426036  0,5333333333333333  0,5  0,3024492286237253  7
 creative  -121,39349112426036  0,5333333333333333  0,5  0,3024492286237253  7
 creative  -121,39349112426036  0,5333333333333333  0,5  0,3024492286237253  7
 creative  -120,65553677092139  0,5  0,5  0,3029504052993986  7
 creative  -120,65553677092139  0,5  0,5  0,3066111740608385  7
 creative  -120,65553677092139  0,5  0,5  0,3029504052993986  7
 creative  -120,65553677092139  0,5  0,5  0,3029504052993986  7
 creative  -120,65553677092139  0,5  0,5  0,3029504052993986  7
 creative  -120,65553677092139  0,5  0,5  0,3066111740608385  7
 creative  -120,65553677092139  0,5  0,5  0,3029504052993986  7
 creative  -120,65553677092139  0,5  0,5  0,3029504052993986  7
 creative  -120,65553677092139  0,5  0,5  0,3066111740608385  7
 creative  -120,65553677092139  0,5  0,5  0,3066111740608385  7
 creative  -120,65553677092139  0,5  0,5  0,3029504052993986  7
 factual  -118,41081994928147  0,5  0,5  0,29848339579883204  7
 factual  -118,41081994928147  0,5  0,5  0,29848339579883204  7
 factual  -118,41081994928147  0,5  0,5  0,29848339579883204  7
 factual  -118,41081994928147  0,5  0,5  0,29848339579883204  7
 factual  -118,41081994928147  0,5  0,5  0,29848339579883204  7
 factual  -118,41081994928147  0,5  0,5  0,29848339579883204  7
 factual  -118,41081994928147  0,5  0,5  0,29848339579883204  7
 factual  -118,41081994928147  0,5  0,5  0,29848339579883204  7
 factual  -118,41081994928147  0,5  0,5  0,29848339579883204  7
 factual  -118,41081994928147  0,5  0,5  0,29848339579883204  7
 factual  -118,41081994928147  0,5  0,5  0,29848339579883204  7
 factual  -113,97041420118342  0,5  0,5  0,28656410703390567  7
 factual  -113,97041420118342  0,5  0,5  0,28656410703390567  7
 factual  -113,97041420118342  0,5  0,5  0,28656410703390567  7
 factual  -113,97041420118342  0,5  0,5  0,28656410703390567  7
 factual  -113,97041420118342  0,5  0,5  0,28656410703390567  7
 factual  -113,97041420118342  0,5  0,5  0,28656410703390567  7
 factual  -113,60038038884191  0,5  0,5  0,29835265405735206  7
 factual  -113,60038038884191  0,5  0,5  0,29835265405735206  7
 factual  -113,60038038884191  0,5  0,5  0,29835265405735206  7
 analogical  -25,976373626373626  0,16666666666666663  0,16666666666666663  0,35733170632499495  5
 analogical  -25,976373626373626  0,16666666666666663  0,0  0,4562741509050234  6
 analogical  -25,976373626373626  0,16666666666666663  0,0  0,46537522879804766  6
 analogical  -25,976373626373626  0,16666666666666663  0,0  0,46537522879804766  6
 analogical  -25,976373626373626  0,16666666666666663  0,0  0,46537522879804766  6
 analogical  -25,014285714285712  0,16666666666666663  0,0  0,36465324384787473  6
 analogical  -25,014285714285712  0,16666666666666663  0,16666666666666663  0,4463087248322148  5
 analogical  -25,014285714285712  0,2857142857142857  0,16666666666666663  0,3971934106162294  5
 analogical  -25,014285714285712  0,2857142857142857  0,16666666666666663  0,3971934106162294  5
 analogical  -25,014285714285712  0,2857142857142857  0,16666666666666663  0,39282082570673177  5
 analogical  -25,014285714285712  0,16666666666666663  0,16666666666666663  0,4463087248322148  5
 analogical  -24,0521978021978  0,16666666666666663  0,0  0,3558572300183038  6
 analogical  -24,0521978021978  0,16666666666666663  0,0  0,3558572300183038  6
 analogical  -23,090109890109886  0,16666666666666663  0,16666666666666663  0,4012609314622737  5
 analogical  -23,090109890109886  0,16666666666666663  0,16666666666666663  0,399633923123856  5
 analogical  -23,090109890109886  0,16666666666666663  0,16666666666666663  0,399633923123856  5
 analogical  -23,090109890109886  0,375  0,16666666666666663  0,32463900752491354  5
 analogical  -22,128021978021977  0,16666666666666663  0,16666666666666663  0,41549725442342894  5
 analogical  -22,128021978021977  0,2857142857142857  0,2857142857142857  0,36500915192190364  5
 analogical  -22,128021978021977  0,16666666666666663  0,16666666666666663  0,41549725442342894  5
 creative  -113,60038038884191  0,5  0,5  0,2998997646648653  7
 creative  -113,60038038884191  0,5  0,5  0,2998997646648653  7
 creative  -113,60038038884191  0,5  0,5  0,2998997646648653  7
 creative  -113,60038038884191  0,5  0,5  0,2998997646648653  7
 creative  -113,60038038884191  0,5  0,5  0,29835265405735206  7
 creative  -113,60038038884191  0,5  0,5  0,2998997646648653  7
 creative  -113,60038038884191  0,5  0,5  0,2998997646648653  7
 creative  -113,60038038884191  0,5  0,5  0,2998997646648653  7
 creative  -113,60038038884191  0,5  0,5  0,2998997646648653  7
 creative  -113,60038038884191  0,5  0,5  0,29835265405735206  7
 creative  -113,60038038884191  0,5  0,5  0,29835265405735206  7
 creative  -113,60038038884191  0,5  0,5  0,2998997646648653  7
 creative  -113,60038038884191  0,5  0,5  0,29835265405735206  7
 creative  -113,60038038884191  0,5  0,5  0,2998997646648653  7
 creative  -113,60038038884191  0,5  0,5  0,29835265405735206  7
 creative  -113,60038038884191  0,5  0,5  0,2998997646648653  7
 creative  -113,60038038884191  0,5  0,5  0,29835265405735206  7
 creative  -113,60038038884191  0,5  0,5  0,2998997646648653  7
 creative  -113,60038038884191  0,5  0,5  0,29835265405735206  7
 creative  -113,60038038884191  0,5  0,5  0,29835265405735206  7
 factual  -117,05219780219782  0,5  0,5  0,275320317266626  7
 factual  -117,05219780219782  0,5  0,5  0,275320317266626  7
 factual  -117,05219780219782  0,5  0,5  0,275320317266626  7
 factual  -117,05219780219782  0,5  0,5  0,275320317266626  7
 factual  -117,05219780219782  0,5  0,5  0,3038873877800053  7
 factual  -117,05219780219782  0,5  0,5  0,3038873877800053  7
 factual  -117,05219780219782  0,5  0,5  0,3038873877800053  7
 factual  -115,17032967032969  0,5714285714285714  0,5  0,2983744443475987  7
 factual  -115,17032967032969  0,5714285714285714  0,5  0,2983744443475987  7
 factual  -115,17032967032969  0,5714285714285714  0,5  0,2983744443475987  7
 factual  -115,17032967032969  0,5714285714285714  0,5  0,2983744443475987  7
 factual  -114,0412087912088  0,5  0,5  0,3040181295214852  7
 factual  -113,28846153846155  0,5  0,4285714285714286  0,2885252331561056  8
 factual  -112,91208791208793  0,5714285714285714  0,5  0,3000305064063454  7
 factual  -112,91208791208793  0,5  0,4285714285714286  0,29743746186699205  8
 factual  -112,91208791208793  0,5714285714285714  0,5  0,3000305064063454  7
 factual  -112,91208791208793  0,5  0,4285714285714286  0,29743746186699205  8
 factual  -112,91208791208793  0,5714285714285714  0,5  0,3000305064063454  7
 factual  -112,91208791208793  0,5  0,4285714285714286  0,29743746186699205  8
 factual  -112,91208791208793  0,5714285714285714  0,5  0,3000305064063454  7
 analogical  -27,400000000000002  0,16666666666666663  0,1428571428571429  0,37024608501118567  6
 analogical  -27,400000000000002  0,16666666666666663  0,16666666666666663  0,3821944274964409  5
 analogical  -26,421428571428574  0,2857142857142857  0,2857142857142857  0,32997762863534674  5
 analogical  -26,421428571428574  0,16666666666666663  0,16666666666666663  0,4012609314622737  5
 analogical  -25,442857142857143  0,16666666666666663  0,16666666666666663  0,41549725442342894  5
 analogical  -25,442857142857143  0,16666666666666663  0,16666666666666663  0,41549725442342894  5
 analogical  -25,442857142857143  0,16666666666666663  0,16666666666666663  0,41549725442342894  5
 analogical  -25,442857142857143  0,16666666666666663  0,16666666666666663  0,41549725442342894  5
 analogical  -24,464285714285715  0,16666666666666663  0,16666666666666663  0,39663412649989827  5
 analogical  -24,464285714285715  0,16666666666666663  0,16666666666666663  0,39663412649989827  5
 analogical  -24,464285714285715  0,16666666666666663  0,16666666666666663  0,3023693308928208  5
 analogical  -24,464285714285715  0,16666666666666663  0,0  0,4201240593858044  6
 analogical  -24,464285714285715  0,16666666666666663  0,16666666666666663  0,4011083994305471  5
 analogical  -24,464285714285715  0,16666666666666663  0,16666666666666663  0,4011083994305471  5
 analogical  -24,464285714285715  0,2857142857142857  0,16666666666666663  0,3732458816351434  5
 analogical  -23,485714285714288  0,16666666666666663  0,0  0,3233679072605247  6
 analogical  -23,485714285714288  0,16666666666666663  0,16666666666666663  0,42744559690868417  5
 analogical  -23,485714285714288  0,16666666666666663  0,16666666666666663  0,42744559690868417  5
 analogical  -23,485714285714288  0,16666666666666663  0,16666666666666663  0,399633923123856  5
 analogical  -23,485714285714288  0,16666666666666663  0,16666666666666663  0,42744559690868417  5
 creative  -115,17032967032969  0,5714285714285714  0,5  0,2983744443475987  7
 creative  -115,17032967032969  0,5714285714285714  0,5  0,2983744443475987  7
 creative  -115,17032967032969  0,5714285714285714  0,5  0,2983744443475987  7
 creative  -115,17032967032969  0,5714285714285714  0,5  0,2983744443475987  7
 creative  -115,17032967032969  0,5714285714285714  0,5  0,2983744443475987  7
 creative  -115,17032967032969  0,5714285714285714  0,5  0,2983744443475987  7
 creative  -115,17032967032969  0,5714285714285714  0,5  0,2983744443475987  7
 creative  -115,17032967032969  0,5714285714285714  0,5  0,2983744443475987  7
 creative  -115,17032967032969  0,5714285714285714  0,5  0,2983744443475987  7
 creative  -115,17032967032969  0,5714285714285714  0,5  0,2983744443475987  7
 creative  -115,17032967032969  0,5714285714285714  0,5  0,2983744443475987  7
 creative  -115,17032967032969  0,5714285714285714  0,5  0,2983744443475987  7
 creative  -115,17032967032969  0,5714285714285714  0,5  0,2983744443475987  7
 creative  -115,17032967032969  0,5714285714285714  0,5  0,2983744443475987  7
 creative  -115,17032967032969  0,5714285714285714  0,5  0,2983744443475987  7
 creative  -115,17032967032969  0,5714285714285714  0,5  0,2983744443475987  7
 creative  -115,17032967032969  0,5714285714285714  0,5  0,2983744443475987  7
 creative  -115,17032967032969  0,5714285714285714  0,5  0,2983744443475987  7
 creative  -115,17032967032969  0,5714285714285714  0,5  0,2983744443475987  7
 creative  -115,17032967032969  0,5714285714285714  0,5  0,2983744443475987  7
 factual  -188,2924767540152  0,3571428571428571  0,4285714285714286  0,2645777041750196  8
 factual  -188,2924767540152  0,3571428571428571  0,4285714285714286  0,2645777041750196  8
 factual  -188,2924767540152  0,3571428571428571  0,4285714285714286  0,2645777041750196  8
 factual  -188,2924767540152  0,3571428571428571  0,4285714285714286  0,2645777041750196  8
 factual  -188,2924767540152  0,3571428571428571  0,4285714285714286  0,2645777041750196  8
 factual  -188,2924767540152  0,3571428571428571  0,4285714285714286  0,2645777041750196  8
 factual  -188,2924767540152  0,3571428571428571  0,4285714285714286  0,2645777041750196  8
 factual  -188,2924767540152  0,3571428571428571  0,4285714285714286  0,2645777041750196  8
 factual  -188,2924767540152  0,3571428571428571  0,4285714285714286  0,2645777041750196  8
 factual  -184,1500422654269  0,3571428571428571  0,4285714285714286  0,26435980127255293  8
 factual  -184,1500422654269  0,3571428571428571  0,4285714285714286  0,26435980127255293  8
 factual  -184,1500422654269  0,3571428571428571  0,4285714285714286  0,26435980127255293  8
 factual  -184,1500422654269  0,3571428571428571  0,4285714285714286  0,26435980127255293  8
 factual  -182,26711749788674  0,3571428571428571  0,4285714285714286  0,2839492722043057  8
 factual  -182,26711749788674  0,3571428571428571  0,4285714285714286  0,2839492722043057  8
 factual  -182,26711749788674  0,3571428571428571  0,4285714285714286  0,2839492722043057  8
 factual  -182,26711749788674  0,3571428571428571  0,4285714285714286  0,2839492722043057  8
 factual  -182,26711749788674  0,3571428571428571  0,4285714285714286  0,2839492722043057  8
 factual  -182,26711749788674  0,3571428571428571  0,4285714285714286  0,2839492722043057  8
 factual  -182,26711749788674  0,3571428571428571  0,4285714285714286  0,2839492722043057  8
 analogical  -30,352747252747257  0,16666666666666663  0,0  0,3323164531218223  6
 analogical  -27,415384615384617  0,16666666666666663  0,16666666666666663  0,42744559690868417  5
 analogical  -27,415384615384617  0,16666666666666663  0,16666666666666663  0,42744559690868417  5
 analogical  -27,415384615384617  0,16666666666666663  0,16666666666666663  0,42744559690868417  5
 analogical  -26,43626373626374  0,16666666666666663  0,2857142857142857  0,39282082570673177  5
 analogical  -26,43626373626374  0,16666666666666663  0,0  0,46537522879804766  6
 analogical  -26,43626373626374  0,16666666666666663  0,0  0,46537522879804766  6
 analogical  -26,43626373626374  0,16666666666666663  0,0  0,46537522879804766  6
 analogical  -25,45714285714286  0,16666666666666663  0,0  0,4201240593858044  6
 analogical  -25,45714285714286  0,16666666666666663  0,0  0,4201240593858044  6
 analogical  -25,45714285714286  0,16666666666666663  0,16666666666666663  0,41549725442342894  5
 analogical  -25,45714285714286  0,16666666666666663  0,16666666666666663  0,3821944274964409  5
 analogical  -25,45714285714286  0,16666666666666663  0,16666666666666663  0,3476205003050641  5
 analogical  -25,45714285714286  0,16666666666666663  0,0  0,4201240593858044  6
 analogical  -24,478021978021978  0,16666666666666663  0,16666666666666663  0,399633923123856  5
 analogical  -23,4989010989011  0,16666666666666663  0,0  0,37812690665039667  6
 analogical  -22,59509721048183  0,6  0,5714285714285714  0,16381940207443563  6
 analogical  -22,519780219780223  0,16666666666666663  0,16666666666666663  0,2974374618669921  5
 analogical  -22,519780219780223  0,33333333333333337  0,16666666666666663  0,30938580435224733  5
 analogical  -22,519780219780223  0,16666666666666663  0,16666666666666663  0,3422818791946309  5
 creative  -188,2924767540152  0,3571428571428571  0,4285714285714286  0,2645777041750196  8
 creative  -184,1500422654269  0,3571428571428571  0,4285714285714286  0,26435980127255293  8
 creative  -184,1500422654269  0,3571428571428571  0,4285714285714286  0,26435980127255293  8
 creative  -182,26711749788674  0,3571428571428571  0,4285714285714286  0,2839492722043057  8
 creative  -182,26711749788674  0,3571428571428571  0,4285714285714286  0,2839492722043057  8
 creative  -182,26711749788674  0,3571428571428571  0,4285714285714286  0,2839492722043057  8
 creative  -182,26711749788674  0,3571428571428571  0,4285714285714286  0,2839492722043057  8
 creative  -182,26711749788674  0,3571428571428571  0,4285714285714286  0,2839492722043057  8
 creative  -182,26711749788674  0,3571428571428571  0,4285714285714286  0,2839492722043057  8
 creative  -182,26711749788674  0,3571428571428571  0,4285714285714286  0,2839492722043057  8
 creative  -182,26711749788674  0,3571428571428571  0,4285714285714286  0,2839492722043057  8
 creative  -182,26711749788674  0,3571428571428571  0,4285714285714286  0,2839492722043057  8
 creative  -182,26711749788674  0,3571428571428571  0,4285714285714286  0,2839492722043057  8
 creative  -182,26711749788674  0,3571428571428571  0,4285714285714286  0,2839492722043057  8
 creative  -182,26711749788674  0,3571428571428571  0,4285714285714286  0,2839492722043057  8
 creative  -182,26711749788674  0,3571428571428571  0,4285714285714286  0,2839492722043057  8
 creative  -182,26711749788674  0,3571428571428571  0,4285714285714286  0,2839492722043057  8
 creative  -181,51394759087069  0,3571428571428571  0,4285714285714286  0,28811121764141895  8
 creative  -181,51394759087069  0,3571428571428571  0,4285714285714286  0,28811121764141895  8
 creative  -181,51394759087069  0,3571428571428571  0,4285714285714286  0,28811121764141895  8
 factual  -130,25274725274724  0,4285714285714286  0,5  0,2764098317789593  7
 factual  -130,25274725274724  0,4285714285714286  0,5  0,2764098317789593  7
 factual  -130,25274725274724  0,4285714285714286  0,5  0,2764098317789593  7
 factual  -130,25274725274724  0,4285714285714286  0,5  0,2764098317789593  7
 factual  -130,25274725274724  0,4285714285714286  0,5  0,2764098317789593  7
 factual  -127,65511411665257  0,4285714285714286  0,5  0,2975464133182254  7
 factual  -127,65511411665257  0,4285714285714286  0,5  0,2975464133182254  7
 factual  -127,65511411665257  0,4285714285714286  0,5  0,2975464133182254  7
 factual  -127,65511411665257  0,4285714285714286  0,5  0,2975464133182254  7
 factual  -127,65511411665257  0,4285714285714286  0,5  0,2975464133182254  7
 factual  -127,65511411665257  0,4285714285714286  0,5  0,2975464133182254  7
 factual  -127,65511411665257  0,4285714285714286  0,5  0,2975464133182254  7
 factual  -127,65511411665257  0,4285714285714286  0,5  0,2975464133182254  7
 factual  -127,65511411665257  0,4285714285714286  0,5  0,2975464133182254  7
 factual  -127,65511411665257  0,4285714285714286  0,5  0,2975464133182254  7
 factual  -126,541842772612  0,4285714285714286  0,5  0,29338446788111217  7
 factual  -126,541842772612  0,4285714285714286  0,5  0,29338446788111217  7
 factual  -126,541842772612  0,4285714285714286  0,5  0,2695241000610128  7
 factual  -126,541842772612  0,4285714285714286  0,4285714285714286  0,28832912054388565  8
 factual  -126,541842772612  0,4285714285714286  0,4285714285714286  0,28832912054388565  8
 analogical  -27,980219780219777  0,5384615384615384  0,4545454545454546  0,21914692994619778  6
 analogical  -26,050549450549447  0,16666666666666663  0,16666666666666663  0,3282489322757779  5
 analogical  -26,050549450549447  0,16666666666666663  0,0  0,38768558063860076  6
 analogical  -26,050549450549447  0,16666666666666663  0,0  0,38768558063860076  6
 analogical  -26,050549450549447  0,16666666666666663  0,0  0,4375635550132195  6
 analogical  -26,050549450549447  0,16666666666666663  0,0  0,4375635550132195  6
 analogical  -25,085714285714282  0,16666666666666663  0,0  0,36663616026032136  6
 analogical  -25,085714285714282  0,2857142857142857  0,16666666666666663  0,4201749033963799  5
 analogical  -25,085714285714282  0,16666666666666663  0,16666666666666663  0,4463087248322148  5
 analogical  -23,156043956043952  0,33333333333333337  0,0  0,4201240593858044  6
 analogical  -23,156043956043952  0,16666666666666663  0,16666666666666663  0,3925157616432784  5
 analogical  -23,156043956043952  0,2857142857142857  0,2857142857142857  0,3652125279642058  5
 analogical  -23,156043956043952  0,33333333333333337  0,0  0,4201240593858044  6
 analogical  -22,19120879120879  0,2857142857142857  0,16666666666666663  0,3821944274964409  5
 analogical  -22,19120879120879  0,16666666666666663  0,16666666666666663  0,38844824079723406  5
 analogical  -22,19120879120879  0,16666666666666663  0,16666666666666663  0,3158938377059182  5
 analogical  -22,19120879120879  0,16666666666666663  0,16666666666666663  0,4012609314622737  5
 analogical  -21,226373626373626  0,16666666666666663  0,16666666666666663  0,34263778726865973  5
 analogical  -21,226373626373626  0,33333333333333337  0,16666666666666663  0,3473154362416107  5
 analogical  -20,26153846153846  0,33333333333333337  0,16666666666666663  0,387888956680903  5
 creative  -130,25274725274724  0,4285714285714286  0,5  0,2764098317789593  7
 creative  -130,25274725274724  0,4285714285714286  0,5  0,2764098317789593  7
 creative  -130,25274725274724  0,4285714285714286  0,5  0,2764098317789593  7
 creative  -130,25274725274724  0,4285714285714286  0,5  0,2764098317789593  7
 creative  -130,25274725274724  0,4285714285714286  0,5  0,2764098317789593  7
 creative  -127,65511411665257  0,4285714285714286  0,5  0,2975464133182254  7
 creative  -127,65511411665257  0,4285714285714286  0,5  0,2975464133182254  7
 creative  -127,65511411665257  0,4285714285714286  0,5  0,2975464133182254  7
 creative  -127,65511411665257  0,4285714285714286  0,5  0,2975464133182254  7
 creative  -127,65511411665257  0,4285714285714286  0,5  0,2975464133182254  7
 creative  -127,65511411665257  0,4285714285714286  0,5  0,2975464133182254  7
 creative  -127,65511411665257  0,4285714285714286  0,5  0,2975464133182254  7
 creative  -127,65511411665257  0,4285714285714286  0,5  0,2975464133182254  7
 creative  -127,65511411665257  0,4285714285714286  0,5  0,2975464133182254  7
 creative  -127,65511411665257  0,4285714285714286  0,5  0,2975464133182254  7
 creative  -127,65511411665257  0,4285714285714286  0,5  0,2975464133182254  7
 creative  -127,65511411665257  0,4285714285714286  0,5  0,2975464133182254  7
 creative  -127,65511411665257  0,4285714285714286  0,5  0,2975464133182254  7
 creative  -127,65511411665257  0,4285714285714286  0,5  0,2975464133182254  7
 creative  -127,65511411665257  0,4285714285714286  0,5  0,2975464133182254  7
 factual  -116,65511411665257  0,5  0,5  0,28784973415845894  7
 factual  -116,65511411665257  0,5  0,5  0,28784973415845894  7
 factual  -116,65511411665257  0,5  0,5  0,28784973415845894  7
 factual  -116,65511411665257  0,5  0,5  0,28784973415845894  7
 factual  -116,65511411665257  0,5  0,5  0,28784973415845894  7
 factual  -116,65511411665257  0,5  0,5  0,28784973415845894  7
 factual  -116,65511411665257  0,5  0,5  0,28784973415845894  7
 factual  -116,65511411665257  0,5  0,5  0,28784973415845894  7
 factual  -116,65511411665257  0,5  0,5  0,28784973415845894  7
 factual  -116,65511411665257  0,5  0,5  0,28784973415845894  7
 factual  -116,65511411665257  0,5  0,5  0,28784973415845894  7
 factual  -116,65511411665257  0,5  0,5  0,28784973415845894  7
 factual  -116,65511411665257  0,5  0,5  0,28784973415845894  7
 factual  -116,65511411665257  0,5  0,5  0,28784973415845894  7
 factual  -116,65511411665257  0,5  0,5  0,28784973415845894  7
 factual  -116,65511411665257  0,5  0,5  0,28784973415845894  7
 factual  -116,28360101437023  0,5  0,5  0,28845986228536563  7
 factual  -116,28360101437023  0,5  0,5  0,28845986228536563  7
 factual  -116,28360101437023  0,5  0,5  0,28845986228536563  7
 factual  -114,7975486052409  0,5  0,5  0,2756907522008193  7
 analogical  -27,046153846153842  0,16666666666666663  0,0  0,4187004270896888  6
 analogical  -27,046153846153842  0,16666666666666663  0,16666666666666663  0,4463087248322148  5
 analogical  -27,046153846153842  0,16666666666666663  0,0  0,46537522879804766  6
 analogical  -27,046153846153842  0,16666666666666663  0,0  0,4187004270896888  6
 analogical  -27,046153846153842  0,16666666666666663  0,16666666666666663  0,39302420174903396  5
 analogical  -26,080219780219778  0,16666666666666663  0,16666666666666663  0,4011083994305471  5
 analogical  -26,080219780219778  0,16666666666666663  0,16666666666666663  0,3971934106162294  5
 analogical  -26,080219780219778  0,16666666666666663  0,16666666666666663  0,3971934106162294  5
 analogical  -26,080219780219778  0,16666666666666663  0,16666666666666663  0,41549725442342894  5
 analogical  -26,080219780219778  0,16666666666666663  0,16666666666666663  0,3923123856009762  5
 analogical  -25,11428571428571  0,16666666666666663  0,0  0,4375635550132195  6
 analogical  -25,11428571428571  0,16666666666666663  0,0  0,4375635550132195  6
 analogical  -25,11428571428571  0,16666666666666663  0,16666666666666663  0,3476205003050641  5
 analogical  -24,148351648351646  0,16666666666666663  0,16666666666666663  0,3769066503965832  5
 analogical  -24,148351648351646  0,16666666666666663  0,0  0,4201240593858044  6
 analogical  -24,148351648351646  0,16666666666666663  0,0  0,45663005897905223  6
 analogical  -23,182417582417578  0,16666666666666663  0,16666666666666663  0,35117958104535285  5
 analogical  -23,182417582417578  0,16666666666666663  0,16666666666666663  0,387888956680903  5
 analogical  -23,182417582417578  0,16666666666666663  0,16666666666666663  0,36882245271507014  5
 analogical  -23,182417582417578  0,16666666666666663  0,0  0,36663616026032136  6
 creative  -114,42603550295857  0,5  0,5  0,2884816525756123  7
 creative  -114,42603550295857  0,5  0,5  0,2884816525756123  7
 creative  -114,42603550295857  0,5  0,5  0,2884816525756123  7
 creative  -114,42603550295857  0,5  0,5  0,2884816525756123  7
 creative  -111,82544378698225  0,5714285714285714  0,5  0,29835265405735206  7
 creative  -111,82544378698225  0,5714285714285714  0,5  0,29835265405735206  7
 creative  -111,82544378698225  0,5714285714285714  0,5  0,3038873877800053  7
 creative  -111,82544378698225  0,5714285714285714  0,5  0,29835265405735206  7
 creative  -111,82544378698225  0,5714285714285714  0,5  0,29835265405735206  7
 creative  -111,82544378698225  0,5714285714285714  0,5  0,3038873877800053  7
 creative  -111,82544378698225  0,5714285714285714  0,5  0,29835265405735206  7
 creative  -111,82544378698225  0,5714285714285714  0,5  0,3038873877800053  7
 creative  -111,82544378698225  0,5714285714285714  0,5  0,29835265405735206  7
 creative  -111,82544378698225  0,5714285714285714  0,5  0,29835265405735206  7
 creative  -111,82544378698225  0,5714285714285714  0,5  0,3038873877800053  7
 creative  -111,82544378698225  0,5714285714285714  0,5  0,3038873877800053  7
 creative  -111,82544378698225  0,5714285714285714  0,5  0,29835265405735206  7
 creative  -111,82544378698225  0,5714285714285714  0,5  0,29835265405735206  7
 creative  -111,82544378698225  0,5714285714285714  0,5  0,3038873877800053  7
 creative  -111,82544378698225  0,5714285714285714  0,5  0,29835265405735206  7
