0.4609831834831837, 0.5, 0.0, 0.8, 0.0
0.403406685906686, 0.5, 0.0, 0.75, 0.0
0.5173881673881677, 0.6, 0.0, 0.6666666666666667, 0.0
0.47449504199504217, 0.5227272727272727, 0.0, 0.7692307692307692, 0.0
0.5000102675102678, 0.5857142857142856, 0.0, 0.7692307692307692, 0.0
0.4925030525030527, 0.6, 0.0, 0.7692307692307692, 0.0
0.4627081252081254, 0.5584415584415584, 0.0, 0.7692307692307692, 0.0
0.4269691419691421, 0.5, 0.0, 0.7692307692307692, 0.0
0.46107503607503625, 0.5714285714285714, 0.0, 0.7272727272727273, 0.0
0.46404706404706425, 0.5, 0.0, 0.7692307692307692, 0.0
0.508757353757354, 0.5714285714285714, 0.0, 0.8, 0.0
0.45616050616050635, 0.5714285714285714, 0.0, 0.7692307692307692, 0.0
0.46933806933806943, 0.5454545454545454, 0.0, 0.8, 0.0
0.49244477744477755, 0.5857142857142856, 0.0, 0.7692307692307692, 0.0
0.48090798090798115, 0.5454545454545454, 0.0, 0.7692307692307692, 0.0
0.49294982794982817, 0.5454545454545454, 0.0, 0.7692307692307692, 0.0
0.48220668220668234, 0.5857142857142856, 0.0, 0.7692307692307692, 0.0
0.5264929514929518, 0.5714285714285714, 0.0, 0.8, 0.0
0.4607252007252009, 0.5584415584415584, 0.0, 0.7692307692307692, 0.0
0.4236736411736413, 0.5, 0.0, 0.75, 0.0
0.46779054279054294, 0.6, 0.0, 0.8, 0.0
0.5191024716024717, 0.6, 0.0, 0.7692307692307692, 0.0
0.4981707181707184, 0.5584415584415584, 0.0, 0.7692307692307692, 0.0
0.4721249121249123, 0.5454545454545454, 0.0, 0.8, 0.0
0.4301071151071152, 0.5584415584415584, 0.0, 0.7692307692307692, 0.0
0.5172975172975174, 0.5857142857142856, 0.0, 0.7692307692307692, 0.0
0.488736263736264, 0.5714285714285714, 0.0, 0.7692307692307692, 0.0
0.42101676101676117, 0.5, 0.0, 0.7692307692307692, 0.0
0.45023458023458046, 0.5, 0.0, 0.7692307692307692, 0.0
0.5026155326155328, 0.5714285714285714, 0.0, 0.8, 0.0
0.44497779997780007, 0.5, 0.0, 0.8, 0.0
0.4241680541680542, 0.5714285714285714, 0.0, 0.8, 0.0
0.5006350131350134, 0.5714285714285714, 0.0, 0.7692307692307692, 0.0
0.4178416028416029, 0.5227272727272727, 0.0, 0.7692307692307692, 0.0
0.44371461871461887, 0.5714285714285714, 0.0, 0.7692307692307692, 0.0
0.49286565286565315, 0.5714285714285714, 0.0, 0.7692307692307692, 0.0
0.46976856476856504, 0.5454545454545454, 0.0, 0.7692307692307692, 0.0
0.5025999925999929, 0.5714285714285714, 0.0, 0.7692307692307692, 0.0
0.4752411477411479, 0.5857142857142856, 0.0, 0.7692307692307692, 0.0
0.4758971583971585, 0.5714285714285714, 0.0, 0.8, 0.0
0.44372127872127887, 0.5, 0.0, 0.7692307692307692, 0.0
0.40739297739297753, 0.5, 0.0, 0.6666666666666667, 0.0
0.45362378362378364, 0.5714285714285714, 0.0, 0.7692307692307692, 0.0
0.40431679431679435, 0.5, 0.0, 0.8, 0.0
0.43010406260406264, 0.5584415584415584, 0.0, 0.7692307692307692, 0.0
0.5077009102009105, 0.5584415584415584, 0.0, 0.7692307692307692, 0.0
0.4984554334554335, 0.5714285714285714, 0.0, 0.8333333333333334, 0.0
0.42683871683871694, 0.5, 0.0, 0.7692307692307692, 0.0
0.4314474414474415, 0.5584415584415584, 0.0, 0.8, 0.0
0.5030833055833058, 0.6, 0.0, 0.7692307692307692, 0.0
0.44275317275317294, 0.5, 0.0, 0.7692307692307692, 0.0
0.48808811558811577, 0.5714285714285714, 0.0, 0.8, 0.0
0.47030969030969044, 0.6, 0.0, 0.7692307692307692, 0.0
0.5040187590187591, 0.6, 0.0, 0.8, 0.0
0.37139971139971134, 0.5, 0.0, 0.8, 0.0
0.5006327006327008, 0.6, 0.0, 0.7692307692307692, 0.0
0.4430214230214231, 0.5714285714285714, 0.0, 0.7692307692307692, 0.0
0.48121156621156647, 0.6, 0.0, 0.7692307692307692, 0.0
0.4724616124616127, 0.5584415584415584, 0.0, 0.7692307692307692, 0.0
0.3926828726828727, 0.5, 0.0, 0.7692307692307692, 0.0
0.4919528619528623, 0.5727272727272728, 0.0, 0.7272727272727273, 0.0
0.43030608280608296, 0.5, 0.0, 0.7692307692307692, 0.0
0.468276260776261, 0.5454545454545454, 0.0, 0.7692307692307692, 0.0
0.482942057942058, 0.5714285714285714, 0.0, 0.7692307692307692, 0.0
0.4224081474081475, 0.5, 0.0, 0.8, 0.0
0.48146825396825416, 0.6, 0.0, 0.75, 0.0
0.48959299959299984, 0.5714285714285714, 0.0, 0.8, 0.0
0.44961704961704985, 0.5454545454545454, 0.0, 0.8, 0.0
0.39914807414807413, 0.5, 0.0, 0.7692307692307692, 0.0
0.46556166056166076, 0.6, 0.0, 0.7692307692307692, 0.0
0.4705694305694307, 0.5454545454545454, 0.0, 0.7692307692307692, 0.0
0.5076326451326454, 0.5857142857142856, 0.0, 0.7692307692307692, 0.0
0.47782772782772803, 0.6, 0.0, 0.7692307692307692, 0.0
0.4842749842749845, 0.6, 0.0, 0.7692307692307692, 0.0
0.44209179709179725, 0.5, 0.0, 0.7692307692307692, 0.0
0.467833832833833, 0.6, 0.0, 0.7692307692307692, 0.0
0.42695526695526714, 0.5, 0.0, 0.75, 0.0
0.4703643578643581, 0.5714285714285714, 0.0, 0.75, 0.0
0.4530003330003332, 0.5454545454545454, 0.0, 0.7692307692307692, 0.0
0.4485775335775338, 0.5, 0.0, 0.7692307692307692, 0.0
0.4738311688311691, 0.5227272727272727, 0.0, 0.7272727272727273, 0.0
0.43010887417667076, 0.5454545454545454, 0.0, 0.7272727272727273, 0.0
0.5073245273245277, 0.5584415584415584, 0.0, 0.7692307692307692, 0.0
0.4513395863395866, 0.5714285714285714, 0.0, 0.6666666666666667, 0.0
0.4233126133126134, 0.5, 0.0, 0.7692307692307692, 0.0
0.44381192881192894, 0.5454545454545454, 0.0, 0.7272727272727273, 0.0
0.4868374218374221, 0.5584415584415584, 0.0, 0.8, 0.0
0.45777602027602043, 0.5454545454545454, 0.0, 0.7692307692307692, 0.0
0.4040836940836942, 0.5, 0.0, 0.7272727272727273, 0.0
0.436594290831579, 0.5, 0.0, 0.7692307692307692, 0.0
0.4609266659266662, 0.5454545454545454, 0.0, 0.7692307692307692, 0.0
0.4821579346579349, 0.5454545454545454, 0.0, 0.7692307692307692, 0.0
0.38292096792096797, 0.5, 0.0, 0.7692307692307692, 0.0
0.4297757797757799, 0.5, 0.0, 0.7692307692307692, 0.0
0.4434271284271285, 0.5857142857142856, 0.0, 0.7272727272727273, 0.0
0.45567053317053335, 0.5357142857142857, 0.0, 0.8, 0.0
0.469844414844415, 0.5454545454545454, 0.0, 0.7692307692307692, 0.0
0.46582621082621106, 0.5, 0.0, 0.8, 0.0
0.4973204573204575, 0.5857142857142856, 0.0, 0.8, 0.0
0.4660372960372961, 0.5584415584415584, 0.0, 0.8, 0.0
