0.6952015577015577, 0.6923076923076923, 0.6, 0.8, 0.0
0.6906701631701629, 0.6923076923076923, 0.5, 0.8888888888888888, 0.0
0.6674715099715098, 0.6666666666666667, 0.5, 0.8888888888888888, 0.0
0.6636544936544938, 0.6666666666666667, 0.4444444444444444, 0.8181818181818181, 0.0
0.656980056980057, 0.6666666666666667, 0.5, 0.7777777777777778, 0.0
0.6856698394198394, 0.6666666666666667, 0.5555555555555556, 0.8888888888888888, 0.0
0.6789737577237575, 0.6794871794871795, 0.5, 0.8888888888888888, 0.0
0.6758675121175121, 0.6666666666666667, 0.5, 0.8181818181818181, 0.0
0.6771003533503533, 0.6666666666666667, 0.5, 0.8888888888888888, 0.0
0.6807159969659968, 0.6923076923076923, 0.5, 0.8181818181818181, 0.0
0.6852805527805528, 0.6666666666666667, 0.5454545454545454, 0.8888888888888888, 0.0
0.6894446294446294, 0.6923076923076923, 0.5, 0.8888888888888888, 0.0
0.6919981869981869, 0.6923076923076923, 0.5, 0.8888888888888888, 0.0
0.6874763662263662, 0.6923076923076923, 0.4444444444444444, 0.9, 0.0
0.6713835701335703, 0.6666666666666667, 0.5, 0.7857142857142857, 0.0
0.6767605542605545, 0.6666666666666667, 0.4444444444444444, 0.8888888888888888, 0.0
0.653401690901691, 0.6515151515151516, 0.4444444444444444, 0.8888888888888888, 0.0
0.686528934028934, 0.6923076923076923, 0.5555555555555556, 0.8, 0.0
0.690530303030303, 0.6923076923076923, 0.5, 0.8181818181818181, 0.0
0.6800317275317271, 0.6923076923076923, 0.4444444444444444, 0.8888888888888888, 0.0
0.6927010489510489, 0.6961538461538461, 0.5, 0.8888888888888888, 0.0
0.6779051966551968, 0.6923076923076923, 0.5, 0.8181818181818181, 0.0
0.6902049339549339, 0.6923076923076923, 0.5454545454545454, 0.8888888888888888, 0.0
0.6672976560476562, 0.6666666666666667, 0.5, 0.7692307692307692, 0.0
0.6747528397528397, 0.6666666666666667, 0.5, 0.8888888888888888, 0.0
0.6829895567395566, 0.6666666666666667, 0.5555555555555556, 0.8, 0.0
0.6734759590691793, 0.6666666666666667, 0.5, 0.8888888888888888, 0.0
0.6781706719206718, 0.6923076923076923, 0.5, 0.8888888888888888, 0.0
0.7018389480889478, 0.6961538461538461, 0.5555555555555556, 0.8888888888888888, 0.0
0.685875097125097, 0.6666666666666667, 0.5454545454545454, 0.8888888888888888, 0.0
0.6900629925629925, 0.6923076923076923, 0.5555555555555556, 0.8888888888888888, 0.0
0.6892944092944092, 0.6923076923076923, 0.5, 0.8888888888888888, 0.0
0.6835400710400709, 0.6666666666666667, 0.5454545454545454, 0.9, 0.0
0.6968465330965329, 0.6923076923076923, 0.5454545454545454, 0.8181818181818181, 0.0
0.6811366873866872, 0.6923076923076923, 0.4444444444444444, 0.8888888888888888, 0.0
0.6932276519776518, 0.6923076923076923, 0.4444444444444444, 0.8888888888888888, 0.0
0.6698112535612536, 0.6666666666666667, 0.5, 0.8888888888888888, 0.0
0.6798673086173086, 0.6923076923076923, 0.4444444444444444, 0.8, 0.0
0.677997927997928, 0.6666666666666667, 0.5, 0.8888888888888888, 0.0
0.6809615384615385, 0.6794871794871795, 0.5454545454545454, 0.8888888888888888, 0.0
0.6926256151256148, 0.7, 0.4444444444444444, 0.8888888888888888, 0.0
0.6609808247308249, 0.6666666666666667, 0.5, 0.8181818181818181, 0.0
0.6710473322973324, 0.6794871794871795, 0.5, 0.8888888888888888, 0.0
0.6699328449328449, 0.6666666666666667, 0.5, 0.8, 0.0
0.6689847189847191, 0.6666666666666667, 0.5, 0.8888888888888888, 0.0
0.6711873774373777, 0.6666666666666667, 0.5, 0.7857142857142857, 0.0
0.6610149572649573, 0.6666666666666667, 0.4444444444444444, 0.8181818181818181, 0.0
0.6874069449069449, 0.6923076923076923, 0.5, 0.8888888888888888, 0.0
0.692942104192104, 0.6923076923076923, 0.5, 0.8, 0.0
0.6828292540792541, 0.6794871794871795, 0.4444444444444444, 0.8888888888888888, 0.0
0.6853243978243978, 0.6923076923076923, 0.5555555555555556, 0.8181818181818181, 0.0
0.6700938875938874, 0.6666666666666667, 0.4444444444444444, 0.8, 0.0
0.6872160709660708, 0.6666666666666667, 0.5, 0.8888888888888888, 0.0
0.6850345025345025, 0.6666666666666667, 0.5, 0.9, 0.0
0.6918258130758129, 0.6666666666666667, 0.5, 0.8888888888888888, 0.0
0.6768719243719243, 0.6666666666666667, 0.4444444444444444, 0.8888888888888888, 0.0
0.6853226403226401, 0.6666666666666667, 0.5, 0.9, 0.0
0.6844752007252007, 0.6666666666666667, 0.5454545454545454, 0.8888888888888888, 0.0
0.6764737114737115, 0.6794871794871795, 0.5, 0.7777777777777778, 0.0
0.6799200336700335, 0.6666666666666667, 0.5, 0.8888888888888888, 0.0
0.6689437876937877, 0.6666666666666667, 0.5, 0.7857142857142857, 0.0
0.675329254079254, 0.6923076923076923, 0.5, 0.7777777777777778, 0.0
0.6915517353017351, 0.6923076923076923, 0.5, 0.8888888888888888, 0.0
0.6824653587153587, 0.6666666666666667, 0.5555555555555556, 0.8888888888888888, 0.0
0.6815818440818439, 0.6794871794871795, 0.5, 0.8888888888888888, 0.0
0.693610186110186, 0.6923076923076923, 0.5, 0.8888888888888888, 0.0
0.6947875100417472, 0.6923076923076923, 0.5, 0.8888888888888888, 0.0
0.6609562197062199, 0.6666666666666667, 0.4444444444444444, 0.8181818181818181, 0.0
0.6796257446257447, 0.6666666666666667, 0.5, 0.8888888888888888, 0.0
0.6782083657083656, 0.6794871794871795, 0.4444444444444444, 0.8888888888888888, 0.0
0.6811034069508647, 0.6666666666666667, 0.5555555555555556, 0.8888888888888888, 0.0
0.6804267029267029, 0.6923076923076923, 0.5, 0.7777777777777778, 0.0
0.6657609982609984, 0.6666666666666667, 0.5, 0.8333333333333334, 0.0
0.6766059866059865, 0.6666666666666667, 0.5, 0.8888888888888888, 0.0
0.6973098198098195, 0.6923076923076923, 0.4444444444444444, 0.8888888888888888, 0.0
0.6882460759579403, 0.6923076923076923, 0.5555555555555556, 0.8888888888888888, 0.0
0.6828946516446516, 0.6666666666666667, 0.5, 0.8888888888888888, 0.0
0.688586691086691, 0.7, 0.5, 0.8, 0.0
0.6914623802123802, 0.6923076923076923, 0.375, 0.8888888888888888, 0.0
0.6671348096348098, 0.6666666666666667, 0.5, 0.8, 0.0
0.6950442150442148, 0.6923076923076923, 0.5, 0.8888888888888888, 0.0
0.6807271432271432, 0.6794871794871795, 0.5, 0.8888888888888888, 0.0
0.6892539405039404, 0.6666666666666667, 0.4444444444444444, 0.8888888888888888, 0.0
0.6642864542864544, 0.6666666666666667, 0.5, 0.7777777777777778, 0.0
0.6696453546453546, 0.6666666666666667, 0.4444444444444444, 0.8888888888888888, 0.0
0.6970215432715432, 0.6923076923076923, 0.5, 0.8888888888888888, 0.0
0.6853606578606577, 0.6794871794871795, 0.4444444444444444, 0.8888888888888888, 0.0
0.6625802900802903, 0.6666666666666667, 0.4444444444444444, 0.8888888888888888, 0.0
0.6929917767417765, 0.6923076923076923, 0.5454545454545454, 0.8888888888888888, 0.0
0.6767061642061644, 0.6666666666666667, 0.5, 0.8, 0.0
0.6981517556517555, 0.6923076923076923, 0.4444444444444444, 0.8888888888888888, 0.0
0.6738901838901838, 0.6363636363636364, 0.5, 0.8888888888888888, 0.0
0.6866860916860914, 0.6794871794871795, 0.5, 0.8888888888888888, 0.0
0.6712088837088837, 0.6666666666666667, 0.4444444444444444, 0.8888888888888888, 0.0
0.6930802068302068, 0.6666666666666667, 0.4444444444444444, 0.8888888888888888, 0.0
0.6755604118104118, 0.6666666666666667, 0.5, 0.8888888888888888, 0.0
0.6692874255374259, 0.6666666666666667, 0.4444444444444444, 0.8181818181818181, 0.0
0.6895352795352793, 0.6794871794871795, 0.5, 0.8888888888888888, 0.0
0.6843829318829315, 0.6923076923076923, 0.5, 0.8888888888888888, 0.0
0.6895245957745957, 0.6794871794871795, 0.5555555555555556, 0.8888888888888888, 0.0
