0.6104661396750644, 0.6428571428571428, 0.33333333333333337, 0.7777777777777778, 0.0
0.6351615051615049, 0.6666666666666667, 0.33333333333333337, 0.8461538461538461, 0.0
0.6338112813112813, 0.6666666666666667, 0.33333333333333337, 0.7857142857142857, 0.0
0.6006646539734773, 0.6, 0.4, 0.7692307692307692, 0.0
0.6117119949016497, 0.6666666666666667, 0.33333333333333337, 0.8181818181818181, 0.0
0.6618272713125651, 0.6666666666666667, 0.4444444444444444, 0.8181818181818181, 0.0
0.6469196886213691, 0.6666666666666667, 0.4285714285714286, 0.7647058823529411, 0.0
0.6013932569488124, 0.625, 0.33333333333333337, 0.7777777777777778, 0.0
0.6163801152644964, 0.6428571428571428, 0.25, 0.8, 0.0
0.6240556774380301, 0.6396103896103895, 0.4, 0.7777777777777778, 0.0
0.6480155138978667, 0.6666666666666667, 0.33333333333333337, 0.8, 0.0
0.5861301661301659, 0.6, 0.0, 0.7857142857142857, 0.0
0.6373167573167571, 0.6458333333333334, 0.4, 0.8181818181818181, 0.0
0.6065458615458613, 0.6363636363636364, 0.0, 0.8181818181818181, 0.0
0.6383981918464676, 0.6428571428571428, 0.4285714285714286, 0.7692307692307692, 0.0
0.6291798479298478, 0.6666666666666667, 0.0, 0.7777777777777778, 0.0
0.6399731716696, 0.6666666666666667, 0.5, 0.8125, 0.0
0.5889540089540087, 0.6258741258741258, 0.0, 0.7777777777777778, 0.0
0.6515287292073004, 0.6666666666666667, 0.5, 0.7857142857142857, 0.0
0.5860807248307246, 0.625, 0.0, 0.7857142857142857, 0.0
0.6257994400235778, 0.6428571428571428, 0.33333333333333337, 0.75, 0.0
0.5916059403559402, 0.6363636363636364, 0.33333333333333337, 0.7777777777777778, 0.0
0.61030747030747, 0.6396103896103895, 0.25, 0.7857142857142857, 0.0
0.6320475979958737, 0.6666666666666667, 0.33333333333333337, 0.8, 0.0
0.6374489834783951, 0.6428571428571428, 0.25, 0.8235294117647058, 0.0
0.6677410149012581, 0.6923076923076923, 0.375, 0.7647058823529411, 0.0
0.611923995544685, 0.625, 0.33333333333333337, 0.8, 0.0
0.5920552428430577, 0.6181818181818182, 0.0, 0.7857142857142857, 0.0
0.6445184445184443, 0.6666666666666667, 0.4, 0.8181818181818181, 0.0
0.6178094722737578, 0.6363636363636364, 0.33333333333333337, 0.7777777777777778, 0.0
0.6574991919844859, 0.6666666666666667, 0.375, 0.8125, 0.0
0.65347171985103, 0.6666666666666667, 0.33333333333333337, 0.7777777777777778, 0.0
0.6241465016465015, 0.6547619047619048, 0.0, 0.8, 0.0
0.608213823213823, 0.6363636363636364, 0.0, 0.7857142857142857, 0.0
0.6191106191894005, 0.6547619047619048, 0.25, 0.8125, 0.0
0.6344575067789352, 0.6515151515151516, 0.33333333333333337, 0.8, 0.0
0.671940028925323, 0.6923076923076923, 0.4, 0.8571428571428572, 0.0
0.5957888854440576, 0.6, 0.2857142857142857, 0.8, 0.0
0.5922140120415981, 0.625, 0.0, 0.8, 0.0
0.6109135309135307, 0.6, 0.4444444444444444, 0.8, 0.0
0.6282695082695082, 0.6770833333333334, 0.0, 0.8125, 0.0
0.6128022839229734, 0.6666666666666667, 0.2857142857142857, 0.8, 0.0
0.6236911236911236, 0.6666666666666667, 0.33333333333333337, 0.8181818181818181, 0.0
0.5923306100030236, 0.6, 0.33333333333333337, 0.7142857142857143, 0.0
0.6416730491730489, 0.6666666666666667, 0.5, 0.7777777777777778, 0.0
0.6592143733950453, 0.6666666666666667, 0.5, 0.8, 0.0
0.6208013251116696, 0.6666666666666667, 0.33333333333333337, 0.7857142857142857, 0.0
0.6342994058004199, 0.6470588235294117, 0.33333333333333337, 0.8, 0.0
0.5972026485419341, 0.6458333333333334, 0.0, 0.7692307692307692, 0.0
0.6066249842111909, 0.6363636363636364, 0.0, 0.8, 0.0
0.6386214360352288, 0.6428571428571428, 0.4444444444444444, 0.75, 0.0
0.6414988268436542, 0.6666666666666667, 0.4444444444444444, 0.8333333333333334, 0.0
0.5931909087081499, 0.6666666666666667, 0.0, 0.8, 0.0
0.5975145544111059, 0.6666666666666667, 0.0, 0.75, 0.0
0.6272490440593886, 0.625, 0.4, 0.8181818181818181, 0.0
0.615707472604024, 0.6428571428571428, 0.33333333333333337, 0.7777777777777778, 0.0
0.6295264122850326, 0.6428571428571428, 0.33333333333333337, 0.8181818181818181, 0.0
0.61775086025086, 0.6666666666666667, 0.25, 0.7857142857142857, 0.0
0.6251760739260738, 0.6076923076923078, 0.33333333333333337, 0.8461538461538461, 0.0
0.6211399711399709, 0.6515151515151516, 0.25, 0.8181818181818181, 0.0
0.6501077626077625, 0.6794871794871795, 0.25, 0.8, 0.0
0.6257428682428682, 0.6339285714285714, 0.4, 0.7777777777777778, 0.0
0.6293934768934767, 0.6547619047619048, 0.25, 0.7692307692307692, 0.0
0.6130227446657465, 0.6428571428571428, 0.0, 0.7857142857142857, 0.0
0.6247074764316141, 0.625, 0.33333333333333337, 0.8, 0.0
0.6201015459636148, 0.625, 0.33333333333333337, 0.8333333333333334, 0.0
0.6360032097532095, 0.6666666666666667, 0.33333333333333337, 0.8125, 0.0
0.5897290128172479, 0.625, 0.0, 0.7647058823529411, 0.0
0.6097616942444526, 0.6153846153846154, 0.33333333333333337, 0.8, 0.0
0.6203769378769376, 0.6201923076923077, 0.4444444444444444, 0.75, 0.0
0.648751392285875, 0.6666666666666667, 0.4444444444444444, 0.8, 0.0
0.6013723313723311, 0.6076923076923078, 0.33333333333333337, 0.75, 0.0
0.6536983266500072, 0.6666666666666667, 0.33333333333333337, 0.7692307692307692, 0.0
0.592825565239358, 0.6363636363636364, 0.33333333333333337, 0.7692307692307692, 0.0
0.6553562338045095, 0.6666666666666667, 0.33333333333333337, 0.7857142857142857, 0.0
0.6348105438622678, 0.6666666666666667, 0.33333333333333337, 0.8125, 0.0
0.591620581799153, 0.6201923076923077, 0.0, 0.7777777777777778, 0.0
0.6363198104577413, 0.6666666666666667, 0.4285714285714286, 0.8, 0.0
0.6430377094170197, 0.6666666666666667, 0.33333333333333337, 0.7857142857142857, 0.0
0.6286851111851111, 0.6666666666666667, 0.33333333333333337, 0.8125, 0.0
0.6372971292849587, 0.6666666666666667, 0.25, 0.8, 0.0
0.6436848336848335, 0.6666666666666667, 0.33333333333333337, 0.8333333333333334, 0.0
0.6317560217560216, 0.6396103896103895, 0.5, 0.7692307692307692, 0.0
0.6384564047064046, 0.6666666666666667, 0.33333333333333337, 0.8125, 0.0
0.6360113960113959, 0.6363636363636364, 0.4444444444444444, 0.8333333333333334, 0.0
0.622525946275946, 0.6547619047619048, 0.25, 0.7857142857142857, 0.0
0.6272237484737482, 0.6339285714285714, 0.25, 0.8125, 0.0
0.6038019451812553, 0.6, 0.33333333333333337, 0.8, 0.0
0.6039797409078453, 0.625, 0.0, 0.7857142857142857, 0.0
0.6292246068108136, 0.6666666666666667, 0.4285714285714286, 0.7777777777777778, 0.0
0.6348332223332221, 0.6666666666666667, 0.25, 0.8, 0.0
0.6035263090818643, 0.6363636363636364, 0.33333333333333337, 0.8181818181818181, 0.0
0.6347579623441694, 0.7, 0.25, 0.8, 0.0
0.6149445162680455, 0.6666666666666667, 0.0, 0.8, 0.0
0.6068438505938504, 0.625, 0.4285714285714286, 0.7333333333333334, 0.0
0.6296982429335368, 0.6363636363636364, 0.33333333333333337, 0.7777777777777778, 0.0
0.6382353278905001, 0.6363636363636364, 0.33333333333333337, 0.8, 0.0
0.6460286255139194, 0.6666666666666667, 0.5, 0.8125, 0.0
0.6355481683067886, 0.6428571428571428, 0.4285714285714286, 0.75, 0.0
0.6171649778792633, 0.625, 0.4285714285714286, 0.75, 0.0
0.602177452177452, 0.625, 0.33333333333333337, 0.8, 0.0
0.64400277302063, 0.6515151515151516, 0.33333333333333337, 0.8125, 0.0
0.6312790910914641, 0.6666666666666667, 0.0, 0.8, 0.0
0.6178613588349895, 0.625, 0.4, 0.8235294117647058, 0.0
0.6023985439164009, 0.6153846153846154, 0.33333333333333337, 0.8181818181818181, 0.0
0.5830809994603096, 0.6, 0.33333333333333337, 0.7692307692307692, 0.0
0.6597059802942155, 0.6794871794871795, 0.5, 0.8181818181818181, 0.0
0.6080051430051427, 0.6, 0.33333333333333337, 0.8, 0.0
0.6637370037370035, 0.6899038461538461, 0.375, 0.8125, 0.0
0.6285360935360933, 0.6515151515151516, 0.33333333333333337, 0.7857142857142857, 0.0
0.6368755781255779, 0.6666666666666667, 0.33333333333333337, 0.75, 0.0
0.6283708883708881, 0.6666666666666667, 0.33333333333333337, 0.7692307692307692, 0.0
0.6278755966255964, 0.6428571428571428, 0.25, 0.8125, 0.0
0.6598395966778319, 0.6666666666666667, 0.5, 0.7857142857142857, 0.0
0.6167890641104925, 0.6547619047619048, 0.25, 0.875, 0.0
0.6093919968919966, 0.6306818181818181, 0.33333333333333337, 0.7333333333333334, 0.0
0.6191068851783136, 0.6547619047619048, 0.33333333333333337, 0.8, 0.0
0.6199104599104596, 0.6396103896103895, 0.25, 0.7777777777777778, 0.0
0.6342214267214266, 0.6428571428571428, 0.4545454545454546, 0.75, 0.0
0.6125053650053648, 0.6258741258741258, 0.33333333333333337, 0.75, 0.0
0.6458242906518766, 0.6666666666666667, 0.33333333333333337, 0.8181818181818181, 0.0
0.5968010353405889, 0.6666666666666667, 0.0, 0.7857142857142857, 0.0
0.6307838240191178, 0.6291208791208791, 0.33333333333333337, 0.7857142857142857, 0.0
0.6176258607293087, 0.6666666666666667, 0.25, 0.7692307692307692, 0.0
0.6223475757958513, 0.6666666666666667, 0.25, 0.75, 0.0
0.6204774153050013, 0.625, 0.4, 0.7692307692307692, 0.0
0.6288930315716028, 0.6428571428571428, 0.33333333333333337, 0.8, 0.0
0.6262824340410545, 0.6153846153846154, 0.5, 0.8, 0.0
0.6410604242500794, 0.6666666666666667, 0.0, 0.7777777777777778, 0.0
0.6062272019168568, 0.6153846153846154, 0.33333333333333337, 0.8333333333333334, 0.0
0.5723267987156875, 0.5714285714285714, 0.33333333333333337, 0.7857142857142857, 0.0
0.6436379712241779, 0.6666666666666667, 0.33333333333333337, 0.8181818181818181, 0.0
0.6439465706707084, 0.6666666666666667, 0.0, 0.7857142857142857, 0.0
0.6301931784690402, 0.6666666666666667, 0.33333333333333337, 0.7857142857142857, 0.0
0.6569009534526774, 0.6666666666666667, 0.33333333333333337, 0.7857142857142857, 0.0
0.6203505209387562, 0.6666666666666667, 0.25, 0.8, 0.0
0.6534887334887334, 0.6666666666666667, 0.33333333333333337, 0.8461538461538461, 0.0
0.6409377978343493, 0.6363636363636364, 0.5, 0.8, 0.0
0.6057562477205332, 0.6458333333333334, 0.33333333333333337, 0.8181818181818181, 0.0
0.5988262663262661, 0.6339285714285714, 0.0, 0.7333333333333334, 0.0
0.6393417884797196, 0.6666666666666667, 0.41666666666666663, 0.8, 0.0
0.5867247104747103, 0.6306818181818181, 0.0, 0.75, 0.0
0.6001740389240388, 0.6306818181818181, 0.0, 0.7692307692307692, 0.0
0.6224431698569627, 0.6666666666666667, 0.33333333333333337, 0.8, 0.0
0.6172868319420042, 0.6428571428571428, 0.33333333333333337, 0.75, 0.0
0.6529529511882451, 0.6666666666666667, 0.25, 0.8333333333333334, 0.0
0.6407707570207569, 0.6666666666666667, 0.33333333333333337, 0.8125, 0.0
0.6292311671875563, 0.6428571428571428, 0.33333333333333337, 0.8235294117647058, 0.0
0.6132675360353931, 0.625, 0.33333333333333337, 0.8, 0.0
0.6301467513967512, 0.6666666666666667, 0.33333333333333337, 0.8125, 0.0
0.6010278610278608, 0.6291208791208791, 0.33333333333333337, 0.75, 0.0
0.5863034475103437, 0.625, 0.0, 0.7857142857142857, 0.0
0.599119927691356, 0.6125, 0.33333333333333337, 0.8333333333333334, 0.0
0.5834319384319381, 0.6428571428571428, 0.0, 0.7857142857142857, 0.0
0.5969786918062778, 0.6153846153846154, 0.0, 0.8181818181818181, 0.0
0.5849222206365061, 0.6428571428571428, 0.0, 0.8, 0.0
0.6117562497026781, 0.6363636363636364, 0.33333333333333337, 0.75, 0.0
0.6565439190439188, 0.6666666666666667, 0.4545454545454546, 0.7857142857142857, 0.0
0.6025916675916674, 0.6458333333333334, 0.25, 0.7777777777777778, 0.0
0.6474355259345114, 0.6470588235294117, 0.33333333333333337, 0.8333333333333334, 0.0
0.6360823204573203, 0.6306818181818181, 0.33333333333333337, 0.8333333333333334, 0.0
0.6550401831284184, 0.6666666666666667, 0.4, 0.8, 0.0
0.6510749898249897, 0.6666666666666667, 0.33333333333333337, 0.8571428571428572, 0.0
0.5761403347610241, 0.6153846153846154, 0.0, 0.75, 0.0
0.6184662559662558, 0.6363636363636364, 0.33333333333333337, 0.7272727272727273, 0.0
0.6396536413777791, 0.6666666666666667, 0.4444444444444444, 0.75, 0.0
0.5930099662242517, 0.625, 0.33333333333333337, 0.75, 0.0
0.6284195679048619, 0.6428571428571428, 0.33333333333333337, 0.8, 0.0
0.6208715358715357, 0.6666666666666667, 0.0, 0.8, 0.0
0.6075745550745548, 0.6125, 0.2222222222222222, 0.8, 0.0
0.6218792223102565, 0.6428571428571428, 0.0, 0.8125, 0.0
0.6086558811558809, 0.6201923076923077, 0.33333333333333337, 0.7857142857142857, 0.0
0.6319278422726696, 0.6428571428571428, 0.4, 0.7777777777777778, 0.0
0.644311799311799, 0.6515151515151516, 0.33333333333333337, 0.8181818181818181, 0.0
0.6364622795505146, 0.6515151515151516, 0.4285714285714286, 0.7857142857142857, 0.0
0.6306675467389752, 0.6666666666666667, 0.0, 0.8181818181818181, 0.0
0.6053935878935878, 0.6076923076923078, 0.33333333333333337, 0.7692307692307692, 0.0
0.6335902931491165, 0.6666666666666667, 0.33333333333333337, 0.7647058823529411, 0.0
0.647236192925848, 0.6666666666666667, 0.4, 0.8333333333333334, 0.0
0.6191081428150393, 0.6666666666666667, 0.0, 0.8, 0.0
0.6166773360738876, 0.6363636363636364, 0.33333333333333337, 0.8333333333333334, 0.0
0.6143724331224331, 0.6306818181818181, 0.33333333333333337, 0.8, 0.0
0.6341736041736039, 0.6666666666666667, 0.33333333333333337, 0.7857142857142857, 0.0
0.6073606245005837, 0.6666666666666667, 0.0, 0.7857142857142857, 0.0
0.6305311068242102, 0.6428571428571428, 0.0, 0.8, 0.0
0.6082468457468456, 0.625, 0.33333333333333337, 0.7692307692307692, 0.0
0.6443820547268821, 0.6666666666666667, 0.25, 0.8333333333333334, 0.0
0.617700355200355, 0.6201923076923077, 0.33333333333333337, 0.7272727272727273, 0.0
0.6172724784793748, 0.6363636363636364, 0.33333333333333337, 0.75, 0.0
0.6021218596218595, 0.625, 0.4285714285714286, 0.75, 0.0
0.6127009963216858, 0.625, 0.33333333333333337, 0.7777777777777778, 0.0
0.5397040459540458, 0.6153846153846154, 0.0, 0.8, 0.0
0.6479764217264216, 0.6666666666666667, 0.5, 0.7692307692307692, 0.0
0.6238127772610528, 0.6428571428571428, 0.33333333333333337, 0.75, 0.0
0.6401879729465934, 0.6666666666666667, 0.33333333333333337, 0.8181818181818181, 0.0
0.6469447219447216, 0.6666666666666667, 0.4, 0.8, 0.0
0.6270128592390255, 0.6666666666666667, 0.33333333333333337, 0.8, 0.0
0.6039588387802671, 0.6076923076923078, 0.33333333333333337, 0.75, 0.0
0.6347272937790177, 0.6428571428571428, 0.33333333333333337, 0.8, 0.0
0.620655683602112, 0.6547619047619048, 0.25, 0.7692307692307692, 0.0
