0.1, 0.0, 0.0, 0.6666666666666667, 0.0
0.10777777777777778, 0.0, 0.0, 0.6666666666666667, 0.0
0.07777777777777778, 0.0, 0.0, 0.6666666666666667, 0.0
0.07397959183673468, 0.0, 0.0, 0.5714285714285714, 0.0
0.11954022988505747, 0.0, 0.0, 0.6666666666666667, 0.0
0.07777777777777778, 0.0, 0.0, 0.6666666666666667, 0.0
0.13231292517006804, 0.0, 0.0, 0.6666666666666667, 0.0
0.09753086419753088, 0.0, 0.0, 0.6666666666666667, 0.0
0.08620689655172414, 0.0, 0.0, 0.6666666666666667, 0.0
0.07444444444444445, 0.0, 0.0, 0.6666666666666667, 0.0
0.10444444444444446, 0.0, 0.0, 0.6666666666666667, 0.0
0.08888888888888889, 0.0, 0.0, 0.6666666666666667, 0.0
0.20000000000000007, 0.0, 0.0, 0.6666666666666667, 0.0
0.11333333333333334, 0.0, 0.0, 0.6666666666666667, 0.0
0.05747126436781609, 0.0, 0.0, 0.6666666666666667, 0.0
0.11538461538461539, 0.0, 0.0, 0.6666666666666667, 0.0
0.09523809523809525, 0.0, 0.0, 0.6666666666666667, 0.0
0.08888888888888889, 0.0, 0.0, 0.6666666666666667, 0.0
0.16309523809523813, 0.0, 0.0, 0.6666666666666667, 0.0
0.022222222222222223, 0.0, 0.0, 0.6666666666666667, 0.0
0.12315270935960593, 0.0, 0.0, 0.6666666666666667, 0.0
0.05777777777777779, 0.0, 0.0, 0.6666666666666667, 0.0
0.07444444444444445, 0.0, 0.0, 0.6666666666666667, 0.0
0.11609195402298852, 0.0, 0.0, 0.6666666666666667, 0.0
0.10555555555555557, 0.0, 0.0, 0.6666666666666667, 0.0
0.09425287356321839, 0.0, 0.0, 0.6666666666666667, 0.0
0.10344827586206896, 0.0, 0.0, 0.5, 0.0
0.05595238095238096, 0.0, 0.0, 0.6666666666666667, 0.0
0.15222222222222223, 0.0, 0.0, 0.6666666666666667, 0.0
0.05952380952380953, 0.0, 0.0, 0.6666666666666667, 0.0
0.1188888888888889, 0.0, 0.0, 0.6666666666666667, 0.0
0.1, 0.0, 0.0, 0.6666666666666667, 0.0
0.061111111111111116, 0.0, 0.0, 0.6666666666666667, 0.0
0.1523809523809524, 0.0, 0.0, 0.6666666666666667, 0.0
0.07142857142857142, 0.0, 0.0, 0.5, 0.0
0.13690476190476192, 0.0, 0.0, 0.6666666666666667, 0.0
0.13333333333333336, 0.0, 0.0, 0.6666666666666667, 0.0
0.13793103448275865, 0.0, 0.0, 0.6666666666666667, 0.0
0.12068965517241383, 0.0, 0.0, 0.6666666666666667, 0.0
0.1134920634920635, 0.0, 0.0, 0.6666666666666667, 0.0
0.15555555555555559, 0.0, 0.0, 0.6666666666666667, 0.0
0.07126436781609194, 0.0, 0.0, 0.6666666666666667, 0.0
0.14888888888888893, 0.0, 0.0, 0.6666666666666667, 0.0
0.09770114942528738, 0.0, 0.0, 0.6666666666666667, 0.0
0.022222222222222223, 0.0, 0.0, 0.6666666666666667, 0.0
0.07040816326530612, 0.0, 0.0, 0.5714285714285714, 0.0
0.11149425287356322, 0.0, 0.0, 0.6666666666666667, 0.0
0.08620689655172414, 0.0, 0.0, 0.6666666666666667, 0.0
0.049999999999999996, 0.0, 0.0, 0.5, 0.0
0.040229885057471264, 0.0, 0.0, 0.6666666666666667, 0.0
0.14942528735632185, 0.0, 0.0, 0.6666666666666667, 0.0
0.06551724137931034, 0.0, 0.0, 0.5, 0.0
0.13464696223316913, 0.0, 0.0, 0.6666666666666667, 0.0
0.11740558292282431, 0.0, 0.0, 0.6666666666666667, 0.0
0.12298850574712646, 0.0, 0.0, 0.6666666666666667, 0.0
0.08275862068965517, 0.0, 0.0, 0.5, 0.0
0.12643678160919541, 0.0, 0.0, 0.6666666666666667, 0.0
0.07444444444444445, 0.0, 0.0, 0.6666666666666667, 0.0
0.07777777777777778, 0.0, 0.0, 0.6666666666666667, 0.0
0.15555555555555559, 0.0, 0.0, 0.6666666666666667, 0.0
0.14111111111111113, 0.0, 0.0, 0.6666666666666667, 0.0
0.03888888888888889, 0.0, 0.0, 0.6666666666666667, 0.0
0.05222222222222223, 0.0, 0.0, 0.6666666666666667, 0.0
0.10344827586206896, 0.0, 0.0, 0.6666666666666667, 0.0
0.11149425287356322, 0.0, 0.0, 0.6666666666666667, 0.0
0.08620689655172414, 0.0, 0.0, 0.6666666666666667, 0.0
0.12222222222222223, 0.0, 0.0, 0.6666666666666667, 0.0
0.10777777777777778, 0.0, 0.0, 0.6666666666666667, 0.0
0.08850574712643677, 0.0, 0.0, 0.6666666666666667, 0.0
0.06888888888888887, 0.0, 0.0, 0.6666666666666667, 0.0
0.12643678160919541, 0.0, 0.0, 0.6666666666666667, 0.0
0.13238095238095238, 0.0, 0.0, 0.6666666666666667, 0.0
0.11785714285714288, 0.0, 0.0, 0.6666666666666667, 0.0
0.1252873563218391, 0.0, 0.0, 0.6666666666666667, 0.0
0.08045977011494253, 0.0, 0.0, 0.6666666666666667, 0.0
0.13448275862068967, 0.0, 0.0, 0.6666666666666667, 0.0
0.11309523809523811, 0.0, 0.0, 0.6666666666666667, 0.0
0.11149425287356322, 0.0, 0.0, 0.6666666666666667, 0.0
0.10574712643678164, 0.0, 0.0, 0.6666666666666667, 0.0
0.1, 0.0, 0.0, 0.6666666666666667, 0.0
0.12889983579638756, 0.0, 0.0, 0.6666666666666667, 0.0
0.1277777777777778, 0.0, 0.0, 0.6666666666666667, 0.0
0.08, 0.0, 0.0, 0.5, 0.0
0.07777777777777778, 0.0, 0.0, 0.6666666666666667, 0.0
0.13888888888888892, 0.0, 0.0, 0.6666666666666667, 0.0
0.06888888888888887, 0.0, 0.0, 0.6666666666666667, 0.0
0.16904761904761906, 0.0, 0.0, 0.6666666666666667, 0.0
0.07701149425287357, 0.0, 0.0, 0.6666666666666667, 0.0
0.06790123456790124, 0.0, 0.0, 0.6666666666666667, 0.0
0.05747126436781609, 0.0, 0.0, 0.6666666666666667, 0.0
0.1, 0.0, 0.0, 0.6666666666666667, 0.0
0.12222222222222225, 0.0, 0.0, 0.6666666666666667, 0.0
0.11395730706075533, 0.0, 0.0, 0.6666666666666667, 0.0
0.13, 0.0, 0.0, 0.6666666666666667, 0.0
0.06043956043956044, 0.0, 0.0, 0.5714285714285714, 0.0
0.12222222222222223, 0.0, 0.0, 0.6666666666666667, 0.0
0.04827586206896552, 0.0, 0.0, 0.5, 0.0
0.05555555555555556, 0.0, 0.0, 0.6666666666666667, 0.0
0.017241379310344827, 0.0, 0.0, 0.5, 0.0
0.13095238095238096, 0.0, 0.0, 0.6666666666666667, 0.0
0.15111111111111114, 0.0, 0.0, 0.6666666666666667, 0.0
0.1666666666666667, 0.0, 0.0, 0.6666666666666667, 0.0
0.14597701149425288, 0.0, 0.0, 0.6666666666666667, 0.0
0.067816091954023, 0.0, 0.0, 0.6666666666666667, 0.0
0.07040816326530612, 0.0, 0.0, 0.5714285714285714, 0.0
0.05402298850574713, 0.0, 0.0, 0.6666666666666667, 0.0
0.16571428571428576, 0.0, 0.0, 0.6666666666666667, 0.0
0.016666666666666666, 0.0, 0.0, 0.5, 0.0
0.061111111111111116, 0.0, 0.0, 0.6666666666666667, 0.0
0.08015873015873017, 0.0, 0.0, 0.6666666666666667, 0.0
0.06666666666666667, 0.0, 0.0, 0.6666666666666667, 0.0
0.1634920634920635, 0.0, 0.0, 0.6666666666666667, 0.0
0.061904761904761914, 0.0, 0.0, 0.6666666666666667, 0.0
0.12682539682539684, 0.0, 0.0, 0.6666666666666667, 0.0
0.08333333333333334, 0.0, 0.0, 0.5, 0.0
0.05777777777777778, 0.0, 0.0, 0.5, 0.0
0.19642857142857148, 0.0, 0.0, 0.6666666666666667, 0.0
0.0746031746031746, 0.0, 0.0, 0.6666666666666667, 0.0
0.1166666666666667, 0.0, 0.0, 0.6666666666666667, 0.0
0.05, 0.0, 0.0, 0.6666666666666667, 0.0
0.11494252873563221, 0.0, 0.0, 0.6666666666666667, 0.0
0.12068965517241383, 0.0, 0.0, 0.6666666666666667, 0.0
0.12222222222222223, 0.0, 0.0, 0.6666666666666667, 0.0
0.07471264367816093, 0.0, 0.0, 0.6666666666666667, 0.0
0.10344827586206896, 0.0, 0.0, 0.5, 0.0
0.04482758620689655, 0.0, 0.0, 0.5, 0.0
0.13333333333333336, 0.0, 0.0, 0.6666666666666667, 0.0
0.1, 0.0, 0.0, 0.6666666666666667, 0.0
0.08850574712643677, 0.0, 0.0, 0.6666666666666667, 0.0
0.11970443349753698, 0.0, 0.0, 0.6666666666666667, 0.0
0.06419753086419754, 0.0, 0.0, 0.6666666666666667, 0.0
0.05977011494252875, 0.0, 0.0, 0.6666666666666667, 0.0
0.11149425287356322, 0.0, 0.0, 0.6666666666666667, 0.0
0.07701149425287357, 0.0, 0.0, 0.6666666666666667, 0.0
0.08275862068965517, 0.0, 0.0, 0.5, 0.0
0.05, 0.0, 0.0, 0.5, 0.0
0.11111111111111113, 0.0, 0.0, 0.6666666666666667, 0.0
0.08292282430213466, 0.0, 0.0, 0.6666666666666667, 0.0
0.09523809523809525, 0.0, 0.0, 0.6666666666666667, 0.0
0.07777777777777778, 0.0, 0.0, 0.6666666666666667, 0.0
0.1609195402298851, 0.0, 0.0, 0.6666666666666667, 0.0
0.061111111111111116, 0.0, 0.0, 0.6666666666666667, 0.0
0.12111111111111113, 0.0, 0.0, 0.6666666666666667, 0.0
0.09425287356321839, 0.0, 0.0, 0.6666666666666667, 0.0
0.1633825944170772, 0.0, 0.0, 0.6666666666666667, 0.0
0.14444444444444446, 0.0, 0.0, 0.6666666666666667, 0.0
0.15000000000000002, 0.0, 0.0, 0.6666666666666667, 0.0
0.09425287356321839, 0.0, 0.0, 0.6666666666666667, 0.0
0.10714285714285714, 0.0, 0.0, 0.6666666666666667, 0.0
0.1507936507936508, 0.0, 0.0, 0.6666666666666667, 0.0
0.10777777777777778, 0.0, 0.0, 0.6666666666666667, 0.0
0.14597701149425288, 0.0, 0.0, 0.6666666666666667, 0.0
0.05952380952380953, 0.0, 0.0, 0.6666666666666667, 0.0
0.10222222222222221, 0.0, 0.0, 0.6666666666666667, 0.0
0.09770114942528738, 0.0, 0.0, 0.6666666666666667, 0.0
0.04166666666666667, 0.0, 0.0, 0.6666666666666667, 0.0
0.06785714285714285, 0.0, 0.0, 0.5, 0.0
0.09444444444444447, 0.0, 0.0, 0.6666666666666667, 0.0
0.17777777777777784, 0.0, 0.0, 0.6666666666666667, 0.0
0.09441707717569786, 0.0, 0.0, 0.6666666666666667, 0.0
0.10952380952380951, 0.0, 0.0, 0.6666666666666667, 0.0
0.13555555555555557, 0.0, 0.0, 0.6666666666666667, 0.0
0.16666666666666669, 0.0, 0.0, 0.6666666666666667, 0.0
0.14942528735632185, 0.0, 0.0, 0.6666666666666667, 0.0
0.03888888888888889, 0.0, 0.0, 0.6666666666666667, 0.0
0.12643678160919541, 0.0, 0.0, 0.6666666666666667, 0.0
0.08588435374149661, 0.0, 0.0, 0.6666666666666667, 0.0
0.1277777777777778, 0.0, 0.0, 0.6666666666666667, 0.0
0.05555555555555556, 0.0, 0.0, 0.6666666666666667, 0.0
0.1166666666666667, 0.0, 0.0, 0.6666666666666667, 0.0
0.09770114942528738, 0.0, 0.0, 0.6666666666666667, 0.0
0.05222222222222223, 0.0, 0.0, 0.6666666666666667, 0.0
0.09425287356321839, 0.0, 0.0, 0.6666666666666667, 0.0
0.10555555555555557, 0.0, 0.0, 0.6666666666666667, 0.0
0.05, 0.0, 0.0, 0.5, 0.0
0.13333333333333333, 0.0, 0.0, 0.6666666666666667, 0.0
0.10777777777777778, 0.0, 0.0, 0.6666666666666667, 0.0
0.13333333333333336, 0.0, 0.0, 0.6666666666666667, 0.0
0.171264367816092, 0.0, 0.0, 0.6666666666666667, 0.0
0.1, 0.0, 0.0, 0.6666666666666667, 0.0
0.04827586206896552, 0.0, 0.0, 0.5, 0.0
0.16777777777777783, 0.0, 0.0, 0.6666666666666667, 0.0
0.06888888888888887, 0.0, 0.0, 0.6666666666666667, 0.0
0.08045977011494253, 0.0, 0.0, 0.6666666666666667, 0.0
0.12643678160919541, 0.0, 0.0, 0.6666666666666667, 0.0
0.08333333333333333, 0.0, 0.0, 0.5, 0.0
0.20000000000000007, 0.0, 0.0, 0.6666666666666667, 0.0
0.09333333333333332, 0.0, 0.0, 0.5, 0.0
0.08620689655172414, 0.0, 0.0, 0.6666666666666667, 0.0
0.13793650793650797, 0.0, 0.0, 0.6666666666666667, 0.0
0.08620689655172414, 0.0, 0.0, 0.6666666666666667, 0.0
0.05238095238095238, 0.0, 0.0, 0.6666666666666667, 0.0
0.11333333333333334, 0.0, 0.0, 0.6666666666666667, 0.0
0.10344827586206896, 0.0, 0.0, 0.6666666666666667, 0.0
0.18045977011494257, 0.0, 0.0, 0.6666666666666667, 0.0
0.08928571428571429, 0.0, 0.0, 0.6666666666666667, 0.0
0.06321839080459771, 0.0, 0.0, 0.6666666666666667, 0.0
0.09166666666666666, 0.0, 0.0, 0.6666666666666667, 0.0
0.11149425287356322, 0.0, 0.0, 0.6666666666666667, 0.0
0.04166666666666667, 0.0, 0.0, 0.6666666666666667, 0.0
