0.4527609427609427, 0.5, 0.0, 0.7777777777777778, 0.0
0.5417340067340067, 0.5555555555555556, 0.19999999999999996, 0.7777777777777778, 0.0
0.5104377104377104, 0.5454545454545454, 0.19999999999999996, 0.7777777777777778, 0.0
0.485993265993266, 0.5, 0.19999999999999996, 0.7777777777777778, 0.0
0.4916990416990416, 0.5, 0.2222222222222222, 0.7777777777777778, 0.0
0.4338720538720538, 0.4545454545454546, 0.2222222222222222, 0.7777777777777778, 0.0
0.3641077441077441, 0.4, 0.2222222222222222, 0.5, 0.0
0.3441077441077442, 0.30000000000000004, 0.2222222222222222, 0.5, 0.0
0.35744107744107745, 0.30000000000000004, 0.2222222222222222, 0.5, 0.0
0.3707744107744108, 0.4545454545454546, 0.2222222222222222, 0.5, 0.0
0.3707744107744108, 0.4545454545454546, 0.2222222222222222, 0.5, 0.0
0.3841077441077442, 0.4545454545454546, 0.2222222222222222, 0.5, 0.0
0.39744107744107743, 0.4545454545454546, 0.2222222222222222, 0.5, 0.0
0.39744107744107743, 0.4545454545454546, 0.2222222222222222, 0.5, 0.0
0.39744107744107743, 0.4545454545454546, 0.2222222222222222, 0.5, 0.0
0.39744107744107743, 0.4545454545454546, 0.2222222222222222, 0.5, 0.0
0.39744107744107743, 0.4545454545454546, 0.2222222222222222, 0.5, 0.0
0.39744107744107743, 0.4545454545454546, 0.2222222222222222, 0.5, 0.0
0.39441077441077443, 0.4545454545454546, 0.2222222222222222, 0.5, 0.0
0.39441077441077443, 0.4545454545454546, 0.2222222222222222, 0.5, 0.0
0.39744107744107743, 0.4545454545454546, 0.2222222222222222, 0.5, 0.0
0.39441077441077443, 0.4545454545454546, 0.2222222222222222, 0.5, 0.0
0.39441077441077443, 0.4545454545454546, 0.2222222222222222, 0.5, 0.0
0.39441077441077443, 0.4545454545454546, 0.2222222222222222, 0.5, 0.0
0.39138047138047144, 0.4545454545454546, 0.2222222222222222, 0.5, 0.0
0.38107744107744107, 0.4545454545454546, 0.2222222222222222, 0.5, 0.0
0.38107744107744107, 0.4545454545454546, 0.2222222222222222, 0.5, 0.0
0.3707744107744108, 0.4545454545454546, 0.2222222222222222, 0.5, 0.0
0.3707744107744108, 0.4545454545454546, 0.2222222222222222, 0.5, 0.0
0.3707744107744108, 0.4545454545454546, 0.2222222222222222, 0.5, 0.0
0.36047138047138044, 0.30000000000000004, 0.2222222222222222, 0.5, 0.0
0.36047138047138044, 0.30000000000000004, 0.2222222222222222, 0.5, 0.0
0.3501683501683502, 0.30000000000000004, 0.2222222222222222, 0.5, 0.0
0.3501683501683502, 0.30000000000000004, 0.2222222222222222, 0.5, 0.0
0.3501683501683502, 0.30000000000000004, 0.2222222222222222, 0.5, 0.0
0.3501683501683502, 0.30000000000000004, 0.2222222222222222, 0.5, 0.0
0.3501683501683502, 0.30000000000000004, 0.2222222222222222, 0.5, 0.0
0.3471380471380472, 0.30000000000000004, 0.2222222222222222, 0.5, 0.0
0.3471380471380472, 0.30000000000000004, 0.2222222222222222, 0.5, 0.0
0.3471380471380472, 0.30000000000000004, 0.2222222222222222, 0.5, 0.0
0.3471380471380472, 0.30000000000000004, 0.2222222222222222, 0.5, 0.0
0.3471380471380472, 0.30000000000000004, 0.2222222222222222, 0.5, 0.0
0.3301683501683501, 0.30000000000000004, 0.19999999999999996, 0.5, 0.0
0.3301683501683501, 0.30000000000000004, 0.19999999999999996, 0.5, 0.0
0.3301683501683501, 0.30000000000000004, 0.19999999999999996, 0.5, 0.0
0.3301683501683501, 0.30000000000000004, 0.19999999999999996, 0.5, 0.0
0.3301683501683501, 0.30000000000000004, 0.19999999999999996, 0.5, 0.0
0.31831649831649833, 0.30000000000000004, 0.19999999999999996, 0.5, 0.0
0.3225589225589226, 0.30000000000000004, 0.19999999999999996, 0.5, 0.0
0.31952861952861955, 0.30000000000000004, 0.19999999999999996, 0.5, 0.0
0.31286195286195284, 0.2222222222222222, 0.19999999999999996, 0.5, 0.0
0.31286195286195284, 0.2222222222222222, 0.19999999999999996, 0.5, 0.0
0.31286195286195284, 0.2222222222222222, 0.19999999999999996, 0.5, 0.0
0.31286195286195284, 0.2222222222222222, 0.19999999999999996, 0.5, 0.0
0.31286195286195284, 0.2222222222222222, 0.19999999999999996, 0.5, 0.0
0.31286195286195284, 0.2222222222222222, 0.19999999999999996, 0.5, 0.0
0.31286195286195284, 0.2222222222222222, 0.19999999999999996, 0.5, 0.0
0.31286195286195284, 0.2222222222222222, 0.19999999999999996, 0.5, 0.0
0.31286195286195284, 0.2222222222222222, 0.19999999999999996, 0.5, 0.0
0.31286195286195284, 0.2222222222222222, 0.19999999999999996, 0.5, 0.0
0.31286195286195284, 0.2222222222222222, 0.19999999999999996, 0.5, 0.0
0.31286195286195284, 0.2222222222222222, 0.19999999999999996, 0.5, 0.0
0.31286195286195284, 0.2222222222222222, 0.19999999999999996, 0.5, 0.0
0.31286195286195284, 0.2222222222222222, 0.19999999999999996, 0.5, 0.0
0.31710437710437717, 0.2222222222222222, 0.19999999999999996, 0.5, 0.0
0.31710437710437717, 0.2222222222222222, 0.19999999999999996, 0.5, 0.0
0.31710437710437717, 0.2222222222222222, 0.19999999999999996, 0.5, 0.0
0.3061952861952862, 0.2222222222222222, 0.19999999999999996, 0.5, 0.0
0.3061952861952862, 0.2222222222222222, 0.19999999999999996, 0.5, 0.0
0.3061952861952862, 0.2222222222222222, 0.19999999999999996, 0.5, 0.0
0.3061952861952862, 0.2222222222222222, 0.19999999999999996, 0.5, 0.0
0.3061952861952862, 0.2222222222222222, 0.19999999999999996, 0.5, 0.0
0.3061952861952862, 0.2222222222222222, 0.19999999999999996, 0.5, 0.0
0.3061952861952862, 0.2222222222222222, 0.19999999999999996, 0.5, 0.0
0.29528619528619526, 0.2222222222222222, 0.19999999999999996, 0.5, 0.0
0.29528619528619526, 0.2222222222222222, 0.19999999999999996, 0.5, 0.0
0.29528619528619526, 0.2222222222222222, 0.19999999999999996, 0.5, 0.0
0.29528619528619526, 0.2222222222222222, 0.19999999999999996, 0.5, 0.0
0.29528619528619526, 0.2222222222222222, 0.19999999999999996, 0.5, 0.0
0.29528619528619526, 0.2222222222222222, 0.19999999999999996, 0.5, 0.0
0.29528619528619526, 0.2222222222222222, 0.19999999999999996, 0.5, 0.0
0.29528619528619526, 0.2222222222222222, 0.19999999999999996, 0.5, 0.0
0.2892255892255893, 0.2222222222222222, 0.19999999999999996, 0.5, 0.0
0.2892255892255893, 0.2222222222222222, 0.19999999999999996, 0.5, 0.0
0.2892255892255893, 0.2222222222222222, 0.19999999999999996, 0.5, 0.0
0.2892255892255893, 0.2222222222222222, 0.19999999999999996, 0.5, 0.0
0.2892255892255893, 0.2222222222222222, 0.19999999999999996, 0.5, 0.0
0.2892255892255893, 0.2222222222222222, 0.19999999999999996, 0.5, 0.0
0.2892255892255893, 0.2222222222222222, 0.19999999999999996, 0.5, 0.0
0.2892255892255893, 0.2222222222222222, 0.19999999999999996, 0.5, 0.0
0.2892255892255893, 0.2222222222222222, 0.19999999999999996, 0.5, 0.0
0.2892255892255893, 0.2222222222222222, 0.19999999999999996, 0.5, 0.0
0.2892255892255893, 0.2222222222222222, 0.19999999999999996, 0.5, 0.0
0.2892255892255893, 0.2222222222222222, 0.19999999999999996, 0.5, 0.0
0.2758922558922559, 0.2222222222222222, 0.19999999999999996, 0.4545454545454546, 0.0
0.2758922558922559, 0.2222222222222222, 0.19999999999999996, 0.4545454545454546, 0.0
0.2758922558922559, 0.2222222222222222, 0.19999999999999996, 0.4545454545454546, 0.0
0.2758922558922559, 0.2222222222222222, 0.19999999999999996, 0.4545454545454546, 0.0
0.2655892255892256, 0.2222222222222222, 0.19999999999999996, 0.4545454545454546, 0.0
0.2655892255892256, 0.2222222222222222, 0.19999999999999996, 0.4545454545454546, 0.0
0.2655892255892256, 0.2222222222222222, 0.19999999999999996, 0.4545454545454546, 0.0
0.2641077441077441, 0.2222222222222222, 0.19999999999999996, 0.4545454545454546, 0.0
0.2641077441077441, 0.2222222222222222, 0.19999999999999996, 0.4545454545454546, 0.0
0.2580471380471381, 0.2222222222222222, 0.19999999999999996, 0.4545454545454546, 0.0
0.2580471380471381, 0.2222222222222222, 0.19999999999999996, 0.4545454545454546, 0.0
0.2580471380471381, 0.2222222222222222, 0.19999999999999996, 0.4545454545454546, 0.0
0.2580471380471381, 0.2222222222222222, 0.19999999999999996, 0.4545454545454546, 0.0
0.25198653198653204, 0.2222222222222222, 0.19999999999999996, 0.36363636363636365, 0.0
0.25198653198653204, 0.2222222222222222, 0.19999999999999996, 0.36363636363636365, 0.0
0.25198653198653204, 0.2222222222222222, 0.19999999999999996, 0.36363636363636365, 0.0
0.25198653198653204, 0.2222222222222222, 0.19999999999999996, 0.36363636363636365, 0.0
0.25198653198653204, 0.2222222222222222, 0.19999999999999996, 0.36363636363636365, 0.0
0.25198653198653204, 0.2222222222222222, 0.19999999999999996, 0.36363636363636365, 0.0
0.25198653198653204, 0.2222222222222222, 0.19999999999999996, 0.36363636363636365, 0.0
0.25198653198653204, 0.2222222222222222, 0.19999999999999996, 0.36363636363636365, 0.0
0.25198653198653204, 0.2222222222222222, 0.19999999999999996, 0.36363636363636365, 0.0
0.25198653198653204, 0.2222222222222222, 0.19999999999999996, 0.36363636363636365, 0.0
0.25198653198653204, 0.2222222222222222, 0.19999999999999996, 0.36363636363636365, 0.0
0.25198653198653204, 0.2222222222222222, 0.19999999999999996, 0.36363636363636365, 0.0
0.25198653198653204, 0.2222222222222222, 0.19999999999999996, 0.36363636363636365, 0.0
0.25198653198653204, 0.2222222222222222, 0.19999999999999996, 0.36363636363636365, 0.0
0.25198653198653204, 0.2222222222222222, 0.19999999999999996, 0.36363636363636365, 0.0
0.25198653198653204, 0.2222222222222222, 0.19999999999999996, 0.36363636363636365, 0.0
0.25198653198653204, 0.2222222222222222, 0.19999999999999996, 0.36363636363636365, 0.0
0.25198653198653204, 0.2222222222222222, 0.19999999999999996, 0.36363636363636365, 0.0
0.25198653198653204, 0.2222222222222222, 0.19999999999999996, 0.36363636363636365, 0.0
0.25198653198653204, 0.2222222222222222, 0.19999999999999996, 0.36363636363636365, 0.0
0.25198653198653204, 0.2222222222222222, 0.19999999999999996, 0.36363636363636365, 0.0
0.25198653198653204, 0.2222222222222222, 0.19999999999999996, 0.36363636363636365, 0.0
0.25198653198653204, 0.2222222222222222, 0.19999999999999996, 0.36363636363636365, 0.0
0.25198653198653204, 0.2222222222222222, 0.19999999999999996, 0.36363636363636365, 0.0
0.25198653198653204, 0.2222222222222222, 0.19999999999999996, 0.36363636363636365, 0.0
0.2505050505050505, 0.2222222222222222, 0.19999999999999996, 0.36363636363636365, 0.0
0.2505050505050505, 0.2222222222222222, 0.19999999999999996, 0.36363636363636365, 0.0
0.2505050505050505, 0.2222222222222222, 0.19999999999999996, 0.36363636363636365, 0.0
0.2505050505050505, 0.2222222222222222, 0.19999999999999996, 0.36363636363636365, 0.0
0.2505050505050505, 0.2222222222222222, 0.19999999999999996, 0.36363636363636365, 0.0
0.2505050505050505, 0.2222222222222222, 0.19999999999999996, 0.36363636363636365, 0.0
0.2505050505050505, 0.2222222222222222, 0.19999999999999996, 0.36363636363636365, 0.0
0.2505050505050505, 0.2222222222222222, 0.19999999999999996, 0.36363636363636365, 0.0
0.2505050505050505, 0.2222222222222222, 0.19999999999999996, 0.36363636363636365, 0.0
0.2505050505050505, 0.2222222222222222, 0.19999999999999996, 0.36363636363636365, 0.0
0.2505050505050505, 0.2222222222222222, 0.19999999999999996, 0.36363636363636365, 0.0
0.2505050505050505, 0.2222222222222222, 0.19999999999999996, 0.36363636363636365, 0.0
0.2505050505050505, 0.2222222222222222, 0.19999999999999996, 0.36363636363636365, 0.0
0.2505050505050505, 0.2222222222222222, 0.19999999999999996, 0.36363636363636365, 0.0
0.2505050505050505, 0.2222222222222222, 0.19999999999999996, 0.36363636363636365, 0.0
0.2547474747474748, 0.2222222222222222, 0.19999999999999996, 0.36363636363636365, 0.0
0.2547474747474748, 0.2222222222222222, 0.19999999999999996, 0.36363636363636365, 0.0
0.2547474747474748, 0.2222222222222222, 0.19999999999999996, 0.36363636363636365, 0.0
0.2547474747474748, 0.2222222222222222, 0.19999999999999996, 0.36363636363636365, 0.0
0.2547474747474748, 0.2222222222222222, 0.19999999999999996, 0.36363636363636365, 0.0
0.2505050505050505, 0.2222222222222222, 0.19999999999999996, 0.36363636363636365, 0.0
0.2505050505050505, 0.2222222222222222, 0.19999999999999996, 0.36363636363636365, 0.0
0.24626262626262624, 0.2222222222222222, 0.19999999999999996, 0.36363636363636365, 0.0
0.24626262626262624, 0.2222222222222222, 0.19999999999999996, 0.36363636363636365, 0.0
0.24626262626262624, 0.2222222222222222, 0.19999999999999996, 0.36363636363636365, 0.0
0.24626262626262624, 0.2222222222222222, 0.19999999999999996, 0.36363636363636365, 0.0
0.24626262626262624, 0.2222222222222222, 0.19999999999999996, 0.36363636363636365, 0.0
0.24202020202020197, 0.2222222222222222, 0.19999999999999996, 0.36363636363636365, 0.0
0.24202020202020197, 0.2222222222222222, 0.19999999999999996, 0.36363636363636365, 0.0
0.2405387205387205, 0.19999999999999996, 0.19999999999999996, 0.36363636363636365, 0.0
0.2405387205387205, 0.19999999999999996, 0.19999999999999996, 0.36363636363636365, 0.0
0.2405387205387205, 0.19999999999999996, 0.19999999999999996, 0.36363636363636365, 0.0
0.2405387205387205, 0.19999999999999996, 0.19999999999999996, 0.36363636363636365, 0.0
0.2405387205387205, 0.19999999999999996, 0.19999999999999996, 0.36363636363636365, 0.0
0.2405387205387205, 0.19999999999999996, 0.19999999999999996, 0.36363636363636365, 0.0
0.24996632996632992, 0.19999999999999996, 0.19999999999999996, 0.36363636363636365, 0.0
0.24996632996632992, 0.19999999999999996, 0.19999999999999996, 0.36363636363636365, 0.0
0.24996632996632992, 0.19999999999999996, 0.19999999999999996, 0.36363636363636365, 0.0
0.24996632996632992, 0.19999999999999996, 0.19999999999999996, 0.36363636363636365, 0.0
0.24996632996632992, 0.19999999999999996, 0.19999999999999996, 0.36363636363636365, 0.0
0.25420875420875416, 0.19999999999999996, 0.19999999999999996, 0.36363636363636365, 0.0
0.25420875420875416, 0.19999999999999996, 0.19999999999999996, 0.36363636363636365, 0.0
0.25420875420875416, 0.19999999999999996, 0.19999999999999996, 0.36363636363636365, 0.0
0.25420875420875416, 0.19999999999999996, 0.19999999999999996, 0.36363636363636365, 0.0
0.25420875420875416, 0.19999999999999996, 0.19999999999999996, 0.36363636363636365, 0.0
0.25420875420875416, 0.19999999999999996, 0.19999999999999996, 0.36363636363636365, 0.0
0.25420875420875416, 0.19999999999999996, 0.19999999999999996, 0.36363636363636365, 0.0
0.25420875420875416, 0.19999999999999996, 0.19999999999999996, 0.36363636363636365, 0.0
0.25420875420875416, 0.19999999999999996, 0.19999999999999996, 0.36363636363636365, 0.0
0.25420875420875416, 0.19999999999999996, 0.19999999999999996, 0.36363636363636365, 0.0
0.25420875420875416, 0.19999999999999996, 0.19999999999999996, 0.36363636363636365, 0.0
0.25420875420875416, 0.19999999999999996, 0.19999999999999996, 0.36363636363636365, 0.0
0.25420875420875416, 0.19999999999999996, 0.19999999999999996, 0.36363636363636365, 0.0
0.25420875420875416, 0.19999999999999996, 0.19999999999999996, 0.36363636363636365, 0.0
0.25420875420875416, 0.19999999999999996, 0.19999999999999996, 0.36363636363636365, 0.0
0.25420875420875416, 0.19999999999999996, 0.19999999999999996, 0.36363636363636365, 0.0
0.25420875420875416, 0.19999999999999996, 0.19999999999999996, 0.36363636363636365, 0.0
0.25420875420875416, 0.19999999999999996, 0.19999999999999996, 0.36363636363636365, 0.0
0.25420875420875416, 0.19999999999999996, 0.19999999999999996, 0.36363636363636365, 0.0
0.25420875420875416, 0.19999999999999996, 0.19999999999999996, 0.36363636363636365, 0.0
0.25420875420875416, 0.19999999999999996, 0.19999999999999996, 0.36363636363636365, 0.0
0.25420875420875416, 0.19999999999999996, 0.19999999999999996, 0.36363636363636365, 0.0
0.25420875420875416, 0.19999999999999996, 0.19999999999999996, 0.36363636363636365, 0.0
0.25420875420875416, 0.19999999999999996, 0.19999999999999996, 0.36363636363636365, 0.0
0.25420875420875416, 0.19999999999999996, 0.19999999999999996, 0.36363636363636365, 0.0
0.25420875420875416, 0.19999999999999996, 0.19999999999999996, 0.36363636363636365, 0.0
0.25420875420875416, 0.19999999999999996, 0.19999999999999996, 0.36363636363636365, 0.0
0.25420875420875416, 0.19999999999999996, 0.19999999999999996, 0.36363636363636365, 0.0
0.25420875420875416, 0.19999999999999996, 0.19999999999999996, 0.36363636363636365, 0.0
0.25420875420875416, 0.19999999999999996, 0.19999999999999996, 0.36363636363636365, 0.0
0.25845117845117843, 0.19999999999999996, 0.19999999999999996, 0.36363636363636365, 0.0
0.25845117845117843, 0.19999999999999996, 0.19999999999999996, 0.36363636363636365, 0.0
0.25845117845117843, 0.19999999999999996, 0.19999999999999996, 0.36363636363636365, 0.0
0.25845117845117843, 0.19999999999999996, 0.19999999999999996, 0.36363636363636365, 0.0
0.26511784511784514, 0.2222222222222222, 0.19999999999999996, 0.36363636363636365, 0.0
0.26511784511784514, 0.2222222222222222, 0.19999999999999996, 0.36363636363636365, 0.0
0.26511784511784514, 0.2222222222222222, 0.19999999999999996, 0.36363636363636365, 0.0
0.26511784511784514, 0.2222222222222222, 0.19999999999999996, 0.36363636363636365, 0.0
0.26511784511784514, 0.2222222222222222, 0.19999999999999996, 0.36363636363636365, 0.0
0.26511784511784514, 0.2222222222222222, 0.19999999999999996, 0.36363636363636365, 0.0
0.26511784511784514, 0.2222222222222222, 0.19999999999999996, 0.36363636363636365, 0.0
0.26936026936026936, 0.2222222222222222, 0.19999999999999996, 0.36363636363636365, 0.0
0.26936026936026936, 0.2222222222222222, 0.19999999999999996, 0.36363636363636365, 0.0
0.26936026936026936, 0.2222222222222222, 0.19999999999999996, 0.36363636363636365, 0.0
0.26936026936026936, 0.2222222222222222, 0.19999999999999996, 0.36363636363636365, 0.0
0.26936026936026936, 0.2222222222222222, 0.19999999999999996, 0.36363636363636365, 0.0
0.26936026936026936, 0.2222222222222222, 0.19999999999999996, 0.36363636363636365, 0.0
0.26936026936026936, 0.2222222222222222, 0.19999999999999996, 0.36363636363636365, 0.0
0.26936026936026936, 0.2222222222222222, 0.19999999999999996, 0.36363636363636365, 0.0
0.26936026936026936, 0.2222222222222222, 0.19999999999999996, 0.36363636363636365, 0.0
0.26936026936026936, 0.2222222222222222, 0.19999999999999996, 0.36363636363636365, 0.0
0.26936026936026936, 0.2222222222222222, 0.19999999999999996, 0.36363636363636365, 0.0
0.26936026936026936, 0.2222222222222222, 0.19999999999999996, 0.36363636363636365, 0.0
0.26936026936026936, 0.2222222222222222, 0.19999999999999996, 0.36363636363636365, 0.0
0.26936026936026936, 0.2222222222222222, 0.19999999999999996, 0.36363636363636365, 0.0
0.26936026936026936, 0.2222222222222222, 0.19999999999999996, 0.36363636363636365, 0.0
0.26936026936026936, 0.2222222222222222, 0.19999999999999996, 0.36363636363636365, 0.0
0.26936026936026936, 0.2222222222222222, 0.19999999999999996, 0.36363636363636365, 0.0
0.26936026936026936, 0.2222222222222222, 0.19999999999999996, 0.36363636363636365, 0.0
0.26936026936026936, 0.2222222222222222, 0.19999999999999996, 0.36363636363636365, 0.0
0.26936026936026936, 0.2222222222222222, 0.19999999999999996, 0.36363636363636365, 0.0
0.26936026936026936, 0.2222222222222222, 0.19999999999999996, 0.36363636363636365, 0.0
0.26936026936026936, 0.2222222222222222, 0.19999999999999996, 0.36363636363636365, 0.0
0.26936026936026936, 0.2222222222222222, 0.19999999999999996, 0.36363636363636365, 0.0
0.26936026936026936, 0.2222222222222222, 0.19999999999999996, 0.36363636363636365, 0.0
0.26936026936026936, 0.2222222222222222, 0.19999999999999996, 0.36363636363636365, 0.0
0.26936026936026936, 0.2222222222222222, 0.19999999999999996, 0.36363636363636365, 0.0
0.26936026936026936, 0.2222222222222222, 0.19999999999999996, 0.36363636363636365, 0.0
0.26936026936026936, 0.2222222222222222, 0.19999999999999996, 0.36363636363636365, 0.0
0.26936026936026936, 0.2222222222222222, 0.19999999999999996, 0.36363636363636365, 0.0
0.26936026936026936, 0.2222222222222222, 0.19999999999999996, 0.36363636363636365, 0.0
0.26936026936026936, 0.2222222222222222, 0.19999999999999996, 0.36363636363636365, 0.0
0.26936026936026936, 0.2222222222222222, 0.19999999999999996, 0.36363636363636365, 0.0
0.26936026936026936, 0.2222222222222222, 0.19999999999999996, 0.36363636363636365, 0.0
0.26936026936026936, 0.2222222222222222, 0.19999999999999996, 0.36363636363636365, 0.0
0.26936026936026936, 0.2222222222222222, 0.19999999999999996, 0.36363636363636365, 0.0
0.26936026936026936, 0.2222222222222222, 0.19999999999999996, 0.36363636363636365, 0.0
0.26936026936026936, 0.2222222222222222, 0.19999999999999996, 0.36363636363636365, 0.0
0.26936026936026936, 0.2222222222222222, 0.19999999999999996, 0.36363636363636365, 0.0
0.26936026936026936, 0.2222222222222222, 0.19999999999999996, 0.36363636363636365, 0.0
0.26936026936026936, 0.2222222222222222, 0.19999999999999996, 0.36363636363636365, 0.0
0.26936026936026936, 0.2222222222222222, 0.19999999999999996, 0.36363636363636365, 0.0
0.26936026936026936, 0.2222222222222222, 0.19999999999999996, 0.36363636363636365, 0.0
0.26936026936026936, 0.2222222222222222, 0.19999999999999996, 0.36363636363636365, 0.0
0.26936026936026936, 0.2222222222222222, 0.19999999999999996, 0.36363636363636365, 0.0
0.26936026936026936, 0.2222222222222222, 0.19999999999999996, 0.36363636363636365, 0.0
0.26936026936026936, 0.2222222222222222, 0.19999999999999996, 0.36363636363636365, 0.0
0.26936026936026936, 0.2222222222222222, 0.19999999999999996, 0.36363636363636365, 0.0
0.26936026936026936, 0.2222222222222222, 0.19999999999999996, 0.36363636363636365, 0.0
0.26936026936026936, 0.2222222222222222, 0.19999999999999996, 0.36363636363636365, 0.0
0.26936026936026936, 0.2222222222222222, 0.19999999999999996, 0.36363636363636365, 0.0
0.26936026936026936, 0.2222222222222222, 0.19999999999999996, 0.36363636363636365, 0.0
0.26936026936026936, 0.2222222222222222, 0.19999999999999996, 0.36363636363636365, 0.0
0.26936026936026936, 0.2222222222222222, 0.19999999999999996, 0.36363636363636365, 0.0
0.26936026936026936, 0.2222222222222222, 0.19999999999999996, 0.36363636363636365, 0.0
0.26936026936026936, 0.2222222222222222, 0.19999999999999996, 0.36363636363636365, 0.0
0.26936026936026936, 0.2222222222222222, 0.19999999999999996, 0.36363636363636365, 0.0
0.26936026936026936, 0.2222222222222222, 0.19999999999999996, 0.36363636363636365, 0.0
0.26936026936026936, 0.2222222222222222, 0.19999999999999996, 0.36363636363636365, 0.0
0.26936026936026936, 0.2222222222222222, 0.19999999999999996, 0.36363636363636365, 0.0
0.26936026936026936, 0.2222222222222222, 0.19999999999999996, 0.36363636363636365, 0.0
0.26936026936026936, 0.2222222222222222, 0.19999999999999996, 0.36363636363636365, 0.0
0.26936026936026936, 0.2222222222222222, 0.19999999999999996, 0.36363636363636365, 0.0
0.26936026936026936, 0.2222222222222222, 0.19999999999999996, 0.36363636363636365, 0.0
0.26936026936026936, 0.2222222222222222, 0.19999999999999996, 0.36363636363636365, 0.0
0.26936026936026936, 0.2222222222222222, 0.19999999999999996, 0.36363636363636365, 0.0
0.26936026936026936, 0.2222222222222222, 0.19999999999999996, 0.36363636363636365, 0.0
0.26936026936026936, 0.2222222222222222, 0.19999999999999996, 0.36363636363636365, 0.0
0.26936026936026936, 0.2222222222222222, 0.19999999999999996, 0.36363636363636365, 0.0
0.26936026936026936, 0.2222222222222222, 0.19999999999999996, 0.36363636363636365, 0.0
0.26936026936026936, 0.2222222222222222, 0.19999999999999996, 0.36363636363636365, 0.0
0.26936026936026936, 0.2222222222222222, 0.19999999999999996, 0.36363636363636365, 0.0
0.276026936026936, 0.30000000000000004, 0.19999999999999996, 0.36363636363636365, 0.0
0.276026936026936, 0.30000000000000004, 0.19999999999999996, 0.36363636363636365, 0.0
0.276026936026936, 0.30000000000000004, 0.19999999999999996, 0.36363636363636365, 0.0
0.276026936026936, 0.30000000000000004, 0.19999999999999996, 0.36363636363636365, 0.0
0.26511784511784514, 0.2222222222222222, 0.19999999999999996, 0.36363636363636365, 0.0
0.26511784511784514, 0.2222222222222222, 0.19999999999999996, 0.36363636363636365, 0.0
0.26511784511784514, 0.2222222222222222, 0.19999999999999996, 0.36363636363636365, 0.0
0.26511784511784514, 0.2222222222222222, 0.19999999999999996, 0.36363636363636365, 0.0
0.26511784511784514, 0.2222222222222222, 0.19999999999999996, 0.36363636363636365, 0.0
0.26511784511784514, 0.2222222222222222, 0.19999999999999996, 0.36363636363636365, 0.0
0.26511784511784514, 0.2222222222222222, 0.19999999999999996, 0.36363636363636365, 0.0
0.26511784511784514, 0.2222222222222222, 0.19999999999999996, 0.36363636363636365, 0.0
0.26511784511784514, 0.2222222222222222, 0.19999999999999996, 0.36363636363636365, 0.0
0.26511784511784514, 0.2222222222222222, 0.19999999999999996, 0.36363636363636365, 0.0
0.26511784511784514, 0.2222222222222222, 0.19999999999999996, 0.36363636363636365, 0.0
0.26511784511784514, 0.2222222222222222, 0.19999999999999996, 0.36363636363636365, 0.0
0.26511784511784514, 0.2222222222222222, 0.19999999999999996, 0.36363636363636365, 0.0
0.26511784511784514, 0.2222222222222222, 0.19999999999999996, 0.36363636363636365, 0.0
0.26511784511784514, 0.2222222222222222, 0.19999999999999996, 0.36363636363636365, 0.0
0.26511784511784514, 0.2222222222222222, 0.19999999999999996, 0.36363636363636365, 0.0
0.2703030303030303, 0.30000000000000004, 0.19999999999999996, 0.36363636363636365, 0.0
0.26363636363636367, 0.19999999999999996, 0.19999999999999996, 0.36363636363636365, 0.0
0.26363636363636367, 0.19999999999999996, 0.19999999999999996, 0.36363636363636365, 0.0
0.2527272727272727, 0.19999999999999996, 0.19999999999999996, 0.36363636363636365, 0.0
0.2527272727272727, 0.19999999999999996, 0.19999999999999996, 0.36363636363636365, 0.0
0.2418181818181818, 0.19999999999999996, 0.19999999999999996, 0.36363636363636365, 0.0
0.2418181818181818, 0.19999999999999996, 0.19999999999999996, 0.36363636363636365, 0.0
0.2418181818181818, 0.19999999999999996, 0.19999999999999996, 0.36363636363636365, 0.0
0.2418181818181818, 0.19999999999999996, 0.19999999999999996, 0.36363636363636365, 0.0
0.2418181818181818, 0.19999999999999996, 0.19999999999999996, 0.36363636363636365, 0.0
0.2418181818181818, 0.19999999999999996, 0.19999999999999996, 0.36363636363636365, 0.0
0.2418181818181818, 0.19999999999999996, 0.19999999999999996, 0.36363636363636365, 0.0
0.2418181818181818, 0.19999999999999996, 0.19999999999999996, 0.36363636363636365, 0.0
0.2418181818181818, 0.19999999999999996, 0.19999999999999996, 0.36363636363636365, 0.0
0.2418181818181818, 0.19999999999999996, 0.19999999999999996, 0.36363636363636365, 0.0
0.2418181818181818, 0.19999999999999996, 0.19999999999999996, 0.36363636363636365, 0.0
0.2418181818181818, 0.19999999999999996, 0.19999999999999996, 0.36363636363636365, 0.0
0.2418181818181818, 0.19999999999999996, 0.19999999999999996, 0.36363636363636365, 0.0
0.2418181818181818, 0.19999999999999996, 0.19999999999999996, 0.36363636363636365, 0.0
0.2418181818181818, 0.19999999999999996, 0.19999999999999996, 0.36363636363636365, 0.0
0.2418181818181818, 0.19999999999999996, 0.19999999999999996, 0.36363636363636365, 0.0
0.2418181818181818, 0.19999999999999996, 0.19999999999999996, 0.36363636363636365, 0.0
0.2418181818181818, 0.19999999999999996, 0.19999999999999996, 0.36363636363636365, 0.0
0.2418181818181818, 0.19999999999999996, 0.19999999999999996, 0.36363636363636365, 0.0
0.2418181818181818, 0.19999999999999996, 0.19999999999999996, 0.36363636363636365, 0.0
0.2418181818181818, 0.19999999999999996, 0.19999999999999996, 0.36363636363636365, 0.0
0.2418181818181818, 0.19999999999999996, 0.19999999999999996, 0.36363636363636365, 0.0
0.2418181818181818, 0.19999999999999996, 0.19999999999999996, 0.36363636363636365, 0.0
0.23090909090909084, 0.19999999999999996, 0.19999999999999996, 0.36363636363636365, 0.0
0.23090909090909084, 0.19999999999999996, 0.19999999999999996, 0.36363636363636365, 0.0
0.23090909090909084, 0.19999999999999996, 0.19999999999999996, 0.36363636363636365, 0.0
0.23090909090909084, 0.19999999999999996, 0.19999999999999996, 0.36363636363636365, 0.0
0.23090909090909084, 0.19999999999999996, 0.19999999999999996, 0.36363636363636365, 0.0
0.23090909090909084, 0.19999999999999996, 0.19999999999999996, 0.36363636363636365, 0.0
0.23090909090909084, 0.19999999999999996, 0.19999999999999996, 0.36363636363636365, 0.0
0.23090909090909084, 0.19999999999999996, 0.19999999999999996, 0.36363636363636365, 0.0
0.23090909090909084, 0.19999999999999996, 0.19999999999999996, 0.36363636363636365, 0.0
0.23090909090909084, 0.19999999999999996, 0.19999999999999996, 0.36363636363636365, 0.0
0.23090909090909084, 0.19999999999999996, 0.19999999999999996, 0.36363636363636365, 0.0
0.23090909090909084, 0.19999999999999996, 0.19999999999999996, 0.36363636363636365, 0.0
0.23090909090909084, 0.19999999999999996, 0.19999999999999996, 0.36363636363636365, 0.0
0.23090909090909084, 0.19999999999999996, 0.19999999999999996, 0.36363636363636365, 0.0
0.23090909090909084, 0.19999999999999996, 0.19999999999999996, 0.36363636363636365, 0.0
0.23090909090909084, 0.19999999999999996, 0.19999999999999996, 0.36363636363636365, 0.0
0.23090909090909084, 0.19999999999999996, 0.19999999999999996, 0.36363636363636365, 0.0
0.23090909090909084, 0.19999999999999996, 0.19999999999999996, 0.36363636363636365, 0.0
0.23090909090909084, 0.19999999999999996, 0.19999999999999996, 0.36363636363636365, 0.0
0.23090909090909084, 0.19999999999999996, 0.19999999999999996, 0.36363636363636365, 0.0
0.23090909090909084, 0.19999999999999996, 0.19999999999999996, 0.36363636363636365, 0.0
0.23090909090909084, 0.19999999999999996, 0.19999999999999996, 0.36363636363636365, 0.0
0.23090909090909084, 0.19999999999999996, 0.19999999999999996, 0.36363636363636365, 0.0
0.23090909090909084, 0.19999999999999996, 0.19999999999999996, 0.36363636363636365, 0.0
0.23090909090909084, 0.19999999999999996, 0.19999999999999996, 0.36363636363636365, 0.0
0.23090909090909084, 0.19999999999999996, 0.19999999999999996, 0.36363636363636365, 0.0
0.23090909090909084, 0.19999999999999996, 0.19999999999999996, 0.36363636363636365, 0.0
0.23090909090909084, 0.19999999999999996, 0.19999999999999996, 0.36363636363636365, 0.0
0.23090909090909084, 0.19999999999999996, 0.19999999999999996, 0.36363636363636365, 0.0
0.23090909090909084, 0.19999999999999996, 0.19999999999999996, 0.36363636363636365, 0.0
0.23090909090909084, 0.19999999999999996, 0.19999999999999996, 0.36363636363636365, 0.0
0.23090909090909084, 0.19999999999999996, 0.19999999999999996, 0.36363636363636365, 0.0
0.23090909090909084, 0.19999999999999996, 0.19999999999999996, 0.36363636363636365, 0.0
0.23090909090909084, 0.19999999999999996, 0.19999999999999996, 0.36363636363636365, 0.0
0.23090909090909084, 0.19999999999999996, 0.19999999999999996, 0.36363636363636365, 0.0
0.23090909090909084, 0.19999999999999996, 0.19999999999999996, 0.36363636363636365, 0.0
0.23090909090909084, 0.19999999999999996, 0.19999999999999996, 0.36363636363636365, 0.0
0.23090909090909084, 0.19999999999999996, 0.19999999999999996, 0.36363636363636365, 0.0
0.23090909090909084, 0.19999999999999996, 0.19999999999999996, 0.36363636363636365, 0.0
0.23090909090909084, 0.19999999999999996, 0.19999999999999996, 0.36363636363636365, 0.0
0.21999999999999992, 0.19999999999999996, 0.19999999999999996, 0.30000000000000004, 0.0
0.21999999999999992, 0.19999999999999996, 0.19999999999999996, 0.30000000000000004, 0.0
0.21999999999999992, 0.19999999999999996, 0.19999999999999996, 0.30000000000000004, 0.0
0.21999999999999992, 0.19999999999999996, 0.19999999999999996, 0.30000000000000004, 0.0
0.21999999999999992, 0.19999999999999996, 0.19999999999999996, 0.30000000000000004, 0.0
0.21999999999999992, 0.19999999999999996, 0.19999999999999996, 0.30000000000000004, 0.0
0.21999999999999992, 0.19999999999999996, 0.19999999999999996, 0.30000000000000004, 0.0
0.21999999999999992, 0.19999999999999996, 0.19999999999999996, 0.30000000000000004, 0.0
0.21999999999999992, 0.19999999999999996, 0.19999999999999996, 0.30000000000000004, 0.0
0.21999999999999992, 0.19999999999999996, 0.19999999999999996, 0.30000000000000004, 0.0
0.21999999999999992, 0.19999999999999996, 0.19999999999999996, 0.30000000000000004, 0.0
0.21999999999999992, 0.19999999999999996, 0.19999999999999996, 0.30000000000000004, 0.0
0.21999999999999992, 0.19999999999999996, 0.19999999999999996, 0.30000000000000004, 0.0
0.21999999999999992, 0.19999999999999996, 0.19999999999999996, 0.30000000000000004, 0.0
0.21999999999999992, 0.19999999999999996, 0.19999999999999996, 0.30000000000000004, 0.0
0.21999999999999992, 0.19999999999999996, 0.19999999999999996, 0.30000000000000004, 0.0
0.21999999999999992, 0.19999999999999996, 0.19999999999999996, 0.30000000000000004, 0.0
0.21999999999999992, 0.19999999999999996, 0.19999999999999996, 0.30000000000000004, 0.0
0.21999999999999992, 0.19999999999999996, 0.19999999999999996, 0.30000000000000004, 0.0
0.21999999999999992, 0.19999999999999996, 0.19999999999999996, 0.30000000000000004, 0.0
0.21999999999999992, 0.19999999999999996, 0.19999999999999996, 0.30000000000000004, 0.0
0.21999999999999992, 0.19999999999999996, 0.19999999999999996, 0.30000000000000004, 0.0
0.21999999999999992, 0.19999999999999996, 0.19999999999999996, 0.30000000000000004, 0.0
0.21999999999999992, 0.19999999999999996, 0.19999999999999996, 0.30000000000000004, 0.0
0.21999999999999992, 0.19999999999999996, 0.19999999999999996, 0.30000000000000004, 0.0
0.21999999999999992, 0.19999999999999996, 0.19999999999999996, 0.30000000000000004, 0.0
0.21999999999999992, 0.19999999999999996, 0.19999999999999996, 0.30000000000000004, 0.0
0.21999999999999992, 0.19999999999999996, 0.19999999999999996, 0.30000000000000004, 0.0
