0.1374074074074074, 0.0, 0.0, 0.6666666666666667, 0.0
0.12497354497354497, 0.0, 0.0, 0.33333333333333337, 0.0
0.22735449735449734, 0.25, 0.0, 0.6, 0.0
0.25927368927368927, 0.25, 0.0, 0.6, 0.0
0.28043771043771043, 0.25, 0.0, 0.6, 0.0
0.2513468013468014, 0.25, 0.0, 0.5454545454545454, 0.0
0.24868686868686868, 0.25, 0.0, 0.5, 0.0
0.27350168350168347, 0.25, 0.0, 0.5, 0.0
0.2605387205387205, 0.25, 0.0, 0.5, 0.0
0.2581144781144781, 0.25, 0.0, 0.5, 0.0
0.23144781144781143, 0.25, 0.0, 0.5, 0.0
0.20383838383838385, 0.2222222222222222, 0.0, 0.4, 0.0
0.22141414141414142, 0.2222222222222222, 0.0, 0.4, 0.0
0.24808080808080807, 0.36363636363636365, 0.0, 0.4, 0.0
0.2962289562289563, 0.36363636363636365, 0.0, 0.5, 0.0
0.29010101010101014, 0.36363636363636365, 0.0, 0.4, 0.0
0.2782491582491583, 0.2222222222222222, 0.0, 0.4, 0.0
0.3024915824915826, 0.36363636363636365, 0.2222222222222222, 0.4, 0.0
0.3024915824915826, 0.36363636363636365, 0.2222222222222222, 0.4, 0.0
0.3024915824915826, 0.36363636363636365, 0.2222222222222222, 0.4, 0.0
0.2906397306397307, 0.2222222222222222, 0.2222222222222222, 0.4, 0.0
0.29730639730639735, 0.2222222222222222, 0.2222222222222222, 0.5, 0.0
0.25454545454545463, 0.2222222222222222, 0.0, 0.36363636363636365, 0.0
0.25454545454545463, 0.2222222222222222, 0.0, 0.36363636363636365, 0.0
0.25454545454545463, 0.2222222222222222, 0.0, 0.36363636363636365, 0.0
0.25454545454545463, 0.2222222222222222, 0.0, 0.36363636363636365, 0.0
0.25454545454545463, 0.2222222222222222, 0.0, 0.36363636363636365, 0.0
0.25454545454545463, 0.2222222222222222, 0.0, 0.36363636363636365, 0.0
0.25454545454545463, 0.2222222222222222, 0.0, 0.36363636363636365, 0.0
0.25454545454545463, 0.2222222222222222, 0.0, 0.36363636363636365, 0.0
0.25454545454545463, 0.2222222222222222, 0.0, 0.36363636363636365, 0.0
0.25454545454545463, 0.2222222222222222, 0.0, 0.36363636363636365, 0.0
0.27582491582491586, 0.2222222222222222, 0.0, 0.4, 0.0
0.27582491582491586, 0.2222222222222222, 0.0, 0.4, 0.0
0.27582491582491586, 0.2222222222222222, 0.0, 0.4, 0.0
0.27582491582491586, 0.2222222222222222, 0.0, 0.4, 0.0
0.27582491582491586, 0.2222222222222222, 0.0, 0.4, 0.0
0.28525252525252537, 0.36363636363636365, 0.0, 0.4, 0.0
0.28525252525252537, 0.36363636363636365, 0.0, 0.4, 0.0
0.28525252525252537, 0.36363636363636365, 0.0, 0.4, 0.0
0.29468013468013476, 0.36363636363636365, 0.0, 0.4, 0.0
0.29468013468013476, 0.36363636363636365, 0.0, 0.4, 0.0
0.29468013468013476, 0.36363636363636365, 0.0, 0.4, 0.0
0.31892255892255894, 0.36363636363636365, 0.2222222222222222, 0.4, 0.0
0.31892255892255894, 0.36363636363636365, 0.2222222222222222, 0.4, 0.0
0.31892255892255894, 0.36363636363636365, 0.2222222222222222, 0.4, 0.0
0.31892255892255894, 0.36363636363636365, 0.2222222222222222, 0.4, 0.0
0.3164983164983165, 0.36363636363636365, 0.2222222222222222, 0.36363636363636365, 0.0
0.3164983164983165, 0.36363636363636365, 0.2222222222222222, 0.36363636363636365, 0.0
0.3164983164983165, 0.36363636363636365, 0.2222222222222222, 0.36363636363636365, 0.0
0.3164983164983165, 0.36363636363636365, 0.2222222222222222, 0.36363636363636365, 0.0
0.3164983164983165, 0.36363636363636365, 0.2222222222222222, 0.36363636363636365, 0.0
0.3164983164983165, 0.36363636363636365, 0.2222222222222222, 0.36363636363636365, 0.0
0.3164983164983165, 0.36363636363636365, 0.2222222222222222, 0.36363636363636365, 0.0
0.3164983164983165, 0.36363636363636365, 0.2222222222222222, 0.36363636363636365, 0.0
0.3164983164983165, 0.36363636363636365, 0.2222222222222222, 0.36363636363636365, 0.0
0.3164983164983165, 0.36363636363636365, 0.2222222222222222, 0.36363636363636365, 0.0
0.3164983164983165, 0.36363636363636365, 0.2222222222222222, 0.36363636363636365, 0.0
0.3164983164983165, 0.36363636363636365, 0.2222222222222222, 0.36363636363636365, 0.0
0.3164983164983165, 0.36363636363636365, 0.2222222222222222, 0.36363636363636365, 0.0
0.3164983164983165, 0.36363636363636365, 0.2222222222222222, 0.36363636363636365, 0.0
0.3164983164983165, 0.36363636363636365, 0.2222222222222222, 0.36363636363636365, 0.0
0.3164983164983165, 0.36363636363636365, 0.2222222222222222, 0.36363636363636365, 0.0
0.3164983164983165, 0.36363636363636365, 0.2222222222222222, 0.36363636363636365, 0.0
0.3164983164983165, 0.36363636363636365, 0.2222222222222222, 0.36363636363636365, 0.0
0.3164983164983165, 0.36363636363636365, 0.2222222222222222, 0.36363636363636365, 0.0
0.3164983164983165, 0.36363636363636365, 0.2222222222222222, 0.36363636363636365, 0.0
0.3164983164983165, 0.36363636363636365, 0.2222222222222222, 0.36363636363636365, 0.0
0.3164983164983165, 0.36363636363636365, 0.2222222222222222, 0.36363636363636365, 0.0
0.3164983164983165, 0.36363636363636365, 0.2222222222222222, 0.36363636363636365, 0.0
0.3164983164983165, 0.36363636363636365, 0.2222222222222222, 0.36363636363636365, 0.0
0.3164983164983165, 0.36363636363636365, 0.2222222222222222, 0.36363636363636365, 0.0
0.3164983164983165, 0.36363636363636365, 0.2222222222222222, 0.36363636363636365, 0.0
0.3164983164983165, 0.36363636363636365, 0.2222222222222222, 0.36363636363636365, 0.0
0.3164983164983165, 0.36363636363636365, 0.2222222222222222, 0.36363636363636365, 0.0
0.3164983164983165, 0.36363636363636365, 0.2222222222222222, 0.36363636363636365, 0.0
0.3164983164983165, 0.36363636363636365, 0.2222222222222222, 0.36363636363636365, 0.0
0.3164983164983165, 0.36363636363636365, 0.2222222222222222, 0.36363636363636365, 0.0
0.3164983164983165, 0.36363636363636365, 0.2222222222222222, 0.36363636363636365, 0.0
0.3164983164983165, 0.36363636363636365, 0.2222222222222222, 0.36363636363636365, 0.0
0.3164983164983165, 0.36363636363636365, 0.2222222222222222, 0.36363636363636365, 0.0
0.3164983164983165, 0.36363636363636365, 0.2222222222222222, 0.36363636363636365, 0.0
0.3164983164983165, 0.36363636363636365, 0.2222222222222222, 0.36363636363636365, 0.0
0.3164983164983165, 0.36363636363636365, 0.2222222222222222, 0.36363636363636365, 0.0
0.3164983164983165, 0.36363636363636365, 0.2222222222222222, 0.36363636363636365, 0.0
0.3164983164983165, 0.36363636363636365, 0.2222222222222222, 0.36363636363636365, 0.0
0.3164983164983165, 0.36363636363636365, 0.2222222222222222, 0.36363636363636365, 0.0
0.3164983164983165, 0.36363636363636365, 0.2222222222222222, 0.36363636363636365, 0.0
0.3164983164983165, 0.36363636363636365, 0.2222222222222222, 0.36363636363636365, 0.0
0.3164983164983165, 0.36363636363636365, 0.2222222222222222, 0.36363636363636365, 0.0
0.3164983164983165, 0.36363636363636365, 0.2222222222222222, 0.36363636363636365, 0.0
0.3164983164983165, 0.36363636363636365, 0.2222222222222222, 0.36363636363636365, 0.0
0.3164983164983165, 0.36363636363636365, 0.2222222222222222, 0.36363636363636365, 0.0
0.3164983164983165, 0.36363636363636365, 0.2222222222222222, 0.36363636363636365, 0.0
0.3164983164983165, 0.36363636363636365, 0.2222222222222222, 0.36363636363636365, 0.0
0.3164983164983165, 0.36363636363636365, 0.2222222222222222, 0.36363636363636365, 0.0
0.3164983164983165, 0.36363636363636365, 0.2222222222222222, 0.36363636363636365, 0.0
0.3164983164983165, 0.36363636363636365, 0.2222222222222222, 0.36363636363636365, 0.0
0.3164983164983165, 0.36363636363636365, 0.2222222222222222, 0.36363636363636365, 0.0
0.3164983164983165, 0.36363636363636365, 0.2222222222222222, 0.36363636363636365, 0.0
0.3164983164983165, 0.36363636363636365, 0.2222222222222222, 0.36363636363636365, 0.0
0.3164983164983165, 0.36363636363636365, 0.2222222222222222, 0.36363636363636365, 0.0
0.3164983164983165, 0.36363636363636365, 0.2222222222222222, 0.36363636363636365, 0.0
0.3164983164983165, 0.36363636363636365, 0.2222222222222222, 0.36363636363636365, 0.0
0.3164983164983165, 0.36363636363636365, 0.2222222222222222, 0.36363636363636365, 0.0
0.3164983164983165, 0.36363636363636365, 0.2222222222222222, 0.36363636363636365, 0.0
0.3164983164983165, 0.36363636363636365, 0.2222222222222222, 0.36363636363636365, 0.0
0.3164983164983165, 0.36363636363636365, 0.2222222222222222, 0.36363636363636365, 0.0
0.3164983164983165, 0.36363636363636365, 0.2222222222222222, 0.36363636363636365, 0.0
0.3164983164983165, 0.36363636363636365, 0.2222222222222222, 0.36363636363636365, 0.0
0.3164983164983165, 0.36363636363636365, 0.2222222222222222, 0.36363636363636365, 0.0
0.3164983164983165, 0.36363636363636365, 0.2222222222222222, 0.36363636363636365, 0.0
0.3164983164983165, 0.36363636363636365, 0.2222222222222222, 0.36363636363636365, 0.0
0.3164983164983165, 0.36363636363636365, 0.2222222222222222, 0.36363636363636365, 0.0
0.3164983164983165, 0.36363636363636365, 0.2222222222222222, 0.36363636363636365, 0.0
0.3164983164983165, 0.36363636363636365, 0.2222222222222222, 0.36363636363636365, 0.0
0.3164983164983165, 0.36363636363636365, 0.2222222222222222, 0.36363636363636365, 0.0
0.3164983164983165, 0.36363636363636365, 0.2222222222222222, 0.36363636363636365, 0.0
0.3164983164983165, 0.36363636363636365, 0.2222222222222222, 0.36363636363636365, 0.0
0.3164983164983165, 0.36363636363636365, 0.2222222222222222, 0.36363636363636365, 0.0
0.3164983164983165, 0.36363636363636365, 0.2222222222222222, 0.36363636363636365, 0.0
0.3164983164983165, 0.36363636363636365, 0.2222222222222222, 0.36363636363636365, 0.0
0.3164983164983165, 0.36363636363636365, 0.2222222222222222, 0.36363636363636365, 0.0
0.3164983164983165, 0.36363636363636365, 0.2222222222222222, 0.36363636363636365, 0.0
0.3164983164983165, 0.36363636363636365, 0.2222222222222222, 0.36363636363636365, 0.0
0.3164983164983165, 0.36363636363636365, 0.2222222222222222, 0.36363636363636365, 0.0
0.3164983164983165, 0.36363636363636365, 0.2222222222222222, 0.36363636363636365, 0.0
0.3164983164983165, 0.36363636363636365, 0.2222222222222222, 0.36363636363636365, 0.0
0.3164983164983165, 0.36363636363636365, 0.2222222222222222, 0.36363636363636365, 0.0
0.3164983164983165, 0.36363636363636365, 0.2222222222222222, 0.36363636363636365, 0.0
0.3164983164983165, 0.36363636363636365, 0.2222222222222222, 0.36363636363636365, 0.0
0.3164983164983165, 0.36363636363636365, 0.2222222222222222, 0.36363636363636365, 0.0
0.3164983164983165, 0.36363636363636365, 0.2222222222222222, 0.36363636363636365, 0.0
0.3164983164983165, 0.36363636363636365, 0.2222222222222222, 0.36363636363636365, 0.0
0.3164983164983165, 0.36363636363636365, 0.2222222222222222, 0.36363636363636365, 0.0
0.3164983164983165, 0.36363636363636365, 0.2222222222222222, 0.36363636363636365, 0.0
0.3164983164983165, 0.36363636363636365, 0.2222222222222222, 0.36363636363636365, 0.0
0.3164983164983165, 0.36363636363636365, 0.2222222222222222, 0.36363636363636365, 0.0
0.3164983164983165, 0.36363636363636365, 0.2222222222222222, 0.36363636363636365, 0.0
0.3164983164983165, 0.36363636363636365, 0.2222222222222222, 0.36363636363636365, 0.0
0.3164983164983165, 0.36363636363636365, 0.2222222222222222, 0.36363636363636365, 0.0
0.3164983164983165, 0.36363636363636365, 0.2222222222222222, 0.36363636363636365, 0.0
0.3164983164983165, 0.36363636363636365, 0.2222222222222222, 0.36363636363636365, 0.0
0.3164983164983165, 0.36363636363636365, 0.2222222222222222, 0.36363636363636365, 0.0
0.3164983164983165, 0.36363636363636365, 0.2222222222222222, 0.36363636363636365, 0.0
0.3164983164983165, 0.36363636363636365, 0.2222222222222222, 0.36363636363636365, 0.0
0.3164983164983165, 0.36363636363636365, 0.2222222222222222, 0.36363636363636365, 0.0
0.3164983164983165, 0.36363636363636365, 0.2222222222222222, 0.36363636363636365, 0.0
0.3164983164983165, 0.36363636363636365, 0.2222222222222222, 0.36363636363636365, 0.0
0.3164983164983165, 0.36363636363636365, 0.2222222222222222, 0.36363636363636365, 0.0
0.3164983164983165, 0.36363636363636365, 0.2222222222222222, 0.36363636363636365, 0.0
0.3164983164983165, 0.36363636363636365, 0.2222222222222222, 0.36363636363636365, 0.0
0.3164983164983165, 0.36363636363636365, 0.2222222222222222, 0.36363636363636365, 0.0
0.3164983164983165, 0.36363636363636365, 0.2222222222222222, 0.36363636363636365, 0.0
0.3164983164983165, 0.36363636363636365, 0.2222222222222222, 0.36363636363636365, 0.0
0.3164983164983165, 0.36363636363636365, 0.2222222222222222, 0.36363636363636365, 0.0
0.3164983164983165, 0.36363636363636365, 0.2222222222222222, 0.36363636363636365, 0.0
0.3164983164983165, 0.36363636363636365, 0.2222222222222222, 0.36363636363636365, 0.0
0.3164983164983165, 0.36363636363636365, 0.2222222222222222, 0.36363636363636365, 0.0
0.3164983164983165, 0.36363636363636365, 0.2222222222222222, 0.36363636363636365, 0.0
0.3164983164983165, 0.36363636363636365, 0.2222222222222222, 0.36363636363636365, 0.0
0.3164983164983165, 0.36363636363636365, 0.2222222222222222, 0.36363636363636365, 0.0
0.3164983164983165, 0.36363636363636365, 0.2222222222222222, 0.36363636363636365, 0.0
0.3164983164983165, 0.36363636363636365, 0.2222222222222222, 0.36363636363636365, 0.0
0.3164983164983165, 0.36363636363636365, 0.2222222222222222, 0.36363636363636365, 0.0
0.3164983164983165, 0.36363636363636365, 0.2222222222222222, 0.36363636363636365, 0.0
0.3164983164983165, 0.36363636363636365, 0.2222222222222222, 0.36363636363636365, 0.0
0.3164983164983165, 0.36363636363636365, 0.2222222222222222, 0.36363636363636365, 0.0
0.3164983164983165, 0.36363636363636365, 0.2222222222222222, 0.36363636363636365, 0.0
0.3164983164983165, 0.36363636363636365, 0.2222222222222222, 0.36363636363636365, 0.0
0.3164983164983165, 0.36363636363636365, 0.2222222222222222, 0.36363636363636365, 0.0
0.3164983164983165, 0.36363636363636365, 0.2222222222222222, 0.36363636363636365, 0.0
0.3164983164983165, 0.36363636363636365, 0.2222222222222222, 0.36363636363636365, 0.0
0.3164983164983165, 0.36363636363636365, 0.2222222222222222, 0.36363636363636365, 0.0
0.3164983164983165, 0.36363636363636365, 0.2222222222222222, 0.36363636363636365, 0.0
0.3164983164983165, 0.36363636363636365, 0.2222222222222222, 0.36363636363636365, 0.0
0.3164983164983165, 0.36363636363636365, 0.2222222222222222, 0.36363636363636365, 0.0
0.3164983164983165, 0.36363636363636365, 0.2222222222222222, 0.36363636363636365, 0.0
0.3164983164983165, 0.36363636363636365, 0.2222222222222222, 0.36363636363636365, 0.0
0.3164983164983165, 0.36363636363636365, 0.2222222222222222, 0.36363636363636365, 0.0
0.3164983164983165, 0.36363636363636365, 0.2222222222222222, 0.36363636363636365, 0.0
0.3164983164983165, 0.36363636363636365, 0.2222222222222222, 0.36363636363636365, 0.0
0.3164983164983165, 0.36363636363636365, 0.2222222222222222, 0.36363636363636365, 0.0
0.3164983164983165, 0.36363636363636365, 0.2222222222222222, 0.36363636363636365, 0.0
0.3164983164983165, 0.36363636363636365, 0.2222222222222222, 0.36363636363636365, 0.0
0.3164983164983165, 0.36363636363636365, 0.2222222222222222, 0.36363636363636365, 0.0
0.3164983164983165, 0.36363636363636365, 0.2222222222222222, 0.36363636363636365, 0.0
0.3164983164983165, 0.36363636363636365, 0.2222222222222222, 0.36363636363636365, 0.0
0.3164983164983165, 0.36363636363636365, 0.2222222222222222, 0.36363636363636365, 0.0
0.3164983164983165, 0.36363636363636365, 0.2222222222222222, 0.36363636363636365, 0.0
0.3164983164983165, 0.36363636363636365, 0.2222222222222222, 0.36363636363636365, 0.0
0.3164983164983165, 0.36363636363636365, 0.2222222222222222, 0.36363636363636365, 0.0
0.3164983164983165, 0.36363636363636365, 0.2222222222222222, 0.36363636363636365, 0.0
0.3164983164983165, 0.36363636363636365, 0.2222222222222222, 0.36363636363636365, 0.0
0.3164983164983165, 0.36363636363636365, 0.2222222222222222, 0.36363636363636365, 0.0
0.3164983164983165, 0.36363636363636365, 0.2222222222222222, 0.36363636363636365, 0.0
0.3164983164983165, 0.36363636363636365, 0.2222222222222222, 0.36363636363636365, 0.0
0.3164983164983165, 0.36363636363636365, 0.2222222222222222, 0.36363636363636365, 0.0
0.3164983164983165, 0.36363636363636365, 0.2222222222222222, 0.36363636363636365, 0.0
0.3164983164983165, 0.36363636363636365, 0.2222222222222222, 0.36363636363636365, 0.0
0.3164983164983165, 0.36363636363636365, 0.2222222222222222, 0.36363636363636365, 0.0
0.3164983164983165, 0.36363636363636365, 0.2222222222222222, 0.36363636363636365, 0.0
0.3164983164983165, 0.36363636363636365, 0.2222222222222222, 0.36363636363636365, 0.0
0.3164983164983165, 0.36363636363636365, 0.2222222222222222, 0.36363636363636365, 0.0
0.3164983164983165, 0.36363636363636365, 0.2222222222222222, 0.36363636363636365, 0.0
0.3164983164983165, 0.36363636363636365, 0.2222222222222222, 0.36363636363636365, 0.0
0.3164983164983165, 0.36363636363636365, 0.2222222222222222, 0.36363636363636365, 0.0
0.3164983164983165, 0.36363636363636365, 0.2222222222222222, 0.36363636363636365, 0.0
0.3164983164983165, 0.36363636363636365, 0.2222222222222222, 0.36363636363636365, 0.0
0.3164983164983165, 0.36363636363636365, 0.2222222222222222, 0.36363636363636365, 0.0
0.3164983164983165, 0.36363636363636365, 0.2222222222222222, 0.36363636363636365, 0.0
0.3164983164983165, 0.36363636363636365, 0.2222222222222222, 0.36363636363636365, 0.0
0.3164983164983165, 0.36363636363636365, 0.2222222222222222, 0.36363636363636365, 0.0
0.3164983164983165, 0.36363636363636365, 0.2222222222222222, 0.36363636363636365, 0.0
0.3164983164983165, 0.36363636363636365, 0.2222222222222222, 0.36363636363636365, 0.0
0.3164983164983165, 0.36363636363636365, 0.2222222222222222, 0.36363636363636365, 0.0
0.3164983164983165, 0.36363636363636365, 0.2222222222222222, 0.36363636363636365, 0.0
0.3164983164983165, 0.36363636363636365, 0.2222222222222222, 0.36363636363636365, 0.0
0.3164983164983165, 0.36363636363636365, 0.2222222222222222, 0.36363636363636365, 0.0
0.3164983164983165, 0.36363636363636365, 0.2222222222222222, 0.36363636363636365, 0.0
0.3164983164983165, 0.36363636363636365, 0.2222222222222222, 0.36363636363636365, 0.0
0.3164983164983165, 0.36363636363636365, 0.2222222222222222, 0.36363636363636365, 0.0
0.3164983164983165, 0.36363636363636365, 0.2222222222222222, 0.36363636363636365, 0.0
0.3164983164983165, 0.36363636363636365, 0.2222222222222222, 0.36363636363636365, 0.0
0.3164983164983165, 0.36363636363636365, 0.2222222222222222, 0.36363636363636365, 0.0
0.3164983164983165, 0.36363636363636365, 0.2222222222222222, 0.36363636363636365, 0.0
0.3164983164983165, 0.36363636363636365, 0.2222222222222222, 0.36363636363636365, 0.0
0.3164983164983165, 0.36363636363636365, 0.2222222222222222, 0.36363636363636365, 0.0
0.3164983164983165, 0.36363636363636365, 0.2222222222222222, 0.36363636363636365, 0.0
0.3164983164983165, 0.36363636363636365, 0.2222222222222222, 0.36363636363636365, 0.0
0.3164983164983165, 0.36363636363636365, 0.2222222222222222, 0.36363636363636365, 0.0
0.3164983164983165, 0.36363636363636365, 0.2222222222222222, 0.36363636363636365, 0.0
0.3164983164983165, 0.36363636363636365, 0.2222222222222222, 0.36363636363636365, 0.0
0.3164983164983165, 0.36363636363636365, 0.2222222222222222, 0.36363636363636365, 0.0
0.3164983164983165, 0.36363636363636365, 0.2222222222222222, 0.36363636363636365, 0.0
0.3164983164983165, 0.36363636363636365, 0.2222222222222222, 0.36363636363636365, 0.0
0.3164983164983165, 0.36363636363636365, 0.2222222222222222, 0.36363636363636365, 0.0
0.3164983164983165, 0.36363636363636365, 0.2222222222222222, 0.36363636363636365, 0.0
0.3164983164983165, 0.36363636363636365, 0.2222222222222222, 0.36363636363636365, 0.0
0.3164983164983165, 0.36363636363636365, 0.2222222222222222, 0.36363636363636365, 0.0
0.3164983164983165, 0.36363636363636365, 0.2222222222222222, 0.36363636363636365, 0.0
0.3164983164983165, 0.36363636363636365, 0.2222222222222222, 0.36363636363636365, 0.0
0.3164983164983165, 0.36363636363636365, 0.2222222222222222, 0.36363636363636365, 0.0
0.3164983164983165, 0.36363636363636365, 0.2222222222222222, 0.36363636363636365, 0.0
0.3164983164983165, 0.36363636363636365, 0.2222222222222222, 0.36363636363636365, 0.0
0.3164983164983165, 0.36363636363636365, 0.2222222222222222, 0.36363636363636365, 0.0
0.3164983164983165, 0.36363636363636365, 0.2222222222222222, 0.36363636363636365, 0.0
0.3164983164983165, 0.36363636363636365, 0.2222222222222222, 0.36363636363636365, 0.0
0.3164983164983165, 0.36363636363636365, 0.2222222222222222, 0.36363636363636365, 0.0
0.3164983164983165, 0.36363636363636365, 0.2222222222222222, 0.36363636363636365, 0.0
0.3164983164983165, 0.36363636363636365, 0.2222222222222222, 0.36363636363636365, 0.0
0.3164983164983165, 0.36363636363636365, 0.2222222222222222, 0.36363636363636365, 0.0
0.3164983164983165, 0.36363636363636365, 0.2222222222222222, 0.36363636363636365, 0.0
0.3164983164983165, 0.36363636363636365, 0.2222222222222222, 0.36363636363636365, 0.0
0.3164983164983165, 0.36363636363636365, 0.2222222222222222, 0.36363636363636365, 0.0
0.3164983164983165, 0.36363636363636365, 0.2222222222222222, 0.36363636363636365, 0.0
0.3164983164983165, 0.36363636363636365, 0.2222222222222222, 0.36363636363636365, 0.0
0.3164983164983165, 0.36363636363636365, 0.2222222222222222, 0.36363636363636365, 0.0
0.3164983164983165, 0.36363636363636365, 0.2222222222222222, 0.36363636363636365, 0.0
0.3164983164983165, 0.36363636363636365, 0.2222222222222222, 0.36363636363636365, 0.0
0.3164983164983165, 0.36363636363636365, 0.2222222222222222, 0.36363636363636365, 0.0
0.3164983164983165, 0.36363636363636365, 0.2222222222222222, 0.36363636363636365, 0.0
0.3164983164983165, 0.36363636363636365, 0.2222222222222222, 0.36363636363636365, 0.0
0.3164983164983165, 0.36363636363636365, 0.2222222222222222, 0.36363636363636365, 0.0
0.3164983164983165, 0.36363636363636365, 0.2222222222222222, 0.36363636363636365, 0.0
0.3164983164983165, 0.36363636363636365, 0.2222222222222222, 0.36363636363636365, 0.0
0.3164983164983165, 0.36363636363636365, 0.2222222222222222, 0.36363636363636365, 0.0
0.3164983164983165, 0.36363636363636365, 0.2222222222222222, 0.36363636363636365, 0.0
0.3164983164983165, 0.36363636363636365, 0.2222222222222222, 0.36363636363636365, 0.0
0.3164983164983165, 0.36363636363636365, 0.2222222222222222, 0.36363636363636365, 0.0
0.3164983164983165, 0.36363636363636365, 0.2222222222222222, 0.36363636363636365, 0.0
0.3164983164983165, 0.36363636363636365, 0.2222222222222222, 0.36363636363636365, 0.0
0.3164983164983165, 0.36363636363636365, 0.2222222222222222, 0.36363636363636365, 0.0
0.3164983164983165, 0.36363636363636365, 0.2222222222222222, 0.36363636363636365, 0.0
0.3164983164983165, 0.36363636363636365, 0.2222222222222222, 0.36363636363636365, 0.0
0.3164983164983165, 0.36363636363636365, 0.2222222222222222, 0.36363636363636365, 0.0
0.3164983164983165, 0.36363636363636365, 0.2222222222222222, 0.36363636363636365, 0.0
0.3164983164983165, 0.36363636363636365, 0.2222222222222222, 0.36363636363636365, 0.0
0.3164983164983165, 0.36363636363636365, 0.2222222222222222, 0.36363636363636365, 0.0
0.3164983164983165, 0.36363636363636365, 0.2222222222222222, 0.36363636363636365, 0.0
0.3164983164983165, 0.36363636363636365, 0.2222222222222222, 0.36363636363636365, 0.0
0.3164983164983165, 0.36363636363636365, 0.2222222222222222, 0.36363636363636365, 0.0
0.3164983164983165, 0.36363636363636365, 0.2222222222222222, 0.36363636363636365, 0.0
0.3164983164983165, 0.36363636363636365, 0.2222222222222222, 0.36363636363636365, 0.0
0.3164983164983165, 0.36363636363636365, 0.2222222222222222, 0.36363636363636365, 0.0
0.3164983164983165, 0.36363636363636365, 0.2222222222222222, 0.36363636363636365, 0.0
0.3164983164983165, 0.36363636363636365, 0.2222222222222222, 0.36363636363636365, 0.0
0.3164983164983165, 0.36363636363636365, 0.2222222222222222, 0.36363636363636365, 0.0
0.3164983164983165, 0.36363636363636365, 0.2222222222222222, 0.36363636363636365, 0.0
0.3164983164983165, 0.36363636363636365, 0.2222222222222222, 0.36363636363636365, 0.0
0.3164983164983165, 0.36363636363636365, 0.2222222222222222, 0.36363636363636365, 0.0
0.3164983164983165, 0.36363636363636365, 0.2222222222222222, 0.36363636363636365, 0.0
0.3164983164983165, 0.36363636363636365, 0.2222222222222222, 0.36363636363636365, 0.0
0.3164983164983165, 0.36363636363636365, 0.2222222222222222, 0.36363636363636365, 0.0
0.3164983164983165, 0.36363636363636365, 0.2222222222222222, 0.36363636363636365, 0.0
0.3164983164983165, 0.36363636363636365, 0.2222222222222222, 0.36363636363636365, 0.0
0.3164983164983165, 0.36363636363636365, 0.2222222222222222, 0.36363636363636365, 0.0
0.3164983164983165, 0.36363636363636365, 0.2222222222222222, 0.36363636363636365, 0.0
0.3164983164983165, 0.36363636363636365, 0.2222222222222222, 0.36363636363636365, 0.0
0.3164983164983165, 0.36363636363636365, 0.2222222222222222, 0.36363636363636365, 0.0
0.3164983164983165, 0.36363636363636365, 0.2222222222222222, 0.36363636363636365, 0.0
0.3164983164983165, 0.36363636363636365, 0.2222222222222222, 0.36363636363636365, 0.0
0.3164983164983165, 0.36363636363636365, 0.2222222222222222, 0.36363636363636365, 0.0
0.3164983164983165, 0.36363636363636365, 0.2222222222222222, 0.36363636363636365, 0.0
0.3164983164983165, 0.36363636363636365, 0.2222222222222222, 0.36363636363636365, 0.0
0.3164983164983165, 0.36363636363636365, 0.2222222222222222, 0.36363636363636365, 0.0
0.3164983164983165, 0.36363636363636365, 0.2222222222222222, 0.36363636363636365, 0.0
0.3164983164983165, 0.36363636363636365, 0.2222222222222222, 0.36363636363636365, 0.0
0.3164983164983165, 0.36363636363636365, 0.2222222222222222, 0.36363636363636365, 0.0
0.3164983164983165, 0.36363636363636365, 0.2222222222222222, 0.36363636363636365, 0.0
0.3164983164983165, 0.36363636363636365, 0.2222222222222222, 0.36363636363636365, 0.0
0.3164983164983165, 0.36363636363636365, 0.2222222222222222, 0.36363636363636365, 0.0
0.3164983164983165, 0.36363636363636365, 0.2222222222222222, 0.36363636363636365, 0.0
0.3164983164983165, 0.36363636363636365, 0.2222222222222222, 0.36363636363636365, 0.0
0.3164983164983165, 0.36363636363636365, 0.2222222222222222, 0.36363636363636365, 0.0
0.3164983164983165, 0.36363636363636365, 0.2222222222222222, 0.36363636363636365, 0.0
0.3164983164983165, 0.36363636363636365, 0.2222222222222222, 0.36363636363636365, 0.0
0.3164983164983165, 0.36363636363636365, 0.2222222222222222, 0.36363636363636365, 0.0
0.3164983164983165, 0.36363636363636365, 0.2222222222222222, 0.36363636363636365, 0.0
0.3164983164983165, 0.36363636363636365, 0.2222222222222222, 0.36363636363636365, 0.0
0.3164983164983165, 0.36363636363636365, 0.2222222222222222, 0.36363636363636365, 0.0
0.3164983164983165, 0.36363636363636365, 0.2222222222222222, 0.36363636363636365, 0.0
0.3164983164983165, 0.36363636363636365, 0.2222222222222222, 0.36363636363636365, 0.0
0.3164983164983165, 0.36363636363636365, 0.2222222222222222, 0.36363636363636365, 0.0
0.3164983164983165, 0.36363636363636365, 0.2222222222222222, 0.36363636363636365, 0.0
0.3164983164983165, 0.36363636363636365, 0.2222222222222222, 0.36363636363636365, 0.0
0.3164983164983165, 0.36363636363636365, 0.2222222222222222, 0.36363636363636365, 0.0
0.3164983164983165, 0.36363636363636365, 0.2222222222222222, 0.36363636363636365, 0.0
0.3164983164983165, 0.36363636363636365, 0.2222222222222222, 0.36363636363636365, 0.0
0.3164983164983165, 0.36363636363636365, 0.2222222222222222, 0.36363636363636365, 0.0
0.3164983164983165, 0.36363636363636365, 0.2222222222222222, 0.36363636363636365, 0.0
0.3164983164983165, 0.36363636363636365, 0.2222222222222222, 0.36363636363636365, 0.0
0.3164983164983165, 0.36363636363636365, 0.2222222222222222, 0.36363636363636365, 0.0
0.3164983164983165, 0.36363636363636365, 0.2222222222222222, 0.36363636363636365, 0.0
0.3164983164983165, 0.36363636363636365, 0.2222222222222222, 0.36363636363636365, 0.0
0.3164983164983165, 0.36363636363636365, 0.2222222222222222, 0.36363636363636365, 0.0
0.3164983164983165, 0.36363636363636365, 0.2222222222222222, 0.36363636363636365, 0.0
0.3164983164983165, 0.36363636363636365, 0.2222222222222222, 0.36363636363636365, 0.0
0.3164983164983165, 0.36363636363636365, 0.2222222222222222, 0.36363636363636365, 0.0
0.3164983164983165, 0.36363636363636365, 0.2222222222222222, 0.36363636363636365, 0.0
0.3164983164983165, 0.36363636363636365, 0.2222222222222222, 0.36363636363636365, 0.0
0.3164983164983165, 0.36363636363636365, 0.2222222222222222, 0.36363636363636365, 0.0
0.3164983164983165, 0.36363636363636365, 0.2222222222222222, 0.36363636363636365, 0.0
0.3164983164983165, 0.36363636363636365, 0.2222222222222222, 0.36363636363636365, 0.0
0.3164983164983165, 0.36363636363636365, 0.2222222222222222, 0.36363636363636365, 0.0
0.3164983164983165, 0.36363636363636365, 0.2222222222222222, 0.36363636363636365, 0.0
0.3164983164983165, 0.36363636363636365, 0.2222222222222222, 0.36363636363636365, 0.0
0.3164983164983165, 0.36363636363636365, 0.2222222222222222, 0.36363636363636365, 0.0
0.3164983164983165, 0.36363636363636365, 0.2222222222222222, 0.36363636363636365, 0.0
0.3164983164983165, 0.36363636363636365, 0.2222222222222222, 0.36363636363636365, 0.0
0.3164983164983165, 0.36363636363636365, 0.2222222222222222, 0.36363636363636365, 0.0
0.3164983164983165, 0.36363636363636365, 0.2222222222222222, 0.36363636363636365, 0.0
0.3164983164983165, 0.36363636363636365, 0.2222222222222222, 0.36363636363636365, 0.0
0.3164983164983165, 0.36363636363636365, 0.2222222222222222, 0.36363636363636365, 0.0
0.3164983164983165, 0.36363636363636365, 0.2222222222222222, 0.36363636363636365, 0.0
0.3164983164983165, 0.36363636363636365, 0.2222222222222222, 0.36363636363636365, 0.0
0.3164983164983165, 0.36363636363636365, 0.2222222222222222, 0.36363636363636365, 0.0
0.3164983164983165, 0.36363636363636365, 0.2222222222222222, 0.36363636363636365, 0.0
0.3164983164983165, 0.36363636363636365, 0.2222222222222222, 0.36363636363636365, 0.0
0.3164983164983165, 0.36363636363636365, 0.2222222222222222, 0.36363636363636365, 0.0
0.3164983164983165, 0.36363636363636365, 0.2222222222222222, 0.36363636363636365, 0.0
0.3164983164983165, 0.36363636363636365, 0.2222222222222222, 0.36363636363636365, 0.0
0.3164983164983165, 0.36363636363636365, 0.2222222222222222, 0.36363636363636365, 0.0
0.3164983164983165, 0.36363636363636365, 0.2222222222222222, 0.36363636363636365, 0.0
0.3164983164983165, 0.36363636363636365, 0.2222222222222222, 0.36363636363636365, 0.0
0.3164983164983165, 0.36363636363636365, 0.2222222222222222, 0.36363636363636365, 0.0
0.3164983164983165, 0.36363636363636365, 0.2222222222222222, 0.36363636363636365, 0.0
0.3164983164983165, 0.36363636363636365, 0.2222222222222222, 0.36363636363636365, 0.0
0.3164983164983165, 0.36363636363636365, 0.2222222222222222, 0.36363636363636365, 0.0
0.3164983164983165, 0.36363636363636365, 0.2222222222222222, 0.36363636363636365, 0.0
0.3164983164983165, 0.36363636363636365, 0.2222222222222222, 0.36363636363636365, 0.0
0.3164983164983165, 0.36363636363636365, 0.2222222222222222, 0.36363636363636365, 0.0
0.3164983164983165, 0.36363636363636365, 0.2222222222222222, 0.36363636363636365, 0.0
0.3164983164983165, 0.36363636363636365, 0.2222222222222222, 0.36363636363636365, 0.0
0.3164983164983165, 0.36363636363636365, 0.2222222222222222, 0.36363636363636365, 0.0
0.3164983164983165, 0.36363636363636365, 0.2222222222222222, 0.36363636363636365, 0.0
0.3164983164983165, 0.36363636363636365, 0.2222222222222222, 0.36363636363636365, 0.0
0.3164983164983165, 0.36363636363636365, 0.2222222222222222, 0.36363636363636365, 0.0
0.3164983164983165, 0.36363636363636365, 0.2222222222222222, 0.36363636363636365, 0.0
0.3164983164983165, 0.36363636363636365, 0.2222222222222222, 0.36363636363636365, 0.0
0.3164983164983165, 0.36363636363636365, 0.2222222222222222, 0.36363636363636365, 0.0
0.3164983164983165, 0.36363636363636365, 0.2222222222222222, 0.36363636363636365, 0.0
0.3164983164983165, 0.36363636363636365, 0.2222222222222222, 0.36363636363636365, 0.0
0.3164983164983165, 0.36363636363636365, 0.2222222222222222, 0.36363636363636365, 0.0
0.3164983164983165, 0.36363636363636365, 0.2222222222222222, 0.36363636363636365, 0.0
0.3164983164983165, 0.36363636363636365, 0.2222222222222222, 0.36363636363636365, 0.0
0.3164983164983165, 0.36363636363636365, 0.2222222222222222, 0.36363636363636365, 0.0
0.3164983164983165, 0.36363636363636365, 0.2222222222222222, 0.36363636363636365, 0.0
0.3164983164983165, 0.36363636363636365, 0.2222222222222222, 0.36363636363636365, 0.0
0.3164983164983165, 0.36363636363636365, 0.2222222222222222, 0.36363636363636365, 0.0
0.3164983164983165, 0.36363636363636365, 0.2222222222222222, 0.36363636363636365, 0.0
0.3164983164983165, 0.36363636363636365, 0.2222222222222222, 0.36363636363636365, 0.0
0.3164983164983165, 0.36363636363636365, 0.2222222222222222, 0.36363636363636365, 0.0
0.3164983164983165, 0.36363636363636365, 0.2222222222222222, 0.36363636363636365, 0.0
0.3164983164983165, 0.36363636363636365, 0.2222222222222222, 0.36363636363636365, 0.0
0.3164983164983165, 0.36363636363636365, 0.2222222222222222, 0.36363636363636365, 0.0
0.3164983164983165, 0.36363636363636365, 0.2222222222222222, 0.36363636363636365, 0.0
0.3164983164983165, 0.36363636363636365, 0.2222222222222222, 0.36363636363636365, 0.0
0.3164983164983165, 0.36363636363636365, 0.2222222222222222, 0.36363636363636365, 0.0
0.3164983164983165, 0.36363636363636365, 0.2222222222222222, 0.36363636363636365, 0.0
