0.7036766902401579, 0.75, 0.5454545454545454, 0.8, 0.0
0.6869116256272463, 0.75, 0.2857142857142857, 0.8235294117647058, 0.0
0.6623641570674711, 0.7058823529411764, 0.0, 0.8, 0.0
0.6165868330936531, 0.7058823529411764, 0.0, 0.8181818181818181, 0.0
0.6655276657425456, 0.7777777777777778, 0.2857142857142857, 0.8421052631578947, 0.0
0.7083239710268174, 0.736842105263158, 0.4444444444444444, 0.8275862068965517, 0.0
0.6575073049835068, 0.7272727272727273, 0.0, 0.8333333333333334, 0.0
0.6876843107007228, 0.75, 0.0, 0.8571428571428572, 0.0
0.7263759922703014, 0.7692307692307692, 0.4, 0.875, 0.0
0.6956964428800056, 0.7058823529411764, 0.5, 0.8421052631578947, 0.0
0.7380907410891129, 0.7619047619047619, 0.5, 0.8888888888888888, 0.0
0.6841289501278183, 0.7272727272727273, 0.0, 0.8421052631578947, 0.0
0.705392692558933, 0.72, 0.5, 0.8260869565217391, 0.0
0.5753768419228777, 0.72, 0.0, 0.8125, 0.0
0.6444634234379751, 0.7222222222222222, 0.0, 0.8333333333333334, 0.0
0.7091368541653462, 0.7, 0.6, 0.8333333333333334, 0.0
0.6747156074164682, 0.75, 0.4, 0.8666666666666667, 0.0
0.6933831633441613, 0.736842105263158, 0.4, 0.8235294117647058, 0.0
0.6860710038573816, 0.7272727272727273, 0.0, 0.875, 0.0
0.6968756381659609, 0.7692307692307692, 0.0, 0.8333333333333334, 0.0
0.6727662766156522, 0.7586206896551724, 0.0, 0.8, 0.0
0.6336980056980058, 0.6923076923076923, 0.0, 0.8333333333333334, 0.0
0.6398694466405139, 0.6956521739130435, 0.0, 0.8181818181818181, 0.0
0.7027415659792623, 0.7878787878787878, 0.0, 0.8636363636363636, 0.0
0.6929767763101097, 0.7428571428571429, 0.0, 0.85, 0.0
0.6318449565794569, 0.7, 0.0, 0.8571428571428572, 0.0
0.7390459649283179, 0.7619047619047619, 0.4, 0.8484848484848485, 0.0
0.5653102137320014, 0.6956521739130435, 0.0, 0.7647058823529411, 0.0
0.6085868395136347, 0.7142857142857143, 0.0, 0.8181818181818181, 0.0
0.7072220742220742, 0.75, 0.5, 0.8636363636363636, 0.0
0.6466290761367162, 0.7333333333333334, 0.0, 0.8333333333333334, 0.0
0.6951780334675072, 0.75, 0.0, 0.8571428571428572, 0.0
0.6941659424586254, 0.7428571428571429, 0.5, 0.8484848484848485, 0.0
0.702543670725064, 0.75, 0.0, 0.8571428571428572, 0.0
0.6702688629734666, 0.7272727272727273, 0.0, 0.8125, 0.0
0.5744546269370954, 0.6, 0.0, 0.8108108108108107, 0.0
0.6077808873814068, 0.75, 0.0, 0.8571428571428572, 0.0
0.6942049090763616, 0.7647058823529411, 0.0, 0.8333333333333334, 0.0
0.622881501791571, 0.6666666666666667, 0.0, 0.8108108108108107, 0.0
0.7292169416994103, 0.7272727272727273, 0.5714285714285714, 0.8333333333333334, 0.0
0.6457255220865533, 0.7586206896551724, 0.0, 0.8571428571428572, 0.0
0.6715672773904031, 0.7272727272727273, 0.0, 0.8444444444444444, 0.0
0.7137278660644797, 0.75, 0.4, 0.8108108108108107, 0.0
0.7213564973384853, 0.75, 0.5, 0.8421052631578947, 0.0
0.5907918328538191, 0.7096774193548387, 0.0, 0.8333333333333334, 0.0
0.7197725228218806, 0.75, 0.5714285714285714, 0.8571428571428572, 0.0
0.7570401222165929, 0.75, 0.7142857142857143, 0.8461538461538461, 0.0
0.6670219662248649, 0.7619047619047619, 0.25, 0.8148148148148149, 0.0
0.7534836583881993, 0.7777777777777778, 0.5714285714285714, 0.8333333333333334, 0.0
0.6891129029209525, 0.736842105263158, 0.0, 0.8571428571428572, 0.0
0.6851667470069004, 0.7272727272727273, 0.0, 0.85, 0.0
0.7028191355537684, 0.72, 0.4, 0.8333333333333334, 0.0
0.6912861779165472, 0.7428571428571429, 0.4, 0.7777777777777778, 0.0
0.7215298606383305, 0.7058823529411764, 0.6153846153846154, 0.8484848484848485, 0.0
0.6918111421196975, 0.7272727272727273, 0.0, 0.85, 0.0
0.7222816254896601, 0.7619047619047619, 0.5454545454545454, 0.88, 0.0
0.6942790527095937, 0.6666666666666667, 0.33333333333333337, 0.8444444444444444, 0.0
0.6012834404062474, 0.6923076923076923, 0.0, 0.8421052631578947, 0.0
0.6703228702564566, 0.6923076923076923, 0.33333333333333337, 0.8387096774193549, 0.0
0.7145519071512526, 0.7692307692307692, 0.0, 0.8387096774193549, 0.0
0.6958323225352212, 0.7619047619047619, 0.4, 0.8421052631578947, 0.0
0.5394132882368177, 0.6666666666666667, 0.0, 0.8235294117647058, 0.0
0.7468528773158755, 0.75, 0.6153846153846154, 0.8387096774193549, 0.0
0.6885173166836848, 0.75, 0.0, 0.8235294117647058, 0.0
0.6466939573836126, 0.75, 0.0, 0.8484848484848485, 0.0
0.7163316689123141, 0.75, 0.5, 0.8387096774193549, 0.0
0.6680626008519748, 0.7272727272727273, 0.33333333333333337, 0.8108108108108107, 0.0
0.6757361795401599, 0.7407407407407407, 0.0, 0.8275862068965517, 0.0
0.6753605030214364, 0.6956521739130435, 0.4444444444444444, 0.8333333333333334, 0.0
0.7235443380903739, 0.7857142857142857, 0.2857142857142857, 0.8571428571428572, 0.0
0.6975829806200324, 0.75, 0.0, 0.8235294117647058, 0.0
0.7061565444492275, 0.75, 0.4, 0.8888888888888888, 0.0
0.648561415349679, 0.7407407407407407, 0.0, 0.8571428571428572, 0.0
0.5930052792081778, 0.7142857142857143, 0.0, 0.7857142857142857, 0.0
0.7147609543251761, 0.7567567567567568, 0.4, 0.8235294117647058, 0.0
0.6571086307833173, 0.75, 0.0, 0.8717948717948718, 0.0
0.6598077187684033, 0.736842105263158, 0.0, 0.8, 0.0
0.6590369484857651, 0.7272727272727273, 0.0, 0.85, 0.0
0.6752162507334921, 0.6896551724137931, 0.4444444444444444, 0.8108108108108107, 0.0
0.6806565139360838, 0.75, 0.0, 0.8888888888888888, 0.0
0.6034638129590691, 0.75, 0.0, 0.8235294117647058, 0.0
0.7022211264653049, 0.75, 0.4444444444444444, 0.8333333333333334, 0.0
0.6082524251746221, 0.631578947368421, 0.0, 0.782608695652174, 0.0
0.6866037779948898, 0.7407407407407407, 0.0, 0.8125, 0.0
0.6982722051483663, 0.7058823529411764, 0.5, 0.8571428571428572, 0.0
0.7353238972756933, 0.7647058823529411, 0.4, 0.8387096774193549, 0.0
0.6656324166030048, 0.717948717948718, 0.0, 0.8484848484848485, 0.0
0.563579193542896, 0.7272727272727273, 0.0, 0.7857142857142857, 0.0
0.6580917805455134, 0.7741935483870968, 0.0, 0.8717948717948718, 0.0
0.6957073904199937, 0.7586206896551724, 0.0, 0.8260869565217391, 0.0
0.624629810582339, 0.72, 0.0, 0.8421052631578947, 0.0
0.7084489113636401, 0.7428571428571429, 0.4, 0.8717948717948718, 0.0
0.7212440495236196, 0.7407407407407407, 0.5333333333333333, 0.8333333333333334, 0.0
0.6618617531158463, 0.75, 0.0, 0.8780487804878049, 0.0
0.6249695209515298, 0.75, 0.0, 0.8260869565217391, 0.0
0.7258152446649899, 0.7428571428571429, 0.5714285714285714, 0.8421052631578947, 0.0
0.660528213902827, 0.7222222222222222, 0.0, 0.8, 0.0
0.6037847253179062, 0.6666666666666667, 0.0, 0.8333333333333334, 0.0
0.7143931951775091, 0.7333333333333334, 0.5714285714285714, 0.8648648648648649, 0.0
0.6583024550285734, 0.7142857142857143, 0.0, 0.8148148148148149, 0.0
0.6255955904113591, 0.6666666666666667, 0.0, 0.8333333333333334, 0.0
0.6929367886264438, 0.7222222222222222, 0.5, 0.875, 0.0
0.5616624895572265, 0.6666666666666667, 0.0, 0.8, 0.0
0.6938997445227086, 0.7058823529411764, 0.2857142857142857, 0.8235294117647058, 0.0
0.6511739106889093, 0.75, 0.0, 0.8648648648648649, 0.0
0.6905741093384115, 0.75, 0.4, 0.8636363636363636, 0.0
0.7304502731644001, 0.75, 0.4, 0.8571428571428572, 0.0
0.695641209027342, 0.8, 0.0, 0.8837209302325582, 0.0
0.6277882921284456, 0.6666666666666667, 0.0, 0.8571428571428572, 0.0
0.6591308103382407, 0.7333333333333334, 0.0, 0.8421052631578947, 0.0
0.6707023755121229, 0.6666666666666667, 0.33333333333333337, 0.8387096774193549, 0.0
0.6572786580350434, 0.7586206896551724, 0.0, 0.8333333333333334, 0.0
0.6595071640102066, 0.7142857142857143, 0.0, 0.8333333333333334, 0.0
0.6220205362140845, 0.7272727272727273, 0.0, 0.8484848484848485, 0.0
0.6420577107901284, 0.7692307692307692, 0.0, 0.8333333333333334, 0.0
0.7168975981237289, 0.7407407407407407, 0.5, 0.8421052631578947, 0.0
0.661710810423513, 0.7407407407407407, 0.0, 0.8205128205128205, 0.0
0.7111666727717083, 0.7317073170731707, 0.5, 0.8387096774193549, 0.0
0.6667801571234551, 0.7741935483870968, 0.0, 0.8333333333333334, 0.0
0.6848763538742489, 0.7333333333333334, 0.0, 0.8333333333333334, 0.0
0.5750983688374993, 0.7272727272727273, 0.0, 0.8108108108108107, 0.0
0.6191485767710814, 0.6666666666666667, 0.0, 0.8571428571428572, 0.0
0.6750397434336055, 0.7428571428571429, 0.0, 0.8, 0.0
0.7276926897624626, 0.7804878048780488, 0.0, 0.8571428571428572, 0.0
0.7101698300717909, 0.7407407407407407, 0.4, 0.8636363636363636, 0.0
0.7038461152058767, 0.7272727272727273, 0.0, 0.8333333333333334, 0.0
0.6624010817756052, 0.6956521739130435, 0.0, 0.8571428571428572, 0.0
0.6047883005653905, 0.6666666666666667, 0.0, 0.8235294117647058, 0.0
0.7647654083489107, 0.8, 0.5, 0.8648648648648649, 0.0
0.6067058710467592, 0.75, 0.0, 0.8695652173913043, 0.0
0.7512880611515576, 0.7586206896551724, 0.4, 0.8571428571428572, 0.0
0.689066489004921, 0.7407407407407407, 0.0, 0.8484848484848485, 0.0
0.6704130242828977, 0.7272727272727273, 0.0, 0.8181818181818181, 0.0
0.6586768530917467, 0.75, 0.0, 0.851063829787234, 0.0
0.6640027497101127, 0.7142857142857143, 0.0, 0.85, 0.0
0.6729099604099604, 0.7142857142857143, 0.4, 0.875, 0.0
0.6723380323380325, 0.75, 0.0, 0.8, 0.0
0.6847731330902687, 0.72, 0.0, 0.8484848484848485, 0.0
0.6505032645289531, 0.72, 0.0, 0.8181818181818181, 0.0
0.6535503368727479, 0.75, 0.0, 0.8205128205128205, 0.0
0.5734262907344001, 0.7142857142857143, 0.0, 0.8636363636363636, 0.0
0.7120712782529436, 0.7272727272727273, 0.5714285714285714, 0.8292682926829268, 0.0
0.7596127663919101, 0.7692307692307692, 0.6666666666666667, 0.8260869565217391, 0.0
0.6308867755523104, 0.6923076923076923, 0.0, 0.8333333333333334, 0.0
0.6554933232597342, 0.7272727272727273, 0.0, 0.8235294117647058, 0.0
0.6697820355114205, 0.7272727272727273, 0.0, 0.8648648648648649, 0.0
0.6892570702741452, 0.7741935483870968, 0.0, 0.8292682926829268, 0.0
0.690193147396384, 0.782608695652174, 0.0, 0.85, 0.0
0.7238080727045074, 0.7692307692307692, 0.4, 0.8571428571428572, 0.0
0.5780779838001228, 0.6666666666666667, 0.0, 0.8666666666666667, 0.0
0.657743000040462, 0.6956521739130435, 0.0, 0.7878787878787878, 0.0
0.7003596564725599, 0.75, 0.2857142857142857, 0.8125, 0.0
0.732895783504303, 0.75, 0.5714285714285714, 0.8333333333333334, 0.0
0.6568288920355305, 0.7272727272727273, 0.0, 0.8333333333333334, 0.0
0.6891035514651999, 0.7619047619047619, 0.0, 0.8717948717948718, 0.0
0.6385301684938708, 0.7272727272727273, 0.0, 0.8484848484848485, 0.0
0.7628695299063822, 0.7741935483870968, 0.6666666666666667, 0.8333333333333334, 0.0
0.7699930640694662, 0.8, 0.5454545454545454, 0.8636363636363636, 0.0
0.5445959269488682, 0.7058823529411764, 0.0, 0.8235294117647058, 0.0
0.6729069854876306, 0.7333333333333334, 0.0, 0.8387096774193549, 0.0
0.5889581385191142, 0.7, 0.0, 0.8292682926829268, 0.0
0.6708418650111116, 0.7058823529411764, 0.4, 0.8148148148148149, 0.0
0.6277953337449904, 0.736842105263158, 0.0, 0.8333333333333334, 0.0
0.6913387614390145, 0.7567567567567568, 0.33333333333333337, 0.8387096774193549, 0.0
0.774284947304918, 0.7777777777777778, 0.625, 0.8571428571428572, 0.0
0.7089609019699359, 0.782608695652174, 0.0, 0.8387096774193549, 0.0
0.769364292148922, 0.7857142857142857, 0.6, 0.8484848484848485, 0.0
0.7579305458991942, 0.782608695652174, 0.5454545454545454, 0.8421052631578947, 0.0
0.7290163619796366, 0.75, 0.5454545454545454, 0.8648648648648649, 0.0
0.7522085784442107, 0.7586206896551724, 0.625, 0.8717948717948718, 0.0
0.6902643996735187, 0.75, 0.4, 0.8823529411764706, 0.0
0.7472672518034837, 0.7777777777777778, 0.5714285714285714, 0.8333333333333334, 0.0
0.6957434681488096, 0.7619047619047619, 0.0, 0.8275862068965517, 0.0
0.7035102260101603, 0.75, 0.2857142857142857, 0.8, 0.0
0.6242344900376416, 0.7428571428571429, 0.0, 0.8387096774193549, 0.0
0.6641746392659171, 0.7567567567567568, 0.0, 0.8636363636363636, 0.0
0.6280262946929615, 0.7142857142857143, 0.0, 0.8333333333333334, 0.0
0.6936708876835879, 0.75, 0.0, 0.8148148148148149, 0.0
0.7832390304441119, 0.8, 0.6666666666666667, 0.8484848484848485, 0.0
0.6686010207752379, 0.7058823529411764, 0.0, 0.8333333333333334, 0.0
0.5991475582925652, 0.7, 0.0, 0.8648648648648649, 0.0
0.6545040679542784, 0.7272727272727273, 0.0, 0.8387096774193549, 0.0
0.7197562708127525, 0.7586206896551724, 0.5454545454545454, 0.8, 0.0
0.6188076163938234, 0.6666666666666667, 0.0, 0.8333333333333334, 0.0
0.7154177578415404, 0.7647058823529411, 0.33333333333333337, 0.8571428571428572, 0.0
0.5642035235062252, 0.6956521739130435, 0.0, 0.8275862068965517, 0.0
0.6179034683782643, 0.7058823529411764, 0.0, 0.8695652173913043, 0.0
0.6763395921378159, 0.7619047619047619, 0.33333333333333337, 0.8648648648648649, 0.0
0.7348333921735457, 0.7777777777777778, 0.5714285714285714, 0.8333333333333334, 0.0
0.7255011964253169, 0.75, 0.5, 0.8387096774193549, 0.0
0.6231419501762752, 0.72, 0.0, 0.8421052631578947, 0.0
0.6199856833912563, 0.7272727272727273, 0.0, 0.8421052631578947, 0.0
0.6280380113023677, 0.72, 0.0, 0.8717948717948718, 0.0
0.6317489133743003, 0.7142857142857143, 0.0, 0.875, 0.0
0.7245174273038051, 0.75, 0.5, 0.8333333333333334, 0.0
0.7643624305921369, 0.7878787878787878, 0.5, 0.8571428571428572, 0.0
0.7572622904361305, 0.7777777777777778, 0.4444444444444444, 0.8333333333333334, 0.0
0.6538803970176521, 0.7058823529411764, 0.33333333333333337, 0.7777777777777778, 0.0
0.7306523437303074, 0.7906976744186046, 0.33333333333333337, 0.8571428571428572, 0.0
0.6569828107758847, 0.7428571428571429, 0.0, 0.8571428571428572, 0.0
0.582785915935051, 0.72, 0.0, 0.8205128205128205, 0.0
0.6701123755065217, 0.7272727272727273, 0.0, 0.8, 0.0
0.6163422819551853, 0.64, 0.2857142857142857, 0.8108108108108107, 0.0
0.672862748327105, 0.72, 0.0, 0.8333333333333334, 0.0
0.6808072853072853, 0.7407407407407407, 0.0, 0.8333333333333334, 0.0
0.7102562892169737, 0.736842105263158, 0.2857142857142857, 0.8648648648648649, 0.0
0.7445225862276369, 0.7692307692307692, 0.4, 0.8823529411764706, 0.0
0.6566451835553467, 0.6666666666666667, 0.0, 0.8421052631578947, 0.0
0.6279161108962252, 0.7586206896551724, 0.0, 0.85, 0.0
0.7477329986480437, 0.7741935483870968, 0.5, 0.8666666666666667, 0.0
0.7334044354632591, 0.75, 0.5, 0.8888888888888888, 0.0
0.6504881821278246, 0.72, 0.0, 0.8333333333333334, 0.0
0.7100364234086947, 0.7586206896551724, 0.4, 0.8421052631578947, 0.0
0.7377654713294551, 0.7692307692307692, 0.4, 0.8372093023255813, 0.0
0.6941472257903583, 0.7428571428571429, 0.4, 0.8292682926829268, 0.0
0.7514370757372785, 0.8, 0.5, 0.8484848484848485, 0.0
0.6645246234980507, 0.782608695652174, 0.0, 0.8292682926829268, 0.0
0.656956239175358, 0.782608695652174, 0.0, 0.8235294117647058, 0.0
0.723196077783869, 0.7878787878787878, 0.4, 0.8571428571428572, 0.0
0.7807950090939794, 0.8, 0.6, 0.875, 0.0
0.6127975340618362, 0.7142857142857143, 0.0, 0.8125, 0.0
0.6494214703054312, 0.6875, 0.0, 0.8275862068965517, 0.0
0.6784728866599392, 0.7692307692307692, 0.0, 0.8571428571428572, 0.0
0.7082019871579955, 0.7692307692307692, 0.5, 0.8484848484848485, 0.0
0.7391991702514329, 0.7741935483870968, 0.5217391304347826, 0.875, 0.0
0.6711539822167558, 0.7142857142857143, 0.0, 0.875, 0.0
0.740869085918244, 0.7647058823529411, 0.5454545454545454, 0.8461538461538461, 0.0
0.6342303064624047, 0.7, 0.0, 0.8571428571428572, 0.0
0.6086004707747537, 0.6666666666666667, 0.0, 0.8, 0.0
0.5754661349613912, 0.7272727272727273, 0.0, 0.8571428571428572, 0.0
0.7404600536858603, 0.7741935483870968, 0.4, 0.8333333333333334, 0.0
0.7035867509396924, 0.7058823529411764, 0.5, 0.8444444444444444, 0.0
0.6718376602224153, 0.7272727272727273, 0.33333333333333337, 0.8095238095238095, 0.0
0.7061455089714529, 0.7567567567567568, 0.4, 0.8148148148148149, 0.0
0.6375580465286348, 0.7, 0.0, 0.8484848484848485, 0.0
0.6863483347411197, 0.7619047619047619, 0.0, 0.8421052631578947, 0.0
0.722478658119009, 0.7272727272727273, 0.4, 0.8421052631578947, 0.0
0.6984324363629774, 0.7272727272727273, 0.33333333333333337, 0.8333333333333334, 0.0
0.7390368669902873, 0.7777777777777778, 0.5, 0.8235294117647058, 0.0
0.7532971948813626, 0.7777777777777778, 0.4, 0.8205128205128205, 0.0
0.6633289271399728, 0.7142857142857143, 0.0, 0.8235294117647058, 0.0
0.633991384432561, 0.7058823529411764, 0.0, 0.8666666666666667, 0.0
0.7263955034543271, 0.75, 0.5714285714285714, 0.8333333333333334, 0.0
0.7398509833516597, 0.75, 0.5454545454545454, 0.8235294117647058, 0.0
0.7286316340664168, 0.7, 0.5714285714285714, 0.875, 0.0
0.612621337730176, 0.6666666666666667, 0.0, 0.8780487804878049, 0.0
0.5696489717179373, 0.7, 0.0, 0.8333333333333334, 0.0
0.6376977616879699, 0.7142857142857143, 0.0, 0.8372093023255813, 0.0
0.722260906510179, 0.7586206896551724, 0.4, 0.8108108108108107, 0.0
0.6709344916402551, 0.7, 0.0, 0.8333333333333334, 0.0
0.6469574111065463, 0.7333333333333334, 0.0, 0.8125, 0.0
0.6334511236929382, 0.6666666666666667, 0.0, 0.8636363636363636, 0.0
0.5630535748698803, 0.736842105263158, 0.0, 0.8823529411764706, 0.0
0.7181632150364466, 0.75, 0.5, 0.8148148148148149, 0.0
0.5953310143016026, 0.7272727272727273, 0.0, 0.8571428571428572, 0.0
0.6569451810644783, 0.7058823529411764, 0.0, 0.8333333333333334, 0.0
0.7048224908731707, 0.7142857142857143, 0.5, 0.8, 0.0
0.6359617387077342, 0.736842105263158, 0.0, 0.8205128205128205, 0.0
0.7124432860440191, 0.7058823529411764, 0.5, 0.8181818181818181, 0.0
0.5555887614659544, 0.625, 0.0, 0.7894736842105263, 0.0
0.6739430382152315, 0.6666666666666667, 0.5, 0.8387096774193549, 0.0
0.6821716258569805, 0.72, 0.4, 0.8125, 0.0
0.623022881473842, 0.6666666666666667, 0.0, 0.8181818181818181, 0.0
0.7143969671323613, 0.7857142857142857, 0.4, 0.8372093023255813, 0.0
0.6578158804629394, 0.7272727272727273, 0.0, 0.8461538461538461, 0.0
0.672552442516145, 0.7333333333333334, 0.0, 0.8, 0.0
0.6679621269434513, 0.75, 0.0, 0.8571428571428572, 0.0
0.7453460387607463, 0.7428571428571429, 0.6153846153846154, 0.8648648648648649, 0.0
0.6410932939270153, 0.75, 0.0, 0.8387096774193549, 0.0
0.5858695933695934, 0.6666666666666667, 0.0, 0.8181818181818181, 0.0
0.5955118567943116, 0.7, 0.0, 0.8, 0.0
0.7172528288894875, 0.736842105263158, 0.33333333333333337, 0.8571428571428572, 0.0
0.6540619673926551, 0.6666666666666667, 0.0, 0.8333333333333334, 0.0
0.6824504099456661, 0.7333333333333334, 0.0, 0.8636363636363636, 0.0
0.6804888382242325, 0.75, 0.0, 0.8372093023255813, 0.0
0.6790874824767139, 0.6923076923076923, 0.4, 0.8421052631578947, 0.0
0.6383217054321286, 0.6666666666666667, 0.0, 0.8235294117647058, 0.0
0.6227240166255454, 0.7142857142857143, 0.0, 0.8387096774193549, 0.0
0.6570372992833418, 0.7096774193548387, 0.0, 0.8387096774193549, 0.0
0.6685418857611961, 0.7428571428571429, 0.0, 0.8421052631578947, 0.0
0.7039150428550875, 0.7741935483870968, 0.0, 0.8333333333333334, 0.0
0.7132941472941473, 0.7692307692307692, 0.4, 0.85, 0.0
0.6271001073537305, 0.7407407407407407, 0.0, 0.8125, 0.0
0.7074624305745589, 0.7272727272727273, 0.5, 0.8333333333333334, 0.0
0.6154740320890334, 0.6666666666666667, 0.0, 0.8125, 0.0
0.703982613160567, 0.7407407407407407, 0.5, 0.8275862068965517, 0.0
0.6983687725306955, 0.75, 0.0, 0.8571428571428572, 0.0
0.6955240185192976, 0.75, 0.0, 0.8888888888888888, 0.0
0.6989769779360611, 0.7741935483870968, 0.25, 0.8571428571428572, 0.0
0.7449862360664518, 0.782608695652174, 0.4, 0.875, 0.0
0.5672317658187223, 0.7272727272727273, 0.0, 0.8125, 0.0
0.7577667186693556, 0.7777777777777778, 0.5714285714285714, 0.8636363636363636, 0.0
0.6970412313897668, 0.7142857142857143, 0.5, 0.8, 0.0
0.6638581403341131, 0.7692307692307692, 0.33333333333333337, 0.8421052631578947, 0.0
0.6852543752543755, 0.6666666666666667, 0.4444444444444444, 0.8, 0.0
0.6994857009673943, 0.75, 0.0, 0.8571428571428572, 0.0
0.7125764586616862, 0.736842105263158, 0.5454545454545454, 0.8292682926829268, 0.0
0.6919505884164329, 0.7692307692307692, 0.0, 0.8333333333333334, 0.0
0.7068432667456438, 0.7567567567567568, 0.0, 0.8461538461538461, 0.0
0.6769541547026335, 0.7272727272727273, 0.25, 0.8275862068965517, 0.0
0.7311180386132948, 0.7741935483870968, 0.5, 0.8571428571428572, 0.0
0.7513431958125053, 0.782608695652174, 0.5, 0.8636363636363636, 0.0
0.6398478329236637, 0.6666666666666667, 0.0, 0.8421052631578947, 0.0
0.6980024394554963, 0.7567567567567568, 0.4, 0.8125, 0.0
0.7247739015530452, 0.7741935483870968, 0.33333333333333337, 0.8717948717948718, 0.0
0.6649842395356734, 0.75, 0.2857142857142857, 0.782608695652174, 0.0
0.640855920335843, 0.75, 0.0, 0.8333333333333334, 0.0
0.731002102176685, 0.8, 0.0, 0.875, 0.0
0.7544801921018995, 0.7586206896551724, 0.5714285714285714, 0.8666666666666667, 0.0
0.581086765175255, 0.7096774193548387, 0.0, 0.8571428571428572, 0.0
0.6526612263400875, 0.7333333333333334, 0.0, 0.8571428571428572, 0.0
0.7578365115408054, 0.75, 0.6, 0.8666666666666667, 0.0
0.6399392686241084, 0.7142857142857143, 0.0, 0.8148148148148149, 0.0
0.7225672283467326, 0.75, 0.5, 0.8636363636363636, 0.0
0.7078759459416692, 0.7272727272727273, 0.4, 0.8292682926829268, 0.0
0.6996073116044328, 0.75, 0.0, 0.8695652173913043, 0.0
0.6263247123645563, 0.6666666666666667, 0.0, 0.8717948717948718, 0.0
0.6721894295139254, 0.7567567567567568, 0.0, 0.8333333333333334, 0.0
0.7093960018277373, 0.7777777777777778, 0.4, 0.8666666666666667, 0.0
0.6148197481530816, 0.72, 0.0, 0.88, 0.0
0.7519320112840692, 0.7777777777777778, 0.5, 0.8333333333333334, 0.0
0.6147761051030938, 0.6896551724137931, 0.0, 0.8387096774193549, 0.0
0.7469576304578158, 0.7692307692307692, 0.5, 0.8387096774193549, 0.0
0.6772833520872737, 0.7142857142857143, 0.0, 0.8205128205128205, 0.0
0.6470975661487995, 0.75, 0.0, 0.8387096774193549, 0.0
0.6734907851399203, 0.7407407407407407, 0.0, 0.8125, 0.0
0.6527939197401563, 0.72, 0.0, 0.85, 0.0
0.6187798225154547, 0.7142857142857143, 0.0, 0.8571428571428572, 0.0
0.6779685290864267, 0.7586206896551724, 0.0, 0.8484848484848485, 0.0
0.7508561247350278, 0.7777777777777778, 0.5, 0.8387096774193549, 0.0
0.7272470975897812, 0.7567567567567568, 0.5, 0.8387096774193549, 0.0
0.707905140934594, 0.7272727272727273, 0.0, 0.8636363636363636, 0.0
0.6307860117058665, 0.7586206896551724, 0.0, 0.8372093023255813, 0.0
0.7226826739349437, 0.7692307692307692, 0.4, 0.8695652173913043, 0.0
0.5750260409083938, 0.6666666666666667, 0.0, 0.8648648648648649, 0.0
0.5882349749016417, 0.6666666666666667, 0.0, 0.8, 0.0
0.6811947355476768, 0.7272727272727273, 0.0, 0.8666666666666667, 0.0
0.6271618197557433, 0.72, 0.0, 0.85, 0.0
0.6140160167028168, 0.75, 0.0, 0.8780487804878049, 0.0
0.6826947879439926, 0.7567567567567568, 0.0, 0.8571428571428572, 0.0
0.7008818793217771, 0.7272727272727273, 0.4, 0.8235294117647058, 0.0
0.697010806169555, 0.7586206896551724, 0.0, 0.8571428571428572, 0.0
0.7048335555070423, 0.7142857142857143, 0.5, 0.8148148148148149, 0.0
0.6158831208468233, 0.7272727272727273, 0.0, 0.8181818181818181, 0.0
0.6626648077223526, 0.7, 0.33333333333333337, 0.8125, 0.0
0.6847659487612152, 0.7142857142857143, 0.33333333333333337, 0.8292682926829268, 0.0
0.6442482983172638, 0.7333333333333334, 0.0, 0.8181818181818181, 0.0
0.6829877103757992, 0.7428571428571429, 0.0, 0.8421052631578947, 0.0
0.7427161838858931, 0.7692307692307692, 0.5454545454545454, 0.8666666666666667, 0.0
0.6014646743802755, 0.7142857142857143, 0.0, 0.8, 0.0
0.632096803813015, 0.6956521739130435, 0.4, 0.8292682926829268, 0.0
0.639730356599922, 0.6666666666666667, 0.0, 0.8, 0.0
0.7198696405148018, 0.7428571428571429, 0.5333333333333333, 0.8, 0.0
0.7123737323374348, 0.75, 0.4, 0.8666666666666667, 0.0
0.7140618931313057, 0.75, 0.4, 0.8571428571428572, 0.0
0.7535118153428951, 0.7741935483870968, 0.33333333333333337, 0.8823529411764706, 0.0
0.6870995885401624, 0.7586206896551724, 0.0, 0.8461538461538461, 0.0
0.7350577157460663, 0.736842105263158, 0.5, 0.8421052631578947, 0.0
0.7239283381674686, 0.7777777777777778, 0.0, 0.8484848484848485, 0.0
0.6487569937032303, 0.7741935483870968, 0.0, 0.8571428571428572, 0.0
0.6865478942414414, 0.75, 0.0, 0.85, 0.0
0.6442625433315089, 0.72, 0.0, 0.875, 0.0
0.7296593053698441, 0.75, 0.4, 0.8148148148148149, 0.0
0.7536479842444641, 0.7878787878787878, 0.4, 0.8636363636363636, 0.0
0.6931009435293324, 0.75, 0.4, 0.8235294117647058, 0.0
0.7439173275716591, 0.7777777777777778, 0.6, 0.8, 0.0
0.5976290129623464, 0.72, 0.0, 0.8, 0.0
0.7206296219968332, 0.736842105263158, 0.5714285714285714, 0.8421052631578947, 0.0
0.6795704646230963, 0.6666666666666667, 0.2857142857142857, 0.8, 0.0
0.6438562246845448, 0.8, 0.0, 0.8666666666666667, 0.0
0.6986323630542698, 0.75, 0.4, 0.8888888888888888, 0.0
0.6637631952547134, 0.75, 0.0, 0.8648648648648649, 0.0
0.6452528320818594, 0.736842105263158, 0.0, 0.8125, 0.0
0.7162140556951275, 0.75, 0.5, 0.8235294117647058, 0.0
0.7428089542082145, 0.7741935483870968, 0.4, 0.8571428571428572, 0.0
0.7038647426926956, 0.7741935483870968, 0.0, 0.8333333333333334, 0.0
0.691802419005015, 0.7619047619047619, 0.0, 0.8648648648648649, 0.0
0.6168086067252783, 0.7692307692307692, 0.0, 0.8421052631578947, 0.0
0.6253749005172156, 0.7058823529411764, 0.0, 0.8888888888888888, 0.0
0.6304297940777263, 0.7272727272727273, 0.0, 0.8333333333333334, 0.0
0.6197632501117857, 0.7142857142857143, 0.0, 0.8205128205128205, 0.0
0.6931015311850227, 0.7333333333333334, 0.5, 0.8484848484848485, 0.0
0.7022697235296856, 0.736842105263158, 0.4, 0.8095238095238095, 0.0
0.7848272242646108, 0.7777777777777778, 0.7142857142857143, 0.8421052631578947, 0.0
0.6614748123107257, 0.7142857142857143, 0.0, 0.8235294117647058, 0.0
0.6722780026582506, 0.7741935483870968, 0.2857142857142857, 0.8421052631578947, 0.0
0.6742412347808617, 0.7586206896551724, 0.0, 0.8235294117647058, 0.0
0.603134622166186, 0.7058823529411764, 0.0, 0.8484848484848485, 0.0
0.7176519472209129, 0.75, 0.5, 0.8108108108108107, 0.0
0.6756242219724193, 0.7647058823529411, 0.0, 0.8181818181818181, 0.0
0.6287321603128054, 0.7272727272727273, 0.0, 0.8387096774193549, 0.0
0.5648373340530204, 0.6666666666666667, 0.0, 0.8235294117647058, 0.0
0.7517734274950058, 0.7878787878787878, 0.4, 0.8275862068965517, 0.0
0.7630884609066985, 0.8, 0.5, 0.8571428571428572, 0.0
0.7614986187390195, 0.7894736842105263, 0.5454545454545454, 0.8571428571428572, 0.0
0.7507916251761918, 0.8, 0.5714285714285714, 0.8571428571428572, 0.0
0.7476155165861048, 0.7878787878787878, 0.5, 0.8181818181818181, 0.0
0.6669335700996342, 0.7272727272727273, 0.0, 0.8275862068965517, 0.0
0.7209692116753488, 0.7272727272727273, 0.46153846153846156, 0.8292682926829268, 0.0
0.6866443204422745, 0.6666666666666667, 0.5, 0.8235294117647058, 0.0
