0.8514146063656047, 0.8571428571428572, 0.7777777777777778, 0.8947368421052632, 0.0
0.827663097762548, 0.8333333333333334, 0.782608695652174, 0.8666666666666667, 0.0
0.8328649056718878, 0.84, 0.7586206896551724, 0.8947368421052632, 0.0
0.8484360456192073, 0.8333333333333334, 0.7916666666666666, 0.9444444444444444, 0.0
0.8366981545487293, 0.8333333333333334, 0.8, 0.875, 0.0
0.8370181693858807, 0.8333333333333334, 0.782608695652174, 0.8888888888888888, 0.0
0.8339656392989725, 0.8333333333333334, 0.7727272727272727, 0.92, 0.0
0.8429091942060055, 0.8461538461538461, 0.7741935483870968, 0.8888888888888888, 0.0
0.8377545460074195, 0.8333333333333334, 0.7777777777777778, 0.8928571428571429, 0.0
0.8567418047387537, 0.8518518518518519, 0.7857142857142857, 0.9130434782608696, 0.0
0.8375669711301895, 0.8333333333333334, 0.8076923076923077, 0.9, 0.0
0.8424479703051747, 0.84, 0.7916666666666666, 0.9, 0.0
0.8360118790697212, 0.84, 0.7714285714285715, 0.8846153846153846, 0.0
0.8324747576066035, 0.8333333333333334, 0.7857142857142857, 0.8846153846153846, 0.0
0.8511053408909703, 0.8518518518518519, 0.8, 0.8947368421052632, 0.0
0.844921705609102, 0.8461538461538461, 0.8, 0.8823529411764706, 0.0
0.8399472462403498, 0.8518518518518519, 0.7916666666666666, 0.9090909090909091, 0.0
0.8282393874362487, 0.84375, 0.7741935483870968, 0.88, 0.0
0.8407503068266436, 0.8333333333333334, 0.8076923076923077, 0.875, 0.0
0.836416722127551, 0.8275862068965517, 0.8, 0.8947368421052632, 0.0
0.8374328817202379, 0.8461538461538461, 0.7777777777777778, 0.875, 0.0
0.8501987726588369, 0.8518518518518519, 0.8076923076923077, 0.9130434782608696, 0.0
0.8321232578705303, 0.8333333333333334, 0.8, 0.8695652173913043, 0.0
0.8512907615260558, 0.8571428571428572, 0.8214285714285714, 0.88, 0.0
0.8438786710365658, 0.8461538461538461, 0.7692307692307692, 0.8947368421052632, 0.0
0.8298839295205425, 0.8333333333333334, 0.7391304347826086, 0.8846153846153846, 0.0
0.8353112193538321, 0.8333333333333334, 0.8, 0.8823529411764706, 0.0
0.837224168745908, 0.8518518518518519, 0.7692307692307692, 0.8695652173913043, 0.0
0.8310568827556548, 0.84, 0.7727272727272727, 0.8620689655172413, 0.0
0.8218971995746192, 0.8214285714285714, 0.7857142857142857, 0.8666666666666667, 0.0
0.8387353845859594, 0.84, 0.7916666666666666, 0.88, 0.0
0.8458914894839764, 0.8421052631578947, 0.8, 0.9375, 0.0
0.8391656079581492, 0.84, 0.7777777777777778, 0.9, 0.0
0.8525365069644771, 0.8461538461538461, 0.7931034482758621, 0.8947368421052632, 0.0
0.8345773366418527, 0.8333333333333334, 0.8, 0.8709677419354839, 0.0
0.8354979901619686, 0.84375, 0.7916666666666666, 0.8888888888888888, 0.0
0.8353385638727084, 0.84, 0.7692307692307692, 0.8787878787878788, 0.0
0.8439292610052714, 0.8461538461538461, 0.7931034482758621, 0.9444444444444444, 0.0
0.8407094355029926, 0.84375, 0.8, 0.8846153846153846, 0.0
0.8374236192025238, 0.8461538461538461, 0.76, 0.88, 0.0
0.8415509420009997, 0.84, 0.782608695652174, 0.875, 0.0
0.8464071606877704, 0.8461538461538461, 0.76, 0.8888888888888888, 0.0
0.8405225748948887, 0.84, 0.7916666666666666, 0.8888888888888888, 0.0
0.8371689023147649, 0.8333333333333334, 0.782608695652174, 0.9, 0.0
0.8521622314398627, 0.84, 0.8064516129032258, 0.9473684210526316, 0.0
0.8351013341410723, 0.8333333333333334, 0.7878787878787878, 0.9, 0.0
0.8310546053835869, 0.8421052631578947, 0.7777777777777778, 0.875, 0.0
0.8384646916460612, 0.8461538461538461, 0.782608695652174, 0.8709677419354839, 0.0
0.8380009309600239, 0.84, 0.8064516129032258, 0.8666666666666667, 0.0
0.8435226004306464, 0.8484848484848485, 0.7931034482758621, 0.875, 0.0
0.8464209025385675, 0.8461538461538461, 0.8125, 0.8947368421052632, 0.0
0.8247864989462941, 0.8275862068965517, 0.7586206896551724, 0.8928571428571429, 0.0
0.843532706324258, 0.8518518518518519, 0.7894736842105263, 0.8888888888888888, 0.0
0.8310114837270011, 0.8333333333333334, 0.7619047619047619, 0.9166666666666666, 0.0
0.8472466364778194, 0.8518518518518519, 0.7692307692307692, 0.9230769230769231, 0.0
0.8386124873673892, 0.84, 0.8, 0.8823529411764706, 0.0
0.8414579203449729, 0.8461538461538461, 0.78125, 0.8695652173913043, 0.0
0.8328138580151929, 0.8378378378378378, 0.7857142857142857, 0.8888888888888888, 0.0
0.8466894499367619, 0.8461538461538461, 0.8, 0.9, 0.0
0.8335915133815394, 0.84, 0.8, 0.875, 0.0
0.8264861977254931, 0.8235294117647058, 0.7916666666666666, 0.8666666666666667, 0.0
0.822411489744823, 0.8214285714285714, 0.8, 0.8518518518518519, 0.0
0.8281867695871491, 0.8333333333333334, 0.7741935483870968, 0.8888888888888888, 0.0
0.8401084424826457, 0.8461538461538461, 0.8, 0.8709677419354839, 0.0
0.825328903008813, 0.8275862068965517, 0.782608695652174, 0.8888888888888888, 0.0
0.8411542574458705, 0.84, 0.782608695652174, 0.9090909090909091, 0.0
0.83899280347476, 0.8333333333333334, 0.7407407407407407, 0.9444444444444444, 0.0
0.8360405244639968, 0.8461538461538461, 0.736842105263158, 0.9047619047619048, 0.0
0.8478896465852988, 0.85, 0.8148148148148149, 0.8857142857142857, 0.0
0.8577481272323589, 0.8518518518518519, 0.8275862068965517, 0.9, 0.0
0.8446195927691871, 0.84375, 0.8, 0.9, 0.0
0.8353868244892088, 0.8387096774193549, 0.8, 0.8695652173913043, 0.0
0.8438839699353562, 0.8461538461538461, 0.8076923076923077, 0.8888888888888888, 0.0
0.8395437433399702, 0.84375, 0.8, 0.8888888888888888, 0.0
0.8542739604897881, 0.85, 0.8, 0.9130434782608696, 0.0
0.8521155152499774, 0.85, 0.8181818181818181, 0.8888888888888888, 0.0
0.8409658448008024, 0.8484848484848485, 0.7916666666666666, 0.875, 0.0
0.8553400917941149, 0.85, 0.8076923076923077, 0.92, 0.0
0.8252609813558089, 0.8214285714285714, 0.7692307692307692, 0.88, 0.0
0.838531392049867, 0.84375, 0.7857142857142857, 0.8928571428571429, 0.0
0.8613943978115984, 0.8611111111111112, 0.8214285714285714, 0.9130434782608696, 0.0
0.8430346351268716, 0.8461538461538461, 0.7857142857142857, 0.8846153846153846, 0.0
0.8341302540778969, 0.8333333333333334, 0.8055555555555556, 0.9130434782608696, 0.0
0.835685823507848, 0.8387096774193549, 0.8, 0.9047619047619048, 0.0
0.8351395445670808, 0.84, 0.782608695652174, 0.8666666666666667, 0.0
0.8434002322072498, 0.84, 0.8, 0.92, 0.0
0.8360590716392896, 0.84375, 0.7857142857142857, 0.8787878787878788, 0.0
0.8357489717008184, 0.84, 0.7619047619047619, 0.875, 0.0
0.8520569316345661, 0.8461538461538461, 0.8148148148148149, 0.9090909090909091, 0.0
0.828219587296299, 0.8333333333333334, 0.782608695652174, 0.8571428571428572, 0.0
0.8437349754850741, 0.8461538461538461, 0.75, 0.9166666666666666, 0.0
0.8348443882549342, 0.8333333333333334, 0.7916666666666666, 0.8947368421052632, 0.0
0.8336703993384614, 0.84, 0.7916666666666666, 0.8620689655172413, 0.0
0.8521316656129472, 0.8484848484848485, 0.8148148148148149, 0.9, 0.0
0.8449566130411298, 0.8518518518518519, 0.7647058823529411, 0.9333333333333333, 0.0
0.8197751422988768, 0.8125, 0.7741935483870968, 0.8620689655172413, 0.0
0.8428680363966208, 0.8461538461538461, 0.7714285714285715, 0.8947368421052632, 0.0
0.8422298062128147, 0.84375, 0.7916666666666666, 0.90625, 0.0
0.8319569741278361, 0.8214285714285714, 0.76, 0.9, 0.0
0.833211036790417, 0.84, 0.7777777777777778, 0.875, 0.0
0.8389852538617248, 0.8387096774193549, 0.7916666666666666, 0.8947368421052632, 0.0
0.8377574868381319, 0.8333333333333334, 0.8, 0.9, 0.0
0.8402435744609656, 0.8484848484848485, 0.7916666666666666, 0.8695652173913043, 0.0
0.8371408610258302, 0.8461538461538461, 0.7857142857142857, 0.8571428571428572, 0.0
0.8330089207884906, 0.84, 0.7741935483870968, 0.8666666666666667, 0.0
0.8493710545952105, 0.8484848484848485, 0.8148148148148149, 0.8947368421052632, 0.0
0.8374926366331887, 0.8461538461538461, 0.782608695652174, 0.8888888888888888, 0.0
0.8426895464585974, 0.84, 0.8148148148148149, 0.8787878787878788, 0.0
0.8445271986236504, 0.8461538461538461, 0.7916666666666666, 0.8888888888888888, 0.0
0.8330682618560371, 0.8333333333333334, 0.7666666666666666, 0.8888888888888888, 0.0
0.832862233672179, 0.8260869565217391, 0.7916666666666666, 0.9411764705882353, 0.0
0.8378038348411911, 0.84, 0.7857142857142857, 0.9, 0.0
0.8410024534623695, 0.8461538461538461, 0.8, 0.8695652173913043, 0.0
0.8299365891263298, 0.8214285714285714, 0.782608695652174, 0.9, 0.0
0.838108626266521, 0.8214285714285714, 0.8, 0.8947368421052632, 0.0
0.8309756822315018, 0.8461538461538461, 0.7391304347826086, 0.8888888888888888, 0.0
0.8477281807633609, 0.8461538461538461, 0.8064516129032258, 0.8846153846153846, 0.0
0.855137088824056, 0.8571428571428572, 0.8076923076923077, 0.9090909090909091, 0.0
0.8217754198810646, 0.8181818181818181, 0.7727272727272727, 0.8620689655172413, 0.0
0.8390126998424826, 0.84, 0.8064516129032258, 0.8846153846153846, 0.0
0.8386511019227001, 0.84, 0.7916666666666666, 0.8709677419354839, 0.0
0.8426958413407294, 0.8421052631578947, 0.8108108108108107, 0.8888888888888888, 0.0
0.8317084180492477, 0.8275862068965517, 0.782608695652174, 0.88, 0.0
0.8472735021665737, 0.8387096774193549, 0.8148148148148149, 0.9130434782608696, 0.0
0.8376556549776392, 0.8333333333333334, 0.782608695652174, 0.8928571428571429, 0.0
0.8514136534426392, 0.8518518518518519, 0.8148148148148149, 0.8888888888888888, 0.0
0.8335623191660173, 0.8333333333333334, 0.75, 0.8888888888888888, 0.0
0.843672428539495, 0.84, 0.782608695652174, 0.9130434782608696, 0.0
0.8507942400301706, 0.8518518518518519, 0.8148148148148149, 0.8888888888888888, 0.0
0.8460273324876024, 0.84, 0.8, 0.9, 0.0
0.8478553548274911, 0.85, 0.8214285714285714, 0.8666666666666667, 0.0
0.8372494603329186, 0.8571428571428572, 0.7407407407407407, 0.9130434782608696, 0.0
0.8269301501430437, 0.8333333333333334, 0.76, 0.8666666666666667, 0.0
0.8381771551504004, 0.8333333333333334, 0.7619047619047619, 0.9, 0.0
0.8426316661386276, 0.8387096774193549, 0.7916666666666666, 0.8846153846153846, 0.0
0.8265715702384869, 0.8260869565217391, 0.7916666666666666, 0.8666666666666667, 0.0
0.8394321752996007, 0.84, 0.7894736842105263, 0.8846153846153846, 0.0
0.83905846835187, 0.8461538461538461, 0.7916666666666666, 0.8888888888888888, 0.0
0.8544718413242257, 0.8518518518518519, 0.8, 0.9230769230769231, 0.0
0.8274930422521958, 0.8214285714285714, 0.7777777777777778, 0.9, 0.0
0.8495013847027194, 0.8461538461538461, 0.8148148148148149, 0.9166666666666666, 0.0
0.840147733492561, 0.8461538461538461, 0.7931034482758621, 0.88, 0.0
0.8343559249150572, 0.8275862068965517, 0.782608695652174, 0.8666666666666667, 0.0
0.8215362107028773, 0.8333333333333334, 0.7692307692307692, 0.8636363636363636, 0.0
0.8420365598456552, 0.8333333333333334, 0.8, 0.9090909090909091, 0.0
0.8379118514335906, 0.84, 0.7777777777777778, 0.8695652173913043, 0.0
0.8396397578396578, 0.8461538461538461, 0.7857142857142857, 0.9090909090909091, 0.0
0.8277352110196828, 0.8333333333333334, 0.7741935483870968, 0.8888888888888888, 0.0
0.8447786267913652, 0.8461538461538461, 0.8, 0.9, 0.0
0.8486119925200384, 0.8461538461538461, 0.7857142857142857, 0.9, 0.0
0.8384962317376111, 0.84, 0.8, 0.8846153846153846, 0.0
0.8380026047861487, 0.8518518518518519, 0.782608695652174, 0.8888888888888888, 0.0
0.8451903335438086, 0.8421052631578947, 0.7916666666666666, 0.9, 0.0
0.8319365253091333, 0.8333333333333334, 0.782608695652174, 0.8888888888888888, 0.0
0.8469120083832727, 0.85, 0.8, 0.9, 0.0
0.8535102521999075, 0.8461538461538461, 0.8181818181818181, 0.9047619047619048, 0.0
0.84120632068463, 0.8461538461538461, 0.7428571428571429, 0.875, 0.0
0.8539309632932821, 0.8461538461538461, 0.8, 0.9230769230769231, 0.0
0.8409245912488141, 0.8461538461538461, 0.8064516129032258, 0.8780487804878049, 0.0
0.8490655891908754, 0.84375, 0.7857142857142857, 0.8947368421052632, 0.0
0.832608714268058, 0.8333333333333334, 0.7692307692307692, 0.8846153846153846, 0.0
0.8442294776392796, 0.8461538461538461, 0.7916666666666666, 0.8947368421052632, 0.0
0.8454782491279242, 0.84, 0.7916666666666666, 0.9090909090909091, 0.0
0.830595782338786, 0.8333333333333334, 0.7777777777777778, 0.8695652173913043, 0.0
0.8408544797885612, 0.8333333333333334, 0.782608695652174, 0.8888888888888888, 0.0
0.8284289012767715, 0.8235294117647058, 0.7586206896551724, 0.9, 0.0
0.8360239371940981, 0.8387096774193549, 0.7777777777777778, 0.8846153846153846, 0.0
0.8405848584331685, 0.8461538461538461, 0.7586206896551724, 0.9047619047619048, 0.0
0.851658660291344, 0.8571428571428572, 0.782608695652174, 0.9, 0.0
0.831972758644173, 0.8275862068965517, 0.7777777777777778, 0.8846153846153846, 0.0
0.8381803788977702, 0.84, 0.7916666666666666, 0.8846153846153846, 0.0
0.8486536880419293, 0.8461538461538461, 0.7777777777777778, 0.9130434782608696, 0.0
0.8516448392345183, 0.8571428571428572, 0.782608695652174, 0.9130434782608696, 0.0
0.8407388453840066, 0.84, 0.8, 0.9, 0.0
0.849377818109284, 0.8461538461538461, 0.7916666666666666, 0.8888888888888888, 0.0
0.8281092886466449, 0.8333333333333334, 0.7777777777777778, 0.8571428571428572, 0.0
0.8385992215583146, 0.84, 0.8, 0.9, 0.0
0.8436433328980019, 0.8461538461538461, 0.7916666666666666, 0.8947368421052632, 0.0
0.8434150998191918, 0.8461538461538461, 0.8, 0.9, 0.0
0.8433601060774973, 0.8461538461538461, 0.8076923076923077, 0.8846153846153846, 0.0
0.850988700233078, 0.84, 0.8214285714285714, 0.9130434782608696, 0.0
0.8445817317975977, 0.85, 0.782608695652174, 0.8947368421052632, 0.0
0.8380091782684841, 0.8275862068965517, 0.8076923076923077, 0.8888888888888888, 0.0
0.8323505664363197, 0.8421052631578947, 0.7857142857142857, 0.875, 0.0
0.8402875833435776, 0.84, 0.7666666666666666, 0.8947368421052632, 0.0
0.8505516406134686, 0.85, 0.8076923076923077, 0.8888888888888888, 0.0
0.8537220475142135, 0.8571428571428572, 0.782608695652174, 0.9047619047619048, 0.0
0.8411010267374162, 0.8333333333333334, 0.76, 0.9230769230769231, 0.0
0.8319612467930043, 0.84375, 0.8, 0.8709677419354839, 0.0
0.8358536895203562, 0.84, 0.7857142857142857, 0.8928571428571429, 0.0
0.8306803710715464, 0.8333333333333334, 0.7777777777777778, 0.8709677419354839, 0.0
0.8343384214763527, 0.84, 0.7916666666666666, 0.8666666666666667, 0.0
0.8438542790529738, 0.84, 0.8181818181818181, 0.9, 0.0
0.8486988462423246, 0.8461538461538461, 0.8095238095238095, 0.8888888888888888, 0.0
0.8418650454483785, 0.84375, 0.8125, 0.8928571428571429, 0.0
0.8497935963271401, 0.85, 0.8, 0.9130434782608696, 0.0
0.8473382759678362, 0.84, 0.8, 0.9130434782608696, 0.0
0.8382263806980803, 0.8333333333333334, 0.7777777777777778, 0.8888888888888888, 0.0
0.8389620436723537, 0.8387096774193549, 0.8, 0.88, 0.0
0.852183480442234, 0.85, 0.7777777777777778, 0.8947368421052632, 0.0
0.8341759958560913, 0.84, 0.7727272727272727, 0.8888888888888888, 0.0
0.8522394624935461, 0.85, 0.8148148148148149, 0.9047619047619048, 0.0
0.8390874348244357, 0.84, 0.7692307692307692, 0.8888888888888888, 0.0
0.832754798930744, 0.8275862068965517, 0.7727272727272727, 0.9130434782608696, 0.0
0.8353878573533747, 0.84, 0.7931034482758621, 0.875, 0.0
0.8524628293286546, 0.8518518518518519, 0.8064516129032258, 0.8888888888888888, 0.0
0.8388813948285044, 0.8461538461538461, 0.7777777777777778, 0.8947368421052632, 0.0
0.825359368600748, 0.8275862068965517, 0.7692307692307692, 0.88, 0.0
0.8337886443309027, 0.84, 0.7777777777777778, 0.8888888888888888, 0.0
0.8433233805876933, 0.8529411764705882, 0.7931034482758621, 0.88, 0.0
0.8388644962969906, 0.8421052631578947, 0.8, 0.8666666666666667, 0.0
0.8397780846044216, 0.8461538461538461, 0.7857142857142857, 0.88, 0.0
0.833174182182295, 0.8260869565217391, 0.8064516129032258, 0.8846153846153846, 0.0
0.8428976803919815, 0.8461538461538461, 0.7916666666666666, 0.9090909090909091, 0.0
0.8389577174033697, 0.8333333333333334, 0.7916666666666666, 0.9, 0.0
0.8314845458762765, 0.8333333333333334, 0.7916666666666666, 0.8888888888888888, 0.0
0.8251976579956944, 0.8214285714285714, 0.7916666666666666, 0.8695652173913043, 0.0
0.8451057114072665, 0.8518518518518519, 0.7857142857142857, 0.9047619047619048, 0.0
0.8330833118346467, 0.84, 0.7619047619047619, 0.9130434782608696, 0.0
0.8168765164928847, 0.8095238095238095, 0.75, 0.875, 0.0
0.8577251283803491, 0.8571428571428572, 0.8148148148148149, 0.9, 0.0
0.8426780205745723, 0.84, 0.8, 0.8888888888888888, 0.0
0.8409109507044895, 0.84, 0.8181818181818181, 0.875, 0.0
0.8387521618029591, 0.84, 0.8064516129032258, 0.8611111111111112, 0.0
0.8344072553382015, 0.84, 0.7692307692307692, 0.8888888888888888, 0.0
0.8333706388498349, 0.8333333333333334, 0.782608695652174, 0.8888888888888888, 0.0
0.8412318903926574, 0.8387096774193549, 0.7931034482758621, 0.8888888888888888, 0.0
0.8412071839630558, 0.8461538461538461, 0.76, 0.9130434782608696, 0.0
0.8243639222309889, 0.8275862068965517, 0.72, 0.8695652173913043, 0.0
0.8488471211289158, 0.8461538461538461, 0.8181818181818181, 0.8928571428571429, 0.0
0.8398772502165162, 0.8333333333333334, 0.7916666666666666, 0.8888888888888888, 0.0
0.8350547004671561, 0.84375, 0.7777777777777778, 0.8695652173913043, 0.0
0.8425097573364166, 0.8333333333333334, 0.8064516129032258, 0.9375, 0.0
0.8435309231711327, 0.8518518518518519, 0.7916666666666666, 0.8823529411764706, 0.0
0.8290773111520238, 0.8214285714285714, 0.7878787878787878, 0.9, 0.0
0.8443229649544074, 0.8484848484848485, 0.8064516129032258, 0.9, 0.0
0.8470042487086907, 0.8461538461538461, 0.8076923076923077, 0.9411764705882353, 0.0
0.8363625429199261, 0.8461538461538461, 0.7777777777777778, 0.8928571428571429, 0.0
0.8431354701468359, 0.8461538461538461, 0.7666666666666666, 0.8823529411764706, 0.0
0.8416306063337385, 0.8461538461538461, 0.8, 0.8709677419354839, 0.0
0.8412626796019455, 0.8387096774193549, 0.7931034482758621, 0.896551724137931, 0.0
0.8437315149761869, 0.8518518518518519, 0.8, 0.9, 0.0
0.8523593090821202, 0.8518518518518519, 0.7916666666666666, 0.9473684210526316, 0.0
0.8269119538528952, 0.8461538461538461, 0.7272727272727273, 0.8695652173913043, 0.0
0.8400167968159856, 0.84, 0.8, 0.8666666666666667, 0.0
0.8406454322606731, 0.8333333333333334, 0.8, 0.875, 0.0
0.8471262595429263, 0.84375, 0.8, 0.9444444444444444, 0.0
0.8480905672908716, 0.85, 0.7931034482758621, 0.8888888888888888, 0.0
0.8411896274568852, 0.8461538461538461, 0.7916666666666666, 0.896551724137931, 0.0
0.8260701031808463, 0.8275862068965517, 0.75, 0.875, 0.0
0.8513434031421495, 0.8571428571428572, 0.8125, 0.875, 0.0
0.8403450050236656, 0.84, 0.75, 0.8928571428571429, 0.0
0.8346896236826272, 0.8275862068965517, 0.7916666666666666, 0.8695652173913043, 0.0
0.8464637144056144, 0.84, 0.8, 0.9130434782608696, 0.0
0.8391252957807182, 0.8260869565217391, 0.8, 0.9166666666666666, 0.0
0.835915596331493, 0.8387096774193549, 0.782608695652174, 0.9230769230769231, 0.0
0.8259757975723218, 0.8275862068965517, 0.782608695652174, 0.875, 0.0
0.8399804246875713, 0.84, 0.7931034482758621, 0.8888888888888888, 0.0
0.8429297220729446, 0.8461538461538461, 0.782608695652174, 0.8888888888888888, 0.0
0.8375388916827552, 0.84, 0.7916666666666666, 0.8846153846153846, 0.0
0.8349282621092086, 0.8333333333333334, 0.7857142857142857, 0.8888888888888888, 0.0
0.8498379221802248, 0.8461538461538461, 0.8148148148148149, 0.8947368421052632, 0.0
0.8458608022533668, 0.85, 0.8, 0.8823529411764706, 0.0
0.8407000080620368, 0.8484848484848485, 0.7741935483870968, 0.875, 0.0
0.8383972914674669, 0.8333333333333334, 0.8, 0.8787878787878788, 0.0
0.8484452185333721, 0.8461538461538461, 0.8, 0.92, 0.0
0.8409767920272668, 0.84, 0.8076923076923077, 0.88, 0.0
0.828346080643616, 0.8260869565217391, 0.736842105263158, 0.8888888888888888, 0.0
0.8496708997700606, 0.8421052631578947, 0.7916666666666666, 0.9090909090909091, 0.0
0.8383997146841697, 0.8333333333333334, 0.8, 0.9130434782608696, 0.0
0.8516515636805493, 0.8518518518518519, 0.8148148148148149, 0.8928571428571429, 0.0
0.8370172472270172, 0.8461538461538461, 0.7241379310344828, 0.88, 0.0
0.8455347551673744, 0.84, 0.7931034482758621, 0.8928571428571429, 0.0
0.8412598948706379, 0.84, 0.7857142857142857, 0.8888888888888888, 0.0
0.8485888736592618, 0.8518518518518519, 0.7666666666666666, 0.9130434782608696, 0.0
0.8439108735775401, 0.8461538461538461, 0.7916666666666666, 0.88, 0.0
0.8451340076773558, 0.84, 0.8, 0.8947368421052632, 0.0
0.8310226919930777, 0.8275862068965517, 0.7878787878787878, 0.8709677419354839, 0.0
0.8519506281615201, 0.8529411764705882, 0.8095238095238095, 0.9047619047619048, 0.0
0.8375056228399159, 0.84, 0.7931034482758621, 0.8709677419354839, 0.0
0.8356774945780664, 0.84, 0.7692307692307692, 0.8947368421052632, 0.0
0.8400067823231242, 0.84, 0.8, 0.88, 0.0
0.8239518880026852, 0.8148148148148149, 0.7727272727272727, 0.8846153846153846, 0.0
0.8386758131677967, 0.8461538461538461, 0.8148148148148149, 0.8571428571428572, 0.0
0.8494475284723345, 0.8518518518518519, 0.782608695652174, 0.8947368421052632, 0.0
0.845057082139015, 0.8461538461538461, 0.7586206896551724, 0.8947368421052632, 0.0
0.8521769920764658, 0.8518518518518519, 0.7777777777777778, 0.9090909090909091, 0.0
0.8423323150279672, 0.84, 0.8, 0.9047619047619048, 0.0
0.8440223675169912, 0.8461538461538461, 0.8064516129032258, 0.8888888888888888, 0.0
0.8340877596499785, 0.8461538461538461, 0.7916666666666666, 0.8695652173913043, 0.0
0.8349413543168126, 0.8333333333333334, 0.8, 0.875, 0.0
0.8301601497812747, 0.8333333333333334, 0.7916666666666666, 0.8857142857142857, 0.0
0.8353329560413357, 0.8333333333333334, 0.8, 0.8709677419354839, 0.0
0.8357130306882526, 0.8461538461538461, 0.7741935483870968, 0.8636363636363636, 0.0
0.8364624281474377, 0.8333333333333334, 0.8, 0.8823529411764706, 0.0
0.8390664504577549, 0.84, 0.8148148148148149, 0.8571428571428572, 0.0
0.8410081075688273, 0.84, 0.7857142857142857, 0.9130434782608696, 0.0
0.8437080903839822, 0.84, 0.8, 0.8888888888888888, 0.0
0.8429428908582658, 0.8461538461538461, 0.7692307692307692, 0.8947368421052632, 0.0
0.8350148864708834, 0.84, 0.7727272727272727, 0.9047619047619048, 0.0
0.8348507790222659, 0.8275862068965517, 0.8064516129032258, 0.8888888888888888, 0.0
0.8419235520814468, 0.84, 0.7692307692307692, 0.9, 0.0
0.841363906644109, 0.84, 0.8, 0.8888888888888888, 0.0
0.832173141261722, 0.8260869565217391, 0.7777777777777778, 0.9047619047619048, 0.0
0.8429904484072138, 0.8461538461538461, 0.7727272727272727, 0.9285714285714286, 0.0
0.8407432622088767, 0.8387096774193549, 0.8, 0.8787878787878788, 0.0
0.8488254317909051, 0.8518518518518519, 0.8125, 0.9130434782608696, 0.0
0.8488042247477733, 0.8461538461538461, 0.7419354838709677, 0.8928571428571429, 0.0
0.831904966025866, 0.8333333333333334, 0.7857142857142857, 0.875, 0.0
0.8365696522093807, 0.84, 0.8, 0.8709677419354839, 0.0
0.8410589599847912, 0.8461538461538461, 0.8, 0.8695652173913043, 0.0
0.8441742402227529, 0.8461538461538461, 0.8, 0.8888888888888888, 0.0
0.8400923265943868, 0.8421052631578947, 0.7692307692307692, 0.9130434782608696, 0.0
0.8429145128397608, 0.8421052631578947, 0.8076923076923077, 0.9047619047619048, 0.0
0.8342078386371762, 0.8387096774193549, 0.782608695652174, 0.8571428571428572, 0.0
0.8524728625030649, 0.84375, 0.8, 0.95, 0.0
0.8428301770600622, 0.8518518518518519, 0.8, 0.8666666666666667, 0.0
0.8359201339298388, 0.8275862068965517, 0.7741935483870968, 0.9, 0.0
0.8380192161095829, 0.8461538461538461, 0.8, 0.8695652173913043, 0.0
0.8375067502943896, 0.8421052631578947, 0.8, 0.875, 0.0
0.8452126950732298, 0.8461538461538461, 0.7727272727272727, 0.9, 0.0
0.8450342501877588, 0.84375, 0.7777777777777778, 0.9090909090909091, 0.0
0.8355069767083498, 0.8333333333333334, 0.7391304347826086, 0.8947368421052632, 0.0
0.8540596178037195, 0.8518518518518519, 0.7931034482758621, 0.9, 0.0
0.8439713400595762, 0.84, 0.7666666666666666, 0.8947368421052632, 0.0
0.8315827145365849, 0.8387096774193549, 0.7916666666666666, 0.875, 0.0
0.8402811059467087, 0.84, 0.8148148148148149, 0.875, 0.0
0.8425297081045195, 0.8461538461538461, 0.7931034482758621, 0.8947368421052632, 0.0
0.8436897471971847, 0.8461538461538461, 0.8125, 0.8823529411764706, 0.0
0.8369008128965256, 0.8333333333333334, 0.8, 0.875, 0.0
0.8462657300128567, 0.8518518518518519, 0.8076923076923077, 0.8666666666666667, 0.0
0.8442809322262254, 0.84375, 0.7857142857142857, 0.9444444444444444, 0.0
0.8448854430798506, 0.8461538461538461, 0.8, 0.8857142857142857, 0.0
0.8339172124360346, 0.8387096774193549, 0.8, 0.8666666666666667, 0.0
0.8394353768493552, 0.8461538461538461, 0.7692307692307692, 0.9166666666666666, 0.0
0.8473855284363256, 0.8461538461538461, 0.8064516129032258, 0.8888888888888888, 0.0
0.831247041372633, 0.84375, 0.75, 0.8823529411764706, 0.0
0.8397466228448252, 0.8421052631578947, 0.8064516129032258, 0.8666666666666667, 0.0
0.8350288577664243, 0.84, 0.782608695652174, 0.8666666666666667, 0.0
0.8320088631646562, 0.8333333333333334, 0.7931034482758621, 0.875, 0.0
0.8341448161967256, 0.8387096774193549, 0.7878787878787878, 0.88, 0.0
0.8339628043261553, 0.8333333333333334, 0.7647058823529411, 0.8947368421052632, 0.0
0.8471398281682259, 0.85, 0.8, 0.8846153846153846, 0.0
0.8424700884315917, 0.8387096774193549, 0.8076923076923077, 0.8888888888888888, 0.0
0.8361358435251434, 0.8461538461538461, 0.7586206896551724, 0.8888888888888888, 0.0
0.8375556539089508, 0.84, 0.7931034482758621, 0.8947368421052632, 0.0
0.8427788104133785, 0.8461538461538461, 0.75, 0.8947368421052632, 0.0
0.8561534211193474, 0.8518518518518519, 0.8260869565217391, 0.9130434782608696, 0.0
0.8414502513053237, 0.84, 0.8076923076923077, 0.8695652173913043, 0.0
0.840669676520751, 0.8461538461538461, 0.8095238095238095, 0.8620689655172413, 0.0
0.8293675360589845, 0.8275862068965517, 0.7857142857142857, 0.8695652173913043, 0.0
0.8309568676248131, 0.84, 0.7272727272727273, 0.8823529411764706, 0.0
0.846285864544719, 0.8461538461538461, 0.8148148148148149, 0.875, 0.0
0.8306227348641142, 0.8461538461538461, 0.7666666666666666, 0.88, 0.0
0.8312735362316427, 0.84, 0.7916666666666666, 0.8620689655172413, 0.0
0.8418851707097321, 0.8333333333333334, 0.7777777777777778, 0.9333333333333333, 0.0
0.8446777215168021, 0.8484848484848485, 0.7777777777777778, 0.896551724137931, 0.0
0.8374149056813018, 0.84, 0.7931034482758621, 0.8823529411764706, 0.0
0.8516033547215095, 0.8484848484848485, 0.75, 0.9130434782608696, 0.0
0.8416953592416906, 0.8461538461538461, 0.7692307692307692, 0.88, 0.0
0.8514874978016634, 0.8518518518518519, 0.8064516129032258, 0.8888888888888888, 0.0
0.8355886666374082, 0.84375, 0.7692307692307692, 0.8709677419354839, 0.0
0.8400022916447203, 0.84, 0.7857142857142857, 0.9090909090909091, 0.0
0.8413054329046172, 0.8387096774193549, 0.7916666666666666, 0.8888888888888888, 0.0
0.8338357515247297, 0.8333333333333334, 0.7727272727272727, 0.9, 0.0
0.8522044118974101, 0.8571428571428572, 0.8, 0.9047619047619048, 0.0
0.8407087386409832, 0.8421052631578947, 0.8148148148148149, 0.8571428571428572, 0.0
0.8397331648778116, 0.84, 0.7857142857142857, 0.9130434782608696, 0.0
0.8348651358755661, 0.8333333333333334, 0.8, 0.88, 0.0
0.8445776247289686, 0.8387096774193549, 0.8, 0.9, 0.0
0.8420012088601371, 0.84, 0.7857142857142857, 0.9230769230769231, 0.0
0.8367043450376782, 0.8333333333333334, 0.7727272727272727, 0.9166666666666666, 0.0
0.8407111904286543, 0.8461538461538461, 0.7666666666666666, 0.8928571428571429, 0.0
0.8367031502028478, 0.8461538461538461, 0.7666666666666666, 0.8888888888888888, 0.0
0.8468055292192826, 0.8529411764705882, 0.8076923076923077, 0.8846153846153846, 0.0
0.8483108478829369, 0.8484848484848485, 0.7666666666666666, 0.9259259259259259, 0.0
0.8353186187154535, 0.84, 0.7857142857142857, 0.8666666666666667, 0.0
0.835864064334097, 0.84, 0.7692307692307692, 0.8947368421052632, 0.0
0.8463274983017612, 0.84, 0.8125, 0.9130434782608696, 0.0
0.8503955605364639, 0.8461538461538461, 0.8076923076923077, 0.8947368421052632, 0.0
0.840832580402133, 0.8421052631578947, 0.7777777777777778, 0.9473684210526316, 0.0
0.8392881795918987, 0.8387096774193549, 0.8, 0.8846153846153846, 0.0
0.8397159314115836, 0.8333333333333334, 0.8076923076923077, 0.8846153846153846, 0.0
0.8433487936794388, 0.8461538461538461, 0.7692307692307692, 0.9, 0.0
0.8322772828434116, 0.84, 0.76, 0.8695652173913043, 0.0
0.8287770047280616, 0.8461538461538461, 0.7741935483870968, 0.8620689655172413, 0.0
0.8501208523445366, 0.8461538461538461, 0.8125, 0.8888888888888888, 0.0
0.8404639494179722, 0.8461538461538461, 0.7857142857142857, 0.875, 0.0
0.8405937390767476, 0.8461538461538461, 0.8, 0.88, 0.0
0.8430365065367565, 0.84, 0.8055555555555556, 0.9047619047619048, 0.0
0.8375370997395469, 0.8461538461538461, 0.7777777777777778, 0.896551724137931, 0.0
0.8447823262957673, 0.8461538461538461, 0.8, 0.8888888888888888, 0.0
0.8282795475459596, 0.8333333333333334, 0.7741935483870968, 0.8666666666666667, 0.0
0.8448015619096769, 0.84375, 0.7777777777777778, 0.8888888888888888, 0.0
0.85042173319363, 0.8518518518518519, 0.782608695652174, 0.896551724137931, 0.0
0.8447716392528221, 0.8461538461538461, 0.8, 0.88, 0.0
0.8339132403871001, 0.8333333333333334, 0.7931034482758621, 0.8709677419354839, 0.0
0.8386990571332492, 0.8387096774193549, 0.7857142857142857, 0.8947368421052632, 0.0
0.8438018823700026, 0.8461538461538461, 0.8076923076923077, 0.8888888888888888, 0.0
0.8372451149781236, 0.84375, 0.7666666666666666, 0.8888888888888888, 0.0
