0.8256837374606621, 0.8333333333333334, 0.6923076923076923, 0.8947368421052632, 0.0
0.8218244192784926, 0.8333333333333334, 0.7272727272727273, 0.8857142857142857, 0.0
0.8384558686802197, 0.84375, 0.7894736842105263, 0.92, 0.0
0.8243960189490716, 0.8297872340425532, 0.7380952380952381, 0.9166666666666666, 0.0
0.8439961990383673, 0.85, 0.7333333333333334, 0.9166666666666666, 0.0
0.8368777392883734, 0.8333333333333334, 0.7837837837837838, 0.896551724137931, 0.0
0.8264617140965987, 0.8378378378378378, 0.6666666666666667, 0.9230769230769231, 0.0
0.8158860903352473, 0.8205128205128205, 0.736842105263158, 0.92, 0.0
0.8248922975826175, 0.825, 0.7857142857142857, 0.8695652173913043, 0.0
0.8317936638511566, 0.8372093023255813, 0.7647058823529411, 0.90625, 0.0
0.8204918060674997, 0.8333333333333334, 0.7297297297297297, 0.9, 0.0
0.8314439065362621, 0.8205128205128205, 0.7619047619047619, 0.9166666666666666, 0.0
0.8076351622469925, 0.8125, 0.7105263157894737, 0.9230769230769231, 0.0
0.8328087451873979, 0.8333333333333334, 0.7586206896551724, 0.9090909090909091, 0.0
0.837760084675818, 0.8333333333333334, 0.7142857142857143, 0.9411764705882353, 0.0
0.8317493564459439, 0.8260869565217391, 0.7586206896551724, 0.9090909090909091, 0.0
0.8273609823941092, 0.8285714285714285, 0.7837837837837838, 0.9, 0.0
0.8375236128259084, 0.8387096774193549, 0.7777777777777778, 0.9, 0.0
0.8362498827322786, 0.8292682926829268, 0.7647058823529411, 0.9047619047619048, 0.0
0.8532980141988236, 0.8571428571428572, 0.775, 0.90625, 0.0
0.8393299929477532, 0.8461538461538461, 0.7804878048780488, 0.8846153846153846, 0.0
0.8368952385231453, 0.8378378378378378, 0.725, 0.9259259259259259, 0.0
0.8193496556834449, 0.8333333333333334, 0.7, 0.9090909090909091, 0.0
0.8331020826822535, 0.825, 0.75, 0.90625, 0.0
0.825836210828965, 0.8235294117647058, 0.75, 0.9090909090909091, 0.0
0.8323556284983252, 0.8205128205128205, 0.76, 0.9375, 0.0
0.8344191702580324, 0.8235294117647058, 0.7317073170731707, 0.9375, 0.0
0.8116481765944132, 0.8148148148148149, 0.7333333333333334, 0.9047619047619048, 0.0
0.8260153682242932, 0.8275862068965517, 0.7222222222222222, 0.8823529411764706, 0.0
0.8193691224099187, 0.8260869565217391, 0.7777777777777778, 0.8888888888888888, 0.0
0.8388759896927744, 0.8333333333333334, 0.775, 0.9, 0.0
0.8128129922146771, 0.8181818181818181, 0.6857142857142857, 0.8837209302325582, 0.0
0.8379679548790258, 0.8409090909090909, 0.7586206896551724, 0.9473684210526316, 0.0
0.8207206687724699, 0.8181818181818181, 0.7619047619047619, 0.9, 0.0
0.8313840053959207, 0.8260869565217391, 0.7142857142857143, 0.9230769230769231, 0.0
0.8273858271590694, 0.8285714285714285, 0.75, 0.9047619047619048, 0.0
0.835561586898471, 0.8387096774193549, 0.7317073170731707, 0.9047619047619048, 0.0
0.8431944178390987, 0.8333333333333334, 0.782608695652174, 0.9375, 0.0
0.8241525975264332, 0.8235294117647058, 0.7555555555555555, 0.9, 0.0
0.8208904637646942, 0.8181818181818181, 0.7741935483870968, 0.875, 0.0
0.827614631564204, 0.8333333333333334, 0.75, 0.8823529411764706, 0.0
0.8290658483930796, 0.8260869565217391, 0.7575757575757576, 0.9230769230769231, 0.0
0.8395248343183261, 0.8333333333333334, 0.78125, 0.9117647058823529, 0.0
0.8316564966825795, 0.8148148148148149, 0.7647058823529411, 0.9210526315789473, 0.0
0.8434862971174658, 0.825, 0.78125, 0.9375, 0.0
0.8218532511782181, 0.825, 0.7317073170731707, 0.8823529411764706, 0.0
0.83625771128774, 0.8333333333333334, 0.7741935483870968, 0.9285714285714286, 0.0
0.8198042308568625, 0.8157894736842105, 0.7435897435897436, 0.9230769230769231, 0.0
0.8019497892172628, 0.7894736842105263, 0.7333333333333334, 0.9166666666666666, 0.0
0.8268468722543355, 0.8461538461538461, 0.7435897435897436, 0.8888888888888888, 0.0
0.8311674214931523, 0.8372093023255813, 0.725, 0.9230769230769231, 0.0
0.8138138074175938, 0.8205128205128205, 0.7142857142857143, 0.896551724137931, 0.0
0.8220149428993807, 0.8157894736842105, 0.736842105263158, 0.9285714285714286, 0.0
0.8422763369355155, 0.84375, 0.7777777777777778, 0.9166666666666666, 0.0
0.8463337484552739, 0.84, 0.8048780487804879, 0.9310344827586207, 0.0
0.8278135722443503, 0.8205128205128205, 0.7777777777777778, 0.875, 0.0
0.8389837682603212, 0.8387096774193549, 0.7804878048780488, 0.9259259259259259, 0.0
0.8479626157199277, 0.8484848484848485, 0.7307692307692308, 0.9166666666666666, 0.0
0.8046499250342197, 0.8064516129032258, 0.75, 0.9, 0.0
0.8304841658630208, 0.8297872340425532, 0.7222222222222222, 0.9047619047619048, 0.0
0.8127678331927218, 0.8048780487804879, 0.7333333333333334, 0.9047619047619048, 0.0
0.8349257061604115, 0.8333333333333334, 0.7297297297297297, 0.9166666666666666, 0.0
0.8411786009815251, 0.8409090909090909, 0.7894736842105263, 0.9230769230769231, 0.0
0.835629246246859, 0.8333333333333334, 0.7575757575757576, 0.9230769230769231, 0.0
0.8170170368267373, 0.8181818181818181, 0.7380952380952381, 0.875, 0.0
0.8555592097795454, 0.8484848484848485, 0.8095238095238095, 0.9090909090909091, 0.0
0.8416726270649156, 0.8367346938775511, 0.7666666666666666, 0.9, 0.0
0.8386116012449865, 0.8333333333333334, 0.7659574468085106, 0.8846153846153846, 0.0
0.8065102719195845, 0.8, 0.6842105263157895, 0.88, 0.0
0.8446059602389729, 0.8292682926829268, 0.7647058823529411, 0.935483870967742, 0.0
0.8346646359527921, 0.8235294117647058, 0.7619047619047619, 0.9090909090909091, 0.0
0.8137954465910973, 0.8148148148148149, 0.7419354838709677, 0.8947368421052632, 0.0
0.8269316610424131, 0.8275862068965517, 0.7857142857142857, 0.8636363636363636, 0.0
0.8329627224809443, 0.8387096774193549, 0.7272727272727273, 0.9, 0.0
0.8342352767081133, 0.84375, 0.7083333333333333, 0.9047619047619048, 0.0
0.8347363638491971, 0.8421052631578947, 0.7435897435897436, 0.9333333333333333, 0.0
0.8332973728806093, 0.8285714285714285, 0.7586206896551724, 0.8888888888888888, 0.0
0.8201879657002745, 0.8181818181818181, 0.7567567567567568, 0.8888888888888888, 0.0
0.8260385542277408, 0.8378378378378378, 0.7241379310344828, 0.9090909090909091, 0.0
0.8151570400067728, 0.8181818181818181, 0.7575757575757576, 0.9166666666666666, 0.0
0.8102002310781874, 0.8108108108108107, 0.7419354838709677, 0.8888888888888888, 0.0
0.8222113090007368, 0.8409090909090909, 0.7, 0.9130434782608696, 0.0
0.8369964625912572, 0.8260869565217391, 0.775, 0.9032258064516129, 0.0
0.8149887513816568, 0.8333333333333334, 0.7105263157894737, 0.8620689655172413, 0.0
0.818901460115432, 0.8148148148148149, 0.7419354838709677, 0.8823529411764706, 0.0
0.8070530110164099, 0.8095238095238095, 0.7096774193548387, 0.88, 0.0
0.8273711775996525, 0.8333333333333334, 0.7083333333333333, 0.9130434782608696, 0.0
0.8251060202490421, 0.825, 0.7575757575757576, 0.90625, 0.0
0.8320408028180221, 0.84, 0.7096774193548387, 0.9166666666666666, 0.0
0.8302573246249773, 0.8275862068965517, 0.7435897435897436, 0.9047619047619048, 0.0
0.8145340587042355, 0.8125, 0.7222222222222222, 0.9090909090909091, 0.0
0.8281412146444115, 0.8235294117647058, 0.725, 0.90625, 0.0
0.8357323184448097, 0.8461538461538461, 0.7555555555555555, 0.9, 0.0
0.8445746488728946, 0.8518518518518519, 0.75, 0.9473684210526316, 0.0
0.8243743240092987, 0.8285714285714285, 0.72, 0.9166666666666666, 0.0
0.8233634594531679, 0.8333333333333334, 0.7419354838709677, 0.8947368421052632, 0.0
0.8346303891596527, 0.8387096774193549, 0.7441860465116279, 0.9, 0.0
0.8296876422349071, 0.8387096774193549, 0.7407407407407407, 0.8823529411764706, 0.0
0.8159020684569636, 0.8125, 0.7083333333333333, 0.9166666666666666, 0.0
0.8198792249906202, 0.8148148148148149, 0.7647058823529411, 0.9, 0.0
0.8329829697528758, 0.8421052631578947, 0.75, 0.9, 0.0
0.8284816740499353, 0.8222222222222222, 0.7619047619047619, 0.9411764705882353, 0.0
0.8116143622949389, 0.8181818181818181, 0.75, 0.8695652173913043, 0.0
0.8118270549440265, 0.8, 0.7142857142857143, 0.9375, 0.0
0.8260624690285464, 0.8181818181818181, 0.7560975609756098, 0.9259259259259259, 0.0
0.8308097716532676, 0.8214285714285714, 0.7407407407407407, 0.9166666666666666, 0.0
0.8084002697171336, 0.8108108108108107, 0.72, 0.868421052631579, 0.0
0.8339224973937382, 0.8387096774193549, 0.696969696969697, 0.9090909090909091, 0.0
0.8200118331510879, 0.8292682926829268, 0.7391304347826086, 0.8611111111111112, 0.0
0.8349456738449005, 0.8518518518518519, 0.7391304347826086, 0.896551724137931, 0.0
0.8438584778878389, 0.8461538461538461, 0.7441860465116279, 0.9090909090909091, 0.0
0.8238405867726472, 0.8333333333333334, 0.7567567567567568, 0.8823529411764706, 0.0
0.8302924252856848, 0.8292682926829268, 0.7619047619047619, 0.92, 0.0
0.8386672484853689, 0.8518518518518519, 0.7, 0.8888888888888888, 0.0
0.8312863586693453, 0.84, 0.75, 0.9090909090909091, 0.0
0.8630466252331576, 0.8620689655172413, 0.8048780487804879, 0.9333333333333333, 0.0
0.8484565175316635, 0.8666666666666667, 0.7741935483870968, 0.9166666666666666, 0.0
0.8511758925404282, 0.8571428571428572, 0.7567567567567568, 0.9411764705882353, 0.0
0.8186472991101604, 0.8181818181818181, 0.7333333333333334, 0.8888888888888888, 0.0
0.8316441631479752, 0.8285714285714285, 0.75, 0.9047619047619048, 0.0
0.8456917103716112, 0.8529411764705882, 0.7948717948717949, 0.9047619047619048, 0.0
0.8380098863691703, 0.85, 0.736842105263158, 0.9090909090909091, 0.0
0.822266510704137, 0.8181818181818181, 0.7428571428571429, 0.9, 0.0
0.8182488398264527, 0.8205128205128205, 0.7352941176470589, 0.8888888888888888, 0.0
0.8342064686803631, 0.8372093023255813, 0.717948717948718, 0.8846153846153846, 0.0
0.8192876457901568, 0.8148148148148149, 0.7586206896551724, 0.875, 0.0
0.8364354863942162, 0.8333333333333334, 0.7931034482758621, 0.8928571428571429, 0.0
0.8174522167408372, 0.8157894736842105, 0.6818181818181819, 0.9444444444444444, 0.0
0.8286467872811939, 0.8235294117647058, 0.6875, 0.9166666666666666, 0.0
0.8216658855198753, 0.8157894736842105, 0.7435897435897436, 0.9090909090909091, 0.0
0.853873608067761, 0.8571428571428572, 0.7619047619047619, 0.9166666666666666, 0.0
0.8136931437285331, 0.7948717948717949, 0.7608695652173914, 0.8888888888888888, 0.0
0.8556538852012575, 0.85, 0.7878787878787878, 0.9230769230769231, 0.0
0.8259945190169748, 0.8260869565217391, 0.7352941176470589, 0.90625, 0.0
0.8326088863588862, 0.84375, 0.7105263157894737, 0.9166666666666666, 0.0
0.8059175098985987, 0.8125, 0.6923076923076923, 0.9, 0.0
0.8321238242468112, 0.8333333333333334, 0.75, 0.9545454545454546, 0.0
0.8213474659000735, 0.8205128205128205, 0.7272727272727273, 0.8947368421052632, 0.0
0.8042076962910012, 0.8085106382978724, 0.72, 0.8787878787878788, 0.0
0.8328829813673143, 0.8387096774193549, 0.7567567567567568, 0.9090909090909091, 0.0
0.8284670976361065, 0.8181818181818181, 0.7586206896551724, 0.9047619047619048, 0.0
0.8283584982730339, 0.8222222222222222, 0.7352941176470589, 0.8947368421052632, 0.0
0.8365922543196348, 0.8292682926829268, 0.736842105263158, 0.9333333333333333, 0.0
0.826803348671206, 0.8181818181818181, 0.7666666666666666, 0.9, 0.0
0.8281200204519696, 0.8214285714285714, 0.7297297297297297, 0.8947368421052632, 0.0
0.8347570088766161, 0.8478260869565217, 0.7619047619047619, 0.8888888888888888, 0.0
0.8426903086097568, 0.8333333333333334, 0.7777777777777778, 0.9047619047619048, 0.0
0.8225617812584141, 0.8292682926829268, 0.6875, 0.90625, 0.0
0.8320011688017466, 0.8333333333333334, 0.7575757575757576, 0.896551724137931, 0.0
0.8180056943480206, 0.8181818181818181, 0.7560975609756098, 0.8823529411764706, 0.0
0.8372325230745121, 0.8387096774193549, 0.7647058823529411, 0.9, 0.0
0.8358170254220876, 0.8518518518518519, 0.75, 0.896551724137931, 0.0
0.8096431469336116, 0.7872340425531915, 0.7380952380952381, 0.9166666666666666, 0.0
0.8126464227288035, 0.8275862068965517, 0.7096774193548387, 0.868421052631579, 0.0
0.8214107736759643, 0.8205128205128205, 0.7391304347826086, 0.9375, 0.0
0.8371346377149897, 0.8333333333333334, 0.6875, 0.9142857142857143, 0.0
0.8336054844150798, 0.8333333333333334, 0.7222222222222222, 0.9047619047619048, 0.0
0.8340137079605772, 0.825, 0.8, 0.8857142857142857, 0.0
0.8219371673104662, 0.8157894736842105, 0.7428571428571429, 0.896551724137931, 0.0
0.8338799169634682, 0.8367346938775511, 0.7674418604651163, 0.896551724137931, 0.0
0.8433360392635566, 0.8333333333333334, 0.7837837837837838, 0.9166666666666666, 0.0
0.8214569820181586, 0.8235294117647058, 0.7380952380952381, 0.896551724137931, 0.0
0.8261314822770182, 0.8260869565217391, 0.7560975609756098, 0.8787878787878788, 0.0
0.8432100940261041, 0.8181818181818181, 0.7894736842105263, 0.9375, 0.0
0.8225076257129121, 0.8260869565217391, 0.7692307692307692, 0.8888888888888888, 0.0
0.8288052504109015, 0.8205128205128205, 0.7567567567567568, 0.9032258064516129, 0.0
0.8286921762909076, 0.8181818181818181, 0.7857142857142857, 0.9166666666666666, 0.0
0.8391784055712469, 0.8235294117647058, 0.7297297297297297, 0.9230769230769231, 0.0
0.8283280714614981, 0.8387096774193549, 0.7714285714285715, 0.9047619047619048, 0.0
0.8241493734296725, 0.8235294117647058, 0.71875, 0.90625, 0.0
0.8464011166436299, 0.8461538461538461, 0.8, 0.9032258064516129, 0.0
0.822350535272453, 0.813953488372093, 0.7631578947368421, 0.8846153846153846, 0.0
0.8555334708610453, 0.8387096774193549, 0.7857142857142857, 0.9444444444444444, 0.0
0.8299494105634456, 0.8333333333333334, 0.75, 0.8888888888888888, 0.0
0.8374735675719615, 0.84, 0.7222222222222222, 0.9375, 0.0
0.833359471964804, 0.8235294117647058, 0.8, 0.9130434782608696, 0.0
0.8223288266067855, 0.8333333333333334, 0.6666666666666667, 0.9090909090909091, 0.0
0.8337862854099185, 0.8461538461538461, 0.75, 0.8947368421052632, 0.0
0.827478718147831, 0.8214285714285714, 0.7714285714285715, 0.8928571428571429, 0.0
0.8424728267212604, 0.8421052631578947, 0.7777777777777778, 0.8974358974358975, 0.0
0.8371853021928001, 0.8275862068965517, 0.7391304347826086, 0.9130434782608696, 0.0
0.8286092633137863, 0.8285714285714285, 0.7307692307692308, 0.92, 0.0
0.8066209596001163, 0.7941176470588236, 0.71875, 0.9130434782608696, 0.0
0.8307943026535926, 0.8275862068965517, 0.7619047619047619, 0.9130434782608696, 0.0
0.8237754487781491, 0.8181818181818181, 0.7352941176470589, 0.9166666666666666, 0.0
0.8149498108073426, 0.8181818181818181, 0.7297297297297297, 0.8666666666666667, 0.0
0.8343279358850787, 0.8372093023255813, 0.7741935483870968, 0.8846153846153846, 0.0
0.8223898010929304, 0.8157894736842105, 0.7567567567567568, 0.8857142857142857, 0.0
0.823827959074069, 0.8235294117647058, 0.782608695652174, 0.8823529411764706, 0.0
0.8101797168818464, 0.8163265306122449, 0.75, 0.8857142857142857, 0.0
0.8180563636440547, 0.8181818181818181, 0.7435897435897436, 0.9166666666666666, 0.0
0.8468641166467215, 0.8461538461538461, 0.7307692307692308, 0.8888888888888888, 0.0
0.8118810937645112, 0.8181818181818181, 0.7297297297297297, 0.8823529411764706, 0.0
0.859716764225303, 0.8636363636363636, 0.7941176470588236, 0.9444444444444444, 0.0
0.8482656595103315, 0.8571428571428572, 0.7837837837837838, 0.9411764705882353, 0.0
0.8339581753051589, 0.8333333333333334, 0.7741935483870968, 0.8928571428571429, 0.0
0.8346127116816772, 0.8444444444444444, 0.75, 0.9047619047619048, 0.0
0.8313158126390305, 0.825, 0.7555555555555555, 0.9090909090909091, 0.0
0.8422649033305581, 0.8333333333333334, 0.7674418604651163, 0.896551724137931, 0.0
0.8213852579551086, 0.8148148148148149, 0.7666666666666666, 0.8809523809523809, 0.0
0.8380824269245545, 0.8461538461538461, 0.7777777777777778, 0.9, 0.0
0.81580684437086, 0.813953488372093, 0.6923076923076923, 0.8846153846153846, 0.0
0.8062337057143009, 0.8181818181818181, 0.75, 0.8636363636363636, 0.0
0.8411960303631659, 0.8372093023255813, 0.7741935483870968, 0.9333333333333333, 0.0
0.8194981484633285, 0.8333333333333334, 0.6923076923076923, 0.9259259259259259, 0.0
0.8379740347905459, 0.8387096774193549, 0.7666666666666666, 0.9032258064516129, 0.0
0.8138925788160793, 0.7954545454545454, 0.7619047619047619, 0.9375, 0.0
0.8226742047031902, 0.8214285714285714, 0.75, 0.8888888888888888, 0.0
0.820656380252245, 0.8387096774193549, 0.7083333333333333, 0.8928571428571429, 0.0
0.8291334642145163, 0.813953488372093, 0.7894736842105263, 0.9473684210526316, 0.0
0.8189726280620745, 0.8181818181818181, 0.7058823529411764, 0.8888888888888888, 0.0
0.8350013257962962, 0.85, 0.7272727272727273, 0.8823529411764706, 0.0
0.8192288614987346, 0.813953488372093, 0.75, 0.9166666666666666, 0.0
0.82057989593254, 0.8085106382978724, 0.7333333333333334, 0.9047619047619048, 0.0
0.8155976809950817, 0.8108108108108107, 0.75, 0.88, 0.0
0.8327030865261347, 0.8333333333333334, 0.7391304347826086, 0.9047619047619048, 0.0
0.8223251944992519, 0.8333333333333334, 0.7419354838709677, 0.9117647058823529, 0.0
0.8479106900418605, 0.8461538461538461, 0.7777777777777778, 0.9375, 0.0
0.8394513378548916, 0.8333333333333334, 0.7777777777777778, 0.9130434782608696, 0.0
0.8214783787131659, 0.8181818181818181, 0.6799999999999999, 0.8823529411764706, 0.0
0.8277118983275525, 0.8333333333333334, 0.725, 0.9166666666666666, 0.0
0.8418994313815561, 0.8387096774193549, 0.7777777777777778, 0.9375, 0.0
0.8190794860256304, 0.8108108108108107, 0.7555555555555555, 0.875, 0.0
0.8342199981101138, 0.8333333333333334, 0.7692307692307692, 0.9047619047619048, 0.0
0.8212395502799869, 0.825, 0.75, 0.9285714285714286, 0.0
0.8259728510538152, 0.8333333333333334, 0.75, 0.8974358974358975, 0.0
0.834617294040989, 0.8285714285714285, 0.7777777777777778, 0.9130434782608696, 0.0
0.8250160965065056, 0.8333333333333334, 0.725, 0.9166666666666666, 0.0
0.8327772730759488, 0.8378378378378378, 0.75, 0.9473684210526316, 0.0
0.8181307943905983, 0.8214285714285714, 0.6923076923076923, 0.9285714285714286, 0.0
0.8227033275621581, 0.8333333333333334, 0.75, 0.9, 0.0
0.8369916947071524, 0.84375, 0.7619047619047619, 0.9090909090909091, 0.0
0.8421857208842686, 0.8478260869565217, 0.7058823529411764, 0.9130434782608696, 0.0
0.8211540228739715, 0.8, 0.75, 0.9130434782608696, 0.0
0.8353603190550889, 0.8378378378378378, 0.7407407407407407, 0.90625, 0.0
0.8463637275074625, 0.8478260869565217, 0.7317073170731707, 0.9090909090909091, 0.0
0.8148201600705739, 0.8181818181818181, 0.7575757575757576, 0.8918918918918919, 0.0
0.8192241185110498, 0.8095238095238095, 0.7666666666666666, 0.8823529411764706, 0.0
0.8553730937586601, 0.8536585365853658, 0.8, 0.9090909090909091, 0.0
0.8313587397720206, 0.8292682926829268, 0.7391304347826086, 0.95, 0.0
0.8398810014889547, 0.8387096774193549, 0.7419354838709677, 0.9, 0.0
0.8474615312844365, 0.8387096774193549, 0.7647058823529411, 0.9090909090909091, 0.0
0.8428517191460914, 0.8292682926829268, 0.75, 0.9375, 0.0
0.8373486599479955, 0.84, 0.7317073170731707, 0.9310344827586207, 0.0
0.8120995129669349, 0.8108108108108107, 0.7666666666666666, 0.8666666666666667, 0.0
0.840649332585497, 0.8275862068965517, 0.7575757575757576, 0.9411764705882353, 0.0
0.8383622258121821, 0.84375, 0.7837837837837838, 0.8717948717948718, 0.0
0.8385798639166067, 0.8387096774193549, 0.7567567567567568, 0.9444444444444444, 0.0
0.8225133059124912, 0.8333333333333334, 0.7142857142857143, 0.9130434782608696, 0.0
0.8180905109085703, 0.8285714285714285, 0.72, 0.8837209302325582, 0.0
0.8389600626111323, 0.8387096774193549, 0.75, 0.9259259259259259, 0.0
0.8196749435440308, 0.8181818181818181, 0.75, 0.8974358974358975, 0.0
0.8135665442863009, 0.813953488372093, 0.7428571428571429, 0.9, 0.0
0.8200347920016536, 0.8163265306122449, 0.75, 0.8787878787878788, 0.0
0.8105136074522861, 0.8048780487804879, 0.7575757575757576, 0.8846153846153846, 0.0
0.8265305491397458, 0.8333333333333334, 0.7714285714285715, 0.875, 0.0
0.835035398223804, 0.85, 0.7435897435897436, 0.875, 0.0
0.8343082453608768, 0.8421052631578947, 0.7619047619047619, 0.9166666666666666, 0.0
0.8471792426146532, 0.8421052631578947, 0.78125, 0.9, 0.0
0.8364883809459084, 0.8444444444444444, 0.75, 0.9090909090909091, 0.0
0.8232087232707552, 0.8372093023255813, 0.7419354838709677, 0.875, 0.0
0.8163820103003042, 0.8148148148148149, 0.7105263157894737, 0.9259259259259259, 0.0
0.810990570883044, 0.8214285714285714, 0.7096774193548387, 0.8857142857142857, 0.0
0.8361431708781626, 0.8333333333333334, 0.6896551724137931, 0.9285714285714286, 0.0
0.8328149173721899, 0.8421052631578947, 0.7297297297297297, 0.9090909090909091, 0.0
0.8348210996554614, 0.8421052631578947, 0.7575757575757576, 0.8888888888888888, 0.0
0.8448138184164983, 0.8518518518518519, 0.78, 0.9166666666666666, 0.0
0.8286725058325577, 0.8409090909090909, 0.7, 0.9142857142857143, 0.0
0.8247293509475461, 0.8125, 0.7391304347826086, 0.9, 0.0
0.8192441459741516, 0.8333333333333334, 0.7428571428571429, 0.875, 0.0
0.8129582392806391, 0.8108108108108107, 0.7647058823529411, 0.9019607843137255, 0.0
0.8252173986089125, 0.8333333333333334, 0.7317073170731707, 0.875, 0.0
0.8456737757328393, 0.8518518518518519, 0.7441860465116279, 0.9166666666666666, 0.0
0.8253376736058179, 0.8285714285714285, 0.7647058823529411, 0.88, 0.0
0.8199604642465022, 0.8076923076923077, 0.7575757575757576, 0.9166666666666666, 0.0
0.8344516328492506, 0.8292682926829268, 0.7435897435897436, 0.9130434782608696, 0.0
0.8166746018305946, 0.8214285714285714, 0.75, 0.9090909090909091, 0.0
0.8347756876949755, 0.84, 0.7608695652173914, 0.8888888888888888, 0.0
0.835528918281202, 0.8333333333333334, 0.75, 0.9, 0.0
0.825961946166873, 0.8421052631578947, 0.7272727272727273, 0.8823529411764706, 0.0
0.8203780129205782, 0.8214285714285714, 0.7560975609756098, 0.8888888888888888, 0.0
0.8288505405933484, 0.8260869565217391, 0.75, 0.9130434782608696, 0.0
0.8380059888213159, 0.825, 0.7575757575757576, 0.9285714285714286, 0.0
0.8270612280637581, 0.8076923076923077, 0.7419354838709677, 0.9166666666666666, 0.0
0.8258731267365024, 0.8333333333333334, 0.7419354838709677, 0.8695652173913043, 0.0
0.8277894167812214, 0.8285714285714285, 0.7105263157894737, 0.9090909090909091, 0.0
0.8298830517395658, 0.8421052631578947, 0.76, 0.9090909090909091, 0.0
0.8163476161817474, 0.8148148148148149, 0.7407407407407407, 0.875, 0.0
0.813638023289545, 0.813953488372093, 0.7333333333333334, 0.868421052631579, 0.0
0.8250395904919646, 0.8275862068965517, 0.7560975609756098, 0.8846153846153846, 0.0
0.8408051280186961, 0.8387096774193549, 0.7674418604651163, 0.9, 0.0
0.8035805823582913, 0.8, 0.696969696969697, 0.88, 0.0
0.858130624159699, 0.8620689655172413, 0.7741935483870968, 0.9117647058823529, 0.0
0.8025697434604749, 0.7948717948717949, 0.7407407407407407, 0.868421052631579, 0.0
0.8124998196435116, 0.825, 0.6944444444444444, 0.9259259259259259, 0.0
0.8162696887769009, 0.8285714285714285, 0.7142857142857143, 0.9090909090909091, 0.0
0.8351453218475828, 0.8421052631578947, 0.7333333333333334, 0.9, 0.0
0.835361460261108, 0.8611111111111112, 0.75, 0.8947368421052632, 0.0
0.8329465531625222, 0.8421052631578947, 0.75, 0.9166666666666666, 0.0
0.8178184224348161, 0.8181818181818181, 0.7142857142857143, 0.8947368421052632, 0.0
0.8276995169927013, 0.8260869565217391, 0.7777777777777778, 0.875, 0.0
0.832505100596186, 0.84375, 0.7666666666666666, 0.875, 0.0
0.824032650987443, 0.8235294117647058, 0.7692307692307692, 0.8888888888888888, 0.0
0.8183950094470522, 0.8148148148148149, 0.725, 0.9, 0.0
0.8268396439119586, 0.8235294117647058, 0.7560975609756098, 0.9, 0.0
0.8214931522840639, 0.8275862068965517, 0.7142857142857143, 0.9, 0.0
0.8129167359231542, 0.8148148148148149, 0.6923076923076923, 0.896551724137931, 0.0
0.8313603230146899, 0.84375, 0.7575757575757576, 0.8823529411764706, 0.0
0.8257121485131962, 0.8214285714285714, 0.725, 0.9166666666666666, 0.0
0.8483926687095101, 0.8461538461538461, 0.7894736842105263, 0.9130434782608696, 0.0
0.8433233407826692, 0.8372093023255813, 0.7714285714285715, 0.9285714285714286, 0.0
0.8468725195279745, 0.8333333333333334, 0.78125, 0.8928571428571429, 0.0
0.8333419977950423, 0.8333333333333334, 0.7575757575757576, 0.9444444444444444, 0.0
0.8205080621992387, 0.825, 0.7352941176470589, 0.8666666666666667, 0.0
0.8271474285641677, 0.8333333333333334, 0.7352941176470589, 0.8947368421052632, 0.0
0.810879984162455, 0.8076923076923077, 0.7441860465116279, 0.88, 0.0
0.8415413712724015, 0.85, 0.7441860465116279, 0.9166666666666666, 0.0
0.8525553672388694, 0.8571428571428572, 0.7647058823529411, 0.9230769230769231, 0.0
0.8111099136948366, 0.813953488372093, 0.6857142857142857, 0.8888888888888888, 0.0
0.8458213748364395, 0.8444444444444444, 0.75, 0.9166666666666666, 0.0
0.8201740153448156, 0.8148148148148149, 0.7777777777777778, 0.8709677419354839, 0.0
0.8410886475154946, 0.8461538461538461, 0.7741935483870968, 0.8780487804878049, 0.0
0.8237353980802257, 0.8205128205128205, 0.7692307692307692, 0.8918918918918919, 0.0
0.8250963299392373, 0.8292682926829268, 0.7575757575757576, 0.8823529411764706, 0.0
0.847398314551119, 0.8571428571428572, 0.7419354838709677, 0.9375, 0.0
0.8244792457487987, 0.8222222222222222, 0.7692307692307692, 0.8823529411764706, 0.0
0.8358396286911537, 0.8333333333333334, 0.7441860465116279, 0.9090909090909091, 0.0
0.8470321038878549, 0.8421052631578947, 0.75, 0.9090909090909091, 0.0
0.8146349352311401, 0.8292682926829268, 0.6857142857142857, 0.9032258064516129, 0.0
0.8379183713634933, 0.8484848484848485, 0.7692307692307692, 0.90625, 0.0
0.8444947133791978, 0.8518518518518519, 0.76, 0.9090909090909091, 0.0
0.8085061000279216, 0.8043478260869565, 0.76, 0.8695652173913043, 0.0
0.820073313594946, 0.8205128205128205, 0.7647058823529411, 0.8695652173913043, 0.0
0.8419011450891196, 0.8461538461538461, 0.7727272727272727, 0.9130434782608696, 0.0
0.8306750317321642, 0.8333333333333334, 0.6470588235294117, 0.9, 0.0
0.8371774367802751, 0.8275862068965517, 0.7714285714285715, 0.9375, 0.0
0.8458659486186306, 0.8285714285714285, 0.7567567567567568, 0.9117647058823529, 0.0
0.8456068310871161, 0.84, 0.7777777777777778, 0.9523809523809523, 0.0
0.832230579785316, 0.8571428571428572, 0.7083333333333333, 0.9166666666666666, 0.0
0.8313707398266222, 0.84375, 0.75, 0.8888888888888888, 0.0
0.8371383097133644, 0.8333333333333334, 0.7352941176470589, 0.9, 0.0
0.8247843749331486, 0.8214285714285714, 0.7586206896551724, 0.896551724137931, 0.0
0.8330564544592425, 0.8292682926829268, 0.7631578947368421, 0.9090909090909091, 0.0
0.8294731770101692, 0.8222222222222222, 0.7666666666666666, 0.9090909090909091, 0.0
0.8349776417447277, 0.8421052631578947, 0.7105263157894737, 0.9333333333333333, 0.0
0.82903803226128, 0.825, 0.7555555555555555, 0.9130434782608696, 0.0
0.8259945864160857, 0.8421052631578947, 0.7391304347826086, 0.8947368421052632, 0.0
0.8314937206426962, 0.8372093023255813, 0.7857142857142857, 0.8666666666666667, 0.0
0.824092688576499, 0.8235294117647058, 0.7222222222222222, 0.896551724137931, 0.0
0.8528258218445982, 0.8571428571428572, 0.7777777777777778, 0.9047619047619048, 0.0
0.8147392810979345, 0.8095238095238095, 0.75, 0.8918918918918919, 0.0
0.8247318713066474, 0.8235294117647058, 0.7272727272727273, 0.92, 0.0
0.8317762697418054, 0.8333333333333334, 0.7073170731707317, 0.9047619047619048, 0.0
0.8082696168869133, 0.8076923076923077, 0.7105263157894737, 0.9, 0.0
0.8275484944644393, 0.825, 0.7560975609756098, 0.8823529411764706, 0.0
0.8361581233709411, 0.8461538461538461, 0.775, 0.896551724137931, 0.0
0.8296190332095286, 0.8378378378378378, 0.7435897435897436, 0.9130434782608696, 0.0
0.8452270478253194, 0.8518518518518519, 0.7560975609756098, 0.9, 0.0
0.8341742871854947, 0.8518518518518519, 0.71875, 0.9166666666666666, 0.0
0.8086232228457568, 0.8064516129032258, 0.6799999999999999, 0.9047619047619048, 0.0
0.826575046771746, 0.8292682926829268, 0.736842105263158, 0.8888888888888888, 0.0
0.8335568275735388, 0.8378378378378378, 0.75, 0.8717948717948718, 0.0
0.847836017105625, 0.8518518518518519, 0.78125, 0.92, 0.0
0.8256503863204624, 0.8333333333333334, 0.75, 0.8888888888888888, 0.0
0.8180474209307348, 0.8148148148148149, 0.7692307692307692, 0.8846153846153846, 0.0
0.8220960989908367, 0.8235294117647058, 0.7428571428571429, 0.8918918918918919, 0.0
0.8148950978812572, 0.8205128205128205, 0.7307692307692308, 0.9, 0.0
0.8356133357964843, 0.8333333333333334, 0.7837837837837838, 0.9069767441860466, 0.0
0.8236189808289827, 0.8285714285714285, 0.7272727272727273, 0.9166666666666666, 0.0
0.8418581237608133, 0.8571428571428572, 0.7727272727272727, 0.9473684210526316, 0.0
0.8203356433573152, 0.8181818181818181, 0.7222222222222222, 0.92, 0.0
0.849748291181056, 0.8695652173913043, 0.7419354838709677, 0.9444444444444444, 0.0
0.8292361947605565, 0.8333333333333334, 0.7894736842105263, 0.875, 0.0
0.843923883160209, 0.8461538461538461, 0.7272727272727273, 0.9230769230769231, 0.0
0.8222172458744677, 0.8181818181818181, 0.736842105263158, 0.9130434782608696, 0.0
0.8301605288663915, 0.8333333333333334, 0.7037037037037037, 0.8928571428571429, 0.0
0.8313579177365941, 0.8409090909090909, 0.76, 0.9090909090909091, 0.0
0.8234297283510661, 0.8333333333333334, 0.7317073170731707, 0.896551724137931, 0.0
0.8024352459831352, 0.8125, 0.6774193548387097, 0.9032258064516129, 0.0
0.8620961043055136, 0.8636363636363636, 0.8043478260869565, 0.9166666666666666, 0.0
0.8508639440074806, 0.8333333333333334, 0.8157894736842105, 0.9259259259259259, 0.0
0.8420027473690302, 0.8461538461538461, 0.7560975609756098, 0.9375, 0.0
0.824957411367102, 0.813953488372093, 0.7575757575757576, 0.9166666666666666, 0.0
0.8255662769673754, 0.8205128205128205, 0.7674418604651163, 0.8823529411764706, 0.0
0.82184121190725, 0.8235294117647058, 0.7407407407407407, 0.9166666666666666, 0.0
0.8343978265116374, 0.8421052631578947, 0.7083333333333333, 0.9375, 0.0
0.8090860884733686, 0.8181818181818181, 0.7391304347826086, 0.8947368421052632, 0.0
0.8357607453520011, 0.8333333333333334, 0.8043478260869565, 0.9032258064516129, 0.0
0.8347949949499898, 0.8275862068965517, 0.72, 0.92, 0.0
0.8285565228937689, 0.8333333333333334, 0.7567567567567568, 0.8888888888888888, 0.0
0.8088883621296342, 0.8048780487804879, 0.7419354838709677, 0.8695652173913043, 0.0
0.8216241804750317, 0.8181818181818181, 0.7352941176470589, 0.9090909090909091, 0.0
0.8172688794004039, 0.8148148148148149, 0.7241379310344828, 0.896551724137931, 0.0
0.8616858669889015, 0.8695652173913043, 0.7906976744186046, 0.9166666666666666, 0.0
0.8438017281218337, 0.8571428571428572, 0.7631578947368421, 0.92, 0.0
0.7890589318860182, 0.8064516129032258, 0.6842105263157895, 0.8571428571428572, 0.0
0.8256600949762888, 0.8292682926829268, 0.7419354838709677, 0.8918918918918919, 0.0
0.8478765258995691, 0.8421052631578947, 0.7777777777777778, 0.9411764705882353, 0.0
0.8395876008463244, 0.8333333333333334, 0.7647058823529411, 0.925, 0.0
0.8159455761665062, 0.8125, 0.7, 0.8611111111111112, 0.0
