0.09195402298850576, 0.0, 0.0, 0.6666666666666667, 0.0
0.1, 0.0, 0.0, 0.6666666666666667, 0.0
0.12068965517241383, 0.0, 0.0, 0.6666666666666667, 0.0
0.07444444444444445, 0.0, 0.0, 0.6666666666666667, 0.0
0.10246305418719212, 0.0, 0.0, 0.6666666666666667, 0.0
0.08333333333333333, 0.0, 0.0, 0.5, 0.0
0.1277777777777778, 0.0, 0.0, 0.6666666666666667, 0.0
0.07777777777777778, 0.0, 0.0, 0.6666666666666667, 0.0
0.09682539682539684, 0.0, 0.0, 0.6666666666666667, 0.0
0.11333333333333334, 0.0, 0.0, 0.6666666666666667, 0.0
0.04841269841269842, 0.0, 0.0, 0.6666666666666667, 0.0
0.11333333333333334, 0.0, 0.0, 0.6666666666666667, 0.0
0.07444444444444445, 0.0, 0.0, 0.5, 0.0
0.11111111111111113, 0.0, 0.0, 0.6666666666666667, 0.0
0.12126984126984128, 0.0, 0.0, 0.6666666666666667, 0.0
0.16904761904761906, 0.0, 0.0, 0.6666666666666667, 0.0
0.13555555555555554, 0.0, 0.0, 0.6666666666666667, 0.0
0.1, 0.0, 0.0, 0.5, 0.0
0.15111111111111114, 0.0, 0.0, 0.6666666666666667, 0.0
0.1166666666666667, 0.0, 0.0, 0.6666666666666667, 0.0
0.13555555555555557, 0.0, 0.0, 0.6666666666666667, 0.0
0.022222222222222223, 0.0, 0.0, 0.6666666666666667, 0.0
0.1655555555555556, 0.0, 0.0, 0.6666666666666667, 0.0
0.044444444444444446, 0.0, 0.0, 0.6666666666666667, 0.0
0.17777777777777784, 0.0, 0.0, 0.6666666666666667, 0.0
0.12460317460317463, 0.0, 0.0, 0.6666666666666667, 0.0
0.11111111111111113, 0.0, 0.0, 0.6666666666666667, 0.0
0.1, 0.0, 0.0, 0.6666666666666667, 0.0
0.11444444444444445, 0.0, 0.0, 0.6666666666666667, 0.0
0.12444444444444444, 0.0, 0.0, 0.6666666666666667, 0.0
0.03103448275862069, 0.0, 0.0, 0.5, 0.0
0.08620689655172414, 0.0, 0.0, 0.6666666666666667, 0.0
0.08888888888888889, 0.0, 0.0, 0.6666666666666667, 0.0
0.09015873015873016, 0.0, 0.0, 0.5714285714285714, 0.0
0.13284072249589493, 0.0, 0.0, 0.6666666666666667, 0.0
0.10777777777777778, 0.0, 0.0, 0.6666666666666667, 0.0
0.1523809523809524, 0.0, 0.0, 0.6666666666666667, 0.0
0.0846031746031746, 0.0, 0.0, 0.6666666666666667, 0.0
0.13, 0.0, 0.0, 0.6666666666666667, 0.0
0.2077777777777778, 0.0, 0.0, 0.6666666666666667, 0.0
0.05555555555555556, 0.0, 0.0, 0.6666666666666667, 0.0
0.09666666666666668, 0.0, 0.0, 0.6666666666666667, 0.0
0.11333333333333334, 0.0, 0.0, 0.6666666666666667, 0.0
0.16349206349206352, 0.0, 0.0, 0.6666666666666667, 0.0
0.12222222222222223, 0.0, 0.0, 0.6666666666666667, 0.0
0.08555555555555557, 0.0, 0.0, 0.6666666666666667, 0.0
0.13793650793650797, 0.0, 0.0, 0.6666666666666667, 0.0
0.05222222222222223, 0.0, 0.0, 0.6666666666666667, 0.0
0.03888888888888889, 0.0, 0.0, 0.6666666666666667, 0.0
0.06666666666666667, 0.0, 0.0, 0.6666666666666667, 0.0
0.07777777777777778, 0.0, 0.0, 0.6666666666666667, 0.0
0.14666666666666667, 0.0, 0.0, 0.6666666666666667, 0.0
0.1523809523809524, 0.0, 0.0, 0.6666666666666667, 0.0
0.15555555555555559, 0.0, 0.0, 0.6666666666666667, 0.0
0.09444444444444447, 0.0, 0.0, 0.6666666666666667, 0.0
0.08015873015873017, 0.0, 0.0, 0.6666666666666667, 0.0
0.1277777777777778, 0.0, 0.0, 0.6666666666666667, 0.0
0.09111111111111111, 0.0, 0.0, 0.6666666666666667, 0.0
0.03333333333333333, 0.0, 0.0, 0.5, 0.0
0.09666666666666668, 0.0, 0.0, 0.6666666666666667, 0.0
0.09888888888888889, 0.0, 0.0, 0.6666666666666667, 0.0
0.1, 0.0, 0.0, 0.6666666666666667, 0.0
0.061111111111111116, 0.0, 0.0, 0.6666666666666667, 0.0
0.03888888888888889, 0.0, 0.0, 0.6666666666666667, 0.0
0.13888888888888892, 0.0, 0.0, 0.6666666666666667, 0.0
0.12444444444444448, 0.0, 0.0, 0.6666666666666667, 0.0
0.11333333333333334, 0.0, 0.0, 0.6666666666666667, 0.0
0.11888888888888888, 0.0, 0.0, 0.6666666666666667, 0.0
0.13333333333333336, 0.0, 0.0, 0.6666666666666667, 0.0
0.12444444444444448, 0.0, 0.0, 0.6666666666666667, 0.0
0.1, 0.0, 0.0, 0.6666666666666667, 0.0
0.09349206349206352, 0.0, 0.0, 0.6666666666666667, 0.0
0.16666666666666669, 0.0, 0.0, 0.6666666666666667, 0.0
0.13, 0.0, 0.0, 0.6666666666666667, 0.0
0.05555555555555556, 0.0, 0.0, 0.6666666666666667, 0.0
0.20222222222222225, 0.0, 0.0, 0.6666666666666667, 0.0
0.07444444444444445, 0.0, 0.0, 0.6666666666666667, 0.0
0.07222222222222223, 0.0, 0.0, 0.6666666666666667, 0.0
0.14904761904761907, 0.0, 0.0, 0.6666666666666667, 0.0
0.05222222222222223, 0.0, 0.0, 0.6666666666666667, 0.0
0.07777777777777778, 0.0, 0.0, 0.6666666666666667, 0.0
0.09333333333333335, 0.0, 0.0, 0.6666666666666667, 0.0
0.09444444444444447, 0.0, 0.0, 0.6666666666666667, 0.0
0.08793650793650794, 0.0, 0.0, 0.6666666666666667, 0.0
0.061111111111111116, 0.0, 0.0, 0.6666666666666667, 0.0
0.061111111111111116, 0.0, 0.0, 0.6666666666666667, 0.0
0.05222222222222223, 0.0, 0.0, 0.6666666666666667, 0.0
0.06666666666666667, 0.0, 0.0, 0.6666666666666667, 0.0
0.14367816091954028, 0.0, 0.0, 0.6666666666666667, 0.0
0.12111111111111113, 0.0, 0.0, 0.6666666666666667, 0.0
0.08777777777777779, 0.0, 0.0, 0.6666666666666667, 0.0
0.05555555555555556, 0.0, 0.0, 0.6666666666666667, 0.0
0.14571428571428574, 0.0, 0.0, 0.6666666666666667, 0.0
0.07682539682539682, 0.0, 0.0, 0.6666666666666667, 0.0
0.13, 0.0, 0.0, 0.6666666666666667, 0.0
0.14333333333333337, 0.0, 0.0, 0.8, 0.0
0.06888888888888887, 0.0, 0.0, 0.6666666666666667, 0.0
0.061111111111111116, 0.0, 0.0, 0.6666666666666667, 0.0
0.03333333333333333, 0.0, 0.0, 0.5, 0.0
0.09444444444444447, 0.0, 0.0, 0.6666666666666667, 0.0
0.15793650793650796, 0.0, 0.0, 0.6666666666666667, 0.0
0.06555555555555556, 0.0, 0.0, 0.6666666666666667, 0.0
0.13, 0.0, 0.0, 0.6666666666666667, 0.0
0.014285714285714287, 0.0, 0.0, 0.4, 0.0
0.061111111111111116, 0.0, 0.0, 0.6666666666666667, 0.0
0.10777777777777778, 0.0, 0.0, 0.6666666666666667, 0.0
0.06666666666666667, 0.0, 0.0, 0.6666666666666667, 0.0
0.10793650793650794, 0.0, 0.0, 0.6666666666666667, 0.0
0.10222222222222224, 0.0, 0.0, 0.6666666666666667, 0.0
0.03888888888888889, 0.0, 0.0, 0.6666666666666667, 0.0
0.10777777777777778, 0.0, 0.0, 0.6666666666666667, 0.0
0.09111111111111111, 0.0, 0.0, 0.6666666666666667, 0.0
0.09770114942528738, 0.0, 0.0, 0.6666666666666667, 0.0
0.042692939244663386, 0.0, 0.0, 0.6666666666666667, 0.0
0.14015873015873018, 0.0, 0.0, 0.6666666666666667, 0.0
0.1, 0.0, 0.0, 0.6666666666666667, 0.0
0.13571428571428573, 0.0, 0.0, 0.6666666666666667, 0.0
0.05222222222222223, 0.0, 0.0, 0.6666666666666667, 0.0
0.13, 0.0, 0.0, 0.6666666666666667, 0.0
0.10222222222222221, 0.0, 0.0, 0.6666666666666667, 0.0
0.21666666666666673, 0.0, 0.0, 0.6666666666666667, 0.0
0.08292282430213466, 0.0, 0.0, 0.6666666666666667, 0.0
0.07222222222222223, 0.0, 0.0, 0.6666666666666667, 0.0
0.08333333333333333, 0.0, 0.0, 0.6666666666666667, 0.0
0.1, 0.0, 0.0, 0.6666666666666667, 0.0
0.08777777777777779, 0.0, 0.0, 0.6666666666666667, 0.0
0.11, 0.0, 0.0, 0.8, 0.0
0.08555555555555555, 0.0, 0.0, 0.6666666666666667, 0.0
0.09444444444444447, 0.0, 0.0, 0.6666666666666667, 0.0
0.03888888888888889, 0.0, 0.0, 0.6666666666666667, 0.0
0.12222222222222223, 0.0, 0.0, 0.6666666666666667, 0.0
0.061111111111111116, 0.0, 0.0, 0.6666666666666667, 0.0
0.05777777777777779, 0.0, 0.0, 0.6666666666666667, 0.0
0.08555555555555555, 0.0, 0.0, 0.6666666666666667, 0.0
0.03888888888888889, 0.0, 0.0, 0.6666666666666667, 0.0
0.13, 0.0, 0.0, 0.6666666666666667, 0.0
0.16888888888888892, 0.0, 0.0, 0.6666666666666667, 0.0
0.04666666666666666, 0.0, 0.0, 0.5, 0.0
0.16551724137931037, 0.0, 0.0, 0.6666666666666667, 0.0
0.10793650793650794, 0.0, 0.0, 0.6666666666666667, 0.0
0.07777777777777778, 0.0, 0.0, 0.6666666666666667, 0.0
0.08555555555555555, 0.0, 0.0, 0.6666666666666667, 0.0
0.05555555555555556, 0.0, 0.0, 0.6666666666666667, 0.0
0.06666666666666667, 0.0, 0.0, 0.6666666666666667, 0.0
0.05, 0.0, 0.0, 0.5, 0.0
0.10777777777777778, 0.0, 0.0, 0.6666666666666667, 0.0
0.09444444444444447, 0.0, 0.0, 0.6666666666666667, 0.0
0.09333333333333332, 0.0, 0.0, 0.5, 0.0
0.09444444444444447, 0.0, 0.0, 0.6666666666666667, 0.0
0.10555555555555557, 0.0, 0.0, 0.6666666666666667, 0.0
0.11222222222222224, 0.0, 0.0, 0.6666666666666667, 0.0
0.09666666666666668, 0.0, 0.0, 0.6666666666666667, 0.0
0.11333333333333334, 0.0, 0.0, 0.6666666666666667, 0.0
0.08888888888888889, 0.0, 0.0, 0.6666666666666667, 0.0
0.1023809523809524, 0.0, 0.0, 0.6666666666666667, 0.0
0.05222222222222223, 0.0, 0.0, 0.6666666666666667, 0.0
0.14827586206896554, 0.0, 0.0, 0.6666666666666667, 0.0
0.14444444444444446, 0.0, 0.0, 0.6666666666666667, 0.0
0.044444444444444446, 0.0, 0.0, 0.6666666666666667, 0.0
0.09111111111111111, 0.0, 0.0, 0.6666666666666667, 0.0
0.13888888888888892, 0.0, 0.0, 0.6666666666666667, 0.0
0.19285714285714292, 0.0, 0.0, 0.6666666666666667, 0.0
0.09904761904761905, 0.0, 0.0, 0.5714285714285714, 0.0
0.11494252873563221, 0.0, 0.0, 0.6666666666666667, 0.0
0.04666666666666667, 0.0, 0.0, 0.6666666666666667, 0.0
0.05238095238095238, 0.0, 0.0, 0.5714285714285714, 0.0
0.09888888888888889, 0.0, 0.0, 0.6666666666666667, 0.0
0.13021346469622336, 0.0, 0.0, 0.6666666666666667, 0.0
0.15111111111111114, 0.0, 0.0, 0.6666666666666667, 0.0
0.1944444444444445, 0.0, 0.0, 0.6666666666666667, 0.0
0.13333333333333336, 0.0, 0.0, 0.6666666666666667, 0.0
0.07333333333333333, 0.0, 0.0, 0.5, 0.0
0.044444444444444446, 0.0, 0.0, 0.6666666666666667, 0.0
0.05555555555555556, 0.0, 0.0, 0.6666666666666667, 0.0
0.1277777777777778, 0.0, 0.0, 0.6666666666666667, 0.0
0.13777777777777783, 0.0, 0.0, 0.6666666666666667, 0.0
0.15777777777777782, 0.0, 0.0, 0.6666666666666667, 0.0
0.11015873015873015, 0.0, 0.0, 0.6666666666666667, 0.0
0.13555555555555557, 0.0, 0.0, 0.6666666666666667, 0.0
0.08333333333333333, 0.0, 0.0, 0.6666666666666667, 0.0
0.15555555555555559, 0.0, 0.0, 0.6666666666666667, 0.0
0.1576354679802956, 0.0, 0.0, 0.6666666666666667, 0.0
0.09770114942528738, 0.0, 0.0, 0.6666666666666667, 0.0
0.07777777777777778, 0.0, 0.0, 0.6666666666666667, 0.0
0.06798029556650245, 0.0, 0.0, 0.5714285714285714, 0.0
0.06666666666666667, 0.0, 0.0, 0.6666666666666667, 0.0
0.207936507936508, 0.0, 0.0, 0.6666666666666667, 0.0
0.13571428571428573, 0.0, 0.0, 0.6666666666666667, 0.0
0.05555555555555556, 0.0, 0.0, 0.6666666666666667, 0.0
0.08292282430213466, 0.0, 0.0, 0.6666666666666667, 0.0
0.07023809523809524, 0.0, 0.0, 0.6666666666666667, 0.0
0.11333333333333334, 0.0, 0.0, 0.6666666666666667, 0.0
0.0, 0.0, 0.0, 0.0, 0.0
0.09666666666666668, 0.0, 0.0, 0.6666666666666667, 0.0
0.13571428571428573, 0.0, 0.0, 0.6666666666666667, 0.0
0.03888888888888889, 0.0, 0.0, 0.6666666666666667, 0.0
0.1134920634920635, 0.0, 0.0, 0.6666666666666667, 0.0
0.17444444444444449, 0.0, 0.0, 0.6666666666666667, 0.0
0.030000000000000002, 0.0, 0.0, 0.5, 0.0
0.09365079365079364, 0.0, 0.0, 0.6666666666666667, 0.0
