0.09666666666666668, 0.0, 0.0, 0.6666666666666667, 0.0
0.10777777777777778, 0.0, 0.0, 0.6666666666666667, 0.0
0.07777777777777778, 0.0, 0.0, 0.6666666666666667, 0.0
0.06904761904761904, 0.0, 0.0, 0.5714285714285714, 0.0
0.11555555555555556, 0.0, 0.0, 0.6666666666666667, 0.0
0.07777777777777778, 0.0, 0.0, 0.6666666666666667, 0.0
0.1234920634920635, 0.0, 0.0, 0.6666666666666667, 0.0
0.10444444444444446, 0.0, 0.0, 0.6666666666666667, 0.0
0.08333333333333333, 0.0, 0.0, 0.6666666666666667, 0.0
0.07444444444444445, 0.0, 0.0, 0.6666666666666667, 0.0
0.10444444444444446, 0.0, 0.0, 0.6666666666666667, 0.0
0.08888888888888889, 0.0, 0.0, 0.6666666666666667, 0.0
0.20000000000000007, 0.0, 0.0, 0.6666666666666667, 0.0
0.11333333333333334, 0.0, 0.0, 0.6666666666666667, 0.0
0.05747126436781609, 0.0, 0.0, 0.6666666666666667, 0.0
0.1, 0.0, 0.0, 0.6666666666666667, 0.0
0.08888888888888889, 0.0, 0.0, 0.6666666666666667, 0.0
0.08888888888888889, 0.0, 0.0, 0.6666666666666667, 0.0
0.16888888888888892, 0.0, 0.0, 0.6666666666666667, 0.0
0.022222222222222223, 0.0, 0.0, 0.6666666666666667, 0.0
0.12315270935960593, 0.0, 0.0, 0.6666666666666667, 0.0
0.05777777777777779, 0.0, 0.0, 0.6666666666666667, 0.0
0.07444444444444445, 0.0, 0.0, 0.6666666666666667, 0.0
0.11222222222222224, 0.0, 0.0, 0.6666666666666667, 0.0
0.10555555555555557, 0.0, 0.0, 0.6666666666666667, 0.0
0.09111111111111111, 0.0, 0.0, 0.6666666666666667, 0.0
0.1, 0.0, 0.0, 0.5, 0.0
0.05222222222222223, 0.0, 0.0, 0.6666666666666667, 0.0
0.15222222222222223, 0.0, 0.0, 0.6666666666666667, 0.0
0.05555555555555556, 0.0, 0.0, 0.6666666666666667, 0.0
0.1188888888888889, 0.0, 0.0, 0.6666666666666667, 0.0
0.09666666666666668, 0.0, 0.0, 0.6666666666666667, 0.0
0.061111111111111116, 0.0, 0.0, 0.6666666666666667, 0.0
0.1523809523809524, 0.0, 0.0, 0.6666666666666667, 0.0
0.06896551724137931, 0.0, 0.0, 0.5, 0.0
0.1277777777777778, 0.0, 0.0, 0.6666666666666667, 0.0
0.13333333333333336, 0.0, 0.0, 0.6666666666666667, 0.0
0.13333333333333336, 0.0, 0.0, 0.6666666666666667, 0.0
0.1166666666666667, 0.0, 0.0, 0.6666666666666667, 0.0
0.1134920634920635, 0.0, 0.0, 0.6666666666666667, 0.0
0.15555555555555559, 0.0, 0.0, 0.6666666666666667, 0.0
0.08555555555555555, 0.0, 0.0, 0.6666666666666667, 0.0
0.14888888888888893, 0.0, 0.0, 0.6666666666666667, 0.0
0.09444444444444447, 0.0, 0.0, 0.6666666666666667, 0.0
0.022222222222222223, 0.0, 0.0, 0.6666666666666667, 0.0
0.06571428571428571, 0.0, 0.0, 0.5714285714285714, 0.0
0.10777777777777778, 0.0, 0.0, 0.6666666666666667, 0.0
0.08333333333333333, 0.0, 0.0, 0.6666666666666667, 0.0
0.04666666666666666, 0.0, 0.0, 0.5, 0.0
0.03888888888888889, 0.0, 0.0, 0.6666666666666667, 0.0
0.14444444444444446, 0.0, 0.0, 0.6666666666666667, 0.0
0.08, 0.0, 0.0, 0.5, 0.0
0.13015873015873017, 0.0, 0.0, 0.6666666666666667, 0.0
0.11740558292282431, 0.0, 0.0, 0.6666666666666667, 0.0
0.1188888888888889, 0.0, 0.0, 0.6666666666666667, 0.0
0.08, 0.0, 0.0, 0.5, 0.0
0.12222222222222223, 0.0, 0.0, 0.6666666666666667, 0.0
0.07444444444444445, 0.0, 0.0, 0.6666666666666667, 0.0
0.07777777777777778, 0.0, 0.0, 0.6666666666666667, 0.0
0.15555555555555559, 0.0, 0.0, 0.6666666666666667, 0.0
0.14111111111111113, 0.0, 0.0, 0.6666666666666667, 0.0
0.03888888888888889, 0.0, 0.0, 0.6666666666666667, 0.0
0.05222222222222223, 0.0, 0.0, 0.6666666666666667, 0.0
0.1, 0.0, 0.0, 0.6666666666666667, 0.0
0.12444444444444444, 0.0, 0.0, 0.6666666666666667, 0.0
0.08333333333333333, 0.0, 0.0, 0.6666666666666667, 0.0
0.12222222222222223, 0.0, 0.0, 0.6666666666666667, 0.0
0.10777777777777778, 0.0, 0.0, 0.6666666666666667, 0.0
0.08555555555555555, 0.0, 0.0, 0.6666666666666667, 0.0
0.06888888888888887, 0.0, 0.0, 0.6666666666666667, 0.0
0.12222222222222223, 0.0, 0.0, 0.6666666666666667, 0.0
0.13238095238095238, 0.0, 0.0, 0.6666666666666667, 0.0
0.11000000000000003, 0.0, 0.0, 0.6666666666666667, 0.0
0.12111111111111113, 0.0, 0.0, 0.6666666666666667, 0.0
0.07777777777777778, 0.0, 0.0, 0.6666666666666667, 0.0
0.13, 0.0, 0.0, 0.6666666666666667, 0.0
0.10555555555555557, 0.0, 0.0, 0.6666666666666667, 0.0
0.10777777777777778, 0.0, 0.0, 0.6666666666666667, 0.0
0.10222222222222224, 0.0, 0.0, 0.6666666666666667, 0.0
0.1, 0.0, 0.0, 0.6666666666666667, 0.0
0.12460317460317463, 0.0, 0.0, 0.6666666666666667, 0.0
0.1277777777777778, 0.0, 0.0, 0.6666666666666667, 0.0
0.08, 0.0, 0.0, 0.5, 0.0
0.07777777777777778, 0.0, 0.0, 0.6666666666666667, 0.0
0.13888888888888892, 0.0, 0.0, 0.6666666666666667, 0.0
0.06888888888888887, 0.0, 0.0, 0.6666666666666667, 0.0
0.16904761904761906, 0.0, 0.0, 0.6666666666666667, 0.0
0.07444444444444445, 0.0, 0.0, 0.6666666666666667, 0.0
0.061111111111111116, 0.0, 0.0, 0.6666666666666667, 0.0
0.05555555555555556, 0.0, 0.0, 0.6666666666666667, 0.0
0.1, 0.0, 0.0, 0.6666666666666667, 0.0
0.12666666666666668, 0.0, 0.0, 0.6666666666666667, 0.0
0.11015873015873015, 0.0, 0.0, 0.6666666666666667, 0.0
0.13, 0.0, 0.0, 0.6666666666666667, 0.0
0.06904761904761904, 0.0, 0.0, 0.5714285714285714, 0.0
0.12222222222222223, 0.0, 0.0, 0.6666666666666667, 0.0
0.04666666666666666, 0.0, 0.0, 0.5, 0.0
0.05555555555555556, 0.0, 0.0, 0.6666666666666667, 0.0
0.016666666666666666, 0.0, 0.0, 0.5, 0.0
0.12222222222222223, 0.0, 0.0, 0.6666666666666667, 0.0
0.15111111111111114, 0.0, 0.0, 0.6666666666666667, 0.0
0.15555555555555559, 0.0, 0.0, 0.6666666666666667, 0.0
0.14597701149425288, 0.0, 0.0, 0.6666666666666667, 0.0
0.06555555555555556, 0.0, 0.0, 0.6666666666666667, 0.0
0.08238095238095239, 0.0, 0.0, 0.5714285714285714, 0.0
0.05222222222222223, 0.0, 0.0, 0.6666666666666667, 0.0
0.16571428571428576, 0.0, 0.0, 0.6666666666666667, 0.0
0.016666666666666666, 0.0, 0.0, 0.5, 0.0
0.061111111111111116, 0.0, 0.0, 0.6666666666666667, 0.0
0.08015873015873017, 0.0, 0.0, 0.6666666666666667, 0.0
0.06666666666666667, 0.0, 0.0, 0.6666666666666667, 0.0
0.1634920634920635, 0.0, 0.0, 0.6666666666666667, 0.0
0.05777777777777779, 0.0, 0.0, 0.6666666666666667, 0.0
0.12682539682539684, 0.0, 0.0, 0.6666666666666667, 0.0
0.07777777777777778, 0.0, 0.0, 0.5, 0.0
0.05777777777777778, 0.0, 0.0, 0.5, 0.0
0.1833333333333334, 0.0, 0.0, 0.6666666666666667, 0.0
0.0746031746031746, 0.0, 0.0, 0.6666666666666667, 0.0
0.1166666666666667, 0.0, 0.0, 0.6666666666666667, 0.0
0.05, 0.0, 0.0, 0.6666666666666667, 0.0
0.11111111111111113, 0.0, 0.0, 0.6666666666666667, 0.0
0.13333333333333336, 0.0, 0.0, 0.6666666666666667, 0.0
0.12222222222222223, 0.0, 0.0, 0.6666666666666667, 0.0
0.07222222222222223, 0.0, 0.0, 0.6666666666666667, 0.0
0.1, 0.0, 0.0, 0.5, 0.0
0.043333333333333335, 0.0, 0.0, 0.5, 0.0
0.12444444444444448, 0.0, 0.0, 0.6666666666666667, 0.0
0.09666666666666668, 0.0, 0.0, 0.6666666666666667, 0.0
0.08555555555555555, 0.0, 0.0, 0.6666666666666667, 0.0
0.11571428571428574, 0.0, 0.0, 0.6666666666666667, 0.0
0.07444444444444445, 0.0, 0.0, 0.6666666666666667, 0.0
0.05777777777777779, 0.0, 0.0, 0.6666666666666667, 0.0
0.11149425287356322, 0.0, 0.0, 0.6666666666666667, 0.0
0.07444444444444445, 0.0, 0.0, 0.6666666666666667, 0.0
0.08, 0.0, 0.0, 0.5, 0.0
0.05, 0.0, 0.0, 0.5, 0.0
0.11111111111111113, 0.0, 0.0, 0.6666666666666667, 0.0
0.08015873015873017, 0.0, 0.0, 0.6666666666666667, 0.0
0.08888888888888889, 0.0, 0.0, 0.6666666666666667, 0.0
0.07777777777777778, 0.0, 0.0, 0.6666666666666667, 0.0
0.1609195402298851, 0.0, 0.0, 0.6666666666666667, 0.0
0.061111111111111116, 0.0, 0.0, 0.6666666666666667, 0.0
0.12111111111111113, 0.0, 0.0, 0.6666666666666667, 0.0
0.09111111111111111, 0.0, 0.0, 0.6666666666666667, 0.0
0.15793650793650796, 0.0, 0.0, 0.6666666666666667, 0.0
0.14444444444444446, 0.0, 0.0, 0.6666666666666667, 0.0
0.15000000000000002, 0.0, 0.0, 0.6666666666666667, 0.0
0.09111111111111111, 0.0, 0.0, 0.6666666666666667, 0.0
0.1, 0.0, 0.0, 0.6666666666666667, 0.0
0.1507936507936508, 0.0, 0.0, 0.6666666666666667, 0.0
0.10777777777777778, 0.0, 0.0, 0.6666666666666667, 0.0
0.1411111111111111, 0.0, 0.0, 0.6666666666666667, 0.0
0.05555555555555556, 0.0, 0.0, 0.6666666666666667, 0.0
0.10222222222222221, 0.0, 0.0, 0.6666666666666667, 0.0
0.09444444444444447, 0.0, 0.0, 0.6666666666666667, 0.0
0.03888888888888889, 0.0, 0.0, 0.6666666666666667, 0.0
0.06333333333333332, 0.0, 0.0, 0.5, 0.0
0.09444444444444447, 0.0, 0.0, 0.6666666666666667, 0.0
0.17777777777777784, 0.0, 0.0, 0.6666666666666667, 0.0
0.09126984126984126, 0.0, 0.0, 0.6666666666666667, 0.0
0.10222222222222221, 0.0, 0.0, 0.6666666666666667, 0.0
0.13555555555555557, 0.0, 0.0, 0.6666666666666667, 0.0
0.16666666666666669, 0.0, 0.0, 0.6666666666666667, 0.0
0.14942528735632185, 0.0, 0.0, 0.6666666666666667, 0.0
0.03888888888888889, 0.0, 0.0, 0.6666666666666667, 0.0
0.12222222222222223, 0.0, 0.0, 0.6666666666666667, 0.0
0.08015873015873017, 0.0, 0.0, 0.6666666666666667, 0.0
0.1277777777777778, 0.0, 0.0, 0.6666666666666667, 0.0
0.05555555555555556, 0.0, 0.0, 0.6666666666666667, 0.0
0.1166666666666667, 0.0, 0.0, 0.6666666666666667, 0.0
0.09444444444444447, 0.0, 0.0, 0.6666666666666667, 0.0
0.05222222222222223, 0.0, 0.0, 0.6666666666666667, 0.0
0.10777777777777778, 0.0, 0.0, 0.6666666666666667, 0.0
0.10555555555555557, 0.0, 0.0, 0.6666666666666667, 0.0
0.05, 0.0, 0.0, 0.5, 0.0
0.12444444444444444, 0.0, 0.0, 0.6666666666666667, 0.0
0.10777777777777778, 0.0, 0.0, 0.6666666666666667, 0.0
0.13333333333333336, 0.0, 0.0, 0.6666666666666667, 0.0
0.1655555555555556, 0.0, 0.0, 0.6666666666666667, 0.0
0.09666666666666668, 0.0, 0.0, 0.6666666666666667, 0.0
0.04666666666666666, 0.0, 0.0, 0.5, 0.0
0.16777777777777783, 0.0, 0.0, 0.6666666666666667, 0.0
0.06888888888888887, 0.0, 0.0, 0.6666666666666667, 0.0
0.07777777777777778, 0.0, 0.0, 0.6666666666666667, 0.0
0.12222222222222223, 0.0, 0.0, 0.6666666666666667, 0.0
0.08333333333333333, 0.0, 0.0, 0.5, 0.0
0.20000000000000007, 0.0, 0.0, 0.6666666666666667, 0.0
0.09333333333333332, 0.0, 0.0, 0.5, 0.0
0.08333333333333333, 0.0, 0.0, 0.6666666666666667, 0.0
0.13793650793650797, 0.0, 0.0, 0.6666666666666667, 0.0
0.08333333333333333, 0.0, 0.0, 0.6666666666666667, 0.0
0.04888888888888889, 0.0, 0.0, 0.6666666666666667, 0.0
0.11333333333333334, 0.0, 0.0, 0.6666666666666667, 0.0
0.1, 0.0, 0.0, 0.6666666666666667, 0.0
0.17444444444444449, 0.0, 0.0, 0.6666666666666667, 0.0
0.08333333333333333, 0.0, 0.0, 0.6666666666666667, 0.0
0.07777777777777778, 0.0, 0.0, 0.6666666666666667, 0.0
0.10222222222222221, 0.0, 0.0, 0.6666666666666667, 0.0
0.10777777777777778, 0.0, 0.0, 0.6666666666666667, 0.0
0.040229885057471264, 0.0, 0.0, 0.6666666666666667, 0.0
