0.6388496560910352, 0.6666666666666667, 0.375, 0.8, 0.0
0.6246311096311093, 0.6666666666666667, 0.0, 0.7777777777777778, 0.0
0.6526466265310076, 0.6666666666666667, 0.33333333333333337, 0.8333333333333334, 0.0
0.6183719983719982, 0.6547619047619048, 0.33333333333333337, 0.8, 0.0
0.5973758999621066, 0.6363636363636364, 0.0, 0.8, 0.0
0.6184922484922484, 0.6363636363636364, 0.33333333333333337, 0.7777777777777778, 0.0
0.6308078033078031, 0.6666666666666667, 0.33333333333333337, 0.8333333333333334, 0.0
0.564947876197876, 0.6181818181818182, 0.0, 0.8125, 0.0
0.6136136086136084, 0.6458333333333334, 0.33333333333333337, 0.7692307692307692, 0.0
0.5490377215377212, 0.5833333333333333, 0.0, 0.8, 0.0
0.6067275317275317, 0.6666666666666667, 0.0, 0.8, 0.0
0.6167393717393715, 0.6458333333333334, 0.33333333333333337, 0.7777777777777778, 0.0
0.6211152844976371, 0.6568627450980392, 0.25, 0.7857142857142857, 0.0
0.6129153716653715, 0.6428571428571428, 0.33333333333333337, 0.8, 0.0
0.6025772375772374, 0.6258741258741258, 0.25, 0.8181818181818181, 0.0
0.6522258759758759, 0.6339285714285714, 0.5, 0.8461538461538461, 0.0
0.6169167406667405, 0.6666666666666667, 0.33333333333333337, 0.8, 0.0
0.6675613884166516, 0.6666666666666667, 0.4285714285714286, 0.8, 0.0
0.6322450697450694, 0.6547619047619048, 0.36363636363636365, 0.7692307692307692, 0.0
0.6079734154734152, 0.6201923076923077, 0.25, 0.7777777777777778, 0.0
0.6185864135864134, 0.6, 0.33333333333333337, 0.8181818181818181, 0.0
0.5874353424353421, 0.6076923076923078, 0.0, 0.8, 0.0
0.6436475017357369, 0.6666666666666667, 0.33333333333333337, 0.8333333333333334, 0.0
0.6294928927281866, 0.6515151515151516, 0.2857142857142857, 0.75, 0.0
0.6612485662485661, 0.7, 0.5, 0.7692307692307692, 0.0
0.5943179043179041, 0.6666666666666667, 0.0, 0.8181818181818181, 0.0
0.6063200688200685, 0.625, 0.33333333333333337, 0.7777777777777778, 0.0
0.6320009538391891, 0.6396103896103895, 0.33333333333333337, 0.8125, 0.0
0.6531031713384653, 0.6666666666666667, 0.33333333333333337, 0.7857142857142857, 0.0
0.5993587893587891, 0.6396103896103895, 0.19999999999999996, 0.75, 0.0
0.6435207991242473, 0.6666666666666667, 0.0, 0.8125, 0.0
0.5898610967576483, 0.6363636363636364, 0.0, 0.8, 0.0
0.6061259111259111, 0.625, 0.33333333333333337, 0.8, 0.0
0.608577016665252, 0.6666666666666667, 0.0, 0.7857142857142857, 0.0
0.5924229506126056, 0.625, 0.25, 0.8, 0.0
0.6262500462500462, 0.6666666666666667, 0.0, 0.8, 0.0
0.6354822954822954, 0.6666666666666667, 0.25, 0.8, 0.0
0.6243602693602692, 0.6666666666666667, 0.0, 0.8333333333333334, 0.0
0.6406848706848706, 0.6666666666666667, 0.25, 0.8181818181818181, 0.0
0.6479351204351202, 0.6666666666666667, 0.4285714285714286, 0.7692307692307692, 0.0
0.5986247086247084, 0.625, 0.33333333333333337, 0.75, 0.0
0.6114138639138638, 0.6306818181818181, 0.25, 0.7777777777777778, 0.0
0.6290109890109888, 0.6547619047619048, 0.5, 0.8, 0.0
0.6372704066086418, 0.6666666666666667, 0.33333333333333337, 0.8, 0.0
0.6521375383875383, 0.6666666666666667, 0.4, 0.8, 0.0
0.6231308506308504, 0.6396103896103895, 0.33333333333333337, 0.7692307692307692, 0.0
0.6211850649350646, 0.6547619047619048, 0.25, 0.8, 0.0
0.5122220753103105, 0.5773809523809523, 0.0, 0.7647058823529411, 0.0
0.6408299570799569, 0.6547619047619048, 0.4444444444444444, 0.7777777777777778, 0.0
0.5902672327672326, 0.6, 0.33333333333333337, 0.7777777777777778, 0.0
0.6043539258012942, 0.6076923076923078, 0.25, 0.8571428571428572, 0.0
0.6069551744551742, 0.6396103896103895, 0.0, 0.8181818181818181, 0.0
0.5938001813001811, 0.6306818181818181, 0.25, 0.8571428571428572, 0.0
0.5734535834535832, 0.6214285714285714, 0.0, 0.8, 0.0
0.5929759592259588, 0.6428571428571428, 0.0, 0.8125, 0.0
0.6350060125060123, 0.6396103896103895, 0.33333333333333337, 0.8181818181818181, 0.0
0.5895600695600692, 0.6, 0.25, 0.8333333333333334, 0.0
0.632245347245347, 0.6666666666666667, 0.0, 0.8, 0.0
0.6129147704147702, 0.6125, 0.33333333333333337, 0.8125, 0.0
0.6070135420135417, 0.6428571428571428, 0.0, 0.7857142857142857, 0.0
0.6223142135642132, 0.6428571428571428, 0.33333333333333337, 0.8181818181818181, 0.0
0.6383590401972755, 0.6666666666666667, 0.33333333333333337, 0.8, 0.0
0.5968181355681353, 0.6666666666666667, 0.0, 0.75, 0.0
0.5856085961968314, 0.6, 0.4, 0.7647058823529411, 0.0
0.6350039312539312, 0.6770833333333334, 0.0, 0.7857142857142857, 0.0
0.6418950493950493, 0.6666666666666667, 0.33333333333333337, 0.8461538461538461, 0.0
0.6337447737447734, 0.6666666666666667, 0.33333333333333337, 0.7692307692307692, 0.0
0.6122664835164833, 0.6125, 0.0, 0.7857142857142857, 0.0
0.6241576070987834, 0.6306818181818181, 0.33333333333333337, 0.8235294117647058, 0.0
0.6511477873977872, 0.6666666666666667, 0.33333333333333337, 0.8181818181818181, 0.0
0.5716068191068189, 0.6076923076923078, 0.0, 0.7777777777777778, 0.0
0.6193086080586079, 0.6666666666666667, 0.25, 0.7857142857142857, 0.0
0.6646255596255595, 0.6666666666666667, 0.4444444444444444, 0.8, 0.0
0.5984935434935432, 0.6306818181818181, 0.33333333333333337, 0.7857142857142857, 0.0
0.5816078366078364, 0.6396103896103895, 0.0, 0.7857142857142857, 0.0
0.624274799274799, 0.6547619047619048, 0.33333333333333337, 0.8333333333333334, 0.0
0.5937792762792761, 0.6306818181818181, 0.0, 0.7857142857142857, 0.0
0.6531788962671315, 0.6666666666666667, 0.33333333333333337, 0.7647058823529411, 0.0
0.624346709934945, 0.6666666666666667, 0.0, 0.8181818181818181, 0.0
0.6552466977466976, 0.6666666666666667, 0.33333333333333337, 0.8461538461538461, 0.0
0.616780360162713, 0.6568627450980392, 0.0, 0.8, 0.0
0.5455225330225327, 0.6363636363636364, 0.0, 0.7857142857142857, 0.0
0.6464354164354161, 0.6666666666666667, 0.5, 0.75, 0.0
0.6442902467902467, 0.6666666666666667, 0.375, 0.8, 0.0
0.5991522366522365, 0.6125, 0.25, 0.8, 0.0
0.5997309634809632, 0.6125, 0.33333333333333337, 0.7857142857142857, 0.0
0.5929516317016316, 0.6515151515151516, 0.0, 0.8, 0.0
0.6402136289636288, 0.6666666666666667, 0.33333333333333337, 0.8333333333333334, 0.0
0.6442491416629348, 0.6666666666666667, 0.25, 0.8, 0.0
0.6220630758130756, 0.6363636363636364, 0.33333333333333337, 0.75, 0.0
0.6232489650872002, 0.6666666666666667, 0.0, 0.8666666666666667, 0.0
0.6782503607503607, 0.6794871794871795, 0.5, 0.8, 0.0
0.6253787878787876, 0.6306818181818181, 0.33333333333333337, 0.8, 0.0
0.6064022089022088, 0.6666666666666667, 0.0, 0.8, 0.0
0.6779582454582453, 0.6794871794871795, 0.5, 0.8181818181818181, 0.0
0.6420698745698743, 0.6547619047619048, 0.4285714285714286, 0.8333333333333334, 0.0
0.5846317571317569, 0.6547619047619048, 0.0, 0.8181818181818181, 0.0
0.6203125034007385, 0.6428571428571428, 0.0, 0.8, 0.0
0.5876493876493876, 0.6201923076923077, 0.0, 0.7142857142857143, 0.0
0.6305228105228102, 0.6428571428571428, 0.4, 0.7857142857142857, 0.0
0.6159692159692156, 0.6547619047619048, 0.0, 0.7857142857142857, 0.0
0.6038826941032821, 0.625, 0.19999999999999996, 0.75, 0.0
0.6288869001369, 0.6428571428571428, 0.33333333333333337, 0.8, 0.0
0.6066520780806492, 0.6, 0.375, 0.7692307692307692, 0.0
0.6028365398218337, 0.6306818181818181, 0.19999999999999996, 0.8125, 0.0
0.654363599363599, 0.6666666666666667, 0.5, 0.7857142857142857, 0.0
0.5544790394790392, 0.5833333333333333, 0.33333333333333337, 0.75, 0.0
0.6071347171347169, 0.6666666666666667, 0.0, 0.8, 0.0
0.6556656769156768, 0.6923076923076923, 0.33333333333333337, 0.875, 0.0
0.5829090816590816, 0.6153846153846154, 0.0, 0.7777777777777778, 0.0
0.5915417915417913, 0.6396103896103895, 0.25, 0.75, 0.0
0.6279169904169902, 0.6666666666666667, 0.33333333333333337, 0.8, 0.0
0.6192242623277104, 0.625, 0.33333333333333337, 0.7777777777777778, 0.0
0.597143852316266, 0.6363636363636364, 0.0, 0.8, 0.0
0.6430884311766663, 0.6666666666666667, 0.5, 0.7692307692307692, 0.0
0.6229187479187478, 0.6666666666666667, 0.33333333333333337, 0.8, 0.0
0.6033946608946607, 0.6306818181818181, 0.0, 0.75, 0.0
0.5826824101824101, 0.6396103896103895, 0.0, 0.8, 0.0
0.5665957163751278, 0.6201923076923077, 0.0, 0.8823529411764706, 0.0
0.6168287268287266, 0.6428571428571428, 0.0, 0.7777777777777778, 0.0
0.6276596941070623, 0.6666666666666667, 0.33333333333333337, 0.7692307692307692, 0.0
0.6599095827544103, 0.6875, 0.4, 0.8, 0.0
0.5643036048918401, 0.6201923076923077, 0.0, 0.7692307692307692, 0.0
0.5732990157990157, 0.6306818181818181, 0.33333333333333337, 0.75, 0.0
0.6027243127243125, 0.6666666666666667, 0.0, 0.8, 0.0
0.5930294705294703, 0.6201923076923077, 0.0, 0.8181818181818181, 0.0
0.652154142154142, 0.6666666666666667, 0.25, 0.8333333333333334, 0.0
0.5982976282976281, 0.6515151515151516, 0.0, 0.8333333333333334, 0.0
0.6081689606689604, 0.6547619047619048, 0.0, 0.8, 0.0
0.6147164872164871, 0.6666666666666667, 0.0, 0.75, 0.0
0.5776075776075775, 0.625, 0.0, 0.8, 0.0
0.6084468091821031, 0.6363636363636364, 0.25, 0.75, 0.0
0.5704897879897879, 0.6, 0.25, 0.7692307692307692, 0.0
0.6347397047397045, 0.6666666666666667, 0.33333333333333337, 0.7692307692307692, 0.0
0.6153385503385501, 0.6363636363636364, 0.25, 0.8, 0.0
0.6073301698301699, 0.6666666666666667, 0.0, 0.8, 0.0
0.6647517297517296, 0.6666666666666667, 0.33333333333333337, 0.8571428571428572, 0.0
0.6211549996844112, 0.6396103896103895, 0.19999999999999996, 0.7777777777777778, 0.0
0.6024254481151033, 0.6666666666666667, 0.0, 0.7692307692307692, 0.0
0.654253339253339, 0.6794871794871795, 0.33333333333333337, 0.7857142857142857, 0.0
0.6356892943657649, 0.6666666666666667, 0.25, 0.8571428571428572, 0.0
0.6092445054945053, 0.6515151515151516, 0.0, 0.75, 0.0
0.6169781607281605, 0.6428571428571428, 0.0, 0.8333333333333334, 0.0
0.5700813075813075, 0.6396103896103895, 0.0, 0.7692307692307692, 0.0
0.5833577533577531, 0.6363636363636364, 0.25, 0.7692307692307692, 0.0
0.5714585877085875, 0.6201923076923077, 0.0, 0.7777777777777778, 0.0
0.6198158323158321, 0.6396103896103895, 0.19999999999999996, 0.7777777777777778, 0.0
0.6097168961642644, 0.6306818181818181, 0.16666666666666663, 0.7857142857142857, 0.0
0.5835914085914083, 0.6153846153846154, 0.0, 0.7777777777777778, 0.0
0.6155062530062528, 0.6666666666666667, 0.0, 0.7777777777777778, 0.0
0.5965749990749989, 0.6306818181818181, 0.33333333333333337, 0.75, 0.0
0.6370166652519591, 0.6666666666666667, 0.0, 0.8333333333333334, 0.0
0.6440882265882265, 0.6515151515151516, 0.4, 0.8461538461538461, 0.0
0.5984701409701408, 0.6666666666666667, 0.0, 0.7857142857142857, 0.0
0.6127556022408961, 0.6547619047619048, 0.25, 0.75, 0.0
0.6311320623820621, 0.6214285714285714, 0.4285714285714286, 0.8181818181818181, 0.0
0.6141393089668952, 0.6666666666666667, 0.0, 0.8, 0.0
0.6184788359788357, 0.6333333333333333, 0.33333333333333337, 0.75, 0.0
0.6317665205165203, 0.6666666666666667, 0.33333333333333337, 0.8, 0.0
0.6363459225959224, 0.6666666666666667, 0.33333333333333337, 0.8, 0.0
0.564418498168498, 0.6, 0.0, 0.8, 0.0
0.639678007178007, 0.6666666666666667, 0.33333333333333337, 0.7777777777777778, 0.0
0.6083785658785656, 0.6125, 0.25, 0.7692307692307692, 0.0
0.6252919494298802, 0.6363636363636364, 0.33333333333333337, 0.8, 0.0
0.5608380508380507, 0.6076923076923078, 0.0, 0.8, 0.0
0.6101880064380063, 0.6547619047619048, 0.0, 0.7692307692307692, 0.0
0.5805959563312502, 0.6306818181818181, 0.0, 0.7142857142857143, 0.0
0.6424923735268561, 0.6428571428571428, 0.4285714285714286, 0.7692307692307692, 0.0
0.628680856180856, 0.6458333333333334, 0.0, 0.8571428571428572, 0.0
0.6238804251304249, 0.6076923076923078, 0.33333333333333337, 0.8, 0.0
0.5789463314463312, 0.6, 0.33333333333333337, 0.7272727272727273, 0.0
0.6433179783179781, 0.6547619047619048, 0.4285714285714286, 0.8, 0.0
0.6324765974765973, 0.6363636363636364, 0.4, 0.8, 0.0
0.5961760461760459, 0.6396103896103895, 0.0, 0.8, 0.0
0.5759304584304582, 0.6666666666666667, 0.0, 0.8, 0.0
0.6566537166537165, 0.6666666666666667, 0.4285714285714286, 0.8, 0.0
0.5920316502669443, 0.6547619047619048, 0.0, 0.8, 0.0
0.6112154512154508, 0.6666666666666667, 0.33333333333333337, 0.8181818181818181, 0.0
0.6279469141969141, 0.6666666666666667, 0.0, 0.8125, 0.0
0.6505853188206128, 0.6666666666666667, 0.33333333333333337, 0.7857142857142857, 0.0
0.6214316239316238, 0.6666666666666667, 0.0, 0.8125, 0.0
0.6167938383455623, 0.6363636363636364, 0.25, 0.8, 0.0
0.6618829446415652, 0.6666666666666667, 0.33333333333333337, 0.8, 0.0
0.6481097606097604, 0.6666666666666667, 0.33333333333333337, 0.8571428571428572, 0.0
0.6116954884196262, 0.6363636363636364, 0.25, 0.8, 0.0
0.598683816183816, 0.6201923076923077, 0.25, 0.75, 0.0
0.6345841195841195, 0.6666666666666667, 0.25, 0.8, 0.0
0.6198074528956881, 0.6547619047619048, 0.2857142857142857, 0.7647058823529411, 0.0
0.6112705595058535, 0.6794871794871795, 0.0, 0.8, 0.0
0.5648094242921828, 0.6428571428571428, 0.0, 0.8, 0.0
0.6328612855398568, 0.6428571428571428, 0.33333333333333337, 0.8, 0.0
0.5911615236615234, 0.6201923076923077, 0.0, 0.7692307692307692, 0.0
0.5824688721240442, 0.6428571428571428, 0.0, 0.7857142857142857, 0.0
0.5986839086839084, 0.6547619047619048, 0.25, 0.7692307692307692, 0.0
0.6202670477670477, 0.6666666666666667, 0.0, 0.7777777777777778, 0.0
0.5566236541236539, 0.6, 0.0, 0.7777777777777778, 0.0
0.624455128205128, 0.6363636363636364, 0.33333333333333337, 0.8125, 0.0
0.6227233333115684, 0.6547619047619048, 0.25, 0.7857142857142857, 0.0
0.5996808257102373, 0.6201923076923077, 0.0, 0.75, 0.0
0.6322096802979155, 0.6666666666666667, 0.0, 0.7857142857142857, 0.0
