0.7333333333333334, 0.7727272727272727, 0.7631578947368421, 0.6470588235294117, 0.7173913043478262, 0.7894736842105263, 0.7560975609756098, 0.6666666666666667, 0.75, 0.76,        
0.6285714285714286, 0.5357142857142857, 0.6206896551724138, 0.6296296296296297, 0.6551724137931034, 0.6829268292682926, 0.7027027027027026, 0.5862068965517242, 0.6666666666666667, 0.5897435897435898,        
0.475, 0.5357142857142857, 0.5555555555555556, 0.5, 0.6071428571428572, 0.6285714285714286, 0.5882352941176471, 0.56, 0.6363636363636364, 0.5483870967741935,        
0.475, 0.5, 0.5277777777777778, 0.5217391304347826, 0.5142857142857142, 0.5, 0.5405405405405406, 0.5714285714285714, 0.5185185185185186, 0.5277777777777778,        
0.475, 0.5555555555555556, 0.5277777777777778, 0.5151515151515151, 0.5142857142857142, 0.5517241379310345, 0.5405405405405406, 0.5161290322580645, 0.43999999999999995, 0.5277777777777778,        
0.475, 0.5555555555555556, 0.5277777777777778, 0.43333333333333335, 0.48571428571428577, 0.4722222222222222, 0.5333333333333333, 0.5161290322580645, 0.43999999999999995, 0.5277777777777778,        
0.475, 0.5555555555555556, 0.5277777777777778, 0.43333333333333335, 0.48571428571428577, 0.4722222222222222, 0.46875, 0.5161290322580645, 0.5428571428571429, 0.5277777777777778,        
0.475, 0.5428571428571429, 0.5277777777777778, 0.43333333333333335, 0.48571428571428577, 0.4722222222222222, 0.46875, 0.5161290322580645, 0.4722222222222222, 0.5277777777777778,        
0.475, 0.5428571428571429, 0.5277777777777778, 0.43333333333333335, 0.46875, 0.4722222222222222, 0.46875, 0.48484848484848486, 0.4722222222222222, 0.5135135135135135,        
0.475, 0.4722222222222222, 0.5277777777777778, 0.5, 0.46875, 0.4722222222222222, 0.46875, 0.48484848484848486, 0.4722222222222222, 0.5,        
0.475, 0.47058823529411764, 0.5277777777777778, 0.5, 0.46875, 0.4722222222222222, 0.4482758620689655, 0.48484848484848486, 0.4722222222222222, 0.4375,        
0.475, 0.47058823529411764, 0.5277777777777778, 0.5, 0.46875, 0.4722222222222222, 0.4482758620689655, 0.48484848484848486, 0.4722222222222222, 0.4375,        
0.475, 0.47058823529411764, 0.5277777777777778, 0.5, 0.46875, 0.4722222222222222, 0.4482758620689655, 0.48484848484848486, 0.4722222222222222, 0.4375,        
0.475, 0.47058823529411764, 0.5142857142857142, 0.5, 0.46875, 0.4722222222222222, 0.46875, 0.48484848484848486, 0.46875, 0.4375,        
0.475, 0.47058823529411764, 0.5142857142857142, 0.5, 0.4545454545454546, 0.4722222222222222, 0.46875, 0.48484848484848486, 0.46875, 0.4375,        
0.475, 0.47058823529411764, 0.47058823529411764, 0.5, 0.4545454545454546, 0.46875, 0.46875, 0.48484848484848486, 0.46875, 0.4375,        
0.47058823529411764, 0.47058823529411764, 0.47058823529411764, 0.5, 0.4545454545454546, 0.4242424242424242, 0.46875, 0.48484848484848486, 0.46875, 0.4375,        
0.47058823529411764, 0.47058823529411764, 0.4516129032258065, 0.5, 0.4545454545454546, 0.40625, 0.46875, 0.48484848484848486, 0.46875, 0.4375,        
0.47058823529411764, 0.47058823529411764, 0.47058823529411764, 0.5, 0.4545454545454546, 0.40625, 0.46875, 0.48484848484848486, 0.46875, 0.4375,        
0.47058823529411764, 0.47058823529411764, 0.47058823529411764, 0.5, 0.4242424242424242, 0.40625, 0.46875, 0.48484848484848486, 0.46875, 0.4375,        
0.47058823529411764, 0.46875, 0.47058823529411764, 0.5, 0.4242424242424242, 0.40625, 0.46875, 0.48484848484848486, 0.46875, 0.4375,        
0.47058823529411764, 0.46875, 0.47058823529411764, 0.5, 0.4242424242424242, 0.40625, 0.46875, 0.48484848484848486, 0.46875, 0.47058823529411764,        
0.4482758620689655, 0.46875, 0.47058823529411764, 0.45945945945945943, 0.4242424242424242, 0.40625, 0.46875, 0.48484848484848486, 0.46875, 0.4666666666666667,        
0.4482758620689655, 0.4516129032258065, 0.47058823529411764, 0.45945945945945943, 0.4242424242424242, 0.40625, 0.46875, 0.48484848484848486, 0.46875, 0.4482758620689655,        
0.4482758620689655, 0.43333333333333335, 0.47058823529411764, 0.45945945945945943, 0.4242424242424242, 0.38235294117647056, 0.4411764705882353, 0.48484848484848486, 0.4117647058823529, 0.40625,        
0.4482758620689655, 0.43333333333333335, 0.4545454545454546, 0.45945945945945943, 0.4242424242424242, 0.38235294117647056, 0.4411764705882353, 0.48484848484848486, 0.4117647058823529, 0.3870967741935484,        
0.4482758620689655, 0.4516129032258065, 0.4411764705882353, 0.45945945945945943, 0.4242424242424242, 0.40625, 0.4411764705882353, 0.48484848484848486, 0.4117647058823529, 0.3870967741935484,        
0.4482758620689655, 0.4516129032258065, 0.4411764705882353, 0.45945945945945943, 0.4242424242424242, 0.40625, 0.4411764705882353, 0.48484848484848486, 0.4117647058823529, 0.3870967741935484,        
0.4482758620689655, 0.4516129032258065, 0.4411764705882353, 0.45945945945945943, 0.4242424242424242, 0.40625, 0.4411764705882353, 0.48484848484848486, 0.4117647058823529, 0.3939393939393939,        
0.4482758620689655, 0.4516129032258065, 0.4411764705882353, 0.45945945945945943, 0.4242424242424242, 0.40625, 0.4411764705882353, 0.4375, 0.4117647058823529, 0.3939393939393939,        
0.4482758620689655, 0.4516129032258065, 0.4375, 0.45945945945945943, 0.4242424242424242, 0.40625, 0.4411764705882353, 0.4375, 0.4117647058823529, 0.3939393939393939,        
0.4482758620689655, 0.4516129032258065, 0.4375, 0.4444444444444444, 0.4242424242424242, 0.40625, 0.4411764705882353, 0.4375, 0.4117647058823529, 0.3939393939393939,        
0.4482758620689655, 0.4516129032258065, 0.4375, 0.4444444444444444, 0.4242424242424242, 0.40625, 0.4411764705882353, 0.4375, 0.4117647058823529, 0.3939393939393939,        
0.4482758620689655, 0.4242424242424242, 0.4375, 0.4444444444444444, 0.4242424242424242, 0.40625, 0.4411764705882353, 0.4375, 0.4117647058823529, 0.3939393939393939,        
0.4482758620689655, 0.4242424242424242, 0.4285714285714286, 0.4285714285714286, 0.4242424242424242, 0.40625, 0.4411764705882353, 0.4375, 0.4117647058823529, 0.3939393939393939,        
0.4482758620689655, 0.4242424242424242, 0.4117647058823529, 0.4285714285714286, 0.4242424242424242, 0.3939393939393939, 0.4411764705882353, 0.4375, 0.4117647058823529, 0.3939393939393939,        
0.4482758620689655, 0.4137931034482759, 0.34375, 0.40625, 0.4242424242424242, 0.3939393939393939, 0.4411764705882353, 0.4375, 0.4117647058823529, 0.3939393939393939,        
0.4482758620689655, 0.4242424242424242, 0.34375, 0.3870967741935484, 0.4242424242424242, 0.40625, 0.4411764705882353, 0.4375, 0.4117647058823529, 0.3939393939393939,        
0.4482758620689655, 0.4242424242424242, 0.34375, 0.3870967741935484, 0.4242424242424242, 0.2666666666666667, 0.4411764705882353, 0.4375, 0.3939393939393939, 0.3939393939393939,        
0.4375, 0.4242424242424242, 0.34375, 0.3870967741935484, 0.4242424242424242, 0.2666666666666667, 0.4411764705882353, 0.4375, 0.3939393939393939, 0.3939393939393939,        
0.4375, 0.4242424242424242, 0.34375, 0.3870967741935484, 0.4242424242424242, 0.2666666666666667, 0.4411764705882353, 0.4375, 0.3939393939393939, 0.3939393939393939,        
0.4285714285714286, 0.3571428571428571, 0.34375, 0.3870967741935484, 0.4242424242424242, 0.2666666666666667, 0.4411764705882353, 0.3793103448275862, 0.3939393939393939, 0.3939393939393939,        
0.38235294117647056, 0.3571428571428571, 0.34375, 0.3870967741935484, 0.4242424242424242, 0.2666666666666667, 0.4411764705882353, 0.3793103448275862, 0.3939393939393939, 0.3939393939393939,        
0.38235294117647056, 0.3571428571428571, 0.34375, 0.3870967741935484, 0.4242424242424242, 0.2666666666666667, 0.4411764705882353, 0.3793103448275862, 0.3939393939393939, 0.3939393939393939,        
0.38235294117647056, 0.3571428571428571, 0.34375, 0.3870967741935484, 0.4242424242424242, 0.2666666666666667, 0.4411764705882353, 0.3793103448275862, 0.3870967741935484, 0.3939393939393939,        
0.3939393939393939, 0.3571428571428571, 0.34375, 0.3870967741935484, 0.4, 0.2666666666666667, 0.4411764705882353, 0.3793103448275862, 0.3870967741935484, 0.3939393939393939,        
0.3939393939393939, 0.3571428571428571, 0.34375, 0.3870967741935484, 0.3793103448275862, 0.2666666666666667, 0.4411764705882353, 0.3793103448275862, 0.3870967741935484, 0.3939393939393939,        
0.3939393939393939, 0.3571428571428571, 0.34375, 0.3870967741935484, 0.3870967741935484, 0.2666666666666667, 0.4411764705882353, 0.3793103448275862, 0.3870967741935484, 0.3939393939393939,        
0.3939393939393939, 0.3571428571428571, 0.34375, 0.3870967741935484, 0.3870967741935484, 0.2666666666666667, 0.4411764705882353, 0.3793103448275862, 0.3870967741935484, 0.3939393939393939,        
0.4242424242424242, 0.3571428571428571, 0.34375, 0.3870967741935484, 0.3870967741935484, 0.2666666666666667, 0.4411764705882353, 0.3793103448275862, 0.3870967741935484, 0.3939393939393939,        
0.4242424242424242, 0.4, 0.34375, 0.3870967741935484, 0.3870967741935484, 0.2666666666666667, 0.4411764705882353, 0.3793103448275862, 0.3870967741935484, 0.3939393939393939,        
0.4285714285714286, 0.4, 0.34375, 0.3870967741935484, 0.3870967741935484, 0.2666666666666667, 0.4411764705882353, 0.3793103448275862, 0.3870967741935484, 0.3939393939393939,        
0.4285714285714286, 0.4, 0.34375, 0.3870967741935484, 0.3870967741935484, 0.2666666666666667, 0.4411764705882353, 0.3793103448275862, 0.3870967741935484, 0.3870967741935484,        
0.4117647058823529, 0.4, 0.34375, 0.36363636363636365, 0.3870967741935484, 0.2666666666666667, 0.3666666666666667, 0.3793103448275862, 0.3870967741935484, 0.3870967741935484,        
0.4117647058823529, 0.4, 0.34375, 0.36363636363636365, 0.3666666666666667, 0.2666666666666667, 0.3666666666666667, 0.3793103448275862, 0.3870967741935484, 0.3870967741935484,        
0.4117647058823529, 0.3939393939393939, 0.34375, 0.36363636363636365, 0.3666666666666667, 0.2666666666666667, 0.3666666666666667, 0.3793103448275862, 0.36363636363636365, 0.3870967741935484,        
0.40625, 0.3939393939393939, 0.34375, 0.36363636363636365, 0.31034482758620685, 0.2666666666666667, 0.3666666666666667, 0.3793103448275862, 0.36363636363636365, 0.3939393939393939,        
0.40625, 0.3939393939393939, 0.34375, 0.36363636363636365, 0.31034482758620685, 0.2666666666666667, 0.3666666666666667, 0.3793103448275862, 0.36363636363636365, 0.3939393939393939,        
0.40625, 0.3939393939393939, 0.34375, 0.36363636363636365, 0.31034482758620685, 0.2666666666666667, 0.3666666666666667, 0.3793103448275862, 0.36363636363636365, 0.3939393939393939,        
0.40625, 0.3939393939393939, 0.34375, 0.36363636363636365, 0.31034482758620685, 0.2666666666666667, 0.3666666666666667, 0.3793103448275862, 0.38235294117647056, 0.3939393939393939,        
0.40625, 0.3939393939393939, 0.34375, 0.36363636363636365, 0.31034482758620685, 0.2666666666666667, 0.3666666666666667, 0.3793103448275862, 0.38235294117647056, 0.3939393939393939,        
0.40625, 0.3939393939393939, 0.34375, 0.36363636363636365, 0.2857142857142857, 0.2666666666666667, 0.4, 0.3793103448275862, 0.38235294117647056, 0.3939393939393939,        
0.40625, 0.3939393939393939, 0.34375, 0.36363636363636365, 0.31034482758620685, 0.2666666666666667, 0.4, 0.3793103448275862, 0.38235294117647056, 0.3939393939393939,        
0.40625, 0.36363636363636365, 0.34375, 0.36363636363636365, 0.31034482758620685, 0.2666666666666667, 0.4, 0.3793103448275862, 0.38235294117647056, 0.3939393939393939,        
0.40625, 0.36363636363636365, 0.34375, 0.36363636363636365, 0.31034482758620685, 0.2666666666666667, 0.4, 0.3793103448275862, 0.38235294117647056, 0.3939393939393939,        
0.40625, 0.36363636363636365, 0.34375, 0.36363636363636365, 0.31034482758620685, 0.2666666666666667, 0.4, 0.3793103448275862, 0.38235294117647056, 0.3939393939393939,        
0.40625, 0.36363636363636365, 0.34375, 0.36363636363636365, 0.31034482758620685, 0.2666666666666667, 0.4, 0.375, 0.3870967741935484, 0.3939393939393939,        
0.40625, 0.36363636363636365, 0.34375, 0.36363636363636365, 0.31034482758620685, 0.2666666666666667, 0.4, 0.375, 0.38235294117647056, 0.3939393939393939,        
0.40625, 0.36363636363636365, 0.34375, 0.36363636363636365, 0.31034482758620685, 0.2666666666666667, 0.4, 0.375, 0.38235294117647056, 0.3939393939393939,        
0.40625, 0.36363636363636365, 0.34375, 0.36363636363636365, 0.31034482758620685, 0.2666666666666667, 0.3870967741935484, 0.375, 0.38235294117647056, 0.3939393939393939,        
0.40625, 0.36363636363636365, 0.34375, 0.36363636363636365, 0.31034482758620685, 0.2666666666666667, 0.3870967741935484, 0.375, 0.37142857142857144, 0.3939393939393939,        
0.3870967741935484, 0.36363636363636365, 0.34375, 0.36363636363636365, 0.31034482758620685, 0.2666666666666667, 0.3870967741935484, 0.375, 0.37142857142857144, 0.37142857142857144,        
0.3870967741935484, 0.36363636363636365, 0.34375, 0.36363636363636365, 0.31034482758620685, 0.2666666666666667, 0.3870967741935484, 0.375, 0.37142857142857144, 0.37142857142857144,        
0.3870967741935484, 0.36363636363636365, 0.34375, 0.36363636363636365, 0.31034482758620685, 0.2666666666666667, 0.3870967741935484, 0.375, 0.3666666666666667, 0.37142857142857144,        
0.3870967741935484, 0.34375, 0.34375, 0.36363636363636365, 0.31034482758620685, 0.2666666666666667, 0.375, 0.375, 0.3666666666666667, 0.37142857142857144,        
0.3870967741935484, 0.36363636363636365, 0.34375, 0.36363636363636365, 0.31034482758620685, 0.2666666666666667, 0.3870967741935484, 0.375, 0.3666666666666667, 0.37142857142857144,        
0.40625, 0.36363636363636365, 0.34375, 0.36363636363636365, 0.31034482758620685, 0.2666666666666667, 0.3870967741935484, 0.375, 0.37142857142857144, 0.37142857142857144,        
0.40625, 0.36363636363636365, 0.34375, 0.36363636363636365, 0.31034482758620685, 0.2666666666666667, 0.4, 0.375, 0.37142857142857144, 0.3529411764705882,        
0.40625, 0.36363636363636365, 0.34375, 0.3870967741935484, 0.33333333333333337, 0.2666666666666667, 0.4, 0.375, 0.37142857142857144, 0.3529411764705882,        
0.40625, 0.34375, 0.34375, 0.3870967741935484, 0.33333333333333337, 0.2666666666666667, 0.4, 0.375, 0.37142857142857144, 0.3529411764705882,        
0.40625, 0.34375, 0.34375, 0.3870967741935484, 0.33333333333333337, 0.2666666666666667, 0.4, 0.375, 0.37142857142857144, 0.3529411764705882,        
0.40625, 0.34375, 0.34375, 0.3870967741935484, 0.33333333333333337, 0.2666666666666667, 0.4, 0.375, 0.37142857142857144, 0.3529411764705882,        
0.40625, 0.34375, 0.34375, 0.3870967741935484, 0.33333333333333337, 0.2666666666666667, 0.3666666666666667, 0.375, 0.37142857142857144, 0.3529411764705882,        
0.40625, 0.34375, 0.34375, 0.3870967741935484, 0.33333333333333337, 0.2666666666666667, 0.3666666666666667, 0.375, 0.36363636363636365, 0.3529411764705882,        
0.40625, 0.34375, 0.34375, 0.3870967741935484, 0.31034482758620685, 0.2666666666666667, 0.3666666666666667, 0.375, 0.36363636363636365, 0.3529411764705882,        
0.40625, 0.34375, 0.34375, 0.375, 0.31034482758620685, 0.2666666666666667, 0.375, 0.375, 0.36363636363636365, 0.3529411764705882,        
0.40625, 0.34375, 0.34375, 0.375, 0.33333333333333337, 0.2666666666666667, 0.375, 0.375, 0.36363636363636365, 0.3529411764705882,        
0.40625, 0.34375, 0.34375, 0.375, 0.33333333333333337, 0.2666666666666667, 0.375, 0.375, 0.36363636363636365, 0.3529411764705882,        
0.40625, 0.34375, 0.34375, 0.375, 0.33333333333333337, 0.2666666666666667, 0.375, 0.375, 0.36363636363636365, 0.37142857142857144,        
0.40625, 0.34375, 0.34375, 0.375, 0.33333333333333337, 0.2666666666666667, 0.375, 0.3793103448275862, 0.36363636363636365, 0.37142857142857144,        
0.40625, 0.34375, 0.34375, 0.375, 0.33333333333333337, 0.2666666666666667, 0.375, 0.3793103448275862, 0.36363636363636365, 0.37142857142857144,        
0.40625, 0.34375, 0.34375, 0.375, 0.33333333333333337, 0.2666666666666667, 0.375, 0.3939393939393939, 0.36363636363636365, 0.37142857142857144,        
0.3939393939393939, 0.34375, 0.34375, 0.375, 0.33333333333333337, 0.2666666666666667, 0.375, 0.3939393939393939, 0.36363636363636365, 0.37142857142857144,        
0.3939393939393939, 0.34375, 0.34375, 0.375, 0.33333333333333337, 0.2666666666666667, 0.375, 0.375, 0.36363636363636365, 0.37142857142857144,        
0.3939393939393939, 0.34375, 0.34375, 0.375, 0.33333333333333337, 0.2666666666666667, 0.375, 0.375, 0.36363636363636365, 0.37142857142857144,        
0.3939393939393939, 0.34375, 0.34375, 0.375, 0.33333333333333337, 0.2666666666666667, 0.375, 0.375, 0.37142857142857144, 0.37142857142857144,        
0.3939393939393939, 0.34375, 0.34375, 0.375, 0.33333333333333337, 0.2666666666666667, 0.375, 0.375, 0.37142857142857144, 0.37142857142857144,        
0.375, 0.34375, 0.34375, 0.375, 0.33333333333333337, 0.2666666666666667, 0.375, 0.3939393939393939, 0.37142857142857144, 0.37142857142857144,        
0.36363636363636365, 0.34375, 0.34375, 0.375, 0.33333333333333337, 0.2666666666666667, 0.375, 0.3939393939393939, 0.37142857142857144, 0.37142857142857144,        
0.36363636363636365, 0.34375, 0.34375, 0.375, 0.33333333333333337, 0.2666666666666667, 0.375, 0.3939393939393939, 0.37142857142857144, 0.37142857142857144,        
0.36363636363636365, 0.34375, 0.34375, 0.375, 0.33333333333333337, 0.2666666666666667, 0.3939393939393939, 0.3939393939393939, 0.37142857142857144, 0.37142857142857144,        
0.36363636363636365, 0.34375, 0.34375, 0.375, 0.33333333333333337, 0.2666666666666667, 0.3939393939393939, 0.3939393939393939, 0.37142857142857144, 0.37142857142857144,        
0.36363636363636365, 0.34375, 0.34375, 0.37142857142857144, 0.33333333333333337, 0.2666666666666667, 0.3939393939393939, 0.375, 0.37142857142857144, 0.37142857142857144,        
0.36363636363636365, 0.34375, 0.34375, 0.37142857142857144, 0.33333333333333337, 0.2666666666666667, 0.3939393939393939, 0.375, 0.37142857142857144, 0.37142857142857144,        
0.36363636363636365, 0.34375, 0.34375, 0.37142857142857144, 0.33333333333333337, 0.2666666666666667, 0.3939393939393939, 0.375, 0.37142857142857144, 0.37142857142857144,        
0.36363636363636365, 0.34375, 0.34375, 0.37142857142857144, 0.33333333333333337, 0.2666666666666667, 0.3939393939393939, 0.375, 0.37142857142857144, 0.37142857142857144,        
0.36363636363636365, 0.34375, 0.34375, 0.37142857142857144, 0.33333333333333337, 0.2666666666666667, 0.375, 0.375, 0.37142857142857144, 0.37142857142857144,        
0.36363636363636365, 0.34375, 0.34375, 0.37142857142857144, 0.33333333333333337, 0.2666666666666667, 0.375, 0.375, 0.37142857142857144, 0.37142857142857144,        
0.36363636363636365, 0.34375, 0.34375, 0.37142857142857144, 0.33333333333333337, 0.2666666666666667, 0.375, 0.375, 0.37142857142857144, 0.37142857142857144,        
0.36363636363636365, 0.34375, 0.34375, 0.3548387096774194, 0.34375, 0.2666666666666667, 0.375, 0.375, 0.37142857142857144, 0.37142857142857144,        
0.36363636363636365, 0.34375, 0.34375, 0.3548387096774194, 0.34375, 0.2666666666666667, 0.375, 0.375, 0.37142857142857144, 0.37142857142857144,        
0.36363636363636365, 0.34375, 0.34375, 0.37142857142857144, 0.34375, 0.2666666666666667, 0.375, 0.375, 0.37142857142857144, 0.37142857142857144,        
0.36363636363636365, 0.34375, 0.34375, 0.37142857142857144, 0.34375, 0.2666666666666667, 0.375, 0.3548387096774194, 0.37142857142857144, 0.37142857142857144,        
0.36363636363636365, 0.34375, 0.34375, 0.37142857142857144, 0.34375, 0.2666666666666667, 0.375, 0.3548387096774194, 0.37142857142857144, 0.37142857142857144,        
0.36363636363636365, 0.34375, 0.34375, 0.37142857142857144, 0.34375, 0.2666666666666667, 0.375, 0.3548387096774194, 0.37142857142857144, 0.37142857142857144,        
0.36363636363636365, 0.34375, 0.34375, 0.37142857142857144, 0.34375, 0.2666666666666667, 0.375, 0.3548387096774194, 0.37142857142857144, 0.37142857142857144,        
0.36363636363636365, 0.34375, 0.34375, 0.37142857142857144, 0.34375, 0.2666666666666667, 0.375, 0.3548387096774194, 0.37142857142857144, 0.37142857142857144,        
0.36363636363636365, 0.34375, 0.34375, 0.37142857142857144, 0.34375, 0.2666666666666667, 0.375, 0.3548387096774194, 0.37142857142857144, 0.37142857142857144,        
0.36363636363636365, 0.34375, 0.34375, 0.37142857142857144, 0.34375, 0.2666666666666667, 0.375, 0.375, 0.37142857142857144, 0.37142857142857144,        
0.36363636363636365, 0.34375, 0.34375, 0.37142857142857144, 0.34375, 0.2666666666666667, 0.375, 0.375, 0.37142857142857144, 0.37142857142857144,        
0.36363636363636365, 0.34375, 0.34375, 0.37142857142857144, 0.34375, 0.2666666666666667, 0.375, 0.375, 0.37142857142857144, 0.37142857142857144,        
0.36363636363636365, 0.34375, 0.34375, 0.37142857142857144, 0.34375, 0.2666666666666667, 0.375, 0.375, 0.37142857142857144, 0.37142857142857144,        
0.36363636363636365, 0.34375, 0.34375, 0.3529411764705882, 0.34375, 0.2666666666666667, 0.375, 0.375, 0.37142857142857144, 0.3529411764705882,        
0.36363636363636365, 0.34375, 0.34375, 0.3529411764705882, 0.34375, 0.2666666666666667, 0.375, 0.375, 0.37142857142857144, 0.3529411764705882,        
0.36363636363636365, 0.34375, 0.34375, 0.3529411764705882, 0.34375, 0.2666666666666667, 0.375, 0.375, 0.37142857142857144, 0.3529411764705882,        
0.36363636363636365, 0.34375, 0.34375, 0.3529411764705882, 0.34375, 0.2666666666666667, 0.3870967741935484, 0.375, 0.37142857142857144, 0.3529411764705882,        
0.36363636363636365, 0.34375, 0.34375, 0.3529411764705882, 0.34375, 0.2666666666666667, 0.3870967741935484, 0.375, 0.37142857142857144, 0.3529411764705882,        
0.36363636363636365, 0.34375, 0.34375, 0.3529411764705882, 0.34375, 0.2666666666666667, 0.3870967741935484, 0.375, 0.37142857142857144, 0.3529411764705882,        
0.36363636363636365, 0.34375, 0.34375, 0.3529411764705882, 0.34375, 0.2666666666666667, 0.3870967741935484, 0.375, 0.37142857142857144, 0.3529411764705882,        
0.36363636363636365, 0.34375, 0.34375, 0.3529411764705882, 0.34375, 0.2666666666666667, 0.3870967741935484, 0.375, 0.37142857142857144, 0.3529411764705882,        
0.36363636363636365, 0.34375, 0.34375, 0.3529411764705882, 0.34375, 0.2666666666666667, 0.3870967741935484, 0.375, 0.37142857142857144, 0.3529411764705882,        
0.36363636363636365, 0.34375, 0.34375, 0.3529411764705882, 0.32258064516129037, 0.2666666666666667, 0.3870967741935484, 0.375, 0.37142857142857144, 0.37142857142857144,        
0.36363636363636365, 0.34375, 0.34375, 0.3529411764705882, 0.32258064516129037, 0.2666666666666667, 0.3870967741935484, 0.375, 0.37142857142857144, 0.37142857142857144,        
0.36363636363636365, 0.34375, 0.34375, 0.3529411764705882, 0.32258064516129037, 0.2666666666666667, 0.3870967741935484, 0.375, 0.37142857142857144, 0.37142857142857144,        
0.36363636363636365, 0.34375, 0.34375, 0.3529411764705882, 0.32258064516129037, 0.2666666666666667, 0.3870967741935484, 0.375, 0.37142857142857144, 0.37142857142857144,        
0.36363636363636365, 0.34375, 0.34375, 0.3529411764705882, 0.32258064516129037, 0.2666666666666667, 0.3870967741935484, 0.375, 0.37142857142857144, 0.37142857142857144,        
0.36363636363636365, 0.34375, 0.34375, 0.3529411764705882, 0.32258064516129037, 0.2666666666666667, 0.38235294117647056, 0.375, 0.37142857142857144, 0.37142857142857144,        
0.36363636363636365, 0.34375, 0.34375, 0.3529411764705882, 0.32258064516129037, 0.2666666666666667, 0.3529411764705882, 0.32258064516129037, 0.37142857142857144, 0.37142857142857144,        
0.36363636363636365, 0.34375, 0.34375, 0.3529411764705882, 0.32258064516129037, 0.2666666666666667, 0.3529411764705882, 0.32258064516129037, 0.37142857142857144, 0.32352941176470584,        
0.36363636363636365, 0.34375, 0.34375, 0.3529411764705882, 0.32258064516129037, 0.2666666666666667, 0.3529411764705882, 0.32258064516129037, 0.37142857142857144, 0.32352941176470584,        
0.36363636363636365, 0.34375, 0.34375, 0.3529411764705882, 0.32258064516129037, 0.2666666666666667, 0.3529411764705882, 0.32258064516129037, 0.37142857142857144, 0.32352941176470584,        
0.36363636363636365, 0.34375, 0.34375, 0.3529411764705882, 0.32258064516129037, 0.2666666666666667, 0.3529411764705882, 0.32258064516129037, 0.37142857142857144, 0.32352941176470584,        
0.36363636363636365, 0.36111111111111116, 0.34375, 0.3529411764705882, 0.32258064516129037, 0.2666666666666667, 0.3529411764705882, 0.32258064516129037, 0.37142857142857144, 0.32352941176470584,        
0.36363636363636365, 0.36111111111111116, 0.34375, 0.3529411764705882, 0.32258064516129037, 0.2666666666666667, 0.3529411764705882, 0.32258064516129037, 0.37142857142857144, 0.32352941176470584,        
0.36363636363636365, 0.36111111111111116, 0.34375, 0.3529411764705882, 0.32258064516129037, 0.2666666666666667, 0.3529411764705882, 0.32258064516129037, 0.37142857142857144, 0.32352941176470584,        
0.36363636363636365, 0.36111111111111116, 0.34375, 0.37142857142857144, 0.32258064516129037, 0.2666666666666667, 0.3529411764705882, 0.32258064516129037, 0.37142857142857144, 0.32352941176470584,        
0.36363636363636365, 0.36111111111111116, 0.34375, 0.37142857142857144, 0.32258064516129037, 0.2666666666666667, 0.3529411764705882, 0.32258064516129037, 0.37142857142857144, 0.32352941176470584,        
0.36363636363636365, 0.36111111111111116, 0.34375, 0.37142857142857144, 0.32258064516129037, 0.2666666666666667, 0.3529411764705882, 0.32258064516129037, 0.37142857142857144, 0.32352941176470584,        
0.36363636363636365, 0.36111111111111116, 0.34375, 0.37142857142857144, 0.32258064516129037, 0.2666666666666667, 0.3529411764705882, 0.32258064516129037, 0.37142857142857144, 0.32352941176470584,        
0.36363636363636365, 0.36111111111111116, 0.34375, 0.37142857142857144, 0.32258064516129037, 0.2666666666666667, 0.3529411764705882, 0.32258064516129037, 0.37142857142857144, 0.32352941176470584,        
0.36363636363636365, 0.36111111111111116, 0.34375, 0.37142857142857144, 0.32258064516129037, 0.2666666666666667, 0.3529411764705882, 0.32258064516129037, 0.37142857142857144, 0.32352941176470584,        
0.36363636363636365, 0.36111111111111116, 0.34375, 0.37142857142857144, 0.32258064516129037, 0.2666666666666667, 0.3529411764705882, 0.32258064516129037, 0.37142857142857144, 0.32352941176470584,        
0.36363636363636365, 0.36111111111111116, 0.34375, 0.37142857142857144, 0.32258064516129037, 0.2666666666666667, 0.3529411764705882, 0.32258064516129037, 0.37142857142857144, 0.32352941176470584,        
0.36363636363636365, 0.36111111111111116, 0.34375, 0.37142857142857144, 0.32258064516129037, 0.2666666666666667, 0.3529411764705882, 0.32258064516129037, 0.37142857142857144, 0.32352941176470584,        
0.36363636363636365, 0.36111111111111116, 0.34375, 0.37142857142857144, 0.32258064516129037, 0.2666666666666667, 0.3529411764705882, 0.32258064516129037, 0.37142857142857144, 0.32352941176470584,        
0.36363636363636365, 0.36111111111111116, 0.34375, 0.37142857142857144, 0.32258064516129037, 0.2666666666666667, 0.3529411764705882, 0.32258064516129037, 0.37142857142857144, 0.32352941176470584,        
0.36363636363636365, 0.36111111111111116, 0.34375, 0.37142857142857144, 0.32258064516129037, 0.2666666666666667, 0.3529411764705882, 0.32258064516129037, 0.37142857142857144, 0.32352941176470584,        
0.36363636363636365, 0.36111111111111116, 0.34375, 0.37142857142857144, 0.32258064516129037, 0.2666666666666667, 0.3529411764705882, 0.32258064516129037, 0.37142857142857144, 0.32352941176470584,        
0.36363636363636365, 0.36111111111111116, 0.34375, 0.37142857142857144, 0.32258064516129037, 0.2666666666666667, 0.3529411764705882, 0.32258064516129037, 0.37142857142857144, 0.32352941176470584,        
0.36363636363636365, 0.36111111111111116, 0.34375, 0.37142857142857144, 0.32258064516129037, 0.2666666666666667, 0.3529411764705882, 0.32258064516129037, 0.37142857142857144, 0.32352941176470584,        
0.36363636363636365, 0.36111111111111116, 0.34375, 0.37142857142857144, 0.32258064516129037, 0.2666666666666667, 0.3529411764705882, 0.32258064516129037, 0.37142857142857144, 0.32352941176470584,        
0.36363636363636365, 0.36111111111111116, 0.34375, 0.37142857142857144, 0.32258064516129037, 0.2666666666666667, 0.3529411764705882, 0.32258064516129037, 0.37142857142857144, 0.32352941176470584,        
0.36363636363636365, 0.36111111111111116, 0.34375, 0.37142857142857144, 0.32258064516129037, 0.2666666666666667, 0.3529411764705882, 0.32258064516129037, 0.37142857142857144, 0.32352941176470584,        
0.36363636363636365, 0.36111111111111116, 0.34375, 0.37142857142857144, 0.32258064516129037, 0.2666666666666667, 0.3529411764705882, 0.32258064516129037, 0.37142857142857144, 0.32352941176470584,        
0.36363636363636365, 0.36111111111111116, 0.34375, 0.37142857142857144, 0.32258064516129037, 0.2666666666666667, 0.3529411764705882, 0.32258064516129037, 0.37142857142857144, 0.32352941176470584,        
0.36363636363636365, 0.36111111111111116, 0.34375, 0.37142857142857144, 0.34375, 0.2666666666666667, 0.3529411764705882, 0.32258064516129037, 0.37142857142857144, 0.32352941176470584,        
0.36363636363636365, 0.36111111111111116, 0.34375, 0.37142857142857144, 0.34375, 0.2666666666666667, 0.3529411764705882, 0.32258064516129037, 0.37142857142857144, 0.32352941176470584,        
0.36363636363636365, 0.36111111111111116, 0.34375, 0.37142857142857144, 0.34375, 0.2666666666666667, 0.3529411764705882, 0.32258064516129037, 0.37142857142857144, 0.32352941176470584,        
0.36363636363636365, 0.36111111111111116, 0.34375, 0.37142857142857144, 0.34375, 0.2666666666666667, 0.3529411764705882, 0.32258064516129037, 0.37142857142857144, 0.32352941176470584,        
0.36363636363636365, 0.36111111111111116, 0.34375, 0.37142857142857144, 0.34375, 0.2666666666666667, 0.3529411764705882, 0.32258064516129037, 0.37142857142857144, 0.32352941176470584,        
0.36363636363636365, 0.36111111111111116, 0.34375, 0.37142857142857144, 0.34375, 0.2666666666666667, 0.3548387096774194, 0.32258064516129037, 0.37142857142857144, 0.32352941176470584,        
0.36363636363636365, 0.36111111111111116, 0.34375, 0.37142857142857144, 0.34375, 0.2666666666666667, 0.3548387096774194, 0.32258064516129037, 0.37142857142857144, 0.32352941176470584,        
0.36363636363636365, 0.36111111111111116, 0.34375, 0.37142857142857144, 0.34375, 0.2666666666666667, 0.3548387096774194, 0.32258064516129037, 0.37142857142857144, 0.32352941176470584,        
0.36363636363636365, 0.36111111111111116, 0.34375, 0.37142857142857144, 0.34375, 0.2666666666666667, 0.3548387096774194, 0.32258064516129037, 0.37142857142857144, 0.32352941176470584,        
0.36363636363636365, 0.36111111111111116, 0.34375, 0.37142857142857144, 0.34375, 0.2666666666666667, 0.3548387096774194, 0.32258064516129037, 0.37142857142857144, 0.32352941176470584,        
0.36363636363636365, 0.36111111111111116, 0.34375, 0.37142857142857144, 0.34375, 0.2666666666666667, 0.3548387096774194, 0.32258064516129037, 0.37142857142857144, 0.32352941176470584,        
0.36363636363636365, 0.36111111111111116, 0.34375, 0.37142857142857144, 0.34375, 0.2666666666666667, 0.3548387096774194, 0.32258064516129037, 0.37142857142857144, 0.32352941176470584,        
0.36363636363636365, 0.36111111111111116, 0.34375, 0.37142857142857144, 0.34375, 0.2666666666666667, 0.3548387096774194, 0.375, 0.37142857142857144, 0.32352941176470584,        
0.36363636363636365, 0.36111111111111116, 0.34375, 0.37142857142857144, 0.34375, 0.2666666666666667, 0.3548387096774194, 0.375, 0.37142857142857144, 0.32352941176470584,        
0.36363636363636365, 0.36111111111111116, 0.34375, 0.37142857142857144, 0.34375, 0.2666666666666667, 0.3548387096774194, 0.375, 0.37142857142857144, 0.32352941176470584,        
0.36363636363636365, 0.36111111111111116, 0.34375, 0.37142857142857144, 0.34375, 0.2666666666666667, 0.3548387096774194, 0.375, 0.37142857142857144, 0.32352941176470584,        
0.36363636363636365, 0.36111111111111116, 0.34375, 0.37142857142857144, 0.34375, 0.2666666666666667, 0.3548387096774194, 0.375, 0.37142857142857144, 0.32352941176470584,        
0.36363636363636365, 0.36111111111111116, 0.34375, 0.37142857142857144, 0.34375, 0.2666666666666667, 0.3548387096774194, 0.375, 0.37142857142857144, 0.32352941176470584,        
0.36363636363636365, 0.34375, 0.34375, 0.37142857142857144, 0.34375, 0.2666666666666667, 0.3548387096774194, 0.375, 0.37142857142857144, 0.32352941176470584,        
0.36363636363636365, 0.34375, 0.34375, 0.37142857142857144, 0.34375, 0.2666666666666667, 0.3548387096774194, 0.375, 0.37142857142857144, 0.32352941176470584,        
0.36363636363636365, 0.34375, 0.34375, 0.37142857142857144, 0.34375, 0.2666666666666667, 0.3548387096774194, 0.375, 0.37142857142857144, 0.32352941176470584,        
0.36363636363636365, 0.34375, 0.34375, 0.37142857142857144, 0.34375, 0.2666666666666667, 0.3548387096774194, 0.375, 0.37142857142857144, 0.32352941176470584,        
0.36363636363636365, 0.34375, 0.34375, 0.37142857142857144, 0.34375, 0.2666666666666667, 0.3548387096774194, 0.375, 0.37142857142857144, 0.32352941176470584,        
0.36363636363636365, 0.34375, 0.34375, 0.37142857142857144, 0.34375, 0.2666666666666667, 0.3548387096774194, 0.375, 0.37142857142857144, 0.32352941176470584,        
0.36363636363636365, 0.34375, 0.34375, 0.37142857142857144, 0.34375, 0.2666666666666667, 0.3548387096774194, 0.375, 0.37142857142857144, 0.32352941176470584,        
0.36363636363636365, 0.34375, 0.34375, 0.37142857142857144, 0.34375, 0.2666666666666667, 0.3548387096774194, 0.375, 0.37142857142857144, 0.32352941176470584,        
0.36363636363636365, 0.34375, 0.34375, 0.37142857142857144, 0.34375, 0.2666666666666667, 0.3548387096774194, 0.375, 0.37142857142857144, 0.32352941176470584,        
0.36363636363636365, 0.34375, 0.34375, 0.37142857142857144, 0.34375, 0.2666666666666667, 0.3548387096774194, 0.375, 0.37142857142857144, 0.32352941176470584,        
0.36363636363636365, 0.34375, 0.34375, 0.3870967741935484, 0.34375, 0.2666666666666667, 0.3548387096774194, 0.375, 0.37142857142857144, 0.32352941176470584,        
0.36363636363636365, 0.34375, 0.34375, 0.3870967741935484, 0.34375, 0.2666666666666667, 0.3548387096774194, 0.375, 0.37142857142857144, 0.32352941176470584,        
0.36363636363636365, 0.34375, 0.34375, 0.3870967741935484, 0.34375, 0.2666666666666667, 0.3548387096774194, 0.375, 0.37142857142857144, 0.32352941176470584,        
0.36363636363636365, 0.34375, 0.34375, 0.3870967741935484, 0.34375, 0.2666666666666667, 0.3548387096774194, 0.375, 0.37142857142857144, 0.32352941176470584,        
0.36363636363636365, 0.34375, 0.34375, 0.3870967741935484, 0.34375, 0.2666666666666667, 0.3548387096774194, 0.375, 0.37142857142857144, 0.32352941176470584,        
0.36363636363636365, 0.34375, 0.34375, 0.3870967741935484, 0.34375, 0.2666666666666667, 0.3548387096774194, 0.375, 0.37142857142857144, 0.32352941176470584,        
0.36363636363636365, 0.34375, 0.34375, 0.3870967741935484, 0.34375, 0.2666666666666667, 0.3548387096774194, 0.375, 0.37142857142857144, 0.32352941176470584,        
0.34375, 0.34375, 0.34375, 0.3870967741935484, 0.34375, 0.2666666666666667, 0.3548387096774194, 0.375, 0.37142857142857144, 0.32352941176470584,        
0.34375, 0.34375, 0.34375, 0.3870967741935484, 0.34375, 0.2666666666666667, 0.3548387096774194, 0.375, 0.37142857142857144, 0.37142857142857144,        
0.34375, 0.34375, 0.34375, 0.3870967741935484, 0.34375, 0.2666666666666667, 0.3548387096774194, 0.375, 0.37142857142857144, 0.37142857142857144,        
0.34375, 0.34375, 0.34375, 0.3870967741935484, 0.34375, 0.2666666666666667, 0.3548387096774194, 0.375, 0.36363636363636365, 0.37142857142857144,        
0.34375, 0.34375, 0.34375, 0.3870967741935484, 0.34375, 0.2666666666666667, 0.3548387096774194, 0.375, 0.36363636363636365, 0.37142857142857144,        
0.34375, 0.34375, 0.34375, 0.3870967741935484, 0.34375, 0.2666666666666667, 0.3548387096774194, 0.375, 0.36363636363636365, 0.37142857142857144,        
0.34375, 0.34375, 0.34375, 0.3870967741935484, 0.34375, 0.2666666666666667, 0.3548387096774194, 0.375, 0.36363636363636365, 0.37142857142857144,        
0.34375, 0.34375, 0.34375, 0.3870967741935484, 0.34375, 0.2666666666666667, 0.3548387096774194, 0.375, 0.36363636363636365, 0.37142857142857144,        
0.34375, 0.34375, 0.34375, 0.3870967741935484, 0.32258064516129037, 0.2666666666666667, 0.3548387096774194, 0.375, 0.36363636363636365, 0.37142857142857144,        
0.34375, 0.34375, 0.34375, 0.3870967741935484, 0.32258064516129037, 0.2666666666666667, 0.3548387096774194, 0.375, 0.36363636363636365, 0.37142857142857144,        
0.34375, 0.34375, 0.34375, 0.3870967741935484, 0.32258064516129037, 0.2666666666666667, 0.3548387096774194, 0.375, 0.36363636363636365, 0.37142857142857144,        
0.34375, 0.34375, 0.34375, 0.3870967741935484, 0.32258064516129037, 0.2666666666666667, 0.3548387096774194, 0.375, 0.36363636363636365, 0.37142857142857144,        
0.29032258064516125, 0.34375, 0.34375, 0.3870967741935484, 0.32258064516129037, 0.2666666666666667, 0.3548387096774194, 0.375, 0.36363636363636365, 0.37142857142857144,        
0.29032258064516125, 0.34375, 0.34375, 0.3870967741935484, 0.32258064516129037, 0.2666666666666667, 0.3548387096774194, 0.375, 0.36363636363636365, 0.37142857142857144,        
0.29032258064516125, 0.34375, 0.34375, 0.3870967741935484, 0.32258064516129037, 0.2666666666666667, 0.3548387096774194, 0.375, 0.36363636363636365, 0.37142857142857144,        
0.29032258064516125, 0.34375, 0.34375, 0.3870967741935484, 0.32258064516129037, 0.2666666666666667, 0.3548387096774194, 0.375, 0.36363636363636365, 0.37142857142857144,        
0.29032258064516125, 0.34375, 0.34375, 0.3870967741935484, 0.32258064516129037, 0.2666666666666667, 0.3548387096774194, 0.375, 0.3529411764705882, 0.37142857142857144,        
0.29032258064516125, 0.34375, 0.34375, 0.3870967741935484, 0.32258064516129037, 0.2666666666666667, 0.3548387096774194, 0.375, 0.3529411764705882, 0.37142857142857144,        
0.29032258064516125, 0.36111111111111116, 0.34375, 0.3870967741935484, 0.32258064516129037, 0.2666666666666667, 0.3548387096774194, 0.375, 0.3529411764705882, 0.37142857142857144,        
0.29032258064516125, 0.36111111111111116, 0.34375, 0.3870967741935484, 0.32258064516129037, 0.2666666666666667, 0.3548387096774194, 0.375, 0.3529411764705882, 0.37142857142857144,        
0.29032258064516125, 0.36111111111111116, 0.34375, 0.3870967741935484, 0.32258064516129037, 0.2666666666666667, 0.3548387096774194, 0.375, 0.3529411764705882, 0.37142857142857144,        
0.29032258064516125, 0.36111111111111116, 0.34375, 0.3870967741935484, 0.32258064516129037, 0.2666666666666667, 0.3548387096774194, 0.375, 0.3529411764705882, 0.37142857142857144,        
0.29032258064516125, 0.36111111111111116, 0.34375, 0.3870967741935484, 0.32258064516129037, 0.2666666666666667, 0.3548387096774194, 0.375, 0.3529411764705882, 0.37142857142857144,        
0.29032258064516125, 0.36111111111111116, 0.34375, 0.3870967741935484, 0.32258064516129037, 0.2666666666666667, 0.3548387096774194, 0.34375, 0.3529411764705882, 0.37142857142857144,        
0.29032258064516125, 0.36111111111111116, 0.34375, 0.3870967741935484, 0.32258064516129037, 0.2666666666666667, 0.3548387096774194, 0.34375, 0.3529411764705882, 0.37142857142857144,        
0.29032258064516125, 0.36111111111111116, 0.34375, 0.3870967741935484, 0.32258064516129037, 0.2666666666666667, 0.3548387096774194, 0.34375, 0.3529411764705882, 0.37142857142857144,        
0.29032258064516125, 0.36111111111111116, 0.34375, 0.3870967741935484, 0.32258064516129037, 0.2666666666666667, 0.3548387096774194, 0.34375, 0.3529411764705882, 0.37142857142857144,        
0.29032258064516125, 0.36111111111111116, 0.34375, 0.3870967741935484, 0.32258064516129037, 0.2666666666666667, 0.3548387096774194, 0.34375, 0.3529411764705882, 0.37142857142857144,        
0.29032258064516125, 0.36111111111111116, 0.34375, 0.3870967741935484, 0.32258064516129037, 0.2666666666666667, 0.3548387096774194, 0.34375, 0.3529411764705882, 0.37142857142857144,        
0.29032258064516125, 0.36111111111111116, 0.34375, 0.3870967741935484, 0.32258064516129037, 0.2666666666666667, 0.3548387096774194, 0.34375, 0.3529411764705882, 0.37142857142857144,        
0.29032258064516125, 0.36111111111111116, 0.34375, 0.38235294117647056, 0.29032258064516125, 0.2666666666666667, 0.3548387096774194, 0.34375, 0.3529411764705882, 0.37142857142857144,        
0.29032258064516125, 0.36111111111111116, 0.34375, 0.38235294117647056, 0.29032258064516125, 0.2666666666666667, 0.3548387096774194, 0.34375, 0.3529411764705882, 0.37142857142857144,        
0.29032258064516125, 0.36111111111111116, 0.34375, 0.38235294117647056, 0.29032258064516125, 0.2666666666666667, 0.3548387096774194, 0.34375, 0.3529411764705882, 0.37142857142857144,        
0.29032258064516125, 0.36111111111111116, 0.34375, 0.38235294117647056, 0.29032258064516125, 0.2666666666666667, 0.3548387096774194, 0.34375, 0.3529411764705882, 0.37142857142857144,        
0.29032258064516125, 0.36111111111111116, 0.34375, 0.38235294117647056, 0.29032258064516125, 0.2666666666666667, 0.3548387096774194, 0.34375, 0.3529411764705882, 0.37142857142857144,        
0.29032258064516125, 0.36111111111111116, 0.34375, 0.38235294117647056, 0.29032258064516125, 0.2666666666666667, 0.3548387096774194, 0.34375, 0.3529411764705882, 0.37142857142857144,        
0.29032258064516125, 0.36111111111111116, 0.34375, 0.38235294117647056, 0.29032258064516125, 0.2666666666666667, 0.3548387096774194, 0.34375, 0.3529411764705882, 0.37142857142857144,        
0.29032258064516125, 0.36111111111111116, 0.34375, 0.38235294117647056, 0.29032258064516125, 0.2666666666666667, 0.3548387096774194, 0.34375, 0.3529411764705882, 0.37142857142857144,        
0.29032258064516125, 0.3448275862068966, 0.34375, 0.38235294117647056, 0.29032258064516125, 0.2666666666666667, 0.3548387096774194, 0.34375, 0.3529411764705882, 0.37142857142857144,        
0.29032258064516125, 0.3448275862068966, 0.34375, 0.38235294117647056, 0.29032258064516125, 0.2666666666666667, 0.3548387096774194, 0.32258064516129037, 0.3529411764705882, 0.37142857142857144,        
0.29032258064516125, 0.36111111111111116, 0.34375, 0.38235294117647056, 0.29032258064516125, 0.2666666666666667, 0.3548387096774194, 0.32258064516129037, 0.3529411764705882, 0.37142857142857144,        
0.29032258064516125, 0.36111111111111116, 0.34375, 0.38235294117647056, 0.29032258064516125, 0.2666666666666667, 0.3548387096774194, 0.32258064516129037, 0.3529411764705882, 0.37142857142857144,        
0.29032258064516125, 0.36111111111111116, 0.34375, 0.38235294117647056, 0.29032258064516125, 0.2666666666666667, 0.3548387096774194, 0.32258064516129037, 0.3529411764705882, 0.37142857142857144,        
0.29032258064516125, 0.36111111111111116, 0.34375, 0.38235294117647056, 0.29032258064516125, 0.2666666666666667, 0.3548387096774194, 0.32258064516129037, 0.3529411764705882, 0.37142857142857144,        
0.29032258064516125, 0.36111111111111116, 0.34375, 0.38235294117647056, 0.29032258064516125, 0.2666666666666667, 0.3548387096774194, 0.32258064516129037, 0.3529411764705882, 0.37142857142857144,        
0.29032258064516125, 0.36111111111111116, 0.34375, 0.38235294117647056, 0.29032258064516125, 0.2666666666666667, 0.34375, 0.32258064516129037, 0.3529411764705882, 0.37142857142857144,        
0.29032258064516125, 0.36111111111111116, 0.34375, 0.38235294117647056, 0.29032258064516125, 0.2666666666666667, 0.34375, 0.32258064516129037, 0.3529411764705882, 0.37142857142857144,        
0.29032258064516125, 0.36111111111111116, 0.34375, 0.38235294117647056, 0.29032258064516125, 0.2666666666666667, 0.34375, 0.32258064516129037, 0.3529411764705882, 0.37142857142857144,        
0.29032258064516125, 0.36111111111111116, 0.34375, 0.38235294117647056, 0.29032258064516125, 0.2666666666666667, 0.34375, 0.32258064516129037, 0.3529411764705882, 0.37142857142857144,        
0.29032258064516125, 0.36111111111111116, 0.34375, 0.38235294117647056, 0.29032258064516125, 0.2666666666666667, 0.34375, 0.32258064516129037, 0.33333333333333337, 0.37142857142857144,        
0.29032258064516125, 0.36111111111111116, 0.34375, 0.38235294117647056, 0.29032258064516125, 0.2666666666666667, 0.34375, 0.32258064516129037, 0.33333333333333337, 0.37142857142857144,        
0.29032258064516125, 0.36111111111111116, 0.34375, 0.38235294117647056, 0.29032258064516125, 0.2666666666666667, 0.34375, 0.32258064516129037, 0.33333333333333337, 0.37142857142857144,        
0.29032258064516125, 0.36111111111111116, 0.34375, 0.38235294117647056, 0.29032258064516125, 0.2666666666666667, 0.34375, 0.32258064516129037, 0.33333333333333337, 0.37142857142857144,        
0.29032258064516125, 0.36111111111111116, 0.34375, 0.38235294117647056, 0.29032258064516125, 0.2666666666666667, 0.34375, 0.32258064516129037, 0.33333333333333337, 0.37142857142857144,        
0.29032258064516125, 0.36111111111111116, 0.34375, 0.38235294117647056, 0.29032258064516125, 0.2666666666666667, 0.34375, 0.32258064516129037, 0.33333333333333337, 0.37142857142857144,        
0.29032258064516125, 0.36111111111111116, 0.34375, 0.38235294117647056, 0.29032258064516125, 0.2666666666666667, 0.34375, 0.32258064516129037, 0.33333333333333337, 0.37142857142857144,        
0.29032258064516125, 0.36111111111111116, 0.34375, 0.38235294117647056, 0.29032258064516125, 0.2666666666666667, 0.34375, 0.32258064516129037, 0.33333333333333337, 0.37142857142857144,        
0.29032258064516125, 0.36111111111111116, 0.34375, 0.38235294117647056, 0.29032258064516125, 0.2666666666666667, 0.34375, 0.32258064516129037, 0.33333333333333337, 0.37142857142857144,        
0.29032258064516125, 0.36111111111111116, 0.34375, 0.38235294117647056, 0.29032258064516125, 0.2666666666666667, 0.34375, 0.32258064516129037, 0.33333333333333337, 0.37142857142857144,        
0.29032258064516125, 0.36111111111111116, 0.34375, 0.38235294117647056, 0.29032258064516125, 0.2666666666666667, 0.34375, 0.32258064516129037, 0.33333333333333337, 0.37142857142857144,        
0.29032258064516125, 0.36111111111111116, 0.34375, 0.38235294117647056, 0.29032258064516125, 0.2666666666666667, 0.34375, 0.32258064516129037, 0.33333333333333337, 0.37142857142857144,        
0.29032258064516125, 0.36111111111111116, 0.34375, 0.38235294117647056, 0.29032258064516125, 0.2666666666666667, 0.34375, 0.32258064516129037, 0.33333333333333337, 0.37142857142857144,        
0.29032258064516125, 0.36111111111111116, 0.34375, 0.34285714285714286, 0.29032258064516125, 0.2666666666666667, 0.34375, 0.32258064516129037, 0.33333333333333337, 0.37142857142857144,        
0.29032258064516125, 0.36111111111111116, 0.34375, 0.34285714285714286, 0.29032258064516125, 0.2666666666666667, 0.34375, 0.32258064516129037, 0.33333333333333337, 0.37142857142857144,        
0.29032258064516125, 0.36111111111111116, 0.34375, 0.34285714285714286, 0.29032258064516125, 0.2666666666666667, 0.34375, 0.32258064516129037, 0.33333333333333337, 0.37142857142857144,        
0.29032258064516125, 0.36111111111111116, 0.34375, 0.34285714285714286, 0.29032258064516125, 0.2666666666666667, 0.34375, 0.32258064516129037, 0.33333333333333337, 0.37142857142857144,        
0.29032258064516125, 0.36111111111111116, 0.34375, 0.34285714285714286, 0.29032258064516125, 0.2666666666666667, 0.34375, 0.32258064516129037, 0.33333333333333337, 0.37142857142857144,        
0.29032258064516125, 0.36111111111111116, 0.34375, 0.34285714285714286, 0.29032258064516125, 0.2666666666666667, 0.34375, 0.32258064516129037, 0.33333333333333337, 0.37142857142857144,        
0.29032258064516125, 0.36111111111111116, 0.34375, 0.34285714285714286, 0.29032258064516125, 0.2666666666666667, 0.34375, 0.32258064516129037, 0.33333333333333337, 0.37142857142857144,        
0.29032258064516125, 0.36111111111111116, 0.34375, 0.34285714285714286, 0.29032258064516125, 0.2666666666666667, 0.34375, 0.32258064516129037, 0.33333333333333337, 0.37142857142857144,        
0.29032258064516125, 0.36111111111111116, 0.34375, 0.34285714285714286, 0.29032258064516125, 0.2666666666666667, 0.34375, 0.32258064516129037, 0.33333333333333337, 0.37142857142857144,        
0.29032258064516125, 0.36111111111111116, 0.34375, 0.34285714285714286, 0.29032258064516125, 0.2666666666666667, 0.34375, 0.32258064516129037, 0.33333333333333337, 0.37142857142857144,        
0.29032258064516125, 0.36111111111111116, 0.34375, 0.34285714285714286, 0.29032258064516125, 0.2666666666666667, 0.34375, 0.32258064516129037, 0.33333333333333337, 0.37142857142857144,        
0.29032258064516125, 0.36111111111111116, 0.34375, 0.34285714285714286, 0.29032258064516125, 0.2666666666666667, 0.34375, 0.32258064516129037, 0.33333333333333337, 0.37142857142857144,        
0.29032258064516125, 0.36111111111111116, 0.34375, 0.34285714285714286, 0.29032258064516125, 0.2666666666666667, 0.34375, 0.32258064516129037, 0.33333333333333337, 0.37142857142857144,        
0.29032258064516125, 0.36111111111111116, 0.34375, 0.34285714285714286, 0.29032258064516125, 0.2666666666666667, 0.34375, 0.32258064516129037, 0.33333333333333337, 0.37142857142857144,        
0.29032258064516125, 0.36111111111111116, 0.34375, 0.34285714285714286, 0.29032258064516125, 0.2666666666666667, 0.34375, 0.32258064516129037, 0.33333333333333337, 0.37142857142857144,        
0.29032258064516125, 0.36111111111111116, 0.34375, 0.34285714285714286, 0.29032258064516125, 0.2666666666666667, 0.34375, 0.32258064516129037, 0.33333333333333337, 0.37142857142857144,        
0.29032258064516125, 0.36111111111111116, 0.34375, 0.34285714285714286, 0.29032258064516125, 0.2666666666666667, 0.34375, 0.32258064516129037, 0.33333333333333337, 0.37142857142857144,        
0.29032258064516125, 0.36111111111111116, 0.34375, 0.34285714285714286, 0.29032258064516125, 0.2666666666666667, 0.34375, 0.32258064516129037, 0.33333333333333337, 0.37142857142857144,        
0.29032258064516125, 0.36111111111111116, 0.34375, 0.34285714285714286, 0.29032258064516125, 0.2666666666666667, 0.34375, 0.32258064516129037, 0.33333333333333337, 0.37142857142857144,        
0.29032258064516125, 0.36111111111111116, 0.34375, 0.34285714285714286, 0.34375, 0.2666666666666667, 0.34375, 0.32258064516129037, 0.33333333333333337, 0.37142857142857144,        
0.29032258064516125, 0.36111111111111116, 0.34375, 0.34285714285714286, 0.34375, 0.2666666666666667, 0.34375, 0.32258064516129037, 0.33333333333333337, 0.37142857142857144,        
0.29032258064516125, 0.36111111111111116, 0.34375, 0.34285714285714286, 0.34375, 0.2666666666666667, 0.34375, 0.32258064516129037, 0.33333333333333337, 0.37142857142857144,        
0.29032258064516125, 0.36111111111111116, 0.34375, 0.34285714285714286, 0.34375, 0.2666666666666667, 0.34375, 0.32258064516129037, 0.33333333333333337, 0.37142857142857144,        
0.29032258064516125, 0.36111111111111116, 0.34375, 0.34285714285714286, 0.34375, 0.2666666666666667, 0.34375, 0.32258064516129037, 0.33333333333333337, 0.37142857142857144,        
0.29032258064516125, 0.36111111111111116, 0.34375, 0.34285714285714286, 0.34375, 0.2666666666666667, 0.34375, 0.32258064516129037, 0.33333333333333337, 0.37142857142857144,        
0.29032258064516125, 0.36111111111111116, 0.34375, 0.34285714285714286, 0.34375, 0.2666666666666667, 0.34375, 0.32258064516129037, 0.33333333333333337, 0.37142857142857144,        
0.29032258064516125, 0.36111111111111116, 0.34375, 0.34285714285714286, 0.34375, 0.2666666666666667, 0.34375, 0.32258064516129037, 0.33333333333333337, 0.37142857142857144,        
0.29032258064516125, 0.36111111111111116, 0.34375, 0.34285714285714286, 0.34375, 0.2666666666666667, 0.34375, 0.32258064516129037, 0.33333333333333337, 0.37142857142857144,        
0.29032258064516125, 0.36111111111111116, 0.34375, 0.34285714285714286, 0.34375, 0.2666666666666667, 0.34375, 0.32258064516129037, 0.33333333333333337, 0.37142857142857144,        
0.29032258064516125, 0.36111111111111116, 0.34375, 0.34285714285714286, 0.34375, 0.2666666666666667, 0.34375, 0.32258064516129037, 0.33333333333333337, 0.37142857142857144,        
0.29032258064516125, 0.36111111111111116, 0.34375, 0.34285714285714286, 0.34375, 0.2666666666666667, 0.34375, 0.32258064516129037, 0.33333333333333337, 0.37142857142857144,        
0.29032258064516125, 0.36111111111111116, 0.34375, 0.34285714285714286, 0.34375, 0.2666666666666667, 0.34375, 0.32258064516129037, 0.33333333333333337, 0.37142857142857144,        
0.29032258064516125, 0.36111111111111116, 0.34375, 0.34285714285714286, 0.34375, 0.2666666666666667, 0.34375, 0.32258064516129037, 0.33333333333333337, 0.37142857142857144,        
0.29032258064516125, 0.36111111111111116, 0.34375, 0.34285714285714286, 0.34375, 0.2666666666666667, 0.34375, 0.32258064516129037, 0.33333333333333337, 0.37142857142857144,        
0.29032258064516125, 0.36111111111111116, 0.34375, 0.34285714285714286, 0.34375, 0.2666666666666667, 0.34375, 0.32258064516129037, 0.33333333333333337, 0.37142857142857144,        
0.29032258064516125, 0.36111111111111116, 0.34375, 0.34285714285714286, 0.34375, 0.2666666666666667, 0.34375, 0.32258064516129037, 0.33333333333333337, 0.37142857142857144,        
0.29032258064516125, 0.36111111111111116, 0.34375, 0.34285714285714286, 0.34375, 0.2666666666666667, 0.34375, 0.32258064516129037, 0.33333333333333337, 0.37142857142857144,        
0.29032258064516125, 0.36111111111111116, 0.34375, 0.34285714285714286, 0.34375, 0.2666666666666667, 0.34375, 0.32258064516129037, 0.33333333333333337, 0.37142857142857144,        
0.29032258064516125, 0.36111111111111116, 0.34375, 0.34285714285714286, 0.34375, 0.2666666666666667, 0.34375, 0.32258064516129037, 0.33333333333333337, 0.37142857142857144,        
0.29032258064516125, 0.36111111111111116, 0.34375, 0.34285714285714286, 0.34375, 0.2666666666666667, 0.34375, 0.32258064516129037, 0.33333333333333337, 0.37142857142857144,        
0.29032258064516125, 0.36111111111111116, 0.34375, 0.34285714285714286, 0.34375, 0.2666666666666667, 0.34375, 0.32258064516129037, 0.33333333333333337, 0.37142857142857144,        
0.29032258064516125, 0.3548387096774194, 0.34375, 0.34285714285714286, 0.34375, 0.2666666666666667, 0.34375, 0.32258064516129037, 0.33333333333333337, 0.37142857142857144,        
0.29032258064516125, 0.3548387096774194, 0.34375, 0.34285714285714286, 0.34375, 0.2666666666666667, 0.34375, 0.32258064516129037, 0.33333333333333337, 0.37142857142857144,        
0.29032258064516125, 0.3548387096774194, 0.34375, 0.34285714285714286, 0.34375, 0.2666666666666667, 0.34375, 0.32258064516129037, 0.33333333333333337, 0.37142857142857144,        
0.29032258064516125, 0.3548387096774194, 0.34375, 0.34285714285714286, 0.34375, 0.2666666666666667, 0.34375, 0.32258064516129037, 0.33333333333333337, 0.37142857142857144,        
0.29032258064516125, 0.3548387096774194, 0.34375, 0.34285714285714286, 0.34375, 0.2666666666666667, 0.34375, 0.32258064516129037, 0.33333333333333337, 0.37142857142857144,        
0.29032258064516125, 0.3548387096774194, 0.34375, 0.34285714285714286, 0.34375, 0.2666666666666667, 0.34375, 0.32258064516129037, 0.33333333333333337, 0.37142857142857144,        
0.29032258064516125, 0.3548387096774194, 0.34375, 0.34285714285714286, 0.34375, 0.2666666666666667, 0.34375, 0.32258064516129037, 0.33333333333333337, 0.37142857142857144,        
0.29032258064516125, 0.3548387096774194, 0.34375, 0.34285714285714286, 0.34375, 0.2666666666666667, 0.34375, 0.32258064516129037, 0.33333333333333337, 0.37142857142857144,        
0.29032258064516125, 0.3548387096774194, 0.34375, 0.34285714285714286, 0.34375, 0.2666666666666667, 0.34375, 0.32258064516129037, 0.33333333333333337, 0.37142857142857144,        
0.29032258064516125, 0.3548387096774194, 0.34375, 0.34285714285714286, 0.34375, 0.2666666666666667, 0.34375, 0.32258064516129037, 0.33333333333333337, 0.37142857142857144,        
0.29032258064516125, 0.3548387096774194, 0.34375, 0.34285714285714286, 0.34375, 0.2666666666666667, 0.34375, 0.32258064516129037, 0.33333333333333337, 0.37142857142857144,        
0.29032258064516125, 0.3548387096774194, 0.34375, 0.34285714285714286, 0.34375, 0.2666666666666667, 0.34375, 0.32258064516129037, 0.33333333333333337, 0.37142857142857144,        
0.29032258064516125, 0.3548387096774194, 0.34375, 0.34285714285714286, 0.34375, 0.2666666666666667, 0.34375, 0.32258064516129037, 0.33333333333333337, 0.37142857142857144,        
0.29032258064516125, 0.3548387096774194, 0.34375, 0.34285714285714286, 0.34375, 0.2666666666666667, 0.34375, 0.32258064516129037, 0.33333333333333337, 0.37142857142857144,        
0.29032258064516125, 0.3548387096774194, 0.34375, 0.34285714285714286, 0.34375, 0.2666666666666667, 0.34375, 0.32258064516129037, 0.33333333333333337, 0.37142857142857144,        
0.29032258064516125, 0.3548387096774194, 0.34375, 0.34285714285714286, 0.34375, 0.2666666666666667, 0.34375, 0.32258064516129037, 0.33333333333333337, 0.37142857142857144,        
0.29032258064516125, 0.3548387096774194, 0.34375, 0.34285714285714286, 0.34375, 0.2666666666666667, 0.34375, 0.32258064516129037, 0.33333333333333337, 0.37142857142857144,        
0.29032258064516125, 0.3548387096774194, 0.34375, 0.34285714285714286, 0.34375, 0.2666666666666667, 0.34375, 0.32258064516129037, 0.33333333333333337, 0.37142857142857144,        
0.29032258064516125, 0.3548387096774194, 0.34375, 0.34285714285714286, 0.34375, 0.2666666666666667, 0.34375, 0.32258064516129037, 0.33333333333333337, 0.37142857142857144,        
0.29032258064516125, 0.3548387096774194, 0.34375, 0.34285714285714286, 0.34375, 0.2666666666666667, 0.34375, 0.32258064516129037, 0.33333333333333337, 0.37142857142857144,        
0.29032258064516125, 0.3548387096774194, 0.34375, 0.34285714285714286, 0.34375, 0.2666666666666667, 0.34375, 0.32258064516129037, 0.33333333333333337, 0.37142857142857144,        
0.29032258064516125, 0.3548387096774194, 0.34375, 0.34285714285714286, 0.34375, 0.2666666666666667, 0.34375, 0.32258064516129037, 0.33333333333333337, 0.37142857142857144,        
0.29032258064516125, 0.3548387096774194, 0.34375, 0.34285714285714286, 0.34375, 0.2666666666666667, 0.34375, 0.32258064516129037, 0.3529411764705882, 0.37142857142857144,        
0.29032258064516125, 0.3548387096774194, 0.34375, 0.34285714285714286, 0.34375, 0.2666666666666667, 0.34375, 0.32258064516129037, 0.3529411764705882, 0.37142857142857144,        
0.29032258064516125, 0.3548387096774194, 0.34375, 0.34285714285714286, 0.34375, 0.2666666666666667, 0.34375, 0.32258064516129037, 0.3529411764705882, 0.37142857142857144,        
0.29032258064516125, 0.3548387096774194, 0.34375, 0.34285714285714286, 0.34375, 0.2666666666666667, 0.34375, 0.32258064516129037, 0.32352941176470584, 0.37142857142857144,        
0.29032258064516125, 0.3548387096774194, 0.34375, 0.34285714285714286, 0.34375, 0.2666666666666667, 0.34375, 0.32258064516129037, 0.32352941176470584, 0.37142857142857144,        
0.29032258064516125, 0.3548387096774194, 0.34375, 0.34285714285714286, 0.34375, 0.2666666666666667, 0.34375, 0.32258064516129037, 0.32352941176470584, 0.37142857142857144,        
0.29032258064516125, 0.3548387096774194, 0.33333333333333337, 0.34285714285714286, 0.34375, 0.2666666666666667, 0.34375, 0.32258064516129037, 0.32352941176470584, 0.37142857142857144,        
0.29032258064516125, 0.3548387096774194, 0.33333333333333337, 0.34285714285714286, 0.34375, 0.2666666666666667, 0.34375, 0.32258064516129037, 0.32352941176470584, 0.37142857142857144,        
0.29032258064516125, 0.3548387096774194, 0.33333333333333337, 0.34285714285714286, 0.34375, 0.2666666666666667, 0.34375, 0.32258064516129037, 0.32352941176470584, 0.37142857142857144,        
0.29032258064516125, 0.3548387096774194, 0.33333333333333337, 0.34285714285714286, 0.34375, 0.2666666666666667, 0.34375, 0.32258064516129037, 0.32352941176470584, 0.37142857142857144,        
0.29032258064516125, 0.3548387096774194, 0.33333333333333337, 0.34285714285714286, 0.34375, 0.2666666666666667, 0.34375, 0.32258064516129037, 0.32352941176470584, 0.37142857142857144,        
0.29032258064516125, 0.3548387096774194, 0.33333333333333337, 0.34285714285714286, 0.34375, 0.2666666666666667, 0.34375, 0.32258064516129037, 0.32352941176470584, 0.37142857142857144,        
0.29032258064516125, 0.3548387096774194, 0.33333333333333337, 0.34285714285714286, 0.34375, 0.2666666666666667, 0.34375, 0.32258064516129037, 0.32352941176470584, 0.37142857142857144,        
0.29032258064516125, 0.3548387096774194, 0.33333333333333337, 0.34285714285714286, 0.34375, 0.2666666666666667, 0.34375, 0.32258064516129037, 0.32352941176470584, 0.37142857142857144,        
0.29032258064516125, 0.3548387096774194, 0.33333333333333337, 0.34285714285714286, 0.34375, 0.2666666666666667, 0.34375, 0.32258064516129037, 0.32352941176470584, 0.37142857142857144,        
0.29032258064516125, 0.3548387096774194, 0.33333333333333337, 0.34285714285714286, 0.34375, 0.2666666666666667, 0.34375, 0.32258064516129037, 0.32352941176470584, 0.37142857142857144,        
0.29032258064516125, 0.3548387096774194, 0.33333333333333337, 0.34285714285714286, 0.34375, 0.2666666666666667, 0.34375, 0.32258064516129037, 0.32352941176470584, 0.37142857142857144,        
0.29032258064516125, 0.3548387096774194, 0.33333333333333337, 0.34285714285714286, 0.34375, 0.2666666666666667, 0.34375, 0.32258064516129037, 0.32352941176470584, 0.37142857142857144,        
0.29032258064516125, 0.3548387096774194, 0.33333333333333337, 0.34285714285714286, 0.34375, 0.2666666666666667, 0.34375, 0.32258064516129037, 0.32352941176470584, 0.37142857142857144,        
0.29032258064516125, 0.3548387096774194, 0.33333333333333337, 0.34285714285714286, 0.34375, 0.2666666666666667, 0.34375, 0.32258064516129037, 0.32352941176470584, 0.37142857142857144,        
0.29032258064516125, 0.3548387096774194, 0.33333333333333337, 0.3529411764705882, 0.34375, 0.2666666666666667, 0.34375, 0.32258064516129037, 0.32352941176470584, 0.37142857142857144,        
0.29032258064516125, 0.3548387096774194, 0.33333333333333337, 0.3529411764705882, 0.34375, 0.2666666666666667, 0.34375, 0.32258064516129037, 0.32352941176470584, 0.37142857142857144,        
0.29032258064516125, 0.3548387096774194, 0.33333333333333337, 0.3529411764705882, 0.34375, 0.2666666666666667, 0.34375, 0.32258064516129037, 0.32352941176470584, 0.37142857142857144,        
0.29032258064516125, 0.3548387096774194, 0.33333333333333337, 0.3529411764705882, 0.34375, 0.2666666666666667, 0.34375, 0.32258064516129037, 0.32352941176470584, 0.37142857142857144,        
0.29032258064516125, 0.3548387096774194, 0.33333333333333337, 0.3529411764705882, 0.34375, 0.2666666666666667, 0.34375, 0.32258064516129037, 0.32352941176470584, 0.37142857142857144,        
0.29032258064516125, 0.3548387096774194, 0.33333333333333337, 0.3529411764705882, 0.34375, 0.2666666666666667, 0.34375, 0.32258064516129037, 0.32352941176470584, 0.37142857142857144,        
0.29032258064516125, 0.3548387096774194, 0.33333333333333337, 0.3529411764705882, 0.34375, 0.2666666666666667, 0.34375, 0.29032258064516125, 0.32352941176470584, 0.37142857142857144,        
0.29032258064516125, 0.3548387096774194, 0.33333333333333337, 0.3529411764705882, 0.34375, 0.2666666666666667, 0.34375, 0.29032258064516125, 0.32352941176470584, 0.37142857142857144,        
0.29032258064516125, 0.3548387096774194, 0.33333333333333337, 0.3529411764705882, 0.34375, 0.2666666666666667, 0.34375, 0.29032258064516125, 0.32352941176470584, 0.37142857142857144,        
0.29032258064516125, 0.3548387096774194, 0.33333333333333337, 0.3529411764705882, 0.34375, 0.2666666666666667, 0.34375, 0.29032258064516125, 0.32352941176470584, 0.37142857142857144,        
0.29032258064516125, 0.3548387096774194, 0.33333333333333337, 0.3529411764705882, 0.34375, 0.2666666666666667, 0.34375, 0.29032258064516125, 0.32352941176470584, 0.37142857142857144,        
0.29032258064516125, 0.3548387096774194, 0.33333333333333337, 0.3529411764705882, 0.34375, 0.2666666666666667, 0.34375, 0.29032258064516125, 0.32352941176470584, 0.37142857142857144,        
0.29032258064516125, 0.3548387096774194, 0.33333333333333337, 0.3529411764705882, 0.34375, 0.2666666666666667, 0.34375, 0.29032258064516125, 0.32352941176470584, 0.37142857142857144,        
0.29032258064516125, 0.3548387096774194, 0.33333333333333337, 0.3529411764705882, 0.34375, 0.2666666666666667, 0.34375, 0.29032258064516125, 0.32352941176470584, 0.37142857142857144,        
0.29032258064516125, 0.3548387096774194, 0.33333333333333337, 0.3529411764705882, 0.34375, 0.2666666666666667, 0.34375, 0.29032258064516125, 0.32352941176470584, 0.37142857142857144,        
0.29032258064516125, 0.3548387096774194, 0.33333333333333337, 0.3529411764705882, 0.34375, 0.2666666666666667, 0.34375, 0.29032258064516125, 0.32352941176470584, 0.37142857142857144,        
0.29032258064516125, 0.3548387096774194, 0.33333333333333337, 0.3529411764705882, 0.34375, 0.2666666666666667, 0.34375, 0.29032258064516125, 0.32352941176470584, 0.37142857142857144,        
0.29032258064516125, 0.3548387096774194, 0.33333333333333337, 0.3529411764705882, 0.34375, 0.2666666666666667, 0.34375, 0.29032258064516125, 0.32352941176470584, 0.37142857142857144,        
0.29032258064516125, 0.3548387096774194, 0.33333333333333337, 0.3529411764705882, 0.34375, 0.2666666666666667, 0.34375, 0.29032258064516125, 0.32352941176470584, 0.37142857142857144,        
0.29032258064516125, 0.3548387096774194, 0.33333333333333337, 0.3529411764705882, 0.34375, 0.2666666666666667, 0.34375, 0.29032258064516125, 0.32352941176470584, 0.37142857142857144,        
0.29032258064516125, 0.3548387096774194, 0.33333333333333337, 0.3529411764705882, 0.34375, 0.2666666666666667, 0.34375, 0.29032258064516125, 0.32352941176470584, 0.37142857142857144,        
0.29032258064516125, 0.3548387096774194, 0.33333333333333337, 0.3529411764705882, 0.34375, 0.2666666666666667, 0.34375, 0.29032258064516125, 0.32352941176470584, 0.37142857142857144,        
0.29032258064516125, 0.3548387096774194, 0.33333333333333337, 0.3529411764705882, 0.34375, 0.2666666666666667, 0.34375, 0.29032258064516125, 0.32352941176470584, 0.37142857142857144,        
0.29032258064516125, 0.3548387096774194, 0.33333333333333337, 0.3529411764705882, 0.34375, 0.2666666666666667, 0.34375, 0.29032258064516125, 0.32352941176470584, 0.37142857142857144,        
0.29032258064516125, 0.3548387096774194, 0.33333333333333337, 0.3529411764705882, 0.34375, 0.2666666666666667, 0.34375, 0.29032258064516125, 0.32352941176470584, 0.37142857142857144,        
0.29032258064516125, 0.3548387096774194, 0.33333333333333337, 0.3529411764705882, 0.34375, 0.2666666666666667, 0.33333333333333337, 0.29032258064516125, 0.32352941176470584, 0.37142857142857144,        
0.29032258064516125, 0.3548387096774194, 0.33333333333333337, 0.3529411764705882, 0.34375, 0.2666666666666667, 0.33333333333333337, 0.29032258064516125, 0.32352941176470584, 0.37142857142857144,        
0.29032258064516125, 0.3548387096774194, 0.33333333333333337, 0.3529411764705882, 0.34375, 0.2666666666666667, 0.33333333333333337, 0.29032258064516125, 0.32352941176470584, 0.37142857142857144,        
0.29032258064516125, 0.3548387096774194, 0.33333333333333337, 0.3529411764705882, 0.34375, 0.2666666666666667, 0.33333333333333337, 0.29032258064516125, 0.32352941176470584, 0.37142857142857144,        
0.29032258064516125, 0.3548387096774194, 0.33333333333333337, 0.3529411764705882, 0.34375, 0.2666666666666667, 0.33333333333333337, 0.29032258064516125, 0.32352941176470584, 0.37142857142857144,        
0.29032258064516125, 0.3548387096774194, 0.33333333333333337, 0.3529411764705882, 0.34375, 0.2666666666666667, 0.33333333333333337, 0.29032258064516125, 0.32352941176470584, 0.37142857142857144,        
0.29032258064516125, 0.3548387096774194, 0.33333333333333337, 0.3529411764705882, 0.34375, 0.2666666666666667, 0.33333333333333337, 0.29032258064516125, 0.32352941176470584, 0.37142857142857144,        
0.29032258064516125, 0.3548387096774194, 0.33333333333333337, 0.3529411764705882, 0.34375, 0.2666666666666667, 0.33333333333333337, 0.29032258064516125, 0.32352941176470584, 0.37142857142857144,        
0.29032258064516125, 0.3548387096774194, 0.33333333333333337, 0.3529411764705882, 0.34375, 0.2666666666666667, 0.33333333333333337, 0.29032258064516125, 0.32352941176470584, 0.37142857142857144,        
0.29032258064516125, 0.3548387096774194, 0.33333333333333337, 0.3529411764705882, 0.34375, 0.2666666666666667, 0.33333333333333337, 0.29032258064516125, 0.32352941176470584, 0.37142857142857144,        
0.29032258064516125, 0.3548387096774194, 0.33333333333333337, 0.3529411764705882, 0.34375, 0.2666666666666667, 0.33333333333333337, 0.29032258064516125, 0.32352941176470584, 0.37142857142857144,        
0.29032258064516125, 0.3548387096774194, 0.33333333333333337, 0.3529411764705882, 0.34375, 0.2666666666666667, 0.33333333333333337, 0.34375, 0.32352941176470584, 0.37142857142857144,        
0.29032258064516125, 0.3548387096774194, 0.33333333333333337, 0.3529411764705882, 0.34375, 0.2666666666666667, 0.33333333333333337, 0.34375, 0.32352941176470584, 0.37142857142857144,        
0.29032258064516125, 0.3548387096774194, 0.33333333333333337, 0.3529411764705882, 0.34375, 0.2666666666666667, 0.33333333333333337, 0.34375, 0.32352941176470584, 0.37142857142857144,        
0.29032258064516125, 0.3548387096774194, 0.33333333333333337, 0.3529411764705882, 0.34375, 0.2666666666666667, 0.33333333333333337, 0.34375, 0.32352941176470584, 0.37142857142857144,        
0.29032258064516125, 0.3548387096774194, 0.33333333333333337, 0.3529411764705882, 0.34375, 0.2666666666666667, 0.33333333333333337, 0.34375, 0.32352941176470584, 0.37142857142857144,        
0.29032258064516125, 0.3548387096774194, 0.33333333333333337, 0.3529411764705882, 0.34375, 0.2666666666666667, 0.33333333333333337, 0.34375, 0.32352941176470584, 0.37142857142857144,        
0.29032258064516125, 0.3548387096774194, 0.33333333333333337, 0.3529411764705882, 0.34375, 0.2666666666666667, 0.33333333333333337, 0.34375, 0.32352941176470584, 0.37142857142857144,        
0.29032258064516125, 0.3548387096774194, 0.33333333333333337, 0.3529411764705882, 0.34375, 0.2666666666666667, 0.33333333333333337, 0.34375, 0.32352941176470584, 0.37142857142857144,        
0.29032258064516125, 0.3548387096774194, 0.33333333333333337, 0.3529411764705882, 0.34375, 0.2666666666666667, 0.33333333333333337, 0.34375, 0.32352941176470584, 0.37142857142857144,        
0.29032258064516125, 0.3548387096774194, 0.33333333333333337, 0.3529411764705882, 0.34375, 0.2666666666666667, 0.33333333333333337, 0.34375, 0.32352941176470584, 0.37142857142857144,        
0.29032258064516125, 0.3548387096774194, 0.33333333333333337, 0.3529411764705882, 0.34375, 0.2666666666666667, 0.33333333333333337, 0.34375, 0.32352941176470584, 0.37142857142857144,        
0.29032258064516125, 0.3548387096774194, 0.33333333333333337, 0.3529411764705882, 0.34375, 0.2666666666666667, 0.33333333333333337, 0.34375, 0.32352941176470584, 0.37142857142857144,        
0.29032258064516125, 0.3548387096774194, 0.33333333333333337, 0.3529411764705882, 0.34375, 0.2666666666666667, 0.33333333333333337, 0.34375, 0.32352941176470584, 0.37142857142857144,        
0.29032258064516125, 0.3548387096774194, 0.33333333333333337, 0.3529411764705882, 0.34375, 0.2666666666666667, 0.33333333333333337, 0.34375, 0.32352941176470584, 0.37142857142857144,        
0.29032258064516125, 0.3548387096774194, 0.33333333333333337, 0.3529411764705882, 0.34375, 0.2666666666666667, 0.33333333333333337, 0.34375, 0.32352941176470584, 0.37142857142857144,        
0.29032258064516125, 0.3548387096774194, 0.33333333333333337, 0.3529411764705882, 0.34375, 0.2666666666666667, 0.33333333333333337, 0.34375, 0.32352941176470584, 0.37142857142857144,        
0.29032258064516125, 0.3548387096774194, 0.33333333333333337, 0.3529411764705882, 0.34375, 0.2666666666666667, 0.33333333333333337, 0.34375, 0.32352941176470584, 0.37142857142857144,        
0.29032258064516125, 0.3548387096774194, 0.33333333333333337, 0.3529411764705882, 0.34375, 0.2666666666666667, 0.33333333333333337, 0.34375, 0.32352941176470584, 0.37142857142857144,        
0.29032258064516125, 0.3548387096774194, 0.33333333333333337, 0.3529411764705882, 0.34375, 0.2666666666666667, 0.33333333333333337, 0.34375, 0.32352941176470584, 0.37142857142857144,        
