0.752497304736009, 0.7619047619047619, 0.6086956521739131, 0.8717948717948718, 0.0
0.6693034095390418, 0.6666666666666667, 0.5185185185185186, 0.7586206896551724, 0.0
0.6388948519773108, 0.6666666666666667, 0.4, 0.7567567567567568, 0.0
0.5918435582593503, 0.5833333333333333, 0.4, 0.7272727272727273, 0.0
0.5649518391357471, 0.5833333333333333, 0.36363636363636365, 0.7142857142857143, 0.0
0.526944832944833, 0.5333333333333333, 0.33333333333333337, 0.64, 0.0
0.4975098814229249, 0.5333333333333333, 0.33333333333333337, 0.6363636363636364, 0.0
0.47310829775360663, 0.4545454545454546, 0.33333333333333337, 0.6363636363636364, 0.0
0.44535968379446633, 0.4285714285714286, 0.33333333333333337, 0.5714285714285714, 0.0
0.43968818620992534, 0.41666666666666663, 0.33333333333333337, 0.5714285714285714, 0.0
0.4345310245310246, 0.41666666666666663, 0.33333333333333337, 0.5, 0.0
0.43676767676767675, 0.41666666666666663, 0.33333333333333337, 0.5, 0.0
0.4375613275613276, 0.41666666666666663, 0.33333333333333337, 0.5, 0.0
0.4322981696665907, 0.41666666666666663, 0.33333333333333337, 0.5, 0.0
0.43835497835497833, 0.4285714285714286, 0.33333333333333337, 0.5, 0.0
0.43835497835497833, 0.4285714285714286, 0.33333333333333337, 0.5, 0.0
0.41854194115063675, 0.41666666666666663, 0.25, 0.5, 0.0
0.4142935751375649, 0.41666666666666663, 0.25, 0.5, 0.0
0.4059037949830788, 0.4, 0.25, 0.5, 0.0
0.40729955466528356, 0.4, 0.25, 0.5217391304347826, 0.0
0.39498295754588664, 0.4, 0.25, 0.5, 0.0
0.37784112598488684, 0.3846153846153846, 0.25, 0.4545454545454546, 0.0
0.36497486749202984, 0.3846153846153846, 0.19999999999999996, 0.42105263157894735, 0.0
0.3635713587201001, 0.3846153846153846, 0.19999999999999996, 0.42105263157894735, 0.0
0.36391236468770444, 0.3846153846153846, 0.19999999999999996, 0.42105263157894735, 0.0
0.3601525553012966, 0.34782608695652173, 0.19999999999999996, 0.42105263157894735, 0.0
0.3587490465293668, 0.34782608695652173, 0.19999999999999996, 0.42105263157894735, 0.0
0.3587490465293668, 0.34782608695652173, 0.19999999999999996, 0.42105263157894735, 0.0
0.35594202898550725, 0.34782608695652173, 0.19999999999999996, 0.41666666666666663, 0.0
0.35594202898550725, 0.34782608695652173, 0.19999999999999996, 0.41666666666666663, 0.0
0.35594202898550725, 0.34782608695652173, 0.19999999999999996, 0.41666666666666663, 0.0
0.35594202898550725, 0.34782608695652173, 0.19999999999999996, 0.41666666666666663, 0.0
0.35594202898550725, 0.34782608695652173, 0.19999999999999996, 0.41666666666666663, 0.0
0.35594202898550725, 0.34782608695652173, 0.19999999999999996, 0.41666666666666663, 0.0
0.35594202898550725, 0.34782608695652173, 0.19999999999999996, 0.41666666666666663, 0.0
0.35144049187527443, 0.34782608695652173, 0.19999999999999996, 0.4242424242424242, 0.0
0.3464339042599912, 0.34782608695652173, 0.19999999999999996, 0.4242424242424242, 0.0
0.3464339042599912, 0.34782608695652173, 0.19999999999999996, 0.4242424242424242, 0.0
0.3464339042599912, 0.34782608695652173, 0.19999999999999996, 0.4242424242424242, 0.0
0.3487868454364618, 0.34782608695652173, 0.23529411764705888, 0.4242424242424242, 0.0
0.33877367020589527, 0.34782608695652173, 0.23529411764705888, 0.4242424242424242, 0.0
0.34164448360302446, 0.34782608695652173, 0.23529411764705888, 0.4242424242424242, 0.0
0.34496804176529233, 0.34782608695652173, 0.23529411764705888, 0.4242424242424242, 0.0
0.35211040359872964, 0.34782608695652173, 0.23529411764705888, 0.4242424242424242, 0.0
0.3525569745716164, 0.34782608695652173, 0.23529411764705888, 0.4242424242424242, 0.0
0.3554770888315107, 0.36363636363636365, 0.23529411764705888, 0.4347826086956522, 0.0
0.3498630537437914, 0.34782608695652173, 0.23529411764705888, 0.4347826086956522, 0.0
0.3530528464072683, 0.36363636363636365, 0.23529411764705888, 0.4347826086956522, 0.0
0.342113244437918, 0.33333333333333337, 0.23529411764705888, 0.4347826086956522, 0.0
0.33826105797703593, 0.3157894736842105, 0.23529411764705888, 0.4347826086956522, 0.0
0.33826105797703593, 0.3157894736842105, 0.23529411764705888, 0.4347826086956522, 0.0
0.33124958991293624, 0.3157894736842105, 0.23529411764705888, 0.4347826086956522, 0.0
0.32893074933322614, 0.3157894736842105, 0.23529411764705888, 0.4242424242424242, 0.0
0.32721433709049813, 0.3157894736842105, 0.23529411764705888, 0.4242424242424242, 0.0
0.31767685702670223, 0.30000000000000004, 0.23529411764705888, 0.4242424242424242, 0.0
0.3070948464446916, 0.2727272727272727, 0.2222222222222222, 0.4242424242424242, 0.0
0.3035169361517178, 0.2727272727272727, 0.2222222222222222, 0.4242424242424242, 0.0
0.30818360281838447, 0.30000000000000004, 0.2222222222222222, 0.4242424242424242, 0.0
0.29136377547224135, 0.2727272727272727, 0.2222222222222222, 0.4242424242424242, 0.0
0.2851259587081088, 0.2727272727272727, 0.2222222222222222, 0.4242424242424242, 0.0
0.2851259587081088, 0.2727272727272727, 0.2222222222222222, 0.4242424242424242, 0.0
0.2851259587081088, 0.2727272727272727, 0.2222222222222222, 0.4242424242424242, 0.0
0.2851259587081088, 0.2727272727272727, 0.2222222222222222, 0.4242424242424242, 0.0
0.2851259587081088, 0.2727272727272727, 0.2222222222222222, 0.4242424242424242, 0.0
0.2738801674623176, 0.2727272727272727, 0.2222222222222222, 0.4, 0.0
0.27811297169512184, 0.2727272727272727, 0.2222222222222222, 0.4, 0.0
0.27811297169512184, 0.2727272727272727, 0.2222222222222222, 0.4, 0.0
0.2738801674623176, 0.2727272727272727, 0.2222222222222222, 0.4, 0.0
0.2738801674623176, 0.2727272727272727, 0.2222222222222222, 0.4, 0.0
0.2738801674623176, 0.2727272727272727, 0.2222222222222222, 0.4, 0.0
0.2738801674623176, 0.2727272727272727, 0.2222222222222222, 0.4, 0.0
0.2738801674623176, 0.2727272727272727, 0.2222222222222222, 0.4, 0.0
0.2795781731603233, 0.2727272727272727, 0.2222222222222222, 0.4, 0.0
0.2795781731603233, 0.2727272727272727, 0.2222222222222222, 0.4, 0.0
0.2795781731603233, 0.2727272727272727, 0.2222222222222222, 0.4, 0.0
0.2795781731603233, 0.2727272727272727, 0.2222222222222222, 0.4, 0.0
0.2795781731603233, 0.2727272727272727, 0.2222222222222222, 0.4, 0.0
0.2795781731603233, 0.2727272727272727, 0.2222222222222222, 0.4, 0.0
0.28294517652732665, 0.2727272727272727, 0.2222222222222222, 0.4, 0.0
0.28294517652732665, 0.2727272727272727, 0.2222222222222222, 0.4, 0.0
0.28294517652732665, 0.2727272727272727, 0.2222222222222222, 0.4, 0.0
0.28294517652732665, 0.2727272727272727, 0.2222222222222222, 0.4, 0.0
0.28294517652732665, 0.2727272727272727, 0.2222222222222222, 0.4, 0.0
0.28294517652732665, 0.2727272727272727, 0.2222222222222222, 0.4, 0.0
0.28631217989433, 0.2727272727272727, 0.2222222222222222, 0.4, 0.0
0.28631217989433, 0.2727272727272727, 0.2222222222222222, 0.4, 0.0
0.29443542919404986, 0.2727272727272727, 0.2222222222222222, 0.4, 0.0
0.29443542919404986, 0.2727272727272727, 0.2222222222222222, 0.4, 0.0
0.29443542919404986, 0.2727272727272727, 0.2222222222222222, 0.4, 0.0
0.29443542919404986, 0.2727272727272727, 0.2222222222222222, 0.4, 0.0
0.29443542919404986, 0.2727272727272727, 0.2222222222222222, 0.4, 0.0
0.29443542919404986, 0.2727272727272727, 0.2222222222222222, 0.4, 0.0
0.3001334348920556, 0.2727272727272727, 0.2222222222222222, 0.4, 0.0
0.3001334348920556, 0.2727272727272727, 0.2222222222222222, 0.4, 0.0
0.3001334348920556, 0.2727272727272727, 0.2222222222222222, 0.4, 0.0
0.3001334348920556, 0.2727272727272727, 0.2222222222222222, 0.4, 0.0
0.3001334348920556, 0.2727272727272727, 0.2222222222222222, 0.4, 0.0
0.3001334348920556, 0.2727272727272727, 0.2222222222222222, 0.4, 0.0
0.2946500294086501, 0.2727272727272727, 0.19047619047619047, 0.4, 0.0
0.2946500294086501, 0.2727272727272727, 0.19047619047619047, 0.4, 0.0
0.29128302604164674, 0.2727272727272727, 0.19047619047619047, 0.4, 0.0
0.29361402837264905, 0.3076923076923077, 0.19047619047619047, 0.4, 0.0
0.29361402837264905, 0.3076923076923077, 0.19047619047619047, 0.4, 0.0
0.2859949807536014, 0.2857142857142857, 0.19047619047619047, 0.3571428571428571, 0.0
0.2805115752701959, 0.2857142857142857, 0.19047619047619047, 0.3571428571428571, 0.0
0.2788021735607941, 0.2857142857142857, 0.19047619047619047, 0.3571428571428571, 0.0
0.2788021735607941, 0.2857142857142857, 0.19047619047619047, 0.3571428571428571, 0.0
0.2799873587459793, 0.2857142857142857, 0.19047619047619047, 0.3571428571428571, 0.0
0.28020195896057953, 0.3076923076923077, 0.19047619047619047, 0.3571428571428571, 0.0
0.2747185534771741, 0.3076923076923077, 0.19047619047619047, 0.3571428571428571, 0.0
0.2747185534771741, 0.3076923076923077, 0.19047619047619047, 0.3571428571428571, 0.0
0.2747185534771741, 0.3076923076923077, 0.19047619047619047, 0.3571428571428571, 0.0
0.2747185534771741, 0.3076923076923077, 0.19047619047619047, 0.3571428571428571, 0.0
0.2747185534771741, 0.3076923076923077, 0.19047619047619047, 0.3571428571428571, 0.0
0.27395881938410666, 0.2962962962962963, 0.19047619047619047, 0.3571428571428571, 0.0
0.27395881938410666, 0.2962962962962963, 0.19047619047619047, 0.3571428571428571, 0.0
0.27395881938410666, 0.2962962962962963, 0.19047619047619047, 0.3571428571428571, 0.0
0.27395881938410666, 0.2962962962962963, 0.19047619047619047, 0.3571428571428571, 0.0
0.28395504538033267, 0.3076923076923077, 0.19047619047619047, 0.3571428571428571, 0.0
0.26594799070661135, 0.2857142857142857, 0.1333333333333333, 0.3448275862068966, 0.0
0.26594799070661135, 0.2857142857142857, 0.1333333333333333, 0.3448275862068966, 0.0
0.26594799070661135, 0.2857142857142857, 0.1333333333333333, 0.3448275862068966, 0.0
0.26594799070661135, 0.2857142857142857, 0.1333333333333333, 0.3448275862068966, 0.0
0.26594799070661135, 0.2857142857142857, 0.1333333333333333, 0.3448275862068966, 0.0
0.25113502589364656, 0.25, 0.1333333333333333, 0.3448275862068966, 0.0
0.25113502589364656, 0.25, 0.1333333333333333, 0.3448275862068966, 0.0
0.25113502589364656, 0.25, 0.1333333333333333, 0.3448275862068966, 0.0
0.25113502589364656, 0.25, 0.1333333333333333, 0.3448275862068966, 0.0
0.25113502589364656, 0.25, 0.1333333333333333, 0.3448275862068966, 0.0
0.25113502589364656, 0.25, 0.1333333333333333, 0.3448275862068966, 0.0
0.2549811797398004, 0.2857142857142857, 0.1333333333333333, 0.3448275862068966, 0.0
0.2549811797398004, 0.2857142857142857, 0.1333333333333333, 0.3448275862068966, 0.0
0.2542148962148962, 0.2857142857142857, 0.1333333333333333, 0.33333333333333337, 0.0
0.2542148962148962, 0.2857142857142857, 0.1333333333333333, 0.33333333333333337, 0.0
0.2542148962148962, 0.2857142857142857, 0.1333333333333333, 0.33333333333333337, 0.0
0.25354822954822953, 0.2857142857142857, 0.1333333333333333, 0.33333333333333337, 0.0
0.25354822954822953, 0.2857142857142857, 0.1333333333333333, 0.33333333333333337, 0.0
0.24970207570207564, 0.25, 0.1333333333333333, 0.33333333333333337, 0.0
0.24970207570207564, 0.25, 0.1333333333333333, 0.33333333333333337, 0.0
0.24970207570207564, 0.25, 0.1333333333333333, 0.33333333333333337, 0.0
0.24970207570207564, 0.25, 0.1333333333333333, 0.33333333333333337, 0.0
0.24970207570207564, 0.25, 0.1333333333333333, 0.33333333333333337, 0.0
0.24903540903540897, 0.24, 0.1333333333333333, 0.33333333333333337, 0.0
0.24452258852258849, 0.24, 0.1333333333333333, 0.33333333333333337, 0.0
0.24000976800976795, 0.24, 0.1333333333333333, 0.33333333333333337, 0.0
0.24000976800976795, 0.24, 0.1333333333333333, 0.33333333333333337, 0.0
0.23549694749694747, 0.24, 0.1333333333333333, 0.33333333333333337, 0.0
0.23549694749694747, 0.24, 0.1333333333333333, 0.33333333333333337, 0.0
0.23549694749694747, 0.24, 0.1333333333333333, 0.33333333333333337, 0.0
0.23549694749694747, 0.24, 0.1333333333333333, 0.33333333333333337, 0.0
0.23549694749694747, 0.24, 0.1333333333333333, 0.33333333333333337, 0.0
0.23549694749694747, 0.24, 0.1333333333333333, 0.33333333333333337, 0.0
0.23549694749694747, 0.24, 0.1333333333333333, 0.33333333333333337, 0.0
0.23549694749694747, 0.24, 0.1333333333333333, 0.33333333333333337, 0.0
0.23549694749694747, 0.24, 0.1333333333333333, 0.33333333333333337, 0.0
0.23549694749694747, 0.24, 0.1333333333333333, 0.33333333333333337, 0.0
0.23549694749694747, 0.24, 0.1333333333333333, 0.33333333333333337, 0.0
0.23549694749694747, 0.24, 0.1333333333333333, 0.33333333333333337, 0.0
0.23549694749694747, 0.24, 0.1333333333333333, 0.33333333333333337, 0.0
0.23549694749694747, 0.24, 0.1333333333333333, 0.33333333333333337, 0.0
0.23549694749694747, 0.24, 0.1333333333333333, 0.33333333333333337, 0.0
0.23549694749694747, 0.24, 0.1333333333333333, 0.33333333333333337, 0.0
0.23549694749694747, 0.24, 0.1333333333333333, 0.33333333333333337, 0.0
0.23549694749694747, 0.24, 0.1333333333333333, 0.33333333333333337, 0.0
0.23549694749694747, 0.24, 0.1333333333333333, 0.33333333333333337, 0.0
0.23549694749694747, 0.24, 0.1333333333333333, 0.33333333333333337, 0.0
0.23549694749694747, 0.24, 0.1333333333333333, 0.33333333333333337, 0.0
0.23549694749694747, 0.24, 0.1333333333333333, 0.33333333333333337, 0.0
0.23549694749694747, 0.24, 0.1333333333333333, 0.33333333333333337, 0.0
0.23549694749694747, 0.24, 0.1333333333333333, 0.33333333333333337, 0.0
0.23549694749694747, 0.24, 0.1333333333333333, 0.33333333333333337, 0.0
0.23549694749694747, 0.24, 0.1333333333333333, 0.33333333333333337, 0.0
0.23549694749694747, 0.24, 0.1333333333333333, 0.33333333333333337, 0.0
0.23549694749694747, 0.24, 0.1333333333333333, 0.33333333333333337, 0.0
0.23549694749694747, 0.24, 0.1333333333333333, 0.33333333333333337, 0.0
0.23549694749694747, 0.24, 0.1333333333333333, 0.33333333333333337, 0.0
0.23549694749694747, 0.24, 0.1333333333333333, 0.33333333333333337, 0.0
0.23549694749694747, 0.24, 0.1333333333333333, 0.33333333333333337, 0.0
0.23549694749694747, 0.24, 0.1333333333333333, 0.33333333333333337, 0.0
0.23549694749694747, 0.24, 0.1333333333333333, 0.33333333333333337, 0.0
0.23549694749694747, 0.24, 0.1333333333333333, 0.33333333333333337, 0.0
0.23549694749694747, 0.24, 0.1333333333333333, 0.33333333333333337, 0.0
0.23549694749694747, 0.24, 0.1333333333333333, 0.33333333333333337, 0.0
0.23549694749694747, 0.24, 0.1333333333333333, 0.33333333333333337, 0.0
0.23549694749694747, 0.24, 0.1333333333333333, 0.33333333333333337, 0.0
0.23549694749694747, 0.24, 0.1333333333333333, 0.33333333333333337, 0.0
0.23549694749694747, 0.24, 0.1333333333333333, 0.33333333333333337, 0.0
0.23549694749694747, 0.24, 0.1333333333333333, 0.33333333333333337, 0.0
0.23549694749694747, 0.24, 0.1333333333333333, 0.33333333333333337, 0.0
0.23549694749694747, 0.24, 0.1333333333333333, 0.33333333333333337, 0.0
0.23549694749694747, 0.24, 0.1333333333333333, 0.33333333333333337, 0.0
0.23549694749694747, 0.24, 0.1333333333333333, 0.33333333333333337, 0.0
0.23549694749694747, 0.24, 0.1333333333333333, 0.33333333333333337, 0.0
0.23549694749694747, 0.24, 0.1333333333333333, 0.33333333333333337, 0.0
0.23549694749694747, 0.24, 0.1333333333333333, 0.33333333333333337, 0.0
0.23549694749694747, 0.24, 0.1333333333333333, 0.33333333333333337, 0.0
0.23549694749694747, 0.24, 0.1333333333333333, 0.33333333333333337, 0.0
0.23549694749694747, 0.24, 0.1333333333333333, 0.33333333333333337, 0.0
0.23549694749694747, 0.24, 0.1333333333333333, 0.33333333333333337, 0.0
0.23549694749694747, 0.24, 0.1333333333333333, 0.33333333333333337, 0.0
0.23549694749694747, 0.24, 0.1333333333333333, 0.33333333333333337, 0.0
0.23549694749694747, 0.24, 0.1333333333333333, 0.33333333333333337, 0.0
0.23549694749694747, 0.24, 0.1333333333333333, 0.33333333333333337, 0.0
0.23549694749694747, 0.24, 0.1333333333333333, 0.33333333333333337, 0.0
0.23549694749694747, 0.24, 0.1333333333333333, 0.33333333333333337, 0.0
0.23549694749694747, 0.24, 0.1333333333333333, 0.33333333333333337, 0.0
0.23549694749694747, 0.24, 0.1333333333333333, 0.33333333333333337, 0.0
0.23549694749694747, 0.24, 0.1333333333333333, 0.33333333333333337, 0.0
0.23549694749694747, 0.24, 0.1333333333333333, 0.33333333333333337, 0.0
0.23549694749694747, 0.24, 0.1333333333333333, 0.33333333333333337, 0.0
0.23549694749694747, 0.24, 0.1333333333333333, 0.33333333333333337, 0.0
0.23549694749694747, 0.24, 0.1333333333333333, 0.33333333333333337, 0.0
0.23549694749694747, 0.24, 0.1333333333333333, 0.33333333333333337, 0.0
0.23708424908424905, 0.24, 0.1333333333333333, 0.33333333333333337, 0.0
0.23708424908424905, 0.24, 0.1333333333333333, 0.33333333333333337, 0.0
0.23708424908424905, 0.24, 0.1333333333333333, 0.33333333333333337, 0.0
0.23708424908424905, 0.24, 0.1333333333333333, 0.33333333333333337, 0.0
0.23708424908424905, 0.24, 0.1333333333333333, 0.33333333333333337, 0.0
0.23708424908424905, 0.24, 0.1333333333333333, 0.33333333333333337, 0.0
0.23708424908424905, 0.24, 0.1333333333333333, 0.33333333333333337, 0.0
0.23708424908424905, 0.24, 0.1333333333333333, 0.33333333333333337, 0.0
0.23708424908424905, 0.24, 0.1333333333333333, 0.33333333333333337, 0.0
0.23708424908424905, 0.24, 0.1333333333333333, 0.33333333333333337, 0.0
0.23708424908424905, 0.24, 0.1333333333333333, 0.33333333333333337, 0.0
0.23708424908424905, 0.24, 0.1333333333333333, 0.33333333333333337, 0.0
0.23708424908424905, 0.24, 0.1333333333333333, 0.33333333333333337, 0.0
0.23708424908424905, 0.24, 0.1333333333333333, 0.33333333333333337, 0.0
0.23708424908424905, 0.24, 0.1333333333333333, 0.33333333333333337, 0.0
0.23708424908424905, 0.24, 0.1333333333333333, 0.33333333333333337, 0.0
0.23708424908424905, 0.24, 0.1333333333333333, 0.33333333333333337, 0.0
0.23708424908424905, 0.24, 0.1333333333333333, 0.33333333333333337, 0.0
0.23708424908424905, 0.24, 0.1333333333333333, 0.33333333333333337, 0.0
0.23708424908424905, 0.24, 0.1333333333333333, 0.33333333333333337, 0.0
0.23708424908424905, 0.24, 0.1333333333333333, 0.33333333333333337, 0.0
0.23708424908424905, 0.24, 0.1333333333333333, 0.33333333333333337, 0.0
0.23708424908424905, 0.24, 0.1333333333333333, 0.33333333333333337, 0.0
0.23549694749694747, 0.24, 0.1333333333333333, 0.33333333333333337, 0.0
0.23549694749694747, 0.24, 0.1333333333333333, 0.33333333333333337, 0.0
0.23549694749694747, 0.24, 0.1333333333333333, 0.33333333333333337, 0.0
0.23549694749694747, 0.24, 0.1333333333333333, 0.33333333333333337, 0.0
0.23549694749694747, 0.24, 0.1333333333333333, 0.33333333333333337, 0.0
0.23549694749694747, 0.24, 0.1333333333333333, 0.33333333333333337, 0.0
0.23549694749694747, 0.24, 0.1333333333333333, 0.33333333333333337, 0.0
0.23549694749694747, 0.24, 0.1333333333333333, 0.33333333333333337, 0.0
0.23521624574256153, 0.24, 0.1333333333333333, 0.33333333333333337, 0.0
0.23521624574256153, 0.24, 0.1333333333333333, 0.33333333333333337, 0.0
0.23739806392437968, 0.24, 0.1333333333333333, 0.33333333333333337, 0.0
0.23739806392437968, 0.24, 0.1333333333333333, 0.33333333333333337, 0.0
0.23739806392437968, 0.24, 0.1333333333333333, 0.33333333333333337, 0.0
0.23739806392437968, 0.24, 0.1333333333333333, 0.33333333333333337, 0.0
0.23521624574256153, 0.24, 0.1333333333333333, 0.33333333333333337, 0.0
0.23521624574256153, 0.24, 0.1333333333333333, 0.33333333333333337, 0.0
0.23521624574256153, 0.24, 0.1333333333333333, 0.33333333333333337, 0.0
0.23521624574256153, 0.24, 0.1333333333333333, 0.33333333333333337, 0.0
0.23521624574256153, 0.24, 0.1333333333333333, 0.33333333333333337, 0.0
0.23521624574256153, 0.24, 0.1333333333333333, 0.33333333333333337, 0.0
0.23521624574256153, 0.24, 0.1333333333333333, 0.33333333333333337, 0.0
0.23521624574256153, 0.24, 0.1333333333333333, 0.33333333333333337, 0.0
0.23521624574256153, 0.24, 0.1333333333333333, 0.33333333333333337, 0.0
0.23521624574256153, 0.24, 0.1333333333333333, 0.33333333333333337, 0.0
0.23521624574256153, 0.24, 0.1333333333333333, 0.33333333333333337, 0.0
0.23521624574256153, 0.24, 0.1333333333333333, 0.33333333333333337, 0.0
0.23521624574256153, 0.24, 0.1333333333333333, 0.33333333333333337, 0.0
0.23521624574256153, 0.24, 0.1333333333333333, 0.33333333333333337, 0.0
0.23521624574256153, 0.24, 0.1333333333333333, 0.33333333333333337, 0.0
0.23521624574256153, 0.24, 0.1333333333333333, 0.33333333333333337, 0.0
0.23521624574256153, 0.24, 0.1333333333333333, 0.33333333333333337, 0.0
0.23521624574256153, 0.24, 0.1333333333333333, 0.33333333333333337, 0.0
0.23521624574256153, 0.24, 0.1333333333333333, 0.33333333333333337, 0.0
0.23521624574256153, 0.24, 0.1333333333333333, 0.33333333333333337, 0.0
0.23521624574256153, 0.24, 0.1333333333333333, 0.33333333333333337, 0.0
0.23521624574256153, 0.24, 0.1333333333333333, 0.33333333333333337, 0.0
0.23521624574256153, 0.24, 0.1333333333333333, 0.33333333333333337, 0.0
0.23521624574256153, 0.24, 0.1333333333333333, 0.33333333333333337, 0.0
0.23521624574256153, 0.24, 0.1333333333333333, 0.33333333333333337, 0.0
0.23521624574256153, 0.24, 0.1333333333333333, 0.33333333333333337, 0.0
0.23521624574256153, 0.24, 0.1333333333333333, 0.33333333333333337, 0.0
0.23521624574256153, 0.24, 0.1333333333333333, 0.33333333333333337, 0.0
0.23521624574256153, 0.24, 0.1333333333333333, 0.33333333333333337, 0.0
0.23521624574256153, 0.24, 0.1333333333333333, 0.33333333333333337, 0.0
0.23521624574256153, 0.24, 0.1333333333333333, 0.33333333333333337, 0.0
0.23521624574256153, 0.24, 0.1333333333333333, 0.33333333333333337, 0.0
0.23521624574256153, 0.24, 0.1333333333333333, 0.33333333333333337, 0.0
0.23521624574256153, 0.24, 0.1333333333333333, 0.33333333333333337, 0.0
0.23521624574256153, 0.24, 0.1333333333333333, 0.33333333333333337, 0.0
0.23521624574256153, 0.24, 0.1333333333333333, 0.33333333333333337, 0.0
0.23521624574256153, 0.24, 0.1333333333333333, 0.33333333333333337, 0.0
0.23521624574256153, 0.24, 0.1333333333333333, 0.33333333333333337, 0.0
0.23521624574256153, 0.24, 0.1333333333333333, 0.33333333333333337, 0.0
0.23521624574256153, 0.24, 0.1333333333333333, 0.33333333333333337, 0.0
0.23521624574256153, 0.24, 0.1333333333333333, 0.33333333333333337, 0.0
0.23521624574256153, 0.24, 0.1333333333333333, 0.33333333333333337, 0.0
0.23521624574256153, 0.24, 0.1333333333333333, 0.33333333333333337, 0.0
0.23521624574256153, 0.24, 0.1333333333333333, 0.33333333333333337, 0.0
0.23521624574256153, 0.24, 0.1333333333333333, 0.33333333333333337, 0.0
0.23521624574256153, 0.24, 0.1333333333333333, 0.33333333333333337, 0.0
0.23521624574256153, 0.24, 0.1333333333333333, 0.33333333333333337, 0.0
0.23521624574256153, 0.24, 0.1333333333333333, 0.33333333333333337, 0.0
0.23521624574256153, 0.24, 0.1333333333333333, 0.33333333333333337, 0.0
0.23375104427736007, 0.24, 0.1333333333333333, 0.33333333333333337, 0.0
0.23375104427736007, 0.24, 0.1333333333333333, 0.33333333333333337, 0.0
0.23375104427736007, 0.24, 0.1333333333333333, 0.33333333333333337, 0.0
0.23375104427736007, 0.24, 0.1333333333333333, 0.33333333333333337, 0.0
0.23375104427736007, 0.24, 0.1333333333333333, 0.33333333333333337, 0.0
0.23826386479018055, 0.24, 0.1333333333333333, 0.33333333333333337, 0.0
0.23826386479018055, 0.24, 0.1333333333333333, 0.33333333333333337, 0.0
0.23826386479018055, 0.24, 0.1333333333333333, 0.33333333333333337, 0.0
0.23826386479018055, 0.24, 0.1333333333333333, 0.33333333333333337, 0.0
0.23826386479018055, 0.24, 0.1333333333333333, 0.33333333333333337, 0.0
0.23826386479018055, 0.24, 0.1333333333333333, 0.33333333333333337, 0.0
0.23826386479018055, 0.24, 0.1333333333333333, 0.33333333333333337, 0.0
0.23826386479018055, 0.24, 0.1333333333333333, 0.33333333333333337, 0.0
0.23826386479018055, 0.24, 0.1333333333333333, 0.33333333333333337, 0.0
0.2427766853030011, 0.24, 0.1333333333333333, 0.33333333333333337, 0.0
0.2427766853030011, 0.24, 0.1333333333333333, 0.33333333333333337, 0.0
0.2427766853030011, 0.24, 0.1333333333333333, 0.33333333333333337, 0.0
0.2427766853030011, 0.24, 0.1333333333333333, 0.33333333333333337, 0.0
0.2427766853030011, 0.24, 0.1333333333333333, 0.33333333333333337, 0.0
0.2427766853030011, 0.24, 0.1333333333333333, 0.33333333333333337, 0.0
0.2427766853030011, 0.24, 0.1333333333333333, 0.33333333333333337, 0.0
0.2427766853030011, 0.24, 0.1333333333333333, 0.33333333333333337, 0.0
0.2427766853030011, 0.24, 0.1333333333333333, 0.33333333333333337, 0.0
0.2427766853030011, 0.24, 0.1333333333333333, 0.33333333333333337, 0.0
0.2427766853030011, 0.24, 0.1333333333333333, 0.33333333333333337, 0.0
0.24039573292204872, 0.24, 0.1333333333333333, 0.33333333333333337, 0.0
0.24039573292204872, 0.24, 0.1333333333333333, 0.33333333333333337, 0.0
0.23588291240922818, 0.24, 0.1333333333333333, 0.33333333333333337, 0.0
0.23588291240922818, 0.24, 0.1333333333333333, 0.33333333333333337, 0.0
0.23588291240922818, 0.24, 0.1333333333333333, 0.33333333333333337, 0.0
0.23588291240922818, 0.24, 0.1333333333333333, 0.33333333333333337, 0.0
0.23588291240922818, 0.24, 0.1333333333333333, 0.33333333333333337, 0.0
0.23588291240922818, 0.24, 0.1333333333333333, 0.33333333333333337, 0.0
0.23588291240922818, 0.24, 0.1333333333333333, 0.33333333333333337, 0.0
0.23588291240922818, 0.24, 0.1333333333333333, 0.33333333333333337, 0.0
0.23588291240922818, 0.24, 0.1333333333333333, 0.33333333333333337, 0.0
0.23588291240922818, 0.24, 0.1333333333333333, 0.33333333333333337, 0.0
0.23588291240922818, 0.24, 0.1333333333333333, 0.33333333333333337, 0.0
0.23588291240922818, 0.24, 0.1333333333333333, 0.33333333333333337, 0.0
0.23588291240922818, 0.24, 0.1333333333333333, 0.33333333333333337, 0.0
0.23588291240922818, 0.24, 0.1333333333333333, 0.33333333333333337, 0.0
0.23588291240922818, 0.24, 0.1333333333333333, 0.33333333333333337, 0.0
0.23588291240922818, 0.24, 0.1333333333333333, 0.33333333333333337, 0.0
0.23588291240922818, 0.24, 0.1333333333333333, 0.33333333333333337, 0.0
0.23588291240922818, 0.24, 0.1333333333333333, 0.33333333333333337, 0.0
0.2313700918964077, 0.24, 0.1333333333333333, 0.33333333333333337, 0.0
0.2313700918964077, 0.24, 0.1333333333333333, 0.33333333333333337, 0.0
0.2313700918964077, 0.24, 0.1333333333333333, 0.33333333333333337, 0.0
0.2313700918964077, 0.24, 0.1333333333333333, 0.33333333333333337, 0.0
0.2313700918964077, 0.24, 0.1333333333333333, 0.33333333333333337, 0.0
0.2313700918964077, 0.24, 0.1333333333333333, 0.33333333333333337, 0.0
0.2313700918964077, 0.24, 0.1333333333333333, 0.33333333333333337, 0.0
0.2313700918964077, 0.24, 0.1333333333333333, 0.33333333333333337, 0.0
0.2313700918964077, 0.24, 0.1333333333333333, 0.33333333333333337, 0.0
0.2313700918964077, 0.24, 0.1333333333333333, 0.33333333333333337, 0.0
0.2313700918964077, 0.24, 0.1333333333333333, 0.33333333333333337, 0.0
0.2313700918964077, 0.24, 0.1333333333333333, 0.33333333333333337, 0.0
0.2313700918964077, 0.24, 0.1333333333333333, 0.33333333333333337, 0.0
0.2313700918964077, 0.24, 0.1333333333333333, 0.33333333333333337, 0.0
0.2313700918964077, 0.24, 0.1333333333333333, 0.33333333333333337, 0.0
0.2313700918964077, 0.24, 0.1333333333333333, 0.33333333333333337, 0.0
0.2313700918964077, 0.24, 0.1333333333333333, 0.33333333333333337, 0.0
0.2313700918964077, 0.24, 0.1333333333333333, 0.33333333333333337, 0.0
0.2313700918964077, 0.24, 0.1333333333333333, 0.33333333333333337, 0.0
0.2313700918964077, 0.24, 0.1333333333333333, 0.33333333333333337, 0.0
0.2313700918964077, 0.24, 0.1333333333333333, 0.33333333333333337, 0.0
0.2313700918964077, 0.24, 0.1333333333333333, 0.33333333333333337, 0.0
0.2313700918964077, 0.24, 0.1333333333333333, 0.33333333333333337, 0.0
0.2313700918964077, 0.24, 0.1333333333333333, 0.33333333333333337, 0.0
0.2313700918964077, 0.24, 0.1333333333333333, 0.33333333333333337, 0.0
0.2313700918964077, 0.24, 0.1333333333333333, 0.33333333333333337, 0.0
0.2313700918964077, 0.24, 0.1333333333333333, 0.33333333333333337, 0.0
0.2313700918964077, 0.24, 0.1333333333333333, 0.33333333333333337, 0.0
0.2313700918964077, 0.24, 0.1333333333333333, 0.33333333333333337, 0.0
0.2313700918964077, 0.24, 0.1333333333333333, 0.33333333333333337, 0.0
0.2313700918964077, 0.24, 0.1333333333333333, 0.33333333333333337, 0.0
0.2313700918964077, 0.24, 0.1333333333333333, 0.33333333333333337, 0.0
0.2313700918964077, 0.24, 0.1333333333333333, 0.33333333333333337, 0.0
0.2313700918964077, 0.24, 0.1333333333333333, 0.33333333333333337, 0.0
0.2313700918964077, 0.24, 0.1333333333333333, 0.33333333333333337, 0.0
0.2313700918964077, 0.24, 0.1333333333333333, 0.33333333333333337, 0.0
0.2313700918964077, 0.24, 0.1333333333333333, 0.33333333333333337, 0.0
0.2313700918964077, 0.24, 0.1333333333333333, 0.33333333333333337, 0.0
0.2313700918964077, 0.24, 0.1333333333333333, 0.33333333333333337, 0.0
0.2313700918964077, 0.24, 0.1333333333333333, 0.33333333333333337, 0.0
0.2313700918964077, 0.24, 0.1333333333333333, 0.33333333333333337, 0.0
0.2313700918964077, 0.24, 0.1333333333333333, 0.33333333333333337, 0.0
0.2313700918964077, 0.24, 0.1333333333333333, 0.33333333333333337, 0.0
0.2313700918964077, 0.24, 0.1333333333333333, 0.33333333333333337, 0.0
0.2313700918964077, 0.24, 0.1333333333333333, 0.33333333333333337, 0.0
0.2313700918964077, 0.24, 0.1333333333333333, 0.33333333333333337, 0.0
0.2313700918964077, 0.24, 0.1333333333333333, 0.33333333333333337, 0.0
0.2313700918964077, 0.24, 0.1333333333333333, 0.33333333333333337, 0.0
0.2313700918964077, 0.24, 0.1333333333333333, 0.33333333333333337, 0.0
0.2313700918964077, 0.24, 0.1333333333333333, 0.33333333333333337, 0.0
0.2313700918964077, 0.24, 0.1333333333333333, 0.33333333333333337, 0.0
0.2313700918964077, 0.24, 0.1333333333333333, 0.33333333333333337, 0.0
0.2313700918964077, 0.24, 0.1333333333333333, 0.33333333333333337, 0.0
0.2313700918964077, 0.24, 0.1333333333333333, 0.33333333333333337, 0.0
0.2313700918964077, 0.24, 0.1333333333333333, 0.33333333333333337, 0.0
0.2313700918964077, 0.24, 0.1333333333333333, 0.33333333333333337, 0.0
