0.7211361000195612, 0.7272727272727273, 0.5714285714285714, 0.8333333333333334, 0.0
0.7062777917509847, 0.6896551724137931, 0.5833333333333333, 0.8333333333333334, 0.0
0.6711105741010301, 0.6666666666666667, 0.4285714285714286, 0.8108108108108107, 0.0
0.651801314206072, 0.6666666666666667, 0.4137931034482759, 0.8205128205128205, 0.0
0.6291303911503939, 0.6666666666666667, 0.36363636363636365, 0.7878787878787878, 0.0
0.618429346705151, 0.6857142857142857, 0.3529411764705882, 0.75, 0.0
0.6047869072732379, 0.6666666666666667, 0.3529411764705882, 0.7272727272727273, 0.0
0.5970857146389581, 0.6666666666666667, 0.3529411764705882, 0.7, 0.0
0.5808795040769101, 0.631578947368421, 0.3529411764705882, 0.7, 0.0
0.5491692657124851, 0.5263157894736843, 0.3529411764705882, 0.7, 0.0
0.5443943324833795, 0.5263157894736843, 0.3529411764705882, 0.7142857142857143, 0.0
0.53647270703315, 0.5263157894736843, 0.3529411764705882, 0.7142857142857143, 0.0
0.5307209040965246, 0.5263157894736843, 0.3529411764705882, 0.7142857142857143, 0.0
0.5225064916715858, 0.5263157894736843, 0.3529411764705882, 0.6666666666666667, 0.0
0.5154311446664142, 0.5263157894736843, 0.3529411764705882, 0.6363636363636364, 0.0
0.5194805950390358, 0.5161290322580645, 0.3529411764705882, 0.6363636363636364, 0.0
0.5169569456120129, 0.5161290322580645, 0.3529411764705882, 0.631578947368421, 0.0
0.5112196721328038, 0.5, 0.3529411764705882, 0.631578947368421, 0.0
0.5070239875972135, 0.5161290322580645, 0.3529411764705882, 0.631578947368421, 0.0
0.49390664718969807, 0.5, 0.3529411764705882, 0.631578947368421, 0.0
0.47383397198304483, 0.4864864864864865, 0.3529411764705882, 0.5294117647058824, 0.0
0.472719389194638, 0.47619047619047616, 0.3529411764705882, 0.5263157894736843, 0.0
0.4732384287289576, 0.4864864864864865, 0.3529411764705882, 0.5333333333333333, 0.0
0.470150709430712, 0.48, 0.3529411764705882, 0.5333333333333333, 0.0
0.4615622131002803, 0.47619047619047616, 0.3529411764705882, 0.5263157894736843, 0.0
0.45678324057937225, 0.47619047619047616, 0.3529411764705882, 0.5263157894736843, 0.0
0.4521082196938251, 0.47619047619047616, 0.3529411764705882, 0.5263157894736843, 0.0
0.45185969530736964, 0.47619047619047616, 0.3529411764705882, 0.5263157894736843, 0.0
0.4427891261642053, 0.4444444444444444, 0.3529411764705882, 0.48, 0.0
0.4400286016645503, 0.4444444444444444, 0.3529411764705882, 0.48, 0.0
0.42482785469909756, 0.4347826086956522, 0.3529411764705882, 0.48, 0.0
0.4132634713700083, 0.4, 0.3529411764705882, 0.48, 0.0
0.40153286608441585, 0.3870967741935484, 0.3529411764705882, 0.48, 0.0
0.4093593319364571, 0.4, 0.3529411764705882, 0.48, 0.0
0.4112142878169884, 0.4347826086956522, 0.3529411764705882, 0.48, 0.0
0.399285257862383, 0.4, 0.3529411764705882, 0.4545454545454546, 0.0
0.399285257862383, 0.4, 0.3529411764705882, 0.4545454545454546, 0.0
0.3901841874825403, 0.3870967741935484, 0.34782608695652173, 0.4545454545454546, 0.0
0.38387061224401575, 0.3870967741935484, 0.33333333333333337, 0.4545454545454546, 0.0
0.38158442502088524, 0.3846153846153846, 0.33333333333333337, 0.4545454545454546, 0.0
0.3741770176134779, 0.37037037037037035, 0.33333333333333337, 0.4545454545454546, 0.0
0.3719783410413997, 0.3529411764705882, 0.33333333333333337, 0.4545454545454546, 0.0
0.36815907420423005, 0.3529411764705882, 0.33333333333333337, 0.4545454545454546, 0.0
0.36850008017183444, 0.3529411764705882, 0.33333333333333337, 0.4545454545454546, 0.0
0.37602232206747793, 0.37037037037037035, 0.33333333333333337, 0.4545454545454546, 0.0
0.35970859657728177, 0.3529411764705882, 0.23529411764705888, 0.4545454545454546, 0.0
0.34464482488435405, 0.3529411764705882, 0.23529411764705888, 0.4545454545454546, 0.0
0.3479420107902357, 0.3529411764705882, 0.23529411764705888, 0.4545454545454546, 0.0
0.3504375544622499, 0.3529411764705882, 0.23529411764705888, 0.4545454545454546, 0.0
0.3567363281523279, 0.37037037037037035, 0.23529411764705888, 0.4545454545454546, 0.0
0.3567363281523279, 0.37037037037037035, 0.23529411764705888, 0.4545454545454546, 0.0
0.3462463350536391, 0.37037037037037035, 0.19047619047619047, 0.4545454545454546, 0.0
0.3432584732422479, 0.37037037037037035, 0.19047619047619047, 0.4545454545454546, 0.0
0.3537484663409367, 0.37037037037037035, 0.19047619047619047, 0.4545454545454546, 0.0
0.34656006054383526, 0.37037037037037035, 0.19047619047619047, 0.4545454545454546, 0.0
0.33540854539232007, 0.3529411764705882, 0.19047619047619047, 0.4545454545454546, 0.0
0.32347509322357376, 0.34782608695652173, 0.16666666666666663, 0.4545454545454546, 0.0
0.31698558273406324, 0.31999999999999995, 0.16666666666666663, 0.4545454545454546, 0.0
0.31698558273406324, 0.31999999999999995, 0.16666666666666663, 0.4545454545454546, 0.0
0.3120966938451744, 0.31999999999999995, 0.16666666666666663, 0.4545454545454546, 0.0
0.3098744716229522, 0.31999999999999995, 0.16666666666666663, 0.4545454545454546, 0.0
0.3101422424994187, 0.34782608695652173, 0.16666666666666663, 0.4545454545454546, 0.0
0.30817271444293415, 0.34782608695652173, 0.16666666666666663, 0.4545454545454546, 0.0
0.3058345501917264, 0.31999999999999995, 0.16666666666666663, 0.4545454545454546, 0.0
0.3039794777279583, 0.31999999999999995, 0.16666666666666663, 0.4545454545454546, 0.0
0.3039794777279583, 0.31999999999999995, 0.16666666666666663, 0.4545454545454546, 0.0
0.287676447424928, 0.31999999999999995, 0.16666666666666663, 0.4285714285714286, 0.0
0.2937150947679231, 0.31999999999999995, 0.16666666666666663, 0.4285714285714286, 0.0
0.2930484281012565, 0.31999999999999995, 0.16666666666666663, 0.4285714285714286, 0.0
0.2930484281012565, 0.31999999999999995, 0.16666666666666663, 0.4285714285714286, 0.0
0.28651851357134195, 0.31999999999999995, 0.16666666666666663, 0.4285714285714286, 0.0
0.28651851357134195, 0.31999999999999995, 0.16666666666666663, 0.4285714285714286, 0.0
0.28651851357134195, 0.31999999999999995, 0.16666666666666663, 0.4285714285714286, 0.0
0.28651851357134195, 0.31999999999999995, 0.16666666666666663, 0.4285714285714286, 0.0
0.28651851357134195, 0.31999999999999995, 0.16666666666666663, 0.4285714285714286, 0.0
0.28651851357134195, 0.31999999999999995, 0.16666666666666663, 0.4285714285714286, 0.0
0.28651851357134195, 0.31999999999999995, 0.16666666666666663, 0.4285714285714286, 0.0
0.28651851357134195, 0.31999999999999995, 0.16666666666666663, 0.4285714285714286, 0.0
0.2931465328950134, 0.31999999999999995, 0.16666666666666663, 0.4285714285714286, 0.0
0.2938131995616801, 0.31999999999999995, 0.16666666666666663, 0.4285714285714286, 0.0
0.2882893900378705, 0.31999999999999995, 0.16666666666666663, 0.4285714285714286, 0.0
0.2882893900378705, 0.31999999999999995, 0.16666666666666663, 0.4285714285714286, 0.0
0.2882893900378705, 0.31999999999999995, 0.16666666666666663, 0.4285714285714286, 0.0
0.2882893900378705, 0.31999999999999995, 0.16666666666666663, 0.4285714285714286, 0.0
0.282733834482315, 0.31999999999999995, 0.16666666666666663, 0.4285714285714286, 0.0
0.282733834482315, 0.31999999999999995, 0.16666666666666663, 0.4285714285714286, 0.0
0.28901402771902995, 0.31999999999999995, 0.16666666666666663, 0.4285714285714286, 0.0
0.294693430441911, 0.31999999999999995, 0.16666666666666663, 0.4285714285714286, 0.0
0.2968752486237291, 0.31999999999999995, 0.16666666666666663, 0.4285714285714286, 0.0
0.2968752486237291, 0.31999999999999995, 0.16666666666666663, 0.4285714285714286, 0.0
0.2968752486237291, 0.31999999999999995, 0.16666666666666663, 0.4285714285714286, 0.0
0.2968752486237291, 0.31999999999999995, 0.16666666666666663, 0.4285714285714286, 0.0
0.29326678301526354, 0.31999999999999995, 0.16666666666666663, 0.4444444444444444, 0.0
0.29326678301526354, 0.31999999999999995, 0.16666666666666663, 0.4444444444444444, 0.0
0.29326678301526354, 0.31999999999999995, 0.16666666666666663, 0.4444444444444444, 0.0
0.28393344968193024, 0.2727272727272727, 0.16666666666666663, 0.4444444444444444, 0.0
0.28393344968193024, 0.2727272727272727, 0.16666666666666663, 0.4444444444444444, 0.0
0.28393344968193024, 0.2727272727272727, 0.16666666666666663, 0.4444444444444444, 0.0
0.2851894883292732, 0.2727272727272727, 0.16666666666666663, 0.4444444444444444, 0.0
0.2867767899165748, 0.2727272727272727, 0.16666666666666663, 0.4444444444444444, 0.0
0.28766567880546373, 0.2727272727272727, 0.16666666666666663, 0.4444444444444444, 0.0
0.28766567880546373, 0.2727272727272727, 0.16666666666666663, 0.4444444444444444, 0.0
0.2932212343610193, 0.2727272727272727, 0.16666666666666663, 0.4444444444444444, 0.0
0.2932212343610193, 0.2727272727272727, 0.16666666666666663, 0.4444444444444444, 0.0
0.2757464868862718, 0.25, 0.16666666666666663, 0.4444444444444444, 0.0
0.2757464868862718, 0.25, 0.16666666666666663, 0.4444444444444444, 0.0
0.2757464868862718, 0.25, 0.16666666666666663, 0.4444444444444444, 0.0
0.2855468089474635, 0.25, 0.16666666666666663, 0.4347826086956522, 0.0
0.2888483962490508, 0.25, 0.16666666666666663, 0.4347826086956522, 0.0
0.29107061847127297, 0.25, 0.19999999999999996, 0.4347826086956522, 0.0
0.29107061847127297, 0.25, 0.19999999999999996, 0.4347826086956522, 0.0
0.29107061847127297, 0.25, 0.19999999999999996, 0.4347826086956522, 0.0
0.29107061847127297, 0.25, 0.19999999999999996, 0.4347826086956522, 0.0
0.2916414099985863, 0.26086956521739135, 0.19999999999999996, 0.4347826086956522, 0.0
0.2875834389840935, 0.25, 0.19999999999999996, 0.4347826086956522, 0.0
0.29313899453964903, 0.3076923076923077, 0.19999999999999996, 0.4347826086956522, 0.0
0.29313899453964903, 0.3076923076923077, 0.19999999999999996, 0.4347826086956522, 0.0
0.2955199469206014, 0.3076923076923077, 0.19999999999999996, 0.4347826086956522, 0.0
0.2974028150103661, 0.2857142857142857, 0.19999999999999996, 0.4347826086956522, 0.0
0.2974028150103661, 0.2857142857142857, 0.19999999999999996, 0.4347826086956522, 0.0
0.29847729608484713, 0.2857142857142857, 0.19999999999999996, 0.4347826086956522, 0.0
0.29847729608484713, 0.2857142857142857, 0.19999999999999996, 0.4347826086956522, 0.0
0.29847729608484713, 0.2857142857142857, 0.19999999999999996, 0.4347826086956522, 0.0
0.29847729608484713, 0.2857142857142857, 0.19999999999999996, 0.4347826086956522, 0.0
0.29847729608484713, 0.2857142857142857, 0.19999999999999996, 0.4347826086956522, 0.0
0.29847729608484713, 0.2857142857142857, 0.19999999999999996, 0.4347826086956522, 0.0
0.29847729608484713, 0.2857142857142857, 0.19999999999999996, 0.4347826086956522, 0.0
0.31009345770100877, 0.2857142857142857, 0.19999999999999996, 0.4347826086956522, 0.0
0.30920456881211983, 0.2857142857142857, 0.19999999999999996, 0.4347826086956522, 0.0
0.3105513701589212, 0.2857142857142857, 0.19999999999999996, 0.4444444444444444, 0.0
0.3105513701589212, 0.2857142857142857, 0.19999999999999996, 0.4444444444444444, 0.0
0.31125312454488613, 0.2857142857142857, 0.19999999999999996, 0.4444444444444444, 0.0
0.31125312454488613, 0.2857142857142857, 0.19999999999999996, 0.4444444444444444, 0.0
0.3171590806577388, 0.2857142857142857, 0.21052631578947367, 0.4444444444444444, 0.0
0.3178158951076567, 0.2857142857142857, 0.21052631578947367, 0.4444444444444444, 0.0
0.3178158951076567, 0.2857142857142857, 0.21052631578947367, 0.4444444444444444, 0.0
0.3178158951076567, 0.2857142857142857, 0.21052631578947367, 0.4444444444444444, 0.0
0.3178158951076567, 0.2857142857142857, 0.21052631578947367, 0.4444444444444444, 0.0
0.3178158951076567, 0.2857142857142857, 0.21052631578947367, 0.4444444444444444, 0.0
0.3118509828269549, 0.2857142857142857, 0.21052631578947367, 0.4444444444444444, 0.0
0.3118509828269549, 0.2857142857142857, 0.21052631578947367, 0.4444444444444444, 0.0
0.311194168377037, 0.2857142857142857, 0.21052631578947367, 0.4444444444444444, 0.0
0.311194168377037, 0.2857142857142857, 0.21052631578947367, 0.4444444444444444, 0.0
0.311194168377037, 0.2857142857142857, 0.21052631578947367, 0.4444444444444444, 0.0
0.30218342603296133, 0.2857142857142857, 0.21052631578947367, 0.4347826086956522, 0.0
0.29717089470464053, 0.2857142857142857, 0.21052631578947367, 0.4347826086956522, 0.0
0.298636096169842, 0.2857142857142857, 0.21052631578947367, 0.4347826086956522, 0.0
0.2942803792914391, 0.2857142857142857, 0.21052631578947367, 0.4347826086956522, 0.0
0.2942803792914391, 0.2857142857142857, 0.21052631578947367, 0.4347826086956522, 0.0
0.2942803792914391, 0.2857142857142857, 0.21052631578947367, 0.4347826086956522, 0.0
0.2942803792914391, 0.2857142857142857, 0.21052631578947367, 0.4347826086956522, 0.0
0.29504011338450653, 0.2857142857142857, 0.21052631578947367, 0.4347826086956522, 0.0
0.29504011338450653, 0.2857142857142857, 0.21052631578947367, 0.4347826086956522, 0.0
0.296505314849708, 0.2857142857142857, 0.21052631578947367, 0.4347826086956522, 0.0
0.296505314849708, 0.2857142857142857, 0.21052631578947367, 0.4347826086956522, 0.0
0.296505314849708, 0.2857142857142857, 0.21052631578947367, 0.4347826086956522, 0.0
0.296505314849708, 0.2857142857142857, 0.21052631578947367, 0.4347826086956522, 0.0
0.29797051631490945, 0.3076923076923077, 0.21052631578947367, 0.4347826086956522, 0.0
0.29797051631490945, 0.3076923076923077, 0.21052631578947367, 0.4347826086956522, 0.0
0.3019114030144169, 0.3076923076923077, 0.21052631578947367, 0.4347826086956522, 0.0
0.3019114030144169, 0.3076923076923077, 0.21052631578947367, 0.4347826086956522, 0.0
0.3019114030144169, 0.3076923076923077, 0.21052631578947367, 0.4347826086956522, 0.0
0.2995925624347067, 0.3076923076923077, 0.21052631578947367, 0.4, 0.0
0.2995925624347067, 0.3076923076923077, 0.21052631578947367, 0.4, 0.0
0.2995925624347067, 0.3076923076923077, 0.21052631578947367, 0.4, 0.0
0.30394827931310964, 0.3076923076923077, 0.21052631578947367, 0.4, 0.0
0.3000073926136022, 0.3076923076923077, 0.21052631578947367, 0.4, 0.0
0.30415412307612216, 0.3076923076923077, 0.21052631578947367, 0.4, 0.0
0.30415412307612216, 0.3076923076923077, 0.21052631578947367, 0.4, 0.0
0.30415412307612216, 0.3076923076923077, 0.21052631578947367, 0.4, 0.0
0.3085098399545251, 0.3076923076923077, 0.21052631578947367, 0.4, 0.0
0.3085098399545251, 0.3076923076923077, 0.21052631578947367, 0.4, 0.0
0.3085098399545251, 0.3076923076923077, 0.21052631578947367, 0.4, 0.0
0.3085098399545251, 0.3076923076923077, 0.21052631578947367, 0.4, 0.0
0.3085098399545251, 0.3076923076923077, 0.21052631578947367, 0.4, 0.0
0.3086958252798293, 0.2857142857142857, 0.23529411764705888, 0.4, 0.0
0.3086958252798293, 0.2857142857142857, 0.23529411764705888, 0.4, 0.0
0.3070216373987449, 0.2857142857142857, 0.23529411764705888, 0.4, 0.0
0.3055564359335434, 0.2857142857142857, 0.23529411764705888, 0.4, 0.0
0.3053474495176604, 0.2857142857142857, 0.23529411764705888, 0.4, 0.0
0.3053474495176604, 0.2857142857142857, 0.23529411764705888, 0.4, 0.0
0.3053474495176604, 0.2857142857142857, 0.23529411764705888, 0.4, 0.0
0.3053474495176604, 0.2857142857142857, 0.23529411764705888, 0.4, 0.0
0.3053474495176604, 0.2857142857142857, 0.23529411764705888, 0.4, 0.0
0.3053474495176604, 0.2857142857142857, 0.23529411764705888, 0.4, 0.0
0.3053474495176604, 0.2857142857142857, 0.23529411764705888, 0.4, 0.0
0.3016602022322122, 0.2857142857142857, 0.23529411764705888, 0.3870967741935484, 0.0
0.3016602022322122, 0.2857142857142857, 0.23529411764705888, 0.3870967741935484, 0.0
0.3016602022322122, 0.2857142857142857, 0.23529411764705888, 0.3870967741935484, 0.0
0.3016602022322122, 0.2857142857142857, 0.23529411764705888, 0.3870967741935484, 0.0
0.3016602022322122, 0.2857142857142857, 0.23529411764705888, 0.3870967741935484, 0.0
0.3016602022322122, 0.2857142857142857, 0.23529411764705888, 0.3870967741935484, 0.0
0.3016602022322122, 0.2857142857142857, 0.23529411764705888, 0.3870967741935484, 0.0
0.3016602022322122, 0.2857142857142857, 0.23529411764705888, 0.3870967741935484, 0.0
0.3016602022322122, 0.2857142857142857, 0.23529411764705888, 0.3870967741935484, 0.0
0.3016602022322122, 0.2857142857142857, 0.23529411764705888, 0.3870967741935484, 0.0
0.3016602022322122, 0.2857142857142857, 0.23529411764705888, 0.3870967741935484, 0.0
0.3016602022322122, 0.2857142857142857, 0.23529411764705888, 0.3870967741935484, 0.0
0.3016602022322122, 0.2857142857142857, 0.23529411764705888, 0.3870967741935484, 0.0
0.3016602022322122, 0.2857142857142857, 0.23529411764705888, 0.3870967741935484, 0.0
0.3016602022322122, 0.2857142857142857, 0.23529411764705888, 0.3870967741935484, 0.0
0.3016602022322122, 0.2857142857142857, 0.23529411764705888, 0.3870967741935484, 0.0
0.3016602022322122, 0.2857142857142857, 0.23529411764705888, 0.3870967741935484, 0.0
0.3016602022322122, 0.2857142857142857, 0.23529411764705888, 0.3870967741935484, 0.0
0.3016602022322122, 0.2857142857142857, 0.23529411764705888, 0.3870967741935484, 0.0
0.30252600309801303, 0.2857142857142857, 0.23529411764705888, 0.3870967741935484, 0.0
0.30252600309801303, 0.2857142857142857, 0.23529411764705888, 0.3870967741935484, 0.0
0.30252600309801303, 0.2857142857142857, 0.23529411764705888, 0.3870967741935484, 0.0
0.30089626029179967, 0.2857142857142857, 0.23529411764705888, 0.3870967741935484, 0.0
0.30089626029179967, 0.2857142857142857, 0.23529411764705888, 0.3870967741935484, 0.0
0.30089626029179967, 0.2857142857142857, 0.23529411764705888, 0.3870967741935484, 0.0
0.30089626029179967, 0.2857142857142857, 0.23529411764705888, 0.3870967741935484, 0.0
0.29753491575398455, 0.2857142857142857, 0.23529411764705888, 0.3870967741935484, 0.0
0.29753491575398455, 0.2857142857142857, 0.23529411764705888, 0.3870967741935484, 0.0
0.29753491575398455, 0.2857142857142857, 0.23529411764705888, 0.3870967741935484, 0.0
0.3000304594259988, 0.2857142857142857, 0.23529411764705888, 0.3870967741935484, 0.0
0.3000304594259988, 0.2857142857142857, 0.23529411764705888, 0.3870967741935484, 0.0
0.3000304594259988, 0.2857142857142857, 0.23529411764705888, 0.3870967741935484, 0.0
0.3000304594259988, 0.2857142857142857, 0.23529411764705888, 0.3870967741935484, 0.0
0.3000304594259988, 0.2857142857142857, 0.23529411764705888, 0.3870967741935484, 0.0
0.3000304594259988, 0.2857142857142857, 0.23529411764705888, 0.3870967741935484, 0.0
0.3000304594259988, 0.2857142857142857, 0.23529411764705888, 0.3870967741935484, 0.0
0.3000304594259988, 0.2857142857142857, 0.23529411764705888, 0.3870967741935484, 0.0
0.3000304594259988, 0.2857142857142857, 0.23529411764705888, 0.3870967741935484, 0.0
0.3000304594259988, 0.2857142857142857, 0.23529411764705888, 0.3870967741935484, 0.0
0.3000304594259988, 0.2857142857142857, 0.23529411764705888, 0.3870967741935484, 0.0
0.30450576806797414, 0.2857142857142857, 0.23529411764705888, 0.4375, 0.0
0.30450576806797414, 0.2857142857142857, 0.23529411764705888, 0.4375, 0.0
0.30450576806797414, 0.2857142857142857, 0.23529411764705888, 0.4375, 0.0
0.30450576806797414, 0.2857142857142857, 0.23529411764705888, 0.4375, 0.0
0.29965728321948926, 0.2857142857142857, 0.19999999999999996, 0.4375, 0.0
0.29965728321948926, 0.2857142857142857, 0.19999999999999996, 0.4375, 0.0
0.29965728321948926, 0.2857142857142857, 0.19999999999999996, 0.4375, 0.0
0.297161739547475, 0.2857142857142857, 0.19999999999999996, 0.4375, 0.0
0.297161739547475, 0.2857142857142857, 0.19999999999999996, 0.4375, 0.0
0.297161739547475, 0.2857142857142857, 0.19999999999999996, 0.4375, 0.0
0.297161739547475, 0.2857142857142857, 0.19999999999999996, 0.4375, 0.0
0.30137907776481326, 0.2857142857142857, 0.19999999999999996, 0.4375, 0.0
0.30137907776481326, 0.2857142857142857, 0.19999999999999996, 0.4375, 0.0
0.30137907776481326, 0.2857142857142857, 0.19999999999999996, 0.4375, 0.0
0.30137907776481326, 0.2857142857142857, 0.19999999999999996, 0.4375, 0.0
0.30137907776481326, 0.2857142857142857, 0.19999999999999996, 0.4375, 0.0
0.30137907776481326, 0.2857142857142857, 0.19999999999999996, 0.4375, 0.0
0.30137907776481326, 0.2857142857142857, 0.19999999999999996, 0.4375, 0.0
0.30137907776481326, 0.2857142857142857, 0.19999999999999996, 0.4375, 0.0
0.30137907776481326, 0.2857142857142857, 0.19999999999999996, 0.4375, 0.0
0.30137907776481326, 0.2857142857142857, 0.19999999999999996, 0.4375, 0.0
0.3040836078527105, 0.2857142857142857, 0.19999999999999996, 0.4375, 0.0
0.3040836078527105, 0.2857142857142857, 0.19999999999999996, 0.4375, 0.0
0.3040836078527105, 0.2857142857142857, 0.19999999999999996, 0.4375, 0.0
0.3040836078527105, 0.2857142857142857, 0.19999999999999996, 0.4375, 0.0
0.3040836078527105, 0.2857142857142857, 0.19999999999999996, 0.4375, 0.0
0.3040836078527105, 0.2857142857142857, 0.19999999999999996, 0.4375, 0.0
0.3040836078527105, 0.2857142857142857, 0.19999999999999996, 0.4375, 0.0
0.3040836078527105, 0.2857142857142857, 0.19999999999999996, 0.4375, 0.0
0.3043973333429066, 0.2857142857142857, 0.19999999999999996, 0.4375, 0.0
0.3043973333429066, 0.2857142857142857, 0.19999999999999996, 0.4375, 0.0
0.3043973333429066, 0.2857142857142857, 0.19999999999999996, 0.4375, 0.0
0.3020065287452054, 0.2857142857142857, 0.19999999999999996, 0.4375, 0.0
0.3020065287452054, 0.2857142857142857, 0.19999999999999996, 0.4375, 0.0
0.3020065287452054, 0.2857142857142857, 0.19999999999999996, 0.4375, 0.0
0.3020065287452054, 0.2857142857142857, 0.19999999999999996, 0.4375, 0.0
0.3020065287452054, 0.2857142857142857, 0.19999999999999996, 0.4375, 0.0
0.3020065287452054, 0.2857142857142857, 0.19999999999999996, 0.4375, 0.0
0.3020065287452054, 0.2857142857142857, 0.19999999999999996, 0.4375, 0.0
0.3020065287452054, 0.2857142857142857, 0.19999999999999996, 0.4375, 0.0
0.3020065287452054, 0.2857142857142857, 0.19999999999999996, 0.4375, 0.0
0.30169280325500936, 0.2857142857142857, 0.19999999999999996, 0.4375, 0.0
0.30169280325500936, 0.2857142857142857, 0.19999999999999996, 0.4375, 0.0
0.30169280325500936, 0.2857142857142857, 0.19999999999999996, 0.4375, 0.0
0.30169280325500936, 0.2857142857142857, 0.19999999999999996, 0.4375, 0.0
0.30169280325500936, 0.2857142857142857, 0.19999999999999996, 0.4375, 0.0
0.30137907776481326, 0.2857142857142857, 0.19999999999999996, 0.4375, 0.0
0.30137907776481326, 0.2857142857142857, 0.19999999999999996, 0.4375, 0.0
0.30137907776481326, 0.2857142857142857, 0.19999999999999996, 0.4375, 0.0
0.30137907776481326, 0.2857142857142857, 0.19999999999999996, 0.4375, 0.0
0.30137907776481326, 0.2857142857142857, 0.19999999999999996, 0.4375, 0.0
0.30137907776481326, 0.2857142857142857, 0.19999999999999996, 0.4375, 0.0
0.30137907776481326, 0.2857142857142857, 0.19999999999999996, 0.4375, 0.0
0.30137907776481326, 0.2857142857142857, 0.19999999999999996, 0.4375, 0.0
0.30137907776481326, 0.2857142857142857, 0.19999999999999996, 0.4375, 0.0
0.3037320189412839, 0.2857142857142857, 0.23529411764705888, 0.4375, 0.0
0.3037320189412839, 0.2857142857142857, 0.23529411764705888, 0.4375, 0.0
0.3037320189412839, 0.2857142857142857, 0.23529411764705888, 0.4375, 0.0
0.3037320189412839, 0.2857142857142857, 0.23529411764705888, 0.4375, 0.0
0.3037320189412839, 0.2857142857142857, 0.23529411764705888, 0.4375, 0.0
0.3037320189412839, 0.2857142857142857, 0.23529411764705888, 0.4375, 0.0
0.3037320189412839, 0.2857142857142857, 0.23529411764705888, 0.4375, 0.0
0.3037320189412839, 0.2857142857142857, 0.23529411764705888, 0.4375, 0.0
0.3037320189412839, 0.2857142857142857, 0.23529411764705888, 0.4375, 0.0
0.3037320189412839, 0.2857142857142857, 0.23529411764705888, 0.4375, 0.0
0.3037320189412839, 0.2857142857142857, 0.23529411764705888, 0.4375, 0.0
0.3037320189412839, 0.2857142857142857, 0.23529411764705888, 0.4375, 0.0
0.3037320189412839, 0.2857142857142857, 0.23529411764705888, 0.4375, 0.0
0.3037320189412839, 0.2857142857142857, 0.23529411764705888, 0.4375, 0.0
0.3037320189412839, 0.2857142857142857, 0.23529411764705888, 0.4375, 0.0
0.3037320189412839, 0.2857142857142857, 0.23529411764705888, 0.4375, 0.0
0.3037320189412839, 0.2857142857142857, 0.23529411764705888, 0.4375, 0.0
0.3037320189412839, 0.2857142857142857, 0.23529411764705888, 0.4375, 0.0
0.3037320189412839, 0.2857142857142857, 0.23529411764705888, 0.4375, 0.0
0.3037320189412839, 0.2857142857142857, 0.23529411764705888, 0.4375, 0.0
0.3037320189412839, 0.2857142857142857, 0.23529411764705888, 0.4375, 0.0
0.3037320189412839, 0.2857142857142857, 0.23529411764705888, 0.4375, 0.0
0.3037320189412839, 0.2857142857142857, 0.23529411764705888, 0.4375, 0.0
0.3037320189412839, 0.2857142857142857, 0.23529411764705888, 0.4375, 0.0
0.3037320189412839, 0.2857142857142857, 0.23529411764705888, 0.4375, 0.0
0.3037320189412839, 0.2857142857142857, 0.23529411764705888, 0.4375, 0.0
0.3037320189412839, 0.2857142857142857, 0.23529411764705888, 0.4375, 0.0
0.3037320189412839, 0.2857142857142857, 0.23529411764705888, 0.4375, 0.0
0.3037320189412839, 0.2857142857142857, 0.23529411764705888, 0.4375, 0.0
0.3037320189412839, 0.2857142857142857, 0.23529411764705888, 0.4375, 0.0
0.3037320189412839, 0.2857142857142857, 0.23529411764705888, 0.4375, 0.0
0.3037320189412839, 0.2857142857142857, 0.23529411764705888, 0.4375, 0.0
0.3037320189412839, 0.2857142857142857, 0.23529411764705888, 0.4375, 0.0
0.3037320189412839, 0.2857142857142857, 0.23529411764705888, 0.4375, 0.0
0.3037320189412839, 0.2857142857142857, 0.23529411764705888, 0.4375, 0.0
0.3037320189412839, 0.2857142857142857, 0.23529411764705888, 0.4375, 0.0
0.3037320189412839, 0.2857142857142857, 0.23529411764705888, 0.4375, 0.0
0.3037320189412839, 0.2857142857142857, 0.23529411764705888, 0.4375, 0.0
0.2953168716762067, 0.2857142857142857, 0.23529411764705888, 0.4375, 0.0
0.2953168716762067, 0.2857142857142857, 0.23529411764705888, 0.4375, 0.0
0.2953168716762067, 0.2857142857142857, 0.23529411764705888, 0.4375, 0.0
0.2953168716762067, 0.2857142857142857, 0.23529411764705888, 0.4375, 0.0
0.2953168716762067, 0.2857142857142857, 0.23529411764705888, 0.4375, 0.0
0.2953168716762067, 0.2857142857142857, 0.23529411764705888, 0.4375, 0.0
0.2953168716762067, 0.2857142857142857, 0.23529411764705888, 0.4375, 0.0
0.2953168716762067, 0.2857142857142857, 0.23529411764705888, 0.4375, 0.0
0.2953168716762067, 0.2857142857142857, 0.23529411764705888, 0.4375, 0.0
0.2953168716762067, 0.2857142857142857, 0.23529411764705888, 0.4375, 0.0
0.2953168716762067, 0.2857142857142857, 0.23529411764705888, 0.4375, 0.0
0.2953168716762067, 0.2857142857142857, 0.23529411764705888, 0.4375, 0.0
0.2953168716762067, 0.2857142857142857, 0.23529411764705888, 0.4375, 0.0
0.2953168716762067, 0.2857142857142857, 0.23529411764705888, 0.4375, 0.0
0.2953168716762067, 0.2857142857142857, 0.23529411764705888, 0.4375, 0.0
0.2953168716762067, 0.2857142857142857, 0.23529411764705888, 0.4375, 0.0
0.2953168716762067, 0.2857142857142857, 0.23529411764705888, 0.4375, 0.0
0.2953168716762067, 0.2857142857142857, 0.23529411764705888, 0.4375, 0.0
0.2953168716762067, 0.2857142857142857, 0.23529411764705888, 0.4375, 0.0
0.2891387107566664, 0.2857142857142857, 0.23529411764705888, 0.41666666666666663, 0.0
0.2891387107566664, 0.2857142857142857, 0.23529411764705888, 0.41666666666666663, 0.0
0.2891387107566664, 0.2857142857142857, 0.23529411764705888, 0.41666666666666663, 0.0
0.2891387107566664, 0.2857142857142857, 0.23529411764705888, 0.41666666666666663, 0.0
0.2891387107566664, 0.2857142857142857, 0.23529411764705888, 0.41666666666666663, 0.0
0.2891387107566664, 0.2857142857142857, 0.23529411764705888, 0.41666666666666663, 0.0
0.2891387107566664, 0.2857142857142857, 0.23529411764705888, 0.41666666666666663, 0.0
0.2891387107566664, 0.2857142857142857, 0.23529411764705888, 0.41666666666666663, 0.0
0.2891387107566664, 0.2857142857142857, 0.23529411764705888, 0.41666666666666663, 0.0
0.2891387107566664, 0.2857142857142857, 0.23529411764705888, 0.41666666666666663, 0.0
0.2891387107566664, 0.2857142857142857, 0.23529411764705888, 0.41666666666666663, 0.0
0.2891387107566664, 0.2857142857142857, 0.23529411764705888, 0.41666666666666663, 0.0
0.2891387107566664, 0.2857142857142857, 0.23529411764705888, 0.41666666666666663, 0.0
0.2921863298042855, 0.2857142857142857, 0.23529411764705888, 0.41666666666666663, 0.0
0.2921863298042855, 0.2857142857142857, 0.23529411764705888, 0.41666666666666663, 0.0
0.2921863298042855, 0.2857142857142857, 0.23529411764705888, 0.41666666666666663, 0.0
0.2921863298042855, 0.2857142857142857, 0.23529411764705888, 0.41666666666666663, 0.0
0.2921863298042855, 0.2857142857142857, 0.23529411764705888, 0.41666666666666663, 0.0
0.2921863298042855, 0.2857142857142857, 0.23529411764705888, 0.41666666666666663, 0.0
0.2921863298042855, 0.2857142857142857, 0.23529411764705888, 0.41666666666666663, 0.0
0.2921863298042855, 0.2857142857142857, 0.23529411764705888, 0.41666666666666663, 0.0
0.2921863298042855, 0.2857142857142857, 0.23529411764705888, 0.41666666666666663, 0.0
0.2921863298042855, 0.2857142857142857, 0.23529411764705888, 0.41666666666666663, 0.0
0.2921863298042855, 0.2857142857142857, 0.23529411764705888, 0.41666666666666663, 0.0
0.2921863298042855, 0.2857142857142857, 0.23529411764705888, 0.41666666666666663, 0.0
0.2921863298042855, 0.2857142857142857, 0.23529411764705888, 0.41666666666666663, 0.0
0.2921863298042855, 0.2857142857142857, 0.23529411764705888, 0.41666666666666663, 0.0
0.2921863298042855, 0.2857142857142857, 0.23529411764705888, 0.41666666666666663, 0.0
0.2921863298042855, 0.2857142857142857, 0.23529411764705888, 0.41666666666666663, 0.0
0.2921863298042855, 0.2857142857142857, 0.23529411764705888, 0.41666666666666663, 0.0
0.29132052893848465, 0.2857142857142857, 0.23529411764705888, 0.41666666666666663, 0.0
0.29132052893848465, 0.2857142857142857, 0.23529411764705888, 0.41666666666666663, 0.0
0.29132052893848465, 0.2857142857142857, 0.23529411764705888, 0.41666666666666663, 0.0
0.29132052893848465, 0.2857142857142857, 0.23529411764705888, 0.41666666666666663, 0.0
0.29132052893848465, 0.2857142857142857, 0.23529411764705888, 0.41666666666666663, 0.0
0.29132052893848465, 0.2857142857142857, 0.23529411764705888, 0.41666666666666663, 0.0
0.29132052893848465, 0.2857142857142857, 0.23529411764705888, 0.41666666666666663, 0.0
0.29132052893848465, 0.2857142857142857, 0.23529411764705888, 0.41666666666666663, 0.0
0.29132052893848465, 0.2857142857142857, 0.23529411764705888, 0.41666666666666663, 0.0
0.29468187347629976, 0.2857142857142857, 0.23529411764705888, 0.41666666666666663, 0.0
0.29381607261049886, 0.2857142857142857, 0.23529411764705888, 0.41666666666666663, 0.0
0.29381607261049886, 0.2857142857142857, 0.23529411764705888, 0.41666666666666663, 0.0
0.29381607261049886, 0.2857142857142857, 0.23529411764705888, 0.41666666666666663, 0.0
0.29381607261049886, 0.2857142857142857, 0.23529411764705888, 0.41666666666666663, 0.0
0.29381607261049886, 0.2857142857142857, 0.23529411764705888, 0.41666666666666663, 0.0
0.29381607261049886, 0.2857142857142857, 0.23529411764705888, 0.41666666666666663, 0.0
0.29381607261049886, 0.2857142857142857, 0.23529411764705888, 0.41666666666666663, 0.0
0.292950271744698, 0.2857142857142857, 0.23529411764705888, 0.41666666666666663, 0.0
0.292950271744698, 0.2857142857142857, 0.23529411764705888, 0.41666666666666663, 0.0
0.292950271744698, 0.2857142857142857, 0.23529411764705888, 0.41666666666666663, 0.0
0.29208447087889716, 0.2727272727272727, 0.23529411764705888, 0.41666666666666663, 0.0
0.29208447087889716, 0.2727272727272727, 0.23529411764705888, 0.41666666666666663, 0.0
0.29208447087889716, 0.2727272727272727, 0.23529411764705888, 0.41666666666666663, 0.0
0.29208447087889716, 0.2727272727272727, 0.23529411764705888, 0.41666666666666663, 0.0
0.29208447087889716, 0.2727272727272727, 0.23529411764705888, 0.41666666666666663, 0.0
0.29208447087889716, 0.2727272727272727, 0.23529411764705888, 0.41666666666666663, 0.0
0.29208447087889716, 0.2727272727272727, 0.23529411764705888, 0.41666666666666663, 0.0
0.29208447087889716, 0.2727272727272727, 0.23529411764705888, 0.41666666666666663, 0.0
0.29208447087889716, 0.2727272727272727, 0.23529411764705888, 0.41666666666666663, 0.0
0.29208447087889716, 0.2727272727272727, 0.23529411764705888, 0.41666666666666663, 0.0
0.29208447087889716, 0.2727272727272727, 0.23529411764705888, 0.41666666666666663, 0.0
0.2816979974489454, 0.2727272727272727, 0.23529411764705888, 0.3571428571428571, 0.0
