0.8240792751571214, 0.8378378378378378, 0.7173913043478262, 0.8857142857142857, 0.0
0.761290546820914, 0.7419354838709677, 0.6551724137931034, 0.8536585365853658, 0.0
0.7300252047906811, 0.7173913043478262, 0.6071428571428572, 0.8292682926829268, 0.0
0.6997919234942035, 0.7111111111111111, 0.5142857142857142, 0.8292682926829268, 0.0
0.6837020815715795, 0.7111111111111111, 0.5142857142857142, 0.7894736842105263, 0.0
0.6794715606798066, 0.7111111111111111, 0.48571428571428577, 0.7777777777777778, 0.0
0.6673515459282128, 0.7027027027027026, 0.48571428571428577, 0.7560975609756098, 0.0
0.6622738399599176, 0.6875, 0.48571428571428577, 0.7391304347826086, 0.0
0.6359137404363664, 0.6756756756756757, 0.46875, 0.7272727272727273, 0.0
0.6119571289272031, 0.6111111111111112, 0.46875, 0.7272727272727273, 0.0
0.6102614331473261, 0.5833333333333333, 0.46875, 0.7391304347826086, 0.0
0.6097964945244928, 0.5833333333333333, 0.46875, 0.7391304347826086, 0.0
0.6008750962287572, 0.5833333333333333, 0.46875, 0.7391304347826086, 0.0
0.5859533797301864, 0.5714285714285714, 0.46875, 0.6829268292682926, 0.0
0.5750296712989269, 0.5675675675675675, 0.4545454545454546, 0.6829268292682926, 0.0
0.5732479990498377, 0.5588235294117647, 0.4545454545454546, 0.6756756756756757, 0.0
0.5763362974322539, 0.5675675675675675, 0.4545454545454546, 0.6756756756756757, 0.0
0.5711111474702617, 0.5675675675675675, 0.4545454545454546, 0.6666666666666667, 0.0
0.5651167885347262, 0.5675675675675675, 0.4545454545454546, 0.6578947368421053, 0.0
0.5524382607246195, 0.5675675675675675, 0.4242424242424242, 0.6578947368421053, 0.0
0.5465903306661632, 0.5675675675675675, 0.4242424242424242, 0.631578947368421, 0.0
0.5462706832876923, 0.5675675675675675, 0.4242424242424242, 0.631578947368421, 0.0
0.5505037603497168, 0.5714285714285714, 0.4242424242424242, 0.6, 0.0
0.5471846517674502, 0.5675675675675675, 0.4242424242424242, 0.6, 0.0
0.5444790890618875, 0.5675675675675675, 0.4242424242424242, 0.5945945945945945, 0.0
0.5431454024340832, 0.5588235294117647, 0.4242424242424242, 0.5945945945945945, 0.0
0.540584947242049, 0.5555555555555556, 0.4242424242424242, 0.5945945945945945, 0.0
0.5381959729018552, 0.5555555555555556, 0.4242424242424242, 0.5833333333333333, 0.0
0.539052092179027, 0.5555555555555556, 0.4242424242424242, 0.5833333333333333, 0.0
0.5369366153576679, 0.5526315789473684, 0.4242424242424242, 0.5833333333333333, 0.0
0.5242692266066878, 0.5405405405405406, 0.4242424242424242, 0.5833333333333333, 0.0
0.5175670959726686, 0.5405405405405406, 0.4242424242424242, 0.5526315789473684, 0.0
0.513911060459048, 0.5277777777777778, 0.4242424242424242, 0.5526315789473684, 0.0
0.5114006553170639, 0.5277777777777778, 0.4242424242424242, 0.5428571428571429, 0.0
0.5080649666872576, 0.5263157894736843, 0.4242424242424242, 0.5428571428571429, 0.0
0.506034204561619, 0.5135135135135135, 0.4242424242424242, 0.5428571428571429, 0.0
0.5088638593437355, 0.5263157894736843, 0.4242424242424242, 0.5428571428571429, 0.0
0.504982036545504, 0.5128205128205128, 0.4242424242424242, 0.5428571428571429, 0.0
0.49413649084701716, 0.5, 0.4242424242424242, 0.5428571428571429, 0.0
0.4933564413169676, 0.48571428571428577, 0.4242424242424242, 0.5428571428571429, 0.0
0.4809953934953935, 0.48484848484848486, 0.4242424242424242, 0.5128205128205128, 0.0
0.4826566489066489, 0.48571428571428577, 0.4242424242424242, 0.5128205128205128, 0.0
0.4823788711288711, 0.48571428571428577, 0.4242424242424242, 0.5128205128205128, 0.0
0.4835098235098235, 0.48571428571428577, 0.4242424242424242, 0.5128205128205128, 0.0
0.47933163610582963, 0.48571428571428577, 0.4242424242424242, 0.5128205128205128, 0.0
0.4678807214291086, 0.48484848484848486, 0.4, 0.5128205128205128, 0.0
0.4561909330318674, 0.48484848484848486, 0.3793103448275862, 0.5128205128205128, 0.0
0.45947500528145696, 0.48484848484848486, 0.3870967741935484, 0.5128205128205128, 0.0
0.4602593190069471, 0.48484848484848486, 0.3870967741935484, 0.5128205128205128, 0.0
0.45991299866062685, 0.48571428571428577, 0.3870967741935484, 0.5128205128205128, 0.0
0.45991299866062685, 0.48571428571428577, 0.3870967741935484, 0.5128205128205128, 0.0
0.45524325979733954, 0.48571428571428577, 0.3870967741935484, 0.5128205128205128, 0.0
0.45524325979733954, 0.48571428571428577, 0.3870967741935484, 0.5128205128205128, 0.0
0.45973983848746663, 0.48571428571428577, 0.3870967741935484, 0.5128205128205128, 0.0
0.4538812526288807, 0.48571428571428577, 0.3666666666666667, 0.5128205128205128, 0.0
0.4501432491185812, 0.4545454545454546, 0.3666666666666667, 0.5128205128205128, 0.0
0.44195141027700074, 0.4516129032258065, 0.31034482758620685, 0.5128205128205128, 0.0
0.43707579157073695, 0.4516129032258065, 0.31034482758620685, 0.5128205128205128, 0.0
0.43843779873919575, 0.4516129032258065, 0.31034482758620685, 0.5128205128205128, 0.0
0.4348535693485147, 0.4516129032258065, 0.31034482758620685, 0.5128205128205128, 0.0
0.433078757829543, 0.4516129032258065, 0.31034482758620685, 0.5128205128205128, 0.0
0.4243648910511601, 0.4545454545454546, 0.2857142857142857, 0.5128205128205128, 0.0
0.42875331308664094, 0.4545454545454546, 0.31034482758620685, 0.5128205128205128, 0.0
0.42594549351157995, 0.4545454545454546, 0.31034482758620685, 0.5128205128205128, 0.0
0.42582294449197217, 0.4545454545454546, 0.31034482758620685, 0.5128205128205128, 0.0
0.42582294449197217, 0.4545454545454546, 0.31034482758620685, 0.5128205128205128, 0.0
0.42340421626679237, 0.4545454545454546, 0.31034482758620685, 0.5, 0.0
0.43363553554476475, 0.4545454545454546, 0.31034482758620685, 0.5, 0.0
0.43000963022768296, 0.4545454545454546, 0.31034482758620685, 0.5, 0.0
0.43000963022768296, 0.4545454545454546, 0.31034482758620685, 0.5, 0.0
0.4266191073518659, 0.4545454545454546, 0.31034482758620685, 0.5, 0.0
0.4266191073518659, 0.4545454545454546, 0.31034482758620685, 0.5, 0.0
0.4270970046039568, 0.4545454545454546, 0.31034482758620685, 0.5, 0.0
0.4265739008550466, 0.4516129032258065, 0.31034482758620685, 0.5, 0.0
0.4265739008550466, 0.4516129032258065, 0.31034482758620685, 0.5, 0.0
0.4265739008550466, 0.4516129032258065, 0.31034482758620685, 0.5, 0.0
0.4265739008550466, 0.4516129032258065, 0.31034482758620685, 0.5, 0.0
0.4265739008550466, 0.4516129032258065, 0.31034482758620685, 0.5, 0.0
0.4330527044639948, 0.4516129032258065, 0.33333333333333337, 0.5, 0.0
0.43689108830237866, 0.4516129032258065, 0.33333333333333337, 0.5, 0.0
0.43115632127728903, 0.4516129032258065, 0.33333333333333337, 0.5, 0.0
0.43115632127728903, 0.4516129032258065, 0.33333333333333337, 0.5, 0.0
0.43115632127728903, 0.4516129032258065, 0.33333333333333337, 0.5, 0.0
0.43115632127728903, 0.4516129032258065, 0.33333333333333337, 0.5, 0.0
0.42356314816687457, 0.4516129032258065, 0.31034482758620685, 0.5, 0.0
0.42356314816687457, 0.4516129032258065, 0.31034482758620685, 0.5, 0.0
0.429136119257087, 0.4516129032258065, 0.33333333333333337, 0.5, 0.0
0.43115632127728903, 0.4516129032258065, 0.33333333333333337, 0.5, 0.0
0.43317652329749107, 0.4516129032258065, 0.33333333333333337, 0.5, 0.0
0.43317652329749107, 0.4516129032258065, 0.33333333333333337, 0.5, 0.0
0.43317652329749107, 0.4516129032258065, 0.33333333333333337, 0.5, 0.0
0.43317652329749107, 0.4516129032258065, 0.33333333333333337, 0.5, 0.0
0.4328778375149343, 0.4516129032258065, 0.33333333333333337, 0.5277777777777778, 0.0
0.4317353643966548, 0.4516129032258065, 0.33333333333333337, 0.5277777777777778, 0.0
0.4328778375149343, 0.4516129032258065, 0.33333333333333337, 0.5277777777777778, 0.0
0.4250014934289128, 0.4193548387096774, 0.33333333333333337, 0.5277777777777778, 0.0
0.4250014934289128, 0.4193548387096774, 0.33333333333333337, 0.5277777777777778, 0.0
0.4250014934289128, 0.4193548387096774, 0.33333333333333337, 0.5277777777777778, 0.0
0.4212319430867818, 0.4193548387096774, 0.33333333333333337, 0.5277777777777778, 0.0
0.4240097208645597, 0.4193548387096774, 0.33333333333333337, 0.5277777777777778, 0.0
0.41970864559574245, 0.4193548387096774, 0.33333333333333337, 0.5277777777777778, 0.0
0.41970864559574245, 0.4193548387096774, 0.33333333333333337, 0.5277777777777778, 0.0
0.41588125882480725, 0.4193548387096774, 0.33333333333333337, 0.5277777777777778, 0.0
0.41588125882480725, 0.4193548387096774, 0.33333333333333337, 0.5277777777777778, 0.0
0.40935511024220705, 0.4193548387096774, 0.33333333333333337, 0.5277777777777778, 0.0
0.40935511024220705, 0.4193548387096774, 0.33333333333333337, 0.5277777777777778, 0.0
0.40935511024220705, 0.4193548387096774, 0.33333333333333337, 0.5277777777777778, 0.0
0.41270364939719784, 0.4193548387096774, 0.33333333333333337, 0.5, 0.0
0.41319384547562926, 0.4193548387096774, 0.33333333333333337, 0.5, 0.0
0.41388828992007365, 0.4193548387096774, 0.34375, 0.5, 0.0
0.4163646665899987, 0.4242424242424242, 0.34375, 0.5, 0.0
0.4163646665899987, 0.4242424242424242, 0.34375, 0.5, 0.0
0.4163646665899987, 0.4242424242424242, 0.34375, 0.5, 0.0
0.4168208412397218, 0.4242424242424242, 0.34375, 0.5, 0.0
0.41347488164376217, 0.4242424242424242, 0.34375, 0.5, 0.0
0.41380072067927853, 0.4242424242424242, 0.34375, 0.5, 0.0
0.41380072067927853, 0.4242424242424242, 0.34375, 0.5, 0.0
0.4108437314319668, 0.4242424242424242, 0.34375, 0.5, 0.0
0.4062168171276331, 0.4242424242424242, 0.34375, 0.5, 0.0
0.4062168171276331, 0.4242424242424242, 0.34375, 0.5, 0.0
0.40430802330707455, 0.38235294117647056, 0.34375, 0.5, 0.0
0.40088060395223585, 0.38235294117647056, 0.34375, 0.5, 0.0
0.40088060395223585, 0.38235294117647056, 0.34375, 0.5, 0.0
0.40088060395223585, 0.38235294117647056, 0.34375, 0.5, 0.0
0.4022246899737412, 0.38235294117647056, 0.34375, 0.5, 0.0
0.4022246899737412, 0.38235294117647056, 0.34375, 0.5, 0.0
0.4022246899737412, 0.38235294117647056, 0.34375, 0.5, 0.0
0.40037283812188934, 0.38235294117647056, 0.34375, 0.5, 0.0
0.40037283812188934, 0.38235294117647056, 0.34375, 0.5, 0.0
0.40407654182559305, 0.38235294117647056, 0.34375, 0.5277777777777778, 0.0
0.40407654182559305, 0.38235294117647056, 0.34375, 0.5277777777777778, 0.0
0.4026652515030125, 0.38235294117647056, 0.32258064516129037, 0.5277777777777778, 0.0
0.4026652515030125, 0.38235294117647056, 0.32258064516129037, 0.5277777777777778, 0.0
0.4010490898868508, 0.38235294117647056, 0.32258064516129037, 0.5277777777777778, 0.0
0.40362261929861554, 0.38235294117647056, 0.32258064516129037, 0.5277777777777778, 0.0
0.40362261929861554, 0.38235294117647056, 0.32258064516129037, 0.5277777777777778, 0.0
0.40362261929861554, 0.38235294117647056, 0.32258064516129037, 0.5277777777777778, 0.0
0.40362261929861554, 0.38235294117647056, 0.32258064516129037, 0.5277777777777778, 0.0
0.40362261929861554, 0.38235294117647056, 0.32258064516129037, 0.5277777777777778, 0.0
0.4010490898868508, 0.38235294117647056, 0.32258064516129037, 0.5277777777777778, 0.0
0.40239317590835616, 0.38235294117647056, 0.32258064516129037, 0.5277777777777778, 0.0
0.3998196464965915, 0.375, 0.32258064516129037, 0.5277777777777778, 0.0
0.3998196464965915, 0.375, 0.32258064516129037, 0.5277777777777778, 0.0
0.3998196464965915, 0.375, 0.32258064516129037, 0.5277777777777778, 0.0
0.38606815306767867, 0.375, 0.32258064516129037, 0.5, 0.0
0.3834946236559141, 0.375, 0.32258064516129037, 0.5, 0.0
0.3827370478983383, 0.3666666666666667, 0.32258064516129037, 0.5, 0.0
0.3827370478983383, 0.3666666666666667, 0.32258064516129037, 0.5, 0.0
0.3827370478983383, 0.3666666666666667, 0.32258064516129037, 0.5, 0.0
0.3827370478983383, 0.3666666666666667, 0.32258064516129037, 0.5, 0.0
0.3827370478983383, 0.3666666666666667, 0.32258064516129037, 0.5, 0.0
0.3868640320253224, 0.375, 0.32258064516129037, 0.5, 0.0
0.3868640320253224, 0.375, 0.32258064516129037, 0.5, 0.0
0.3886983141252591, 0.375, 0.32258064516129037, 0.5, 0.0
0.3886983141252591, 0.375, 0.32258064516129037, 0.5, 0.0
0.3886983141252591, 0.375, 0.32258064516129037, 0.5, 0.0
0.3886983141252591, 0.375, 0.32258064516129037, 0.5, 0.0
0.3919811424080874, 0.375, 0.32258064516129037, 0.5, 0.0
0.38918851020369055, 0.375, 0.32258064516129037, 0.5, 0.0
0.3924713384865188, 0.38235294117647056, 0.32258064516129037, 0.5, 0.0
0.3924713384865188, 0.38235294117647056, 0.32258064516129037, 0.5, 0.0
0.3924713384865188, 0.38235294117647056, 0.32258064516129037, 0.5, 0.0
0.39151895753413785, 0.38235294117647056, 0.32258064516129037, 0.48571428571428577, 0.0
0.39151895753413785, 0.38235294117647056, 0.32258064516129037, 0.48571428571428577, 0.0
0.39151895753413785, 0.38235294117647056, 0.32258064516129037, 0.48571428571428577, 0.0
0.39293024785671854, 0.38235294117647056, 0.34375, 0.48571428571428577, 0.0
0.38964741957389026, 0.375, 0.34375, 0.48571428571428577, 0.0
0.38964741957389026, 0.375, 0.34375, 0.48571428571428577, 0.0
0.38964741957389026, 0.375, 0.34375, 0.48571428571428577, 0.0
0.38964741957389026, 0.375, 0.34375, 0.48571428571428577, 0.0
0.38964741957389026, 0.375, 0.34375, 0.48571428571428577, 0.0
0.38964741957389026, 0.375, 0.34375, 0.48571428571428577, 0.0
0.38964741957389026, 0.375, 0.34375, 0.48571428571428577, 0.0
0.38964741957389026, 0.375, 0.34375, 0.48571428571428577, 0.0
0.38964741957389026, 0.375, 0.34375, 0.48571428571428577, 0.0
0.39040499533146594, 0.375, 0.34375, 0.48571428571428577, 0.0
0.39040499533146594, 0.375, 0.34375, 0.48571428571428577, 0.0
0.3899147992530346, 0.375, 0.34375, 0.48571428571428577, 0.0
0.38942460317460326, 0.375, 0.34375, 0.48571428571428577, 0.0
0.38942460317460326, 0.375, 0.34375, 0.48571428571428577, 0.0
0.38942460317460326, 0.375, 0.34375, 0.48571428571428577, 0.0
0.38942460317460326, 0.375, 0.34375, 0.48571428571428577, 0.0
0.38942460317460326, 0.375, 0.34375, 0.48571428571428577, 0.0
0.38942460317460326, 0.375, 0.34375, 0.48571428571428577, 0.0
0.38942460317460326, 0.375, 0.34375, 0.48571428571428577, 0.0
0.38942460317460326, 0.375, 0.34375, 0.48571428571428577, 0.0
0.38942460317460326, 0.375, 0.34375, 0.48571428571428577, 0.0
0.38942460317460326, 0.375, 0.34375, 0.48571428571428577, 0.0
0.38942460317460326, 0.375, 0.34375, 0.48571428571428577, 0.0
0.38942460317460326, 0.375, 0.34375, 0.48571428571428577, 0.0
0.38942460317460326, 0.375, 0.34375, 0.48571428571428577, 0.0
0.38942460317460326, 0.375, 0.34375, 0.48571428571428577, 0.0
0.38942460317460326, 0.375, 0.34375, 0.48571428571428577, 0.0
0.38942460317460326, 0.375, 0.34375, 0.48571428571428577, 0.0
0.39199813258636795, 0.375, 0.34375, 0.48571428571428577, 0.0
0.39199813258636795, 0.375, 0.34375, 0.48571428571428577, 0.0
0.39199813258636795, 0.375, 0.34375, 0.48571428571428577, 0.0
0.39199813258636795, 0.375, 0.34375, 0.48571428571428577, 0.0
0.39199813258636795, 0.375, 0.34375, 0.48571428571428577, 0.0
0.39199813258636795, 0.375, 0.34375, 0.48571428571428577, 0.0
0.39199813258636795, 0.375, 0.34375, 0.48571428571428577, 0.0
0.39199813258636795, 0.375, 0.34375, 0.48571428571428577, 0.0
0.39199813258636795, 0.375, 0.34375, 0.48571428571428577, 0.0
0.39199813258636795, 0.375, 0.34375, 0.48571428571428577, 0.0
0.39199813258636795, 0.375, 0.34375, 0.48571428571428577, 0.0
0.3945716619981326, 0.375, 0.34375, 0.48571428571428577, 0.0
0.3945716619981326, 0.375, 0.34375, 0.48571428571428577, 0.0
0.3945716619981326, 0.375, 0.34375, 0.48571428571428577, 0.0
0.3924659272311075, 0.375, 0.32258064516129037, 0.48571428571428577, 0.0
0.3924659272311075, 0.375, 0.32258064516129037, 0.48571428571428577, 0.0
0.3924659272311075, 0.375, 0.32258064516129037, 0.48571428571428577, 0.0
0.3924659272311075, 0.375, 0.32258064516129037, 0.48571428571428577, 0.0
0.3898923978193429, 0.375, 0.32258064516129037, 0.48571428571428577, 0.0
0.3898923978193429, 0.375, 0.32258064516129037, 0.48571428571428577, 0.0
0.3898923978193429, 0.375, 0.32258064516129037, 0.48571428571428577, 0.0
0.3924659272311075, 0.375, 0.32258064516129037, 0.48571428571428577, 0.0
0.3924659272311075, 0.375, 0.32258064516129037, 0.48571428571428577, 0.0
0.3924659272311075, 0.375, 0.32258064516129037, 0.48571428571428577, 0.0
0.3924659272311075, 0.375, 0.32258064516129037, 0.48571428571428577, 0.0
0.3924659272311075, 0.375, 0.32258064516129037, 0.48571428571428577, 0.0
0.3924659272311075, 0.375, 0.32258064516129037, 0.48571428571428577, 0.0
0.3924659272311075, 0.375, 0.32258064516129037, 0.48571428571428577, 0.0
0.3924659272311075, 0.375, 0.32258064516129037, 0.48571428571428577, 0.0
0.3924659272311075, 0.375, 0.32258064516129037, 0.48571428571428577, 0.0
0.3924659272311075, 0.375, 0.32258064516129037, 0.48571428571428577, 0.0
0.3924659272311075, 0.375, 0.32258064516129037, 0.48571428571428577, 0.0
0.3945438493090296, 0.375, 0.32258064516129037, 0.48571428571428577, 0.0
0.3945438493090296, 0.375, 0.32258064516129037, 0.48571428571428577, 0.0
0.3945438493090296, 0.375, 0.32258064516129037, 0.48571428571428577, 0.0
0.3945438493090296, 0.375, 0.32258064516129037, 0.48571428571428577, 0.0
0.3884084919402756, 0.375, 0.29032258064516125, 0.48571428571428577, 0.0
0.3884084919402756, 0.375, 0.29032258064516125, 0.48571428571428577, 0.0
0.3884084919402756, 0.375, 0.29032258064516125, 0.48571428571428577, 0.0
0.38514051808406646, 0.375, 0.29032258064516125, 0.48571428571428577, 0.0
0.38514051808406646, 0.375, 0.29032258064516125, 0.48571428571428577, 0.0
0.38514051808406646, 0.375, 0.29032258064516125, 0.48571428571428577, 0.0
0.38514051808406646, 0.375, 0.29032258064516125, 0.48571428571428577, 0.0
0.3905968672904157, 0.375, 0.29032258064516125, 0.5, 0.0
0.3905968672904157, 0.375, 0.29032258064516125, 0.5, 0.0
0.3905968672904157, 0.375, 0.29032258064516125, 0.5, 0.0
0.3905968672904157, 0.375, 0.29032258064516125, 0.5, 0.0
0.3905968672904157, 0.375, 0.29032258064516125, 0.5, 0.0
0.3905968672904157, 0.375, 0.29032258064516125, 0.5, 0.0
0.3905968672904157, 0.375, 0.29032258064516125, 0.5, 0.0
0.3905968672904157, 0.375, 0.29032258064516125, 0.5, 0.0
0.3905968672904157, 0.375, 0.29032258064516125, 0.5, 0.0
0.3905968672904157, 0.375, 0.29032258064516125, 0.5, 0.0
0.3920081576129963, 0.375, 0.29032258064516125, 0.5, 0.0
0.3920081576129963, 0.375, 0.29032258064516125, 0.5, 0.0
0.3920081576129963, 0.375, 0.29032258064516125, 0.5, 0.0
0.3920081576129963, 0.375, 0.29032258064516125, 0.5, 0.0
0.3920081576129963, 0.375, 0.29032258064516125, 0.5, 0.0
0.3920081576129963, 0.375, 0.29032258064516125, 0.5, 0.0
0.3920081576129963, 0.375, 0.29032258064516125, 0.5, 0.0
0.3920081576129963, 0.375, 0.29032258064516125, 0.5, 0.0
0.3927026020574408, 0.375, 0.29032258064516125, 0.5, 0.0
0.3927026020574408, 0.375, 0.29032258064516125, 0.5, 0.0
0.3927026020574408, 0.375, 0.29032258064516125, 0.5, 0.0
0.3927026020574408, 0.375, 0.29032258064516125, 0.5, 0.0
0.3927026020574408, 0.375, 0.29032258064516125, 0.5, 0.0
0.3927026020574408, 0.375, 0.29032258064516125, 0.5, 0.0
0.3927026020574408, 0.375, 0.29032258064516125, 0.5, 0.0
0.3927026020574408, 0.375, 0.29032258064516125, 0.5, 0.0
0.3927026020574408, 0.375, 0.29032258064516125, 0.5, 0.0
0.3927026020574408, 0.375, 0.29032258064516125, 0.5, 0.0
0.3927026020574408, 0.375, 0.29032258064516125, 0.5, 0.0
0.3927026020574408, 0.375, 0.29032258064516125, 0.5, 0.0
0.3927026020574408, 0.375, 0.29032258064516125, 0.5, 0.0
0.3927026020574408, 0.375, 0.29032258064516125, 0.5, 0.0
0.3927026020574408, 0.375, 0.29032258064516125, 0.5, 0.0
0.3927026020574408, 0.375, 0.29032258064516125, 0.5, 0.0
0.3927026020574408, 0.375, 0.29032258064516125, 0.5, 0.0
0.3927026020574408, 0.375, 0.29032258064516125, 0.5, 0.0
0.3927026020574408, 0.375, 0.29032258064516125, 0.5, 0.0
0.3927026020574408, 0.375, 0.29032258064516125, 0.5, 0.0
0.3927026020574408, 0.375, 0.29032258064516125, 0.5, 0.0
0.3927026020574408, 0.375, 0.29032258064516125, 0.5, 0.0
0.3927026020574408, 0.375, 0.29032258064516125, 0.5, 0.0
0.3927026020574408, 0.375, 0.29032258064516125, 0.5, 0.0
0.3927026020574408, 0.375, 0.29032258064516125, 0.5, 0.0
0.3927026020574408, 0.375, 0.29032258064516125, 0.5, 0.0
0.39626443001443, 0.375, 0.34375, 0.5, 0.0
0.39626443001443, 0.375, 0.34375, 0.5, 0.0
0.39626443001443, 0.375, 0.34375, 0.5, 0.0
0.39626443001443, 0.375, 0.34375, 0.5, 0.0
0.39626443001443, 0.375, 0.34375, 0.5, 0.0
0.39626443001443, 0.375, 0.34375, 0.5, 0.0
0.39626443001443, 0.375, 0.34375, 0.5, 0.0
0.39626443001443, 0.375, 0.34375, 0.5, 0.0
0.39626443001443, 0.375, 0.34375, 0.5, 0.0
0.39626443001443, 0.375, 0.34375, 0.5, 0.0
0.39626443001443, 0.375, 0.34375, 0.5, 0.0
0.39626443001443, 0.375, 0.34375, 0.5, 0.0
0.39626443001443, 0.375, 0.34375, 0.5, 0.0
0.39626443001443, 0.375, 0.34375, 0.5, 0.0
0.39626443001443, 0.375, 0.34375, 0.5, 0.0
0.39626443001443, 0.375, 0.34375, 0.5, 0.0
0.39626443001443, 0.375, 0.34375, 0.5, 0.0
0.39626443001443, 0.375, 0.34375, 0.5, 0.0
0.39626443001443, 0.375, 0.34375, 0.5, 0.0
0.39626443001443, 0.375, 0.34375, 0.5, 0.0
0.39626443001443, 0.375, 0.34375, 0.5, 0.0
0.39626443001443, 0.375, 0.34375, 0.5, 0.0
0.39626443001443, 0.375, 0.34375, 0.5, 0.0
0.39626443001443, 0.375, 0.34375, 0.5, 0.0
0.39626443001443, 0.375, 0.34375, 0.5, 0.0
0.39626443001443, 0.375, 0.34375, 0.5, 0.0
0.39626443001443, 0.375, 0.34375, 0.5, 0.0
0.39626443001443, 0.375, 0.34375, 0.5, 0.0
0.39626443001443, 0.375, 0.34375, 0.5, 0.0
0.39626443001443, 0.375, 0.34375, 0.5, 0.0
0.39626443001443, 0.375, 0.34375, 0.5, 0.0
0.39626443001443, 0.375, 0.34375, 0.5, 0.0
0.39626443001443, 0.375, 0.34375, 0.5, 0.0
0.39626443001443, 0.375, 0.34375, 0.5, 0.0
0.39626443001443, 0.375, 0.34375, 0.5, 0.0
0.39626443001443, 0.375, 0.34375, 0.5, 0.0
0.39626443001443, 0.375, 0.34375, 0.5, 0.0
0.39626443001443, 0.375, 0.34375, 0.5, 0.0
0.3968704906204907, 0.375, 0.34375, 0.5, 0.0
0.3968704906204907, 0.375, 0.34375, 0.5, 0.0
0.3968704906204907, 0.375, 0.34375, 0.5, 0.0
0.3968704906204907, 0.375, 0.34375, 0.5, 0.0
0.3968704906204907, 0.375, 0.34375, 0.5, 0.0
0.3968704906204907, 0.375, 0.34375, 0.5, 0.0
0.3968704906204907, 0.375, 0.34375, 0.5, 0.0
0.3968704906204907, 0.375, 0.34375, 0.5, 0.0
0.3968704906204907, 0.375, 0.34375, 0.5, 0.0
0.3968704906204907, 0.375, 0.34375, 0.5, 0.0
0.3968704906204907, 0.375, 0.34375, 0.5, 0.0
0.3968704906204907, 0.375, 0.34375, 0.5, 0.0
0.3968704906204907, 0.375, 0.34375, 0.5, 0.0
0.3968704906204907, 0.375, 0.34375, 0.5, 0.0
0.3968704906204907, 0.375, 0.34375, 0.5, 0.0
0.3968704906204907, 0.375, 0.34375, 0.5, 0.0
0.3968704906204907, 0.375, 0.34375, 0.5, 0.0
0.3968704906204907, 0.375, 0.34375, 0.5, 0.0
0.3968704906204907, 0.375, 0.34375, 0.5, 0.0
0.3927723665223665, 0.375, 0.34375, 0.5, 0.0
0.3927723665223665, 0.375, 0.34375, 0.5, 0.0
0.3927723665223665, 0.375, 0.34375, 0.5, 0.0
0.3927723665223665, 0.375, 0.34375, 0.5, 0.0
0.3927723665223665, 0.375, 0.34375, 0.5, 0.0
0.3927723665223665, 0.375, 0.34375, 0.5, 0.0
0.3927723665223665, 0.375, 0.34375, 0.5, 0.0
0.3927723665223665, 0.375, 0.34375, 0.5, 0.0
0.3927723665223665, 0.375, 0.34375, 0.5, 0.0
0.3927723665223665, 0.375, 0.34375, 0.5, 0.0
0.3927723665223665, 0.375, 0.34375, 0.5, 0.0
0.3927723665223665, 0.375, 0.34375, 0.5, 0.0
0.3927723665223665, 0.375, 0.34375, 0.5, 0.0
0.3940981240981241, 0.375, 0.34375, 0.5, 0.0
0.3940981240981241, 0.375, 0.34375, 0.5, 0.0
0.3940981240981241, 0.375, 0.34375, 0.5, 0.0
0.3940981240981241, 0.375, 0.34375, 0.5, 0.0
0.3940981240981241, 0.375, 0.34375, 0.5, 0.0
0.3940981240981241, 0.375, 0.34375, 0.5, 0.0
0.3940981240981241, 0.375, 0.34375, 0.5, 0.0
0.3940981240981241, 0.375, 0.34375, 0.5, 0.0
0.3940981240981241, 0.375, 0.34375, 0.5, 0.0
0.3940981240981241, 0.375, 0.34375, 0.5, 0.0
0.3940981240981241, 0.375, 0.34375, 0.5, 0.0
0.3940981240981241, 0.375, 0.34375, 0.5, 0.0
0.3940981240981241, 0.375, 0.34375, 0.5, 0.0
0.3940981240981241, 0.375, 0.34375, 0.5, 0.0
0.3940981240981241, 0.375, 0.34375, 0.5, 0.0
0.3940981240981241, 0.375, 0.34375, 0.5, 0.0
0.3940981240981241, 0.375, 0.34375, 0.5, 0.0
0.3940981240981241, 0.375, 0.34375, 0.5, 0.0
0.3940981240981241, 0.375, 0.34375, 0.5, 0.0
0.3940981240981241, 0.375, 0.34375, 0.5, 0.0
0.3940981240981241, 0.375, 0.34375, 0.5, 0.0
0.3940981240981241, 0.375, 0.34375, 0.5, 0.0
0.3940981240981241, 0.375, 0.34375, 0.5, 0.0
0.3940981240981241, 0.375, 0.34375, 0.5, 0.0
0.3940981240981241, 0.375, 0.34375, 0.5, 0.0
0.3940981240981241, 0.375, 0.34375, 0.5, 0.0
0.39542388167388165, 0.375, 0.34375, 0.5, 0.0
0.39542388167388165, 0.375, 0.34375, 0.5, 0.0
0.39542388167388165, 0.375, 0.34375, 0.5, 0.0
0.39542388167388165, 0.375, 0.34375, 0.5, 0.0
0.39542388167388165, 0.375, 0.34375, 0.5, 0.0
0.39542388167388165, 0.375, 0.34375, 0.5, 0.0
0.39542388167388165, 0.375, 0.34375, 0.5, 0.0
0.39542388167388165, 0.375, 0.34375, 0.5, 0.0
0.39542388167388165, 0.375, 0.34375, 0.5, 0.0
0.39542388167388165, 0.375, 0.34375, 0.5, 0.0
0.39542388167388165, 0.375, 0.34375, 0.5, 0.0
0.39542388167388165, 0.375, 0.34375, 0.5, 0.0
0.39542388167388165, 0.375, 0.34375, 0.5, 0.0
0.39542388167388165, 0.375, 0.34375, 0.5, 0.0
0.39542388167388165, 0.375, 0.34375, 0.5, 0.0
0.39542388167388165, 0.375, 0.34375, 0.5, 0.0
0.39542388167388165, 0.375, 0.34375, 0.5, 0.0
0.39542388167388165, 0.375, 0.34375, 0.5, 0.0
0.39542388167388165, 0.375, 0.34375, 0.5, 0.0
0.39542388167388165, 0.375, 0.34375, 0.5, 0.0
0.39542388167388165, 0.375, 0.34375, 0.5, 0.0
0.39542388167388165, 0.375, 0.34375, 0.5, 0.0
0.3906619769119769, 0.375, 0.34375, 0.48571428571428577, 0.0
