0.680609554562578, 0.7407407407407407, 0.0, 0.8636363636363636, 0.0
0.7236457248126738, 0.7142857142857143, 0.6153846153846154, 0.8636363636363636, 0.0
0.679549112134478, 0.6923076923076923, 0.48, 0.8, 0.0
0.6490997889738673, 0.64, 0.48, 0.8, 0.0
0.6280839159579942, 0.5833333333333333, 0.48, 0.8, 0.0
0.5946924260999084, 0.5333333333333333, 0.47619047619047616, 0.7906976744186046, 0.0
0.5739354558484993, 0.5142857142857142, 0.4, 0.7692307692307692, 0.0
0.5662950937950939, 0.5142857142857142, 0.4, 0.75, 0.0
0.556889221889222, 0.5, 0.4, 0.7272727272727273, 0.0
0.5546381396381397, 0.5142857142857142, 0.4, 0.7272727272727273, 0.0
0.5271210083528924, 0.47619047619047616, 0.2962962962962963, 0.7272727272727273, 0.0
0.5104968595548306, 0.47619047619047616, 0.2962962962962963, 0.6875, 0.0
0.5088715937705259, 0.5, 0.2962962962962963, 0.6363636363636364, 0.0
0.5089543918516932, 0.47619047619047616, 0.4, 0.6086956521739131, 0.0
0.5089543918516932, 0.47619047619047616, 0.4, 0.6086956521739131, 0.0
0.507857900623623, 0.47619047619047616, 0.4, 0.6086956521739131, 0.0
0.5037064964722189, 0.47619047619047616, 0.4, 0.6086956521739131, 0.0
0.5037064964722189, 0.47619047619047616, 0.4, 0.6086956521739131, 0.0
0.4994904226909277, 0.47619047619047616, 0.4, 0.6086956521739131, 0.0
0.4917120022809283, 0.47619047619047616, 0.4, 0.6086956521739131, 0.0
0.4848036051935031, 0.47619047619047616, 0.4, 0.6086956521739131, 0.0
0.4694475602722408, 0.4545454545454546, 0.4, 0.6086956521739131, 0.0
0.4568721163924491, 0.4545454545454546, 0.4, 0.5454545454545454, 0.0
0.44162604958628005, 0.4545454545454546, 0.4, 0.5217391304347826, 0.0
0.43418452086328674, 0.4545454545454546, 0.33333333333333337, 0.47619047619047616, 0.0
0.42910515578392167, 0.42105263157894735, 0.33333333333333337, 0.47619047619047616, 0.0
0.43955248623125215, 0.4545454545454546, 0.33333333333333337, 0.5, 0.0
0.443055263647073, 0.4545454545454546, 0.33333333333333337, 0.5217391304347826, 0.0
0.44715782774963714, 0.4545454545454546, 0.33333333333333337, 0.5217391304347826, 0.0
0.43886231220774474, 0.4545454545454546, 0.33333333333333337, 0.5185185185185186, 0.0
0.4229937363391689, 0.42105263157894735, 0.33333333333333337, 0.5185185185185186, 0.0
0.43871801206344474, 0.4285714285714286, 0.33333333333333337, 0.5185185185185186, 0.0
0.4285881419335746, 0.4285714285714286, 0.33333333333333337, 0.5185185185185186, 0.0
0.4244855778310105, 0.4285714285714286, 0.33333333333333337, 0.5185185185185186, 0.0
0.42058060916631645, 0.4285714285714286, 0.33333333333333337, 0.5185185185185186, 0.0
0.42058060916631645, 0.4285714285714286, 0.33333333333333337, 0.5185185185185186, 0.0
0.41267937459841514, 0.4137931034482759, 0.33333333333333337, 0.47619047619047616, 0.0
0.41267937459841514, 0.4137931034482759, 0.33333333333333337, 0.47619047619047616, 0.0
0.4161202348134689, 0.4285714285714286, 0.33333333333333337, 0.47619047619047616, 0.0
0.41785183654507063, 0.4285714285714286, 0.33333333333333337, 0.47619047619047616, 0.0
0.41785183654507063, 0.4285714285714286, 0.33333333333333337, 0.47619047619047616, 0.0
0.4168261955194296, 0.4285714285714286, 0.33333333333333337, 0.47619047619047616, 0.0
0.41534856204179615, 0.4285714285714286, 0.33333333333333337, 0.48, 0.0
0.40973452695407686, 0.4285714285714286, 0.3157894736842105, 0.48, 0.0
0.39647973797772595, 0.4, 0.3157894736842105, 0.5, 0.0
0.3911464046443925, 0.4, 0.3157894736842105, 0.5, 0.0
0.3967604397321118, 0.4, 0.3157894736842105, 0.5, 0.0
0.40308141344438986, 0.4, 0.3157894736842105, 0.5, 0.0
0.4091095272070574, 0.4, 0.3157894736842105, 0.5, 0.0
0.41084112893865915, 0.4, 0.3157894736842105, 0.5, 0.0
0.40208983894897904, 0.4, 0.3157894736842105, 0.5, 0.0
0.4044671590608529, 0.4137931034482759, 0.3157894736842105, 0.4545454545454546, 0.0
0.4018321129475459, 0.4137931034482759, 0.3157894736842105, 0.4545454545454546, 0.0
0.40097105224982454, 0.4, 0.33333333333333337, 0.4545454545454546, 0.0
0.4007646403042822, 0.4, 0.33333333333333337, 0.4347826086956522, 0.0
0.4045741641138061, 0.41666666666666663, 0.33333333333333337, 0.4571428571428572, 0.0
0.3982996543098845, 0.41666666666666663, 0.33333333333333337, 0.4571428571428572, 0.0
0.3944901305003607, 0.4, 0.33333333333333337, 0.4347826086956522, 0.0
0.3902417644872888, 0.4, 0.33333333333333337, 0.4347826086956522, 0.0
0.3809664021684483, 0.3846153846153846, 0.26086956521739135, 0.4347826086956522, 0.0
0.38410365707040905, 0.4, 0.26086956521739135, 0.4347826086956522, 0.0
0.3903781668743306, 0.4, 0.26086956521739135, 0.4347826086956522, 0.0
0.3887115002076639, 0.4, 0.26086956521739135, 0.4347826086956522, 0.0
0.3858416116225447, 0.4, 0.26086956521739135, 0.4347826086956522, 0.0
0.38453442208006106, 0.4, 0.26086956521739135, 0.4347826086956522, 0.0
0.378782788093133, 0.4, 0.26086956521739135, 0.4347826086956522, 0.0
0.3717208645094703, 0.36363636363636365, 0.26086956521739135, 0.4666666666666667, 0.0
0.35740513193286816, 0.33333333333333337, 0.26086956521739135, 0.4666666666666667, 0.0
0.35740513193286816, 0.33333333333333337, 0.26086956521739135, 0.4666666666666667, 0.0
0.34659359856026234, 0.33333333333333337, 0.26086956521739135, 0.41666666666666663, 0.0
0.3458273150353582, 0.33333333333333337, 0.26086956521739135, 0.41666666666666663, 0.0
0.34596254153975303, 0.33333333333333337, 0.26086956521739135, 0.41666666666666663, 0.0
0.34596254153975303, 0.33333333333333337, 0.26086956521739135, 0.41666666666666663, 0.0
0.34261875888562554, 0.33333333333333337, 0.26086956521739135, 0.41666666666666663, 0.0
0.33292576988229167, 0.33333333333333337, 0.26086956521739135, 0.41666666666666663, 0.0
0.32975116670768845, 0.33333333333333337, 0.26086956521739135, 0.41666666666666663, 0.0
0.3265765635330853, 0.33333333333333337, 0.26086956521739135, 0.41666666666666663, 0.0
0.3208785578350796, 0.33333333333333337, 0.2222222222222222, 0.41666666666666663, 0.0
0.3208785578350796, 0.33333333333333337, 0.2222222222222222, 0.41666666666666663, 0.0
0.31568375264027443, 0.2857142857142857, 0.2222222222222222, 0.41666666666666663, 0.0
0.29586653282305453, 0.2857142857142857, 0.2222222222222222, 0.41666666666666663, 0.0
0.29586653282305453, 0.2857142857142857, 0.2222222222222222, 0.41666666666666663, 0.0
0.2864389233954451, 0.2857142857142857, 0.2222222222222222, 0.41666666666666663, 0.0
0.2864389233954451, 0.2857142857142857, 0.2222222222222222, 0.41666666666666663, 0.0
0.2864389233954451, 0.2857142857142857, 0.2222222222222222, 0.41666666666666663, 0.0
0.2906717276282494, 0.2857142857142857, 0.2222222222222222, 0.41666666666666663, 0.0
0.28511617207269374, 0.2857142857142857, 0.2222222222222222, 0.33333333333333337, 0.0
0.289348976305498, 0.2857142857142857, 0.2222222222222222, 0.33333333333333337, 0.0
0.2903151598803772, 0.2857142857142857, 0.2222222222222222, 0.34782608695652173, 0.0
0.2903151598803772, 0.2857142857142857, 0.2222222222222222, 0.34782608695652173, 0.0
0.2903151598803772, 0.2857142857142857, 0.2222222222222222, 0.34782608695652173, 0.0
0.2903151598803772, 0.2857142857142857, 0.2222222222222222, 0.34782608695652173, 0.0
0.2903151598803772, 0.2857142857142857, 0.2222222222222222, 0.34782608695652173, 0.0
0.2903151598803772, 0.2857142857142857, 0.2222222222222222, 0.34782608695652173, 0.0
0.2903151598803772, 0.2857142857142857, 0.2222222222222222, 0.34782608695652173, 0.0
0.2903151598803772, 0.2857142857142857, 0.2222222222222222, 0.34782608695652173, 0.0
0.2903151598803772, 0.2857142857142857, 0.2222222222222222, 0.34782608695652173, 0.0
0.2903151598803772, 0.2857142857142857, 0.2222222222222222, 0.34782608695652173, 0.0
0.2903151598803772, 0.2857142857142857, 0.2222222222222222, 0.34782608695652173, 0.0
0.2903151598803772, 0.2857142857142857, 0.2222222222222222, 0.34782608695652173, 0.0
0.2903151598803772, 0.2857142857142857, 0.2222222222222222, 0.34782608695652173, 0.0
0.2903151598803772, 0.2857142857142857, 0.2222222222222222, 0.34782608695652173, 0.0
0.2903151598803772, 0.2857142857142857, 0.2222222222222222, 0.34782608695652173, 0.0
0.2903151598803772, 0.2857142857142857, 0.2222222222222222, 0.34782608695652173, 0.0
0.2903151598803772, 0.2857142857142857, 0.2222222222222222, 0.34782608695652173, 0.0
0.2903151598803772, 0.2857142857142857, 0.2222222222222222, 0.34782608695652173, 0.0
0.2903151598803772, 0.2857142857142857, 0.2222222222222222, 0.34782608695652173, 0.0
0.2903151598803772, 0.2857142857142857, 0.2222222222222222, 0.34782608695652173, 0.0
0.2903151598803772, 0.2857142857142857, 0.2222222222222222, 0.34782608695652173, 0.0
0.2910814434052814, 0.2857142857142857, 0.2222222222222222, 0.34782608695652173, 0.0
0.2910814434052814, 0.2857142857142857, 0.2222222222222222, 0.34782608695652173, 0.0
0.2910814434052814, 0.2857142857142857, 0.2222222222222222, 0.34782608695652173, 0.0
0.2910814434052814, 0.2857142857142857, 0.2222222222222222, 0.34782608695652173, 0.0
0.2910814434052814, 0.2857142857142857, 0.2222222222222222, 0.34782608695652173, 0.0
0.2910814434052814, 0.2857142857142857, 0.2222222222222222, 0.34782608695652173, 0.0
0.2910814434052814, 0.2857142857142857, 0.2222222222222222, 0.34782608695652173, 0.0
0.2910814434052814, 0.2857142857142857, 0.2222222222222222, 0.34782608695652173, 0.0
0.2910814434052814, 0.2857142857142857, 0.2222222222222222, 0.34782608695652173, 0.0
0.2910814434052814, 0.2857142857142857, 0.2222222222222222, 0.34782608695652173, 0.0
0.2910814434052814, 0.2857142857142857, 0.2222222222222222, 0.34782608695652173, 0.0
0.2910814434052814, 0.2857142857142857, 0.2222222222222222, 0.34782608695652173, 0.0
0.2910814434052814, 0.2857142857142857, 0.2222222222222222, 0.34782608695652173, 0.0
0.2910814434052814, 0.2857142857142857, 0.2222222222222222, 0.34782608695652173, 0.0
0.2910814434052814, 0.2857142857142857, 0.2222222222222222, 0.34782608695652173, 0.0
0.2910814434052814, 0.2857142857142857, 0.2222222222222222, 0.34782608695652173, 0.0
0.2868486391724772, 0.2857142857142857, 0.2222222222222222, 0.34782608695652173, 0.0
0.2868486391724772, 0.2857142857142857, 0.2222222222222222, 0.34782608695652173, 0.0
0.2868486391724772, 0.2857142857142857, 0.2222222222222222, 0.34782608695652173, 0.0
0.2868486391724772, 0.2857142857142857, 0.2222222222222222, 0.34782608695652173, 0.0
0.2910814434052814, 0.2857142857142857, 0.2222222222222222, 0.34782608695652173, 0.0
0.2910814434052814, 0.2857142857142857, 0.2222222222222222, 0.34782608695652173, 0.0
0.2910814434052814, 0.2857142857142857, 0.2222222222222222, 0.34782608695652173, 0.0
0.2910814434052814, 0.2857142857142857, 0.2222222222222222, 0.34782608695652173, 0.0
0.2910814434052814, 0.2857142857142857, 0.2222222222222222, 0.34782608695652173, 0.0
0.2910814434052814, 0.2857142857142857, 0.2222222222222222, 0.34782608695652173, 0.0
0.2910814434052814, 0.2857142857142857, 0.2222222222222222, 0.34782608695652173, 0.0
0.2910814434052814, 0.2857142857142857, 0.2222222222222222, 0.34782608695652173, 0.0
0.2853671576909957, 0.2857142857142857, 0.19999999999999996, 0.34782608695652173, 0.0
0.2853671576909957, 0.2857142857142857, 0.19999999999999996, 0.34782608695652173, 0.0
0.2853671576909957, 0.2857142857142857, 0.19999999999999996, 0.34782608695652173, 0.0
0.2788865884518058, 0.2857142857142857, 0.19999999999999996, 0.34782608695652173, 0.0
0.2788865884518058, 0.2857142857142857, 0.19999999999999996, 0.34782608695652173, 0.0
0.2788865884518058, 0.2857142857142857, 0.19999999999999996, 0.34782608695652173, 0.0
0.2788865884518058, 0.2857142857142857, 0.19999999999999996, 0.34782608695652173, 0.0
0.2788865884518058, 0.2857142857142857, 0.19999999999999996, 0.34782608695652173, 0.0
0.28460087416609153, 0.2857142857142857, 0.19999999999999996, 0.34782608695652173, 0.0
0.28460087416609153, 0.2857142857142857, 0.19999999999999996, 0.34782608695652173, 0.0
0.28460087416609153, 0.2857142857142857, 0.19999999999999996, 0.34782608695652173, 0.0
0.28460087416609153, 0.2857142857142857, 0.19999999999999996, 0.34782608695652173, 0.0
0.2788865884518058, 0.2857142857142857, 0.19999999999999996, 0.34782608695652173, 0.0
0.2788865884518058, 0.2857142857142857, 0.19999999999999996, 0.34782608695652173, 0.0
0.2788865884518058, 0.2857142857142857, 0.19999999999999996, 0.34782608695652173, 0.0
0.2788865884518058, 0.2857142857142857, 0.19999999999999996, 0.34782608695652173, 0.0
0.2788865884518058, 0.2857142857142857, 0.19999999999999996, 0.34782608695652173, 0.0
0.2788865884518058, 0.2857142857142857, 0.19999999999999996, 0.34782608695652173, 0.0
0.2788865884518058, 0.2857142857142857, 0.19999999999999996, 0.34782608695652173, 0.0
0.2788865884518058, 0.2857142857142857, 0.19999999999999996, 0.34782608695652173, 0.0
0.2774051069703243, 0.2857142857142857, 0.19999999999999996, 0.34782608695652173, 0.0
0.28311939268461006, 0.2857142857142857, 0.19999999999999996, 0.34782608695652173, 0.0
0.28311939268461006, 0.2857142857142857, 0.19999999999999996, 0.34782608695652173, 0.0
0.28311939268461006, 0.2857142857142857, 0.19999999999999996, 0.34782608695652173, 0.0
0.28146307798481707, 0.2857142857142857, 0.19999999999999996, 0.34782608695652173, 0.0
0.28146307798481707, 0.2857142857142857, 0.19999999999999996, 0.34782608695652173, 0.0
0.28146307798481707, 0.2857142857142857, 0.19999999999999996, 0.34782608695652173, 0.0
0.27980676328502413, 0.2857142857142857, 0.19999999999999996, 0.34782608695652173, 0.0
0.2805972771190162, 0.2857142857142857, 0.19999999999999996, 0.34782608695652173, 0.0
0.2805972771190162, 0.2857142857142857, 0.19999999999999996, 0.34782608695652173, 0.0
0.2764564903695338, 0.2857142857142857, 0.19999999999999996, 0.33333333333333337, 0.0
0.2764564903695338, 0.2857142857142857, 0.19999999999999996, 0.33333333333333337, 0.0
0.2764564903695338, 0.2857142857142857, 0.19999999999999996, 0.33333333333333337, 0.0
0.28130497521801867, 0.2857142857142857, 0.19999999999999996, 0.33333333333333337, 0.0
0.28130497521801867, 0.2857142857142857, 0.19999999999999996, 0.33333333333333337, 0.0
0.28130497521801867, 0.2857142857142857, 0.19999999999999996, 0.33333333333333337, 0.0
0.28130497521801867, 0.2857142857142857, 0.19999999999999996, 0.33333333333333337, 0.0
0.28130497521801867, 0.2857142857142857, 0.19999999999999996, 0.33333333333333337, 0.0
0.28130497521801867, 0.2857142857142857, 0.19999999999999996, 0.33333333333333337, 0.0
0.28130497521801867, 0.2857142857142857, 0.19999999999999996, 0.33333333333333337, 0.0
0.28130497521801867, 0.2857142857142857, 0.19999999999999996, 0.33333333333333337, 0.0
0.28130497521801867, 0.2857142857142857, 0.19999999999999996, 0.33333333333333337, 0.0
0.28130497521801867, 0.2857142857142857, 0.19999999999999996, 0.33333333333333337, 0.0
0.2820954890520107, 0.2857142857142857, 0.19999999999999996, 0.33333333333333337, 0.0
0.2820954890520107, 0.2857142857142857, 0.19999999999999996, 0.33333333333333337, 0.0
0.2820954890520107, 0.2857142857142857, 0.19999999999999996, 0.33333333333333337, 0.0
0.2820954890520107, 0.2857142857142857, 0.19999999999999996, 0.33333333333333337, 0.0
0.2820954890520107, 0.2857142857142857, 0.19999999999999996, 0.33333333333333337, 0.0
0.28411569107221274, 0.2857142857142857, 0.19999999999999996, 0.36363636363636365, 0.0
0.28411569107221274, 0.2857142857142857, 0.19999999999999996, 0.36363636363636365, 0.0
0.28411569107221274, 0.2857142857142857, 0.19999999999999996, 0.36363636363636365, 0.0
0.28411569107221274, 0.2857142857142857, 0.19999999999999996, 0.36363636363636365, 0.0
0.28411569107221274, 0.2857142857142857, 0.19999999999999996, 0.36363636363636365, 0.0
0.28411569107221274, 0.2857142857142857, 0.19999999999999996, 0.36363636363636365, 0.0
0.28411569107221274, 0.2857142857142857, 0.19999999999999996, 0.36363636363636365, 0.0
0.28411569107221274, 0.2857142857142857, 0.19999999999999996, 0.36363636363636365, 0.0
0.28411569107221274, 0.2857142857142857, 0.19999999999999996, 0.36363636363636365, 0.0
0.28411569107221274, 0.2857142857142857, 0.19999999999999996, 0.36363636363636365, 0.0
0.28411569107221274, 0.2857142857142857, 0.19999999999999996, 0.36363636363636365, 0.0
0.28411569107221274, 0.2857142857142857, 0.19999999999999996, 0.36363636363636365, 0.0
0.28689346884999056, 0.2857142857142857, 0.19999999999999996, 0.375, 0.0
0.28689346884999056, 0.2857142857142857, 0.19999999999999996, 0.375, 0.0
0.28689346884999056, 0.2857142857142857, 0.19999999999999996, 0.375, 0.0
0.28689346884999056, 0.2857142857142857, 0.19999999999999996, 0.375, 0.0
0.28689346884999056, 0.2857142857142857, 0.19999999999999996, 0.375, 0.0
0.28689346884999056, 0.2857142857142857, 0.19999999999999996, 0.375, 0.0
0.28689346884999056, 0.2857142857142857, 0.19999999999999996, 0.375, 0.0
0.28689346884999056, 0.2857142857142857, 0.19999999999999996, 0.375, 0.0
0.28689346884999056, 0.2857142857142857, 0.19999999999999996, 0.375, 0.0
0.28689346884999056, 0.2857142857142857, 0.19999999999999996, 0.375, 0.0
0.28689346884999056, 0.2857142857142857, 0.19999999999999996, 0.375, 0.0
0.28689346884999056, 0.2857142857142857, 0.19999999999999996, 0.375, 0.0
0.28689346884999056, 0.2857142857142857, 0.19999999999999996, 0.375, 0.0
0.28689346884999056, 0.2857142857142857, 0.19999999999999996, 0.375, 0.0
0.28689346884999056, 0.2857142857142857, 0.19999999999999996, 0.375, 0.0
0.28689346884999056, 0.2857142857142857, 0.19999999999999996, 0.375, 0.0
0.2852371541501976, 0.2857142857142857, 0.19999999999999996, 0.375, 0.0
0.2852371541501976, 0.2857142857142857, 0.19999999999999996, 0.375, 0.0
0.2852371541501976, 0.2857142857142857, 0.19999999999999996, 0.375, 0.0
0.2852371541501976, 0.2857142857142857, 0.19999999999999996, 0.375, 0.0
0.2852371541501976, 0.2857142857142857, 0.19999999999999996, 0.375, 0.0
0.2844466403162055, 0.2857142857142857, 0.19999999999999996, 0.375, 0.0
0.2836561264822134, 0.2857142857142857, 0.19999999999999996, 0.375, 0.0
0.2836561264822134, 0.2857142857142857, 0.19999999999999996, 0.375, 0.0
0.28199981178242045, 0.2857142857142857, 0.19999999999999996, 0.375, 0.0
0.28199981178242045, 0.2857142857142857, 0.19999999999999996, 0.375, 0.0
0.28199981178242045, 0.2857142857142857, 0.19999999999999996, 0.375, 0.0
0.28199981178242045, 0.2857142857142857, 0.19999999999999996, 0.375, 0.0
0.2803434970826275, 0.2727272727272727, 0.19999999999999996, 0.375, 0.0
0.2803434970826275, 0.2727272727272727, 0.19999999999999996, 0.375, 0.0
0.2803434970826275, 0.2727272727272727, 0.19999999999999996, 0.375, 0.0
0.2803434970826275, 0.2727272727272727, 0.19999999999999996, 0.375, 0.0
0.2803434970826275, 0.2727272727272727, 0.19999999999999996, 0.375, 0.0
0.2803434970826275, 0.2727272727272727, 0.19999999999999996, 0.375, 0.0
0.2803434970826275, 0.2727272727272727, 0.19999999999999996, 0.375, 0.0
0.2803434970826275, 0.2727272727272727, 0.19999999999999996, 0.375, 0.0
0.2803434970826275, 0.2727272727272727, 0.19999999999999996, 0.375, 0.0
0.2803434970826275, 0.2727272727272727, 0.19999999999999996, 0.375, 0.0
0.2803434970826275, 0.2727272727272727, 0.19999999999999996, 0.375, 0.0
0.2803434970826275, 0.2727272727272727, 0.19999999999999996, 0.375, 0.0
0.2803434970826275, 0.2727272727272727, 0.19999999999999996, 0.375, 0.0
0.2803434970826275, 0.2727272727272727, 0.19999999999999996, 0.375, 0.0
0.27387163561076605, 0.26086956521739135, 0.19999999999999996, 0.36363636363636365, 0.0
0.27387163561076605, 0.26086956521739135, 0.19999999999999996, 0.36363636363636365, 0.0
0.27387163561076605, 0.26086956521739135, 0.19999999999999996, 0.36363636363636365, 0.0
0.27387163561076605, 0.26086956521739135, 0.19999999999999996, 0.36363636363636365, 0.0
0.27387163561076605, 0.26086956521739135, 0.19999999999999996, 0.36363636363636365, 0.0
0.27387163561076605, 0.26086956521739135, 0.19999999999999996, 0.36363636363636365, 0.0
0.26244306418219465, 0.26086956521739135, 0.19999999999999996, 0.36363636363636365, 0.0
0.26244306418219465, 0.26086956521739135, 0.19999999999999996, 0.36363636363636365, 0.0
0.2575945793337098, 0.26086956521739135, 0.19999999999999996, 0.36363636363636365, 0.0
0.2575945793337098, 0.26086956521739135, 0.19999999999999996, 0.36363636363636365, 0.0
0.2575945793337098, 0.26086956521739135, 0.19999999999999996, 0.36363636363636365, 0.0
0.25188029361942404, 0.26086956521739135, 0.19999999999999996, 0.36363636363636365, 0.0
0.25188029361942404, 0.26086956521739135, 0.19999999999999996, 0.36363636363636365, 0.0
0.25188029361942404, 0.26086956521739135, 0.19999999999999996, 0.36363636363636365, 0.0
0.25188029361942404, 0.26086956521739135, 0.19999999999999996, 0.36363636363636365, 0.0
0.25188029361942404, 0.26086956521739135, 0.19999999999999996, 0.36363636363636365, 0.0
0.25188029361942404, 0.26086956521739135, 0.19999999999999996, 0.36363636363636365, 0.0
0.25188029361942404, 0.26086956521739135, 0.19999999999999996, 0.36363636363636365, 0.0
0.25188029361942404, 0.26086956521739135, 0.19999999999999996, 0.36363636363636365, 0.0
0.25188029361942404, 0.26086956521739135, 0.19999999999999996, 0.36363636363636365, 0.0
0.25188029361942404, 0.26086956521739135, 0.19999999999999996, 0.36363636363636365, 0.0
0.25188029361942404, 0.26086956521739135, 0.19999999999999996, 0.36363636363636365, 0.0
0.25188029361942404, 0.26086956521739135, 0.19999999999999996, 0.36363636363636365, 0.0
0.25188029361942404, 0.26086956521739135, 0.19999999999999996, 0.36363636363636365, 0.0
0.25188029361942404, 0.26086956521739135, 0.19999999999999996, 0.36363636363636365, 0.0
0.25188029361942404, 0.26086956521739135, 0.19999999999999996, 0.36363636363636365, 0.0
0.253536608319217, 0.26086956521739135, 0.19999999999999996, 0.36363636363636365, 0.0
0.25519292301901, 0.26086956521739135, 0.19999999999999996, 0.36363636363636365, 0.0
0.25519292301901, 0.26086956521739135, 0.19999999999999996, 0.36363636363636365, 0.0
0.25519292301901, 0.26086956521739135, 0.19999999999999996, 0.36363636363636365, 0.0
0.25519292301901, 0.26086956521739135, 0.19999999999999996, 0.36363636363636365, 0.0
0.25519292301901, 0.26086956521739135, 0.19999999999999996, 0.36363636363636365, 0.0
0.25925089403350277, 0.26086956521739135, 0.19999999999999996, 0.36363636363636365, 0.0
0.25925089403350277, 0.26086956521739135, 0.19999999999999996, 0.36363636363636365, 0.0
0.25925089403350277, 0.26086956521739135, 0.19999999999999996, 0.36363636363636365, 0.0
0.25519292301901, 0.26086956521739135, 0.19999999999999996, 0.36363636363636365, 0.0
0.25519292301901, 0.26086956521739135, 0.19999999999999996, 0.36363636363636365, 0.0
0.25519292301901, 0.26086956521739135, 0.19999999999999996, 0.36363636363636365, 0.0
0.25519292301901, 0.26086956521739135, 0.19999999999999996, 0.36363636363636365, 0.0
0.2568492377188029, 0.26086956521739135, 0.19999999999999996, 0.36363636363636365, 0.0
0.2568492377188029, 0.26086956521739135, 0.19999999999999996, 0.36363636363636365, 0.0
0.2568492377188029, 0.26086956521739135, 0.19999999999999996, 0.36363636363636365, 0.0
0.2568492377188029, 0.26086956521739135, 0.19999999999999996, 0.36363636363636365, 0.0
0.2568492377188029, 0.26086956521739135, 0.19999999999999996, 0.36363636363636365, 0.0
0.2568492377188029, 0.26086956521739135, 0.19999999999999996, 0.36363636363636365, 0.0
0.2568492377188029, 0.26086956521739135, 0.19999999999999996, 0.36363636363636365, 0.0
0.2568492377188029, 0.26086956521739135, 0.19999999999999996, 0.36363636363636365, 0.0
0.2568492377188029, 0.26086956521739135, 0.19999999999999996, 0.36363636363636365, 0.0
0.2568492377188029, 0.26086956521739135, 0.19999999999999996, 0.36363636363636365, 0.0
0.25519292301901, 0.26086956521739135, 0.19999999999999996, 0.36363636363636365, 0.0
0.25519292301901, 0.26086956521739135, 0.19999999999999996, 0.36363636363636365, 0.0
0.25519292301901, 0.26086956521739135, 0.19999999999999996, 0.36363636363636365, 0.0
0.25519292301901, 0.26086956521739135, 0.19999999999999996, 0.36363636363636365, 0.0
0.25519292301901, 0.26086956521739135, 0.19999999999999996, 0.36363636363636365, 0.0
0.25519292301901, 0.26086956521739135, 0.19999999999999996, 0.36363636363636365, 0.0
0.25519292301901, 0.26086956521739135, 0.19999999999999996, 0.36363636363636365, 0.0
0.25519292301901, 0.26086956521739135, 0.19999999999999996, 0.36363636363636365, 0.0
0.25519292301901, 0.26086956521739135, 0.19999999999999996, 0.36363636363636365, 0.0
0.25519292301901, 0.26086956521739135, 0.19999999999999996, 0.36363636363636365, 0.0
0.25519292301901, 0.26086956521739135, 0.19999999999999996, 0.36363636363636365, 0.0
0.25519292301901, 0.26086956521739135, 0.19999999999999996, 0.36363636363636365, 0.0
0.25519292301901, 0.26086956521739135, 0.19999999999999996, 0.36363636363636365, 0.0
0.25519292301901, 0.26086956521739135, 0.19999999999999996, 0.36363636363636365, 0.0
0.25519292301901, 0.26086956521739135, 0.19999999999999996, 0.36363636363636365, 0.0
0.25519292301901, 0.26086956521739135, 0.19999999999999996, 0.36363636363636365, 0.0
0.25519292301901, 0.26086956521739135, 0.19999999999999996, 0.36363636363636365, 0.0
0.25519292301901, 0.26086956521739135, 0.19999999999999996, 0.36363636363636365, 0.0
0.25519292301901, 0.26086956521739135, 0.19999999999999996, 0.36363636363636365, 0.0
0.25519292301901, 0.26086956521739135, 0.19999999999999996, 0.36363636363636365, 0.0
0.25519292301901, 0.26086956521739135, 0.19999999999999996, 0.36363636363636365, 0.0
0.25519292301901, 0.26086956521739135, 0.19999999999999996, 0.36363636363636365, 0.0
0.25519292301901, 0.26086956521739135, 0.19999999999999996, 0.36363636363636365, 0.0
0.25519292301901, 0.26086956521739135, 0.19999999999999996, 0.36363636363636365, 0.0
0.25519292301901, 0.26086956521739135, 0.19999999999999996, 0.36363636363636365, 0.0
0.25519292301901, 0.26086956521739135, 0.19999999999999996, 0.36363636363636365, 0.0
0.25519292301901, 0.26086956521739135, 0.19999999999999996, 0.36363636363636365, 0.0
0.25519292301901, 0.26086956521739135, 0.19999999999999996, 0.36363636363636365, 0.0
0.25519292301901, 0.26086956521739135, 0.19999999999999996, 0.36363636363636365, 0.0
0.25519292301901, 0.26086956521739135, 0.19999999999999996, 0.36363636363636365, 0.0
0.25519292301901, 0.26086956521739135, 0.19999999999999996, 0.36363636363636365, 0.0
0.25519292301901, 0.26086956521739135, 0.19999999999999996, 0.36363636363636365, 0.0
0.25519292301901, 0.26086956521739135, 0.19999999999999996, 0.36363636363636365, 0.0
0.25519292301901, 0.26086956521739135, 0.19999999999999996, 0.36363636363636365, 0.0
0.25519292301901, 0.26086956521739135, 0.19999999999999996, 0.36363636363636365, 0.0
0.25519292301901, 0.26086956521739135, 0.19999999999999996, 0.36363636363636365, 0.0
0.25519292301901, 0.26086956521739135, 0.19999999999999996, 0.36363636363636365, 0.0
0.25519292301901, 0.26086956521739135, 0.19999999999999996, 0.36363636363636365, 0.0
0.253536608319217, 0.26086956521739135, 0.19999999999999996, 0.36363636363636365, 0.0
0.253536608319217, 0.26086956521739135, 0.19999999999999996, 0.36363636363636365, 0.0
0.253536608319217, 0.26086956521739135, 0.19999999999999996, 0.36363636363636365, 0.0
0.253536608319217, 0.26086956521739135, 0.19999999999999996, 0.36363636363636365, 0.0
0.253536608319217, 0.26086956521739135, 0.19999999999999996, 0.36363636363636365, 0.0
0.253536608319217, 0.26086956521739135, 0.19999999999999996, 0.36363636363636365, 0.0
0.253536608319217, 0.26086956521739135, 0.19999999999999996, 0.36363636363636365, 0.0
0.253536608319217, 0.26086956521739135, 0.19999999999999996, 0.36363636363636365, 0.0
0.253536608319217, 0.26086956521739135, 0.19999999999999996, 0.36363636363636365, 0.0
0.25188029361942404, 0.26086956521739135, 0.19999999999999996, 0.36363636363636365, 0.0
0.25188029361942404, 0.26086956521739135, 0.19999999999999996, 0.36363636363636365, 0.0
0.25188029361942404, 0.26086956521739135, 0.19999999999999996, 0.36363636363636365, 0.0
0.25188029361942404, 0.26086956521739135, 0.19999999999999996, 0.36363636363636365, 0.0
0.25188029361942404, 0.26086956521739135, 0.19999999999999996, 0.36363636363636365, 0.0
0.25188029361942404, 0.26086956521739135, 0.19999999999999996, 0.36363636363636365, 0.0
0.25188029361942404, 0.26086956521739135, 0.19999999999999996, 0.36363636363636365, 0.0
0.2486905009559472, 0.26086956521739135, 0.19999999999999996, 0.36363636363636365, 0.0
0.2486905009559472, 0.26086956521739135, 0.19999999999999996, 0.36363636363636365, 0.0
0.2486905009559472, 0.26086956521739135, 0.19999999999999996, 0.36363636363636365, 0.0
0.2486905009559472, 0.26086956521739135, 0.19999999999999996, 0.36363636363636365, 0.0
0.2486905009559472, 0.26086956521739135, 0.19999999999999996, 0.36363636363636365, 0.0
0.2486905009559472, 0.26086956521739135, 0.19999999999999996, 0.36363636363636365, 0.0
0.2486905009559472, 0.26086956521739135, 0.19999999999999996, 0.36363636363636365, 0.0
0.2486905009559472, 0.26086956521739135, 0.19999999999999996, 0.36363636363636365, 0.0
0.2486905009559472, 0.26086956521739135, 0.19999999999999996, 0.36363636363636365, 0.0
0.2486905009559472, 0.26086956521739135, 0.19999999999999996, 0.36363636363636365, 0.0
0.2486905009559472, 0.26086956521739135, 0.19999999999999996, 0.36363636363636365, 0.0
0.2486905009559472, 0.26086956521739135, 0.19999999999999996, 0.36363636363636365, 0.0
0.2486905009559472, 0.26086956521739135, 0.19999999999999996, 0.36363636363636365, 0.0
0.2486905009559472, 0.26086956521739135, 0.19999999999999996, 0.36363636363636365, 0.0
0.2486905009559472, 0.26086956521739135, 0.19999999999999996, 0.36363636363636365, 0.0
0.2486905009559472, 0.26086956521739135, 0.19999999999999996, 0.36363636363636365, 0.0
0.2486905009559472, 0.26086956521739135, 0.19999999999999996, 0.36363636363636365, 0.0
0.2486905009559472, 0.26086956521739135, 0.19999999999999996, 0.36363636363636365, 0.0
0.2486905009559472, 0.26086956521739135, 0.19999999999999996, 0.36363636363636365, 0.0
0.2486905009559472, 0.26086956521739135, 0.19999999999999996, 0.36363636363636365, 0.0
0.2486905009559472, 0.26086956521739135, 0.19999999999999996, 0.36363636363636365, 0.0
0.2486905009559472, 0.26086956521739135, 0.19999999999999996, 0.36363636363636365, 0.0
0.2486905009559472, 0.26086956521739135, 0.19999999999999996, 0.36363636363636365, 0.0
0.2486905009559472, 0.26086956521739135, 0.19999999999999996, 0.36363636363636365, 0.0
0.2486905009559472, 0.26086956521739135, 0.19999999999999996, 0.36363636363636365, 0.0
0.2486905009559472, 0.26086956521739135, 0.19999999999999996, 0.36363636363636365, 0.0
0.2486905009559472, 0.26086956521739135, 0.19999999999999996, 0.36363636363636365, 0.0
0.2553571676226139, 0.26086956521739135, 0.19999999999999996, 0.36363636363636365, 0.0
0.247478379743826, 0.26086956521739135, 0.18181818181818177, 0.36363636363636365, 0.0
0.247478379743826, 0.26086956521739135, 0.18181818181818177, 0.36363636363636365, 0.0
0.247478379743826, 0.26086956521739135, 0.18181818181818177, 0.36363636363636365, 0.0
0.247478379743826, 0.26086956521739135, 0.18181818181818177, 0.36363636363636365, 0.0
0.247478379743826, 0.26086956521739135, 0.18181818181818177, 0.36363636363636365, 0.0
0.247478379743826, 0.26086956521739135, 0.18181818181818177, 0.36363636363636365, 0.0
0.247478379743826, 0.26086956521739135, 0.18181818181818177, 0.36363636363636365, 0.0
0.247478379743826, 0.26086956521739135, 0.18181818181818177, 0.36363636363636365, 0.0
0.247478379743826, 0.26086956521739135, 0.18181818181818177, 0.36363636363636365, 0.0
0.247478379743826, 0.26086956521739135, 0.18181818181818177, 0.36363636363636365, 0.0
0.247478379743826, 0.26086956521739135, 0.18181818181818177, 0.36363636363636365, 0.0
0.247478379743826, 0.26086956521739135, 0.18181818181818177, 0.36363636363636365, 0.0
0.247478379743826, 0.26086956521739135, 0.18181818181818177, 0.36363636363636365, 0.0
0.247478379743826, 0.26086956521739135, 0.18181818181818177, 0.36363636363636365, 0.0
0.247478379743826, 0.26086956521739135, 0.18181818181818177, 0.36363636363636365, 0.0
0.247478379743826, 0.26086956521739135, 0.18181818181818177, 0.36363636363636365, 0.0
0.247478379743826, 0.26086956521739135, 0.18181818181818177, 0.36363636363636365, 0.0
0.247478379743826, 0.26086956521739135, 0.18181818181818177, 0.36363636363636365, 0.0
0.247478379743826, 0.26086956521739135, 0.18181818181818177, 0.36363636363636365, 0.0
0.247478379743826, 0.26086956521739135, 0.18181818181818177, 0.36363636363636365, 0.0
0.247478379743826, 0.26086956521739135, 0.18181818181818177, 0.36363636363636365, 0.0
0.247478379743826, 0.26086956521739135, 0.18181818181818177, 0.36363636363636365, 0.0
0.247478379743826, 0.26086956521739135, 0.18181818181818177, 0.36363636363636365, 0.0
0.247478379743826, 0.26086956521739135, 0.18181818181818177, 0.36363636363636365, 0.0
0.247478379743826, 0.26086956521739135, 0.18181818181818177, 0.36363636363636365, 0.0
0.247478379743826, 0.26086956521739135, 0.18181818181818177, 0.36363636363636365, 0.0
0.247478379743826, 0.26086956521739135, 0.18181818181818177, 0.36363636363636365, 0.0
0.247478379743826, 0.26086956521739135, 0.18181818181818177, 0.36363636363636365, 0.0
0.247478379743826, 0.26086956521739135, 0.18181818181818177, 0.36363636363636365, 0.0
0.247478379743826, 0.26086956521739135, 0.18181818181818177, 0.36363636363636365, 0.0
