0.661612417330953, 0.6956521739130435, 0.0, 0.8421052631578947, 0.0
0.6594659562609929, 0.6666666666666667, 0.5384615384615384, 0.736842105263158, 0.0
0.6096306945545855, 0.5882352941176471, 0.48, 0.7272727272727273, 0.0
0.5760125183143086, 0.5882352941176471, 0.4285714285714286, 0.6666666666666667, 0.0
0.5498633012042622, 0.5454545454545454, 0.4285714285714286, 0.6666666666666667, 0.0
0.5231242533210495, 0.5263157894736843, 0.4285714285714286, 0.6086956521739131, 0.0
0.5025384673805726, 0.5, 0.4285714285714286, 0.6, 0.0
0.5119419761525025, 0.5, 0.4285714285714286, 0.6, 0.0
0.4770598212703477, 0.48, 0.2222222222222222, 0.56, 0.0
0.46398045619098255, 0.48, 0.2222222222222222, 0.5454545454545454, 0.0
0.42648887175202965, 0.47619047619047616, 0.2222222222222222, 0.5263157894736843, 0.0
0.40927918085812826, 0.4285714285714286, 0.2222222222222222, 0.5, 0.0
0.3883231676366688, 0.4, 0.16666666666666663, 0.5, 0.0
0.3827091325489495, 0.4, 0.16666666666666663, 0.5, 0.0
0.39826468810450505, 0.4, 0.2222222222222222, 0.5, 0.0
0.4028962670518735, 0.4, 0.2222222222222222, 0.5, 0.0
0.39557948010121924, 0.42105263157894735, 0.2222222222222222, 0.48, 0.0
0.39950930466262286, 0.42105263157894735, 0.2222222222222222, 0.48, 0.0
0.40458866974198787, 0.42105263157894735, 0.2222222222222222, 0.48, 0.0
0.39636339641373974, 0.41666666666666663, 0.2222222222222222, 0.48, 0.0
0.3900763018657756, 0.4, 0.2222222222222222, 0.48, 0.0
0.38556168198273466, 0.4, 0.2222222222222222, 0.48, 0.0
0.38128098022834866, 0.4, 0.2222222222222222, 0.5, 0.0
0.386895015316068, 0.4, 0.2222222222222222, 0.5, 0.0
0.3820132456745729, 0.4, 0.2222222222222222, 0.5, 0.0
0.37639921058685366, 0.4, 0.2222222222222222, 0.5, 0.0
0.3820132456745729, 0.4, 0.2222222222222222, 0.5, 0.0
0.3820132456745729, 0.4, 0.2222222222222222, 0.5, 0.0
0.3820132456745729, 0.4, 0.2222222222222222, 0.5, 0.0
0.3817716997808531, 0.4, 0.2222222222222222, 0.5, 0.0
0.37939074739990075, 0.4, 0.2222222222222222, 0.5, 0.0
0.3713203670640742, 0.38095238095238093, 0.2222222222222222, 0.5, 0.0
0.3713203670640742, 0.38095238095238093, 0.2222222222222222, 0.5, 0.0
0.3713203670640742, 0.38095238095238093, 0.2222222222222222, 0.5, 0.0
0.36515431089801803, 0.38095238095238093, 0.2222222222222222, 0.5, 0.0
0.35446091073093366, 0.33333333333333337, 0.2222222222222222, 0.5, 0.0
0.35446091073093366, 0.33333333333333337, 0.2222222222222222, 0.5, 0.0
0.35446091073093366, 0.33333333333333337, 0.2222222222222222, 0.5, 0.0
0.3606987274950662, 0.33333333333333337, 0.2222222222222222, 0.5, 0.0
0.3595876163839551, 0.33333333333333337, 0.2222222222222222, 0.5, 0.0
0.3618098386061773, 0.4, 0.2222222222222222, 0.5, 0.0
0.34330052183599097, 0.3157894736842105, 0.2222222222222222, 0.5, 0.0
0.3490111752811982, 0.3157894736842105, 0.2222222222222222, 0.5, 0.0
0.3313300158609084, 0.30000000000000004, 0.2222222222222222, 0.4347826086956522, 0.0
0.33451980852438523, 0.30000000000000004, 0.2222222222222222, 0.4347826086956522, 0.0
0.3297767255204327, 0.30000000000000004, 0.2222222222222222, 0.4347826086956522, 0.0
0.3372955225129139, 0.30000000000000004, 0.2222222222222222, 0.4347826086956522, 0.0
0.3411232737090861, 0.30000000000000004, 0.2222222222222222, 0.4347826086956522, 0.0
0.34128200386781626, 0.30000000000000004, 0.2222222222222222, 0.4347826086956522, 0.0
0.34128200386781626, 0.30000000000000004, 0.2222222222222222, 0.4347826086956522, 0.0
0.34032962291543534, 0.30000000000000004, 0.2222222222222222, 0.4347826086956522, 0.0
0.34386497645078884, 0.30000000000000004, 0.2222222222222222, 0.4347826086956522, 0.0
0.343071325657138, 0.30000000000000004, 0.2222222222222222, 0.4347826086956522, 0.0
0.3445929457994479, 0.30000000000000004, 0.2222222222222222, 0.4347826086956522, 0.0
0.34379929500579703, 0.30000000000000004, 0.2222222222222222, 0.4347826086956522, 0.0
0.3456670077659583, 0.30000000000000004, 0.2222222222222222, 0.4347826086956522, 0.0
0.3479893452949185, 0.3157894736842105, 0.2222222222222222, 0.4444444444444444, 0.0
0.3479893452949185, 0.3157894736842105, 0.2222222222222222, 0.4444444444444444, 0.0
0.3444611094128595, 0.3157894736842105, 0.2222222222222222, 0.4444444444444444, 0.0
0.34106810003519544, 0.3157894736842105, 0.2222222222222222, 0.4444444444444444, 0.0
0.3419876402650805, 0.3157894736842105, 0.2222222222222222, 0.4444444444444444, 0.0
0.3393287284928964, 0.30000000000000004, 0.2222222222222222, 0.4444444444444444, 0.0
0.3393287284928964, 0.30000000000000004, 0.2222222222222222, 0.4444444444444444, 0.0
0.3187429285967517, 0.30000000000000004, 0.2222222222222222, 0.4375, 0.0
0.3161342329445778, 0.2857142857142857, 0.2222222222222222, 0.4375, 0.0
0.31077024827024835, 0.2857142857142857, 0.2222222222222222, 0.4375, 0.0
0.308141958685437, 0.2857142857142857, 0.2222222222222222, 0.4375, 0.0
0.3129728765598331, 0.3076923076923077, 0.2222222222222222, 0.4375, 0.0
0.3108593499897848, 0.33333333333333337, 0.2222222222222222, 0.4347826086956522, 0.0
0.30927204840248324, 0.33333333333333337, 0.2222222222222222, 0.4347826086956522, 0.0
0.3131257758260047, 0.3157894736842105, 0.26086956521739135, 0.4347826086956522, 0.0
0.3117100843847378, 0.33333333333333337, 0.26086956521739135, 0.3529411764705882, 0.0
0.3117100843847378, 0.33333333333333337, 0.26086956521739135, 0.3529411764705882, 0.0
0.3161918771018246, 0.33333333333333337, 0.26086956521739135, 0.3529411764705882, 0.0
0.3161918771018246, 0.33333333333333337, 0.26086956521739135, 0.3529411764705882, 0.0
0.3161918771018246, 0.33333333333333337, 0.26086956521739135, 0.3529411764705882, 0.0
0.3169581606267288, 0.33333333333333337, 0.26086956521739135, 0.3529411764705882, 0.0
0.3169581606267288, 0.33333333333333337, 0.26086956521739135, 0.3529411764705882, 0.0
0.31329683339560754, 0.33333333333333337, 0.26086956521739135, 0.3529411764705882, 0.0
0.31329683339560754, 0.33333333333333337, 0.26086956521739135, 0.3529411764705882, 0.0
0.31329683339560754, 0.33333333333333337, 0.26086956521739135, 0.3529411764705882, 0.0
0.3136459585529169, 0.33333333333333337, 0.26086956521739135, 0.3529411764705882, 0.0
0.3136459585529169, 0.33333333333333337, 0.26086956521739135, 0.3529411764705882, 0.0
0.31885668652226556, 0.33333333333333337, 0.26086956521739135, 0.4, 0.0
0.31885668652226556, 0.33333333333333337, 0.26086956521739135, 0.4, 0.0
0.31885668652226556, 0.33333333333333337, 0.26086956521739135, 0.4, 0.0
0.31885668652226556, 0.33333333333333337, 0.26086956521739135, 0.4, 0.0
0.31885668652226556, 0.33333333333333337, 0.26086956521739135, 0.4, 0.0
0.31885668652226556, 0.33333333333333337, 0.26086956521739135, 0.4, 0.0
0.3196229700471698, 0.33333333333333337, 0.26086956521739135, 0.4, 0.0
0.3196229700471698, 0.33333333333333337, 0.26086956521739135, 0.4, 0.0
0.32695124241892043, 0.33333333333333337, 0.2222222222222222, 0.4, 0.0
0.3344104498781279, 0.33333333333333337, 0.2222222222222222, 0.4, 0.0
0.3290771165447945, 0.33333333333333337, 0.2222222222222222, 0.4, 0.0
0.3290771165447945, 0.33333333333333337, 0.2222222222222222, 0.4, 0.0
0.3290771165447945, 0.33333333333333337, 0.2222222222222222, 0.4, 0.0
0.3298434000696987, 0.33333333333333337, 0.2222222222222222, 0.4, 0.0
0.33073228895858764, 0.33333333333333337, 0.2222222222222222, 0.4, 0.0
0.33073228895858764, 0.33333333333333337, 0.2222222222222222, 0.4, 0.0
0.3247151949414936, 0.33333333333333337, 0.2222222222222222, 0.4, 0.0
0.3243661171187316, 0.33333333333333337, 0.2222222222222222, 0.4, 0.0
0.3243661171187316, 0.33333333333333337, 0.2222222222222222, 0.4, 0.0
0.3229518625280064, 0.33333333333333337, 0.23529411764705888, 0.4, 0.0
0.32761980689873715, 0.33333333333333337, 0.26086956521739135, 0.4, 0.0
0.32913923765954717, 0.33333333333333337, 0.26086956521739135, 0.4, 0.0
0.3297006411683191, 0.33333333333333337, 0.26086956521739135, 0.4, 0.0
0.3297006411683191, 0.33333333333333337, 0.26086956521739135, 0.4, 0.0
0.3312879427556207, 0.33333333333333337, 0.26086956521739135, 0.4, 0.0
0.3312879427556207, 0.33333333333333337, 0.26086956521739135, 0.4, 0.0
0.3312879427556207, 0.33333333333333337, 0.26086956521739135, 0.4, 0.0
0.3312879427556207, 0.33333333333333337, 0.26086956521739135, 0.4, 0.0
0.3312879427556207, 0.33333333333333337, 0.26086956521739135, 0.4, 0.0
0.32823594494500224, 0.33333333333333337, 0.26086956521739135, 0.4, 0.0
0.32823594494500224, 0.33333333333333337, 0.26086956521739135, 0.4, 0.0
0.32823594494500224, 0.33333333333333337, 0.26086956521739135, 0.4, 0.0
0.32823594494500224, 0.33333333333333337, 0.26086956521739135, 0.4, 0.0
0.32746966142009803, 0.33333333333333337, 0.26086956521739135, 0.4, 0.0
0.32718895966571204, 0.33333333333333337, 0.26086956521739135, 0.4, 0.0
0.32718895966571204, 0.33333333333333337, 0.26086956521739135, 0.4, 0.0
0.3240374445141969, 0.33333333333333337, 0.26086956521739135, 0.4, 0.0
0.323756742759811, 0.33333333333333337, 0.26086956521739135, 0.4, 0.0
0.32299045923490677, 0.33333333333333337, 0.26086956521739135, 0.4, 0.0
0.3208326583154959, 0.33333333333333337, 0.26086956521739135, 0.4, 0.0
0.3153492528320905, 0.33333333333333337, 0.19047619047619047, 0.4, 0.0
0.3153492528320905, 0.33333333333333337, 0.19047619047619047, 0.4, 0.0
0.3153492528320905, 0.33333333333333337, 0.19047619047619047, 0.4, 0.0
0.3153492528320905, 0.33333333333333337, 0.19047619047619047, 0.4, 0.0
0.3153492528320905, 0.33333333333333337, 0.19047619047619047, 0.4, 0.0
0.3153492528320905, 0.33333333333333337, 0.19047619047619047, 0.4, 0.0
0.3153492528320905, 0.33333333333333337, 0.19047619047619047, 0.4, 0.0
0.31168792560096914, 0.33333333333333337, 0.19047619047619047, 0.4, 0.0
0.31089741176697705, 0.33333333333333337, 0.19047619047619047, 0.4, 0.0
0.31638081725038253, 0.33333333333333337, 0.26086956521739135, 0.4, 0.0
0.3147245025505896, 0.33333333333333337, 0.26086956521739135, 0.4, 0.0
0.31306818785079665, 0.33333333333333337, 0.26086956521739135, 0.4, 0.0
0.31227767401680456, 0.33333333333333337, 0.26086956521739135, 0.4, 0.0
0.31227767401680456, 0.33333333333333337, 0.26086956521739135, 0.4, 0.0
0.30970118448379325, 0.33333333333333337, 0.2222222222222222, 0.4, 0.0
0.3072928648340943, 0.33333333333333337, 0.2222222222222222, 0.4, 0.0
0.3072928648340943, 0.33333333333333337, 0.2222222222222222, 0.4, 0.0
0.3072928648340943, 0.33333333333333337, 0.2222222222222222, 0.4, 0.0
0.3072928648340943, 0.33333333333333337, 0.2222222222222222, 0.4, 0.0
0.3072928648340943, 0.33333333333333337, 0.2222222222222222, 0.4, 0.0
0.3072928648340943, 0.33333333333333337, 0.2222222222222222, 0.4, 0.0
0.3072928648340943, 0.33333333333333337, 0.2222222222222222, 0.4, 0.0
0.3072928648340943, 0.33333333333333337, 0.2222222222222222, 0.4, 0.0
0.3072928648340943, 0.33333333333333337, 0.2222222222222222, 0.4, 0.0
0.3072928648340943, 0.33333333333333337, 0.2222222222222222, 0.4, 0.0
0.3072928648340943, 0.33333333333333337, 0.2222222222222222, 0.4, 0.0
0.3028484203896498, 0.33333333333333337, 0.2222222222222222, 0.36363636363636365, 0.0
0.3028484203896498, 0.33333333333333337, 0.2222222222222222, 0.36363636363636365, 0.0
0.3028484203896498, 0.33333333333333337, 0.2222222222222222, 0.36363636363636365, 0.0
0.30361470391455403, 0.33333333333333337, 0.2222222222222222, 0.36363636363636365, 0.0
0.30361470391455403, 0.33333333333333337, 0.2222222222222222, 0.36363636363636365, 0.0
0.30361470391455403, 0.33333333333333337, 0.2222222222222222, 0.36363636363636365, 0.0
0.30361470391455403, 0.33333333333333337, 0.2222222222222222, 0.36363636363636365, 0.0
0.30361470391455403, 0.33333333333333337, 0.2222222222222222, 0.36363636363636365, 0.0
0.30361470391455403, 0.33333333333333337, 0.2222222222222222, 0.36363636363636365, 0.0
0.30361470391455403, 0.33333333333333337, 0.2222222222222222, 0.36363636363636365, 0.0
0.30361470391455403, 0.33333333333333337, 0.2222222222222222, 0.36363636363636365, 0.0
0.30361470391455403, 0.33333333333333337, 0.2222222222222222, 0.36363636363636365, 0.0
0.30361470391455403, 0.33333333333333337, 0.2222222222222222, 0.36363636363636365, 0.0
0.30361470391455403, 0.33333333333333337, 0.2222222222222222, 0.36363636363636365, 0.0
0.30361470391455403, 0.33333333333333337, 0.2222222222222222, 0.36363636363636365, 0.0
0.30361470391455403, 0.33333333333333337, 0.2222222222222222, 0.36363636363636365, 0.0
0.30361470391455403, 0.33333333333333337, 0.2222222222222222, 0.36363636363636365, 0.0
0.30361470391455403, 0.33333333333333337, 0.2222222222222222, 0.36363636363636365, 0.0
0.30361470391455403, 0.33333333333333337, 0.2222222222222222, 0.36363636363636365, 0.0
0.30849870879855895, 0.33333333333333337, 0.2222222222222222, 0.38095238095238093, 0.0
0.30849870879855895, 0.33333333333333337, 0.2222222222222222, 0.38095238095238093, 0.0
0.30849870879855895, 0.33333333333333337, 0.2222222222222222, 0.38095238095238093, 0.0
0.30849870879855895, 0.33333333333333337, 0.2222222222222222, 0.38095238095238093, 0.0
0.30849870879855895, 0.33333333333333337, 0.2222222222222222, 0.38095238095238093, 0.0
0.30849870879855895, 0.33333333333333337, 0.2222222222222222, 0.38095238095238093, 0.0
0.31704571734556747, 0.33333333333333337, 0.2222222222222222, 0.46153846153846156, 0.0
0.31704571734556747, 0.33333333333333337, 0.2222222222222222, 0.46153846153846156, 0.0
0.31704571734556747, 0.33333333333333337, 0.2222222222222222, 0.46153846153846156, 0.0
0.3196222068785788, 0.33333333333333337, 0.26086956521739135, 0.46153846153846156, 0.0
0.3196222068785788, 0.33333333333333337, 0.26086956521739135, 0.46153846153846156, 0.0
0.3196222068785788, 0.33333333333333337, 0.26086956521739135, 0.46153846153846156, 0.0
0.3196222068785788, 0.33333333333333337, 0.26086956521739135, 0.46153846153846156, 0.0
0.3196222068785788, 0.33333333333333337, 0.26086956521739135, 0.46153846153846156, 0.0
0.3196222068785788, 0.33333333333333337, 0.26086956521739135, 0.46153846153846156, 0.0
0.3196222068785788, 0.33333333333333337, 0.26086956521739135, 0.46153846153846156, 0.0
0.3196222068785788, 0.33333333333333337, 0.26086956521739135, 0.46153846153846156, 0.0
0.3196222068785788, 0.33333333333333337, 0.26086956521739135, 0.46153846153846156, 0.0
0.3196222068785788, 0.33333333333333337, 0.26086956521739135, 0.46153846153846156, 0.0
0.3188559233536746, 0.33333333333333337, 0.26086956521739135, 0.46153846153846156, 0.0
0.3188559233536746, 0.33333333333333337, 0.26086956521739135, 0.46153846153846156, 0.0
0.3183338400729706, 0.33333333333333337, 0.26086956521739135, 0.46153846153846156, 0.0
0.3183338400729706, 0.33333333333333337, 0.26086956521739135, 0.46153846153846156, 0.0
0.3183338400729706, 0.33333333333333337, 0.26086956521739135, 0.46153846153846156, 0.0
0.3183338400729706, 0.33333333333333337, 0.26086956521739135, 0.46153846153846156, 0.0
0.3183338400729706, 0.33333333333333337, 0.26086956521739135, 0.46153846153846156, 0.0
0.3183338400729706, 0.33333333333333337, 0.26086956521739135, 0.46153846153846156, 0.0
0.3183338400729706, 0.33333333333333337, 0.26086956521739135, 0.46153846153846156, 0.0
0.3183338400729706, 0.33333333333333337, 0.26086956521739135, 0.46153846153846156, 0.0
0.3183338400729706, 0.33333333333333337, 0.26086956521739135, 0.46153846153846156, 0.0
0.3183338400729706, 0.33333333333333337, 0.26086956521739135, 0.46153846153846156, 0.0
0.3183338400729706, 0.33333333333333337, 0.26086956521739135, 0.46153846153846156, 0.0
0.309786831525962, 0.33333333333333337, 0.26086956521739135, 0.3846153846153846, 0.0
0.309786831525962, 0.33333333333333337, 0.26086956521739135, 0.3846153846153846, 0.0
0.309786831525962, 0.33333333333333337, 0.26086956521739135, 0.3846153846153846, 0.0
0.309786831525962, 0.33333333333333337, 0.26086956521739135, 0.3846153846153846, 0.0
0.309786831525962, 0.33333333333333337, 0.26086956521739135, 0.3846153846153846, 0.0
0.309786831525962, 0.33333333333333337, 0.26086956521739135, 0.3846153846153846, 0.0
0.309786831525962, 0.33333333333333337, 0.26086956521739135, 0.3846153846153846, 0.0
0.309786831525962, 0.33333333333333337, 0.26086956521739135, 0.3846153846153846, 0.0
0.309786831525962, 0.33333333333333337, 0.26086956521739135, 0.3846153846153846, 0.0
0.309786831525962, 0.33333333333333337, 0.26086956521739135, 0.3846153846153846, 0.0
0.309786831525962, 0.33333333333333337, 0.26086956521739135, 0.3846153846153846, 0.0
0.309786831525962, 0.33333333333333337, 0.26086956521739135, 0.3846153846153846, 0.0
0.309786831525962, 0.33333333333333337, 0.26086956521739135, 0.3846153846153846, 0.0
0.309786831525962, 0.33333333333333337, 0.26086956521739135, 0.3846153846153846, 0.0
0.309786831525962, 0.33333333333333337, 0.26086956521739135, 0.3846153846153846, 0.0
0.309786831525962, 0.33333333333333337, 0.26086956521739135, 0.3846153846153846, 0.0
0.309786831525962, 0.33333333333333337, 0.26086956521739135, 0.3846153846153846, 0.0
0.309786831525962, 0.33333333333333337, 0.26086956521739135, 0.3846153846153846, 0.0
0.309786831525962, 0.33333333333333337, 0.26086956521739135, 0.3846153846153846, 0.0
0.309786831525962, 0.33333333333333337, 0.26086956521739135, 0.3846153846153846, 0.0
0.309786831525962, 0.33333333333333337, 0.26086956521739135, 0.3846153846153846, 0.0
0.309786831525962, 0.33333333333333337, 0.26086956521739135, 0.3846153846153846, 0.0
0.309786831525962, 0.33333333333333337, 0.26086956521739135, 0.3846153846153846, 0.0
0.30595541390144093, 0.33333333333333337, 0.26086956521739135, 0.3846153846153846, 0.0
0.30595541390144093, 0.33333333333333337, 0.26086956521739135, 0.3846153846153846, 0.0
0.30595541390144093, 0.33333333333333337, 0.26086956521739135, 0.3846153846153846, 0.0
0.3021239962769198, 0.27586206896551724, 0.26086956521739135, 0.3846153846153846, 0.0
0.3021239962769198, 0.27586206896551724, 0.26086956521739135, 0.3846153846153846, 0.0
0.2969957911487147, 0.27586206896551724, 0.26086956521739135, 0.36363636363636365, 0.0
0.2969957911487147, 0.27586206896551724, 0.26086956521739135, 0.36363636363636365, 0.0
0.2969957911487147, 0.27586206896551724, 0.26086956521739135, 0.36363636363636365, 0.0
0.2969957911487147, 0.27586206896551724, 0.26086956521739135, 0.36363636363636365, 0.0
0.2969957911487147, 0.27586206896551724, 0.26086956521739135, 0.36363636363636365, 0.0
0.2969957911487147, 0.27586206896551724, 0.26086956521739135, 0.36363636363636365, 0.0
0.2969957911487147, 0.27586206896551724, 0.26086956521739135, 0.36363636363636365, 0.0
0.2969957911487147, 0.27586206896551724, 0.26086956521739135, 0.36363636363636365, 0.0
0.2969957911487147, 0.27586206896551724, 0.26086956521739135, 0.36363636363636365, 0.0
0.29316437352419367, 0.27586206896551724, 0.26086956521739135, 0.36363636363636365, 0.0
0.29316437352419367, 0.27586206896551724, 0.26086956521739135, 0.36363636363636365, 0.0
0.29058788399118235, 0.27586206896551724, 0.2222222222222222, 0.36363636363636365, 0.0
0.29058788399118235, 0.27586206896551724, 0.2222222222222222, 0.36363636363636365, 0.0
0.28675646636666136, 0.27586206896551724, 0.2222222222222222, 0.36363636363636365, 0.0
0.28675646636666136, 0.27586206896551724, 0.2222222222222222, 0.36363636363636365, 0.0
0.28675646636666136, 0.27586206896551724, 0.2222222222222222, 0.36363636363636365, 0.0
0.28292504874214025, 0.27586206896551724, 0.2222222222222222, 0.36363636363636365, 0.0
0.28292504874214025, 0.27586206896551724, 0.2222222222222222, 0.36363636363636365, 0.0
0.28292504874214025, 0.27586206896551724, 0.2222222222222222, 0.36363636363636365, 0.0
0.28034855920912893, 0.27586206896551724, 0.2222222222222222, 0.36363636363636365, 0.0
0.28034855920912893, 0.27586206896551724, 0.2222222222222222, 0.36363636363636365, 0.0
0.28034855920912893, 0.27586206896551724, 0.2222222222222222, 0.36363636363636365, 0.0
0.28034855920912893, 0.27586206896551724, 0.2222222222222222, 0.36363636363636365, 0.0
0.28034855920912893, 0.27586206896551724, 0.2222222222222222, 0.36363636363636365, 0.0
0.28034855920912893, 0.27586206896551724, 0.2222222222222222, 0.36363636363636365, 0.0
0.27277280163337136, 0.27586206896551724, 0.2222222222222222, 0.33333333333333337, 0.0
0.27277280163337136, 0.27586206896551724, 0.2222222222222222, 0.33333333333333337, 0.0
0.27277280163337136, 0.27586206896551724, 0.2222222222222222, 0.33333333333333337, 0.0
0.27277280163337136, 0.27586206896551724, 0.2222222222222222, 0.33333333333333337, 0.0
0.27019631210036016, 0.27586206896551724, 0.2222222222222222, 0.33333333333333337, 0.0
0.27019631210036016, 0.27586206896551724, 0.2222222222222222, 0.33333333333333337, 0.0
0.27019631210036016, 0.27586206896551724, 0.2222222222222222, 0.33333333333333337, 0.0
0.27019631210036016, 0.27586206896551724, 0.2222222222222222, 0.33333333333333337, 0.0
0.2676198225673489, 0.27586206896551724, 0.2222222222222222, 0.33333333333333337, 0.0
0.2676198225673489, 0.27586206896551724, 0.2222222222222222, 0.33333333333333337, 0.0
0.2676198225673489, 0.27586206896551724, 0.2222222222222222, 0.33333333333333337, 0.0
0.2676198225673489, 0.27586206896551724, 0.2222222222222222, 0.33333333333333337, 0.0
0.2650433330343376, 0.27586206896551724, 0.2222222222222222, 0.33333333333333337, 0.0
0.2650433330343376, 0.27586206896551724, 0.2222222222222222, 0.33333333333333337, 0.0
0.2650433330343376, 0.27586206896551724, 0.2222222222222222, 0.33333333333333337, 0.0
0.2650433330343376, 0.27586206896551724, 0.2222222222222222, 0.33333333333333337, 0.0
0.2650433330343376, 0.27586206896551724, 0.2222222222222222, 0.33333333333333337, 0.0
0.2650433330343376, 0.27586206896551724, 0.2222222222222222, 0.33333333333333337, 0.0
0.2650433330343376, 0.27586206896551724, 0.2222222222222222, 0.33333333333333337, 0.0
0.2650433330343376, 0.27586206896551724, 0.2222222222222222, 0.33333333333333337, 0.0
0.2650433330343376, 0.27586206896551724, 0.2222222222222222, 0.33333333333333337, 0.0
0.2650433330343376, 0.27586206896551724, 0.2222222222222222, 0.33333333333333337, 0.0
0.2650433330343376, 0.27586206896551724, 0.2222222222222222, 0.33333333333333337, 0.0
0.26431869535317815, 0.27586206896551724, 0.2222222222222222, 0.33333333333333337, 0.0
0.26431869535317815, 0.27586206896551724, 0.2222222222222222, 0.33333333333333337, 0.0
0.26431869535317815, 0.27586206896551724, 0.2222222222222222, 0.33333333333333337, 0.0
0.26431869535317815, 0.27586206896551724, 0.2222222222222222, 0.33333333333333337, 0.0
0.26431869535317815, 0.27586206896551724, 0.2222222222222222, 0.33333333333333337, 0.0
0.26431869535317815, 0.27586206896551724, 0.2222222222222222, 0.33333333333333337, 0.0
0.26431869535317815, 0.27586206896551724, 0.2222222222222222, 0.33333333333333337, 0.0
0.25948777747878204, 0.26086956521739135, 0.2222222222222222, 0.33333333333333337, 0.0
0.25948777747878204, 0.26086956521739135, 0.2222222222222222, 0.33333333333333337, 0.0
0.25948777747878204, 0.26086956521739135, 0.2222222222222222, 0.33333333333333337, 0.0
0.25948777747878204, 0.26086956521739135, 0.2222222222222222, 0.33333333333333337, 0.0
0.25948777747878204, 0.26086956521739135, 0.2222222222222222, 0.33333333333333337, 0.0
0.25948777747878204, 0.26086956521739135, 0.2222222222222222, 0.33333333333333337, 0.0
0.25948777747878204, 0.26086956521739135, 0.2222222222222222, 0.33333333333333337, 0.0
0.25948777747878204, 0.26086956521739135, 0.2222222222222222, 0.33333333333333337, 0.0
0.25948777747878204, 0.26086956521739135, 0.2222222222222222, 0.33333333333333337, 0.0
0.25948777747878204, 0.26086956521739135, 0.2222222222222222, 0.33333333333333337, 0.0
0.25948777747878204, 0.26086956521739135, 0.2222222222222222, 0.33333333333333337, 0.0
0.25948777747878204, 0.26086956521739135, 0.2222222222222222, 0.33333333333333337, 0.0
0.25948777747878204, 0.26086956521739135, 0.2222222222222222, 0.33333333333333337, 0.0
0.2650433330343376, 0.27586206896551724, 0.2222222222222222, 0.33333333333333337, 0.0
0.27261909061009515, 0.27586206896551724, 0.2222222222222222, 0.36363636363636365, 0.0
0.27261909061009515, 0.27586206896551724, 0.2222222222222222, 0.36363636363636365, 0.0
0.27261909061009515, 0.27586206896551724, 0.2222222222222222, 0.36363636363636365, 0.0
0.27261909061009515, 0.27586206896551724, 0.2222222222222222, 0.36363636363636365, 0.0
0.27261909061009515, 0.27586206896551724, 0.2222222222222222, 0.36363636363636365, 0.0
0.27261909061009515, 0.27586206896551724, 0.2222222222222222, 0.36363636363636365, 0.0
0.27261909061009515, 0.27586206896551724, 0.2222222222222222, 0.36363636363636365, 0.0
0.27261909061009515, 0.27586206896551724, 0.2222222222222222, 0.36363636363636365, 0.0
0.27261909061009515, 0.27586206896551724, 0.2222222222222222, 0.36363636363636365, 0.0
0.27261909061009515, 0.27586206896551724, 0.2222222222222222, 0.36363636363636365, 0.0
0.27261909061009515, 0.27586206896551724, 0.2222222222222222, 0.36363636363636365, 0.0
0.27261909061009515, 0.27586206896551724, 0.2222222222222222, 0.36363636363636365, 0.0
0.27261909061009515, 0.27586206896551724, 0.2222222222222222, 0.36363636363636365, 0.0
0.27261909061009515, 0.27586206896551724, 0.2222222222222222, 0.36363636363636365, 0.0
0.27261909061009515, 0.27586206896551724, 0.2222222222222222, 0.36363636363636365, 0.0
0.27261909061009515, 0.27586206896551724, 0.2222222222222222, 0.36363636363636365, 0.0
0.27261909061009515, 0.27586206896551724, 0.2222222222222222, 0.36363636363636365, 0.0
0.27261909061009515, 0.27586206896551724, 0.2222222222222222, 0.36363636363636365, 0.0
0.27261909061009515, 0.27586206896551724, 0.2222222222222222, 0.36363636363636365, 0.0
0.27261909061009515, 0.27586206896551724, 0.2222222222222222, 0.36363636363636365, 0.0
0.27261909061009515, 0.27586206896551724, 0.2222222222222222, 0.36363636363636365, 0.0
0.27261909061009515, 0.27586206896551724, 0.2222222222222222, 0.36363636363636365, 0.0
0.27261909061009515, 0.27586206896551724, 0.2222222222222222, 0.36363636363636365, 0.0
0.27261909061009515, 0.27586206896551724, 0.2222222222222222, 0.36363636363636365, 0.0
0.27261909061009515, 0.27586206896551724, 0.2222222222222222, 0.36363636363636365, 0.0
0.27261909061009515, 0.27586206896551724, 0.2222222222222222, 0.36363636363636365, 0.0
0.27261909061009515, 0.27586206896551724, 0.2222222222222222, 0.36363636363636365, 0.0
0.27261909061009515, 0.27586206896551724, 0.2222222222222222, 0.36363636363636365, 0.0
0.27261909061009515, 0.27586206896551724, 0.2222222222222222, 0.36363636363636365, 0.0
0.27261909061009515, 0.27586206896551724, 0.2222222222222222, 0.36363636363636365, 0.0
0.27947021050469334, 0.27586206896551724, 0.2222222222222222, 0.36363636363636365, 0.0
0.27947021050469334, 0.27586206896551724, 0.2222222222222222, 0.36363636363636365, 0.0
0.27947021050469334, 0.27586206896551724, 0.2222222222222222, 0.36363636363636365, 0.0
0.27947021050469334, 0.27586206896551724, 0.2222222222222222, 0.36363636363636365, 0.0
0.27947021050469334, 0.27586206896551724, 0.2222222222222222, 0.36363636363636365, 0.0
0.27947021050469334, 0.27586206896551724, 0.2222222222222222, 0.36363636363636365, 0.0
0.27947021050469334, 0.27586206896551724, 0.2222222222222222, 0.36363636363636365, 0.0
0.27947021050469334, 0.27586206896551724, 0.2222222222222222, 0.36363636363636365, 0.0
0.27947021050469334, 0.27586206896551724, 0.2222222222222222, 0.36363636363636365, 0.0
0.27947021050469334, 0.27586206896551724, 0.2222222222222222, 0.36363636363636365, 0.0
0.27947021050469334, 0.27586206896551724, 0.2222222222222222, 0.36363636363636365, 0.0
0.27947021050469334, 0.27586206896551724, 0.2222222222222222, 0.36363636363636365, 0.0
0.27947021050469334, 0.27586206896551724, 0.2222222222222222, 0.36363636363636365, 0.0
0.27947021050469334, 0.27586206896551724, 0.2222222222222222, 0.36363636363636365, 0.0
0.27947021050469334, 0.27586206896551724, 0.2222222222222222, 0.36363636363636365, 0.0
0.27947021050469334, 0.27586206896551724, 0.2222222222222222, 0.36363636363636365, 0.0
0.27947021050469334, 0.27586206896551724, 0.2222222222222222, 0.36363636363636365, 0.0
0.27947021050469334, 0.27586206896551724, 0.2222222222222222, 0.36363636363636365, 0.0
0.27947021050469334, 0.27586206896551724, 0.2222222222222222, 0.36363636363636365, 0.0
0.27947021050469334, 0.27586206896551724, 0.2222222222222222, 0.36363636363636365, 0.0
0.27947021050469334, 0.27586206896551724, 0.2222222222222222, 0.36363636363636365, 0.0
0.27947021050469334, 0.27586206896551724, 0.2222222222222222, 0.36363636363636365, 0.0
0.27947021050469334, 0.27586206896551724, 0.2222222222222222, 0.36363636363636365, 0.0
0.27947021050469334, 0.27586206896551724, 0.2222222222222222, 0.36363636363636365, 0.0
0.2753651201927065, 0.27586206896551724, 0.2142857142857143, 0.36363636363636365, 0.0
0.2753651201927065, 0.27586206896551724, 0.2142857142857143, 0.36363636363636365, 0.0
0.2753651201927065, 0.27586206896551724, 0.2142857142857143, 0.36363636363636365, 0.0
0.27866182348940977, 0.27586206896551724, 0.2142857142857143, 0.36363636363636365, 0.0
0.27866182348940977, 0.27586206896551724, 0.2142857142857143, 0.36363636363636365, 0.0
0.27866182348940977, 0.27586206896551724, 0.2142857142857143, 0.36363636363636365, 0.0
0.27866182348940977, 0.27586206896551724, 0.2142857142857143, 0.36363636363636365, 0.0
0.27866182348940977, 0.27586206896551724, 0.2142857142857143, 0.36363636363636365, 0.0
0.27866182348940977, 0.27586206896551724, 0.2142857142857143, 0.36363636363636365, 0.0
0.27866182348940977, 0.27586206896551724, 0.2142857142857143, 0.36363636363636365, 0.0
0.2759682207958071, 0.27586206896551724, 0.18181818181818177, 0.36363636363636365, 0.0
0.2759682207958071, 0.27586206896551724, 0.18181818181818177, 0.36363636363636365, 0.0
0.2759682207958071, 0.27586206896551724, 0.18181818181818177, 0.36363636363636365, 0.0
0.2759682207958071, 0.27586206896551724, 0.18181818181818177, 0.36363636363636365, 0.0
0.2759682207958071, 0.27586206896551724, 0.18181818181818177, 0.36363636363636365, 0.0
0.2759682207958071, 0.27586206896551724, 0.18181818181818177, 0.36363636363636365, 0.0
0.2759682207958071, 0.27586206896551724, 0.18181818181818177, 0.36363636363636365, 0.0
0.27274760887954297, 0.27586206896551724, 0.17391304347826086, 0.36363636363636365, 0.0
0.27274760887954297, 0.27586206896551724, 0.17391304347826086, 0.36363636363636365, 0.0
0.27274760887954297, 0.27586206896551724, 0.17391304347826086, 0.36363636363636365, 0.0
0.2733174094493435, 0.27586206896551724, 0.17391304347826086, 0.36363636363636365, 0.0
0.2733174094493435, 0.27586206896551724, 0.17391304347826086, 0.36363636363636365, 0.0
0.2700967975330794, 0.27586206896551724, 0.17391304347826086, 0.36363636363636365, 0.0
0.2700967975330794, 0.27586206896551724, 0.17391304347826086, 0.36363636363636365, 0.0
0.2700967975330794, 0.27586206896551724, 0.17391304347826086, 0.36363636363636365, 0.0
0.2700967975330794, 0.27586206896551724, 0.17391304347826086, 0.36363636363636365, 0.0
0.2700967975330794, 0.27586206896551724, 0.17391304347826086, 0.36363636363636365, 0.0
0.2668761856168153, 0.27586206896551724, 0.17391304347826086, 0.36363636363636365, 0.0
0.2668761856168153, 0.27586206896551724, 0.17391304347826086, 0.36363636363636365, 0.0
0.2668761856168153, 0.27586206896551724, 0.17391304347826086, 0.36363636363636365, 0.0
0.2709812759288022, 0.27586206896551724, 0.17391304347826086, 0.36363636363636365, 0.0
0.2709812759288022, 0.27586206896551724, 0.17391304347826086, 0.36363636363636365, 0.0
0.2677178726653989, 0.27586206896551724, 0.17391304347826086, 0.36363636363636365, 0.0
0.2677178726653989, 0.27586206896551724, 0.17391304347826086, 0.36363636363636365, 0.0
0.2677178726653989, 0.27586206896551724, 0.17391304347826086, 0.36363636363636365, 0.0
0.2677178726653989, 0.27586206896551724, 0.17391304347826086, 0.36363636363636365, 0.0
0.2677178726653989, 0.27586206896551724, 0.17391304347826086, 0.36363636363636365, 0.0
0.2677178726653989, 0.27586206896551724, 0.17391304347826086, 0.36363636363636365, 0.0
0.2677178726653989, 0.27586206896551724, 0.17391304347826086, 0.36363636363636365, 0.0
0.2677178726653989, 0.27586206896551724, 0.17391304347826086, 0.36363636363636365, 0.0
0.2677178726653989, 0.27586206896551724, 0.17391304347826086, 0.36363636363636365, 0.0
0.2677178726653989, 0.27586206896551724, 0.17391304347826086, 0.36363636363636365, 0.0
0.2677178726653989, 0.27586206896551724, 0.17391304347826086, 0.36363636363636365, 0.0
0.2677178726653989, 0.27586206896551724, 0.17391304347826086, 0.36363636363636365, 0.0
0.2677178726653989, 0.27586206896551724, 0.17391304347826086, 0.36363636363636365, 0.0
0.2677178726653989, 0.27586206896551724, 0.17391304347826086, 0.36363636363636365, 0.0
0.2677178726653989, 0.27586206896551724, 0.17391304347826086, 0.36363636363636365, 0.0
0.2677178726653989, 0.27586206896551724, 0.17391304347826086, 0.36363636363636365, 0.0
0.2677178726653989, 0.27586206896551724, 0.17391304347826086, 0.36363636363636365, 0.0
