0.848788849219943, 0.8571428571428572, 0.75, 0.9130434782608696, 0.0
0.7774059978050556, 0.7954545454545454, 0.6666666666666667, 0.8409090909090909, 0.0
0.7396110852845335, 0.7380952380952381, 0.6363636363636364, 0.8275862068965517, 0.0
0.7123109510961656, 0.7317073170731707, 0.5185185185185186, 0.8, 0.0
0.6958645607791948, 0.7317073170731707, 0.43999999999999995, 0.8125, 0.0
0.6805990190356354, 0.7209302325581395, 0.43999999999999995, 0.7941176470588236, 0.0
0.6745751922433, 0.6857142857142857, 0.5428571428571429, 0.7941176470588236, 0.0
0.6612784860269382, 0.6666666666666667, 0.4722222222222222, 0.7941176470588236, 0.0
0.653548307443101, 0.6578947368421053, 0.4722222222222222, 0.7941176470588236, 0.0
0.6385156333434667, 0.6341463414634146, 0.4722222222222222, 0.7692307692307692, 0.0
0.6364444968371571, 0.631578947368421, 0.4722222222222222, 0.7727272727272727, 0.0
0.625748354973606, 0.625, 0.4722222222222222, 0.7727272727272727, 0.0
0.6102975420580947, 0.6, 0.4722222222222222, 0.7352941176470589, 0.0
0.592912059599083, 0.5897435897435898, 0.46875, 0.7105263157894737, 0.0
0.585822446886877, 0.5897435897435898, 0.46875, 0.6842105263157895, 0.0
0.5791912705766251, 0.5789473684210527, 0.46875, 0.6842105263157895, 0.0
0.56071596367649, 0.5454545454545454, 0.46875, 0.6486486486486487, 0.0
0.561149444883965, 0.5526315789473684, 0.46875, 0.6818181818181819, 0.0
0.5622211459556661, 0.5526315789473684, 0.46875, 0.6818181818181819, 0.0
0.5556434380776486, 0.5428571428571429, 0.46875, 0.641025641025641, 0.0
0.5527879510116352, 0.5277777777777778, 0.46875, 0.641025641025641, 0.0
0.5436916444849881, 0.5263157894736843, 0.46875, 0.641025641025641, 0.0
0.5351528791660372, 0.5263157894736843, 0.46875, 0.6153846153846154, 0.0
0.5335486433512749, 0.5135135135135135, 0.46875, 0.6153846153846154, 0.0
0.5273405344922373, 0.5135135135135135, 0.4117647058823529, 0.6153846153846154, 0.0
0.5169929399341163, 0.5135135135135135, 0.4117647058823529, 0.6153846153846154, 0.0
0.5118653774381328, 0.5135135135135135, 0.4117647058823529, 0.5789473684210527, 0.0
0.5101136256863811, 0.5, 0.4117647058823529, 0.5789473684210527, 0.0
0.5060186928414482, 0.5, 0.4117647058823529, 0.5789473684210527, 0.0
0.5050290392202157, 0.5, 0.4117647058823529, 0.5641025641025641, 0.0
0.500032540620776, 0.5, 0.4117647058823529, 0.5641025641025641, 0.0
0.5000325406207758, 0.5, 0.4117647058823529, 0.5641025641025641, 0.0
0.4934156716509658, 0.5, 0.4117647058823529, 0.5641025641025641, 0.0
0.4828192310545252, 0.4722222222222222, 0.4117647058823529, 0.5641025641025641, 0.0
0.47170278758514056, 0.47058823529411764, 0.4117647058823529, 0.5405405405405406, 0.0
0.4663073768956122, 0.4571428571428572, 0.4117647058823529, 0.5405405405405406, 0.0
0.4664117670000023, 0.4571428571428572, 0.4117647058823529, 0.5405405405405406, 0.0
0.4652754033636387, 0.4571428571428572, 0.4117647058823529, 0.5405405405405406, 0.0
0.45253280591515893, 0.4545454545454546, 0.3939393939393939, 0.4864864864864865, 0.0
0.4514632871985814, 0.4545454545454546, 0.3939393939393939, 0.4864864864864865, 0.0
0.4514632871985814, 0.4545454545454546, 0.3939393939393939, 0.4864864864864865, 0.0
0.44741687065216484, 0.4545454545454546, 0.3939393939393939, 0.4864864864864865, 0.0
0.44766196869138053, 0.4545454545454546, 0.3939393939393939, 0.4864864864864865, 0.0
0.44351412583386024, 0.4545454545454546, 0.3939393939393939, 0.4722222222222222, 0.0
0.4345007404210442, 0.4411764705882353, 0.3870967741935484, 0.45945945945945943, 0.0
0.4364055023258061, 0.4411764705882353, 0.3870967741935484, 0.45945945945945943, 0.0
0.4336467135708124, 0.4411764705882353, 0.3870967741935484, 0.45945945945945943, 0.0
0.42192449478976995, 0.4242424242424242, 0.3870967741935484, 0.4545454545454546, 0.0
0.42087478197535133, 0.4117647058823529, 0.3870967741935484, 0.4545454545454546, 0.0
0.4220631361048819, 0.4117647058823529, 0.3870967741935484, 0.4545454545454546, 0.0
0.42268504143266955, 0.4117647058823529, 0.3870967741935484, 0.4545454545454546, 0.0
0.42268504143266955, 0.4117647058823529, 0.3870967741935484, 0.4545454545454546, 0.0
0.42155610500961543, 0.4117647058823529, 0.3870967741935484, 0.4545454545454546, 0.0
0.42196014541365584, 0.4117647058823529, 0.3870967741935484, 0.4545454545454546, 0.0
0.42117583168816564, 0.4117647058823529, 0.3870967741935484, 0.4545454545454546, 0.0
0.41774941061468585, 0.4117647058823529, 0.36363636363636365, 0.4545454545454546, 0.0
0.41774941061468585, 0.4117647058823529, 0.36363636363636365, 0.4545454545454546, 0.0
0.41696509688919564, 0.4117647058823529, 0.36363636363636365, 0.4545454545454546, 0.0
0.41696509688919564, 0.4117647058823529, 0.36363636363636365, 0.4545454545454546, 0.0
0.4182128687252027, 0.4117647058823529, 0.38235294117647056, 0.4545454545454546, 0.0
0.41456002146704235, 0.4, 0.38235294117647056, 0.4545454545454546, 0.0
0.41456002146704235, 0.4, 0.38235294117647056, 0.4545454545454546, 0.0
0.41223159009449334, 0.4, 0.38235294117647056, 0.4545454545454546, 0.0
0.40512137504073, 0.4, 0.38235294117647056, 0.4545454545454546, 0.0
0.40629784562896526, 0.4, 0.38235294117647056, 0.4545454545454546, 0.0
0.40747431621720054, 0.4, 0.38235294117647056, 0.4545454545454546, 0.0
0.4086507868054358, 0.4, 0.3870967741935484, 0.4545454545454546, 0.0
0.40747431621720054, 0.4, 0.38235294117647056, 0.4545454545454546, 0.0
0.40747431621720054, 0.4, 0.38235294117647056, 0.4545454545454546, 0.0
0.40629784562896526, 0.4, 0.38235294117647056, 0.4545454545454546, 0.0
0.40248832181944144, 0.3939393939393939, 0.37142857142857144, 0.4545454545454546, 0.0
0.4018604416351097, 0.3939393939393939, 0.37142857142857144, 0.4545454545454546, 0.0
0.4018604416351097, 0.3939393939393939, 0.37142857142857144, 0.4545454545454546, 0.0
0.3990043267225431, 0.3939393939393939, 0.3666666666666667, 0.4545454545454546, 0.0
0.3998779826365215, 0.3939393939393939, 0.3666666666666667, 0.4545454545454546, 0.0
0.3991496913199949, 0.3939393939393939, 0.3666666666666667, 0.4545454545454546, 0.0
0.4025168715254105, 0.3939393939393939, 0.37142857142857144, 0.4545454545454546, 0.0
0.4048256738342128, 0.40625, 0.37142857142857144, 0.4545454545454546, 0.0
0.39937533713387613, 0.3939393939393939, 0.37142857142857144, 0.4545454545454546, 0.0
0.39937533713387613, 0.3939393939393939, 0.37142857142857144, 0.4545454545454546, 0.0
0.40262414398799595, 0.3939393939393939, 0.37142857142857144, 0.4545454545454546, 0.0
0.4009297810033105, 0.3939393939393939, 0.37142857142857144, 0.4545454545454546, 0.0
0.39777650454121044, 0.3939393939393939, 0.37142857142857144, 0.4545454545454546, 0.0
0.3957563025210085, 0.3939393939393939, 0.36363636363636365, 0.4545454545454546, 0.0
0.3976610644257704, 0.3939393939393939, 0.36363636363636365, 0.4545454545454546, 0.0
0.3976610644257704, 0.3939393939393939, 0.36363636363636365, 0.4545454545454546, 0.0
0.3969327731092438, 0.3939393939393939, 0.36363636363636365, 0.4545454545454546, 0.0
0.3969327731092438, 0.3939393939393939, 0.36363636363636365, 0.4545454545454546, 0.0
0.3957563025210085, 0.3939393939393939, 0.36363636363636365, 0.4545454545454546, 0.0
0.3957563025210085, 0.3939393939393939, 0.36363636363636365, 0.4545454545454546, 0.0
0.3945679483914779, 0.3939393939393939, 0.36363636363636365, 0.4545454545454546, 0.0
0.3945679483914779, 0.3939393939393939, 0.36363636363636365, 0.4545454545454546, 0.0
0.3945679483914779, 0.3939393939393939, 0.36363636363636365, 0.4545454545454546, 0.0
0.3945679483914779, 0.3939393939393939, 0.36363636363636365, 0.4545454545454546, 0.0
0.3945679483914779, 0.3939393939393939, 0.36363636363636365, 0.4545454545454546, 0.0
0.3965881504116799, 0.3939393939393939, 0.37142857142857144, 0.4545454545454546, 0.0
0.3965881504116799, 0.3939393939393939, 0.37142857142857144, 0.4545454545454546, 0.0
0.3965881504116799, 0.3939393939393939, 0.37142857142857144, 0.4545454545454546, 0.0
0.3965881504116799, 0.3939393939393939, 0.37142857142857144, 0.4545454545454546, 0.0
0.3965881504116799, 0.3939393939393939, 0.37142857142857144, 0.4545454545454546, 0.0
0.3965881504116799, 0.3939393939393939, 0.37142857142857144, 0.4545454545454546, 0.0
0.39585985909515325, 0.3939393939393939, 0.37142857142857144, 0.4545454545454546, 0.0
0.39585985909515325, 0.3939393939393939, 0.37142857142857144, 0.4545454545454546, 0.0
0.39585985909515325, 0.3939393939393939, 0.37142857142857144, 0.4545454545454546, 0.0
0.39585985909515325, 0.3939393939393939, 0.37142857142857144, 0.4545454545454546, 0.0
0.39585985909515325, 0.3939393939393939, 0.37142857142857144, 0.4545454545454546, 0.0
0.394371763857058, 0.3939393939393939, 0.37142857142857144, 0.4545454545454546, 0.0
0.394371763857058, 0.3939393939393939, 0.37142857142857144, 0.4545454545454546, 0.0
0.394371763857058, 0.3939393939393939, 0.37142857142857144, 0.4545454545454546, 0.0
0.394371763857058, 0.3939393939393939, 0.37142857142857144, 0.4545454545454546, 0.0
0.394371763857058, 0.3939393939393939, 0.37142857142857144, 0.4545454545454546, 0.0
0.394371763857058, 0.3939393939393939, 0.37142857142857144, 0.4545454545454546, 0.0
0.394371763857058, 0.3939393939393939, 0.37142857142857144, 0.4545454545454546, 0.0
0.394371763857058, 0.3939393939393939, 0.37142857142857144, 0.4545454545454546, 0.0
0.3956343901196843, 0.3939393939393939, 0.37142857142857144, 0.4545454545454546, 0.0
0.3968227442492149, 0.3939393939393939, 0.37142857142857144, 0.4545454545454546, 0.0
0.3968227442492149, 0.3939393939393939, 0.37142857142857144, 0.4545454545454546, 0.0
0.3968227442492149, 0.3939393939393939, 0.37142857142857144, 0.4545454545454546, 0.0
0.3968227442492149, 0.3939393939393939, 0.37142857142857144, 0.4545454545454546, 0.0
0.3968227442492149, 0.3939393939393939, 0.37142857142857144, 0.4545454545454546, 0.0
0.3978922629657925, 0.3939393939393939, 0.37142857142857144, 0.47058823529411764, 0.0
0.3978922629657925, 0.3939393939393939, 0.37142857142857144, 0.47058823529411764, 0.0
0.3978922629657925, 0.3939393939393939, 0.37142857142857144, 0.47058823529411764, 0.0
0.3978922629657925, 0.3939393939393939, 0.37142857142857144, 0.47058823529411764, 0.0
0.3978922629657925, 0.3939393939393939, 0.37142857142857144, 0.47058823529411764, 0.0
0.39670390883626183, 0.3939393939393939, 0.37142857142857144, 0.47058823529411764, 0.0
0.39670390883626183, 0.3939393939393939, 0.37142857142857144, 0.47058823529411764, 0.0
0.39670390883626183, 0.3939393939393939, 0.37142857142857144, 0.47058823529411764, 0.0
0.39670390883626183, 0.3939393939393939, 0.37142857142857144, 0.47058823529411764, 0.0
0.39670390883626183, 0.3939393939393939, 0.37142857142857144, 0.47058823529411764, 0.0
0.3978922629657925, 0.3939393939393939, 0.37142857142857144, 0.47058823529411764, 0.0
0.3978922629657925, 0.3939393939393939, 0.37142857142857144, 0.47058823529411764, 0.0
0.3978922629657925, 0.3939393939393939, 0.37142857142857144, 0.47058823529411764, 0.0
0.3978922629657925, 0.3939393939393939, 0.37142857142857144, 0.47058823529411764, 0.0
0.3978922629657925, 0.3939393939393939, 0.37142857142857144, 0.47058823529411764, 0.0
0.3978922629657925, 0.3939393939393939, 0.37142857142857144, 0.47058823529411764, 0.0
0.3978922629657925, 0.3939393939393939, 0.37142857142857144, 0.47058823529411764, 0.0
0.3978922629657925, 0.3939393939393939, 0.37142857142857144, 0.47058823529411764, 0.0
0.3978922629657925, 0.3939393939393939, 0.37142857142857144, 0.47058823529411764, 0.0
0.3978922629657925, 0.3939393939393939, 0.37142857142857144, 0.47058823529411764, 0.0
0.3978922629657925, 0.3939393939393939, 0.37142857142857144, 0.47058823529411764, 0.0
0.3978922629657925, 0.3939393939393939, 0.37142857142857144, 0.47058823529411764, 0.0
0.39908061709532305, 0.3939393939393939, 0.37142857142857144, 0.47058823529411764, 0.0
0.40026897122485366, 0.3939393939393939, 0.37142857142857144, 0.47058823529411764, 0.0
0.4014573253543842, 0.40625, 0.37142857142857144, 0.47058823529411764, 0.0
0.4014573253543842, 0.40625, 0.37142857142857144, 0.47058823529411764, 0.0
0.4014573253543842, 0.40625, 0.37142857142857144, 0.47058823529411764, 0.0
0.4014573253543842, 0.40625, 0.37142857142857144, 0.47058823529411764, 0.0
0.4014573253543842, 0.40625, 0.37142857142857144, 0.47058823529411764, 0.0
0.4014573253543842, 0.40625, 0.37142857142857144, 0.47058823529411764, 0.0
0.4014573253543842, 0.40625, 0.37142857142857144, 0.47058823529411764, 0.0
0.4014573253543842, 0.40625, 0.37142857142857144, 0.47058823529411764, 0.0
0.4014573253543842, 0.40625, 0.37142857142857144, 0.47058823529411764, 0.0
0.4014573253543842, 0.40625, 0.37142857142857144, 0.47058823529411764, 0.0
0.4014573253543842, 0.40625, 0.37142857142857144, 0.47058823529411764, 0.0
0.4014573253543842, 0.40625, 0.37142857142857144, 0.47058823529411764, 0.0
0.40264567948391483, 0.4117647058823529, 0.37142857142857144, 0.47058823529411764, 0.0
0.40264567948391483, 0.4117647058823529, 0.37142857142857144, 0.47058823529411764, 0.0
0.40264567948391483, 0.4117647058823529, 0.37142857142857144, 0.47058823529411764, 0.0
0.40264567948391483, 0.4117647058823529, 0.37142857142857144, 0.47058823529411764, 0.0
0.40264567948391483, 0.4117647058823529, 0.37142857142857144, 0.47058823529411764, 0.0
0.40264567948391483, 0.4117647058823529, 0.37142857142857144, 0.47058823529411764, 0.0
0.40264567948391483, 0.4117647058823529, 0.37142857142857144, 0.47058823529411764, 0.0
0.40264567948391483, 0.4117647058823529, 0.37142857142857144, 0.47058823529411764, 0.0
0.40264567948391483, 0.4117647058823529, 0.37142857142857144, 0.47058823529411764, 0.0
0.40264567948391483, 0.4117647058823529, 0.37142857142857144, 0.47058823529411764, 0.0
0.40264567948391483, 0.4117647058823529, 0.37142857142857144, 0.47058823529411764, 0.0
0.40264567948391483, 0.4117647058823529, 0.37142857142857144, 0.47058823529411764, 0.0
0.40264567948391483, 0.4117647058823529, 0.37142857142857144, 0.47058823529411764, 0.0
0.40264567948391483, 0.4117647058823529, 0.37142857142857144, 0.47058823529411764, 0.0
0.40264567948391483, 0.4117647058823529, 0.37142857142857144, 0.47058823529411764, 0.0
0.40264567948391483, 0.4117647058823529, 0.37142857142857144, 0.47058823529411764, 0.0
0.40264567948391483, 0.4117647058823529, 0.37142857142857144, 0.47058823529411764, 0.0
0.40264567948391483, 0.4117647058823529, 0.37142857142857144, 0.47058823529411764, 0.0
0.40264567948391483, 0.4117647058823529, 0.37142857142857144, 0.47058823529411764, 0.0
0.40264567948391483, 0.4117647058823529, 0.37142857142857144, 0.47058823529411764, 0.0
0.40264567948391483, 0.4117647058823529, 0.37142857142857144, 0.47058823529411764, 0.0
0.40264567948391483, 0.4117647058823529, 0.37142857142857144, 0.47058823529411764, 0.0
0.40264567948391483, 0.4117647058823529, 0.37142857142857144, 0.47058823529411764, 0.0
0.40264567948391483, 0.4117647058823529, 0.37142857142857144, 0.47058823529411764, 0.0
0.40264567948391483, 0.4117647058823529, 0.37142857142857144, 0.47058823529411764, 0.0
0.40264567948391483, 0.4117647058823529, 0.37142857142857144, 0.47058823529411764, 0.0
0.40264567948391483, 0.4117647058823529, 0.37142857142857144, 0.47058823529411764, 0.0
0.40264567948391483, 0.4117647058823529, 0.37142857142857144, 0.47058823529411764, 0.0
0.40264567948391483, 0.4117647058823529, 0.37142857142857144, 0.47058823529411764, 0.0
0.4014573253543842, 0.40625, 0.37142857142857144, 0.47058823529411764, 0.0
0.4014573253543842, 0.40625, 0.37142857142857144, 0.47058823529411764, 0.0
0.4014573253543842, 0.40625, 0.37142857142857144, 0.47058823529411764, 0.0
0.4014573253543842, 0.40625, 0.37142857142857144, 0.47058823529411764, 0.0
0.4014573253543842, 0.40625, 0.37142857142857144, 0.47058823529411764, 0.0
0.4014573253543842, 0.40625, 0.37142857142857144, 0.47058823529411764, 0.0
0.4014573253543842, 0.40625, 0.37142857142857144, 0.47058823529411764, 0.0
0.4014573253543842, 0.40625, 0.37142857142857144, 0.47058823529411764, 0.0
0.40026897122485366, 0.3939393939393939, 0.37142857142857144, 0.47058823529411764, 0.0
0.40026897122485366, 0.3939393939393939, 0.37142857142857144, 0.47058823529411764, 0.0
0.40026897122485366, 0.3939393939393939, 0.37142857142857144, 0.47058823529411764, 0.0
0.40026897122485366, 0.3939393939393939, 0.37142857142857144, 0.47058823529411764, 0.0
0.40026897122485366, 0.3939393939393939, 0.37142857142857144, 0.47058823529411764, 0.0
0.40026897122485366, 0.3939393939393939, 0.37142857142857144, 0.47058823529411764, 0.0
0.40026897122485366, 0.3939393939393939, 0.37142857142857144, 0.47058823529411764, 0.0
0.40026897122485366, 0.3939393939393939, 0.37142857142857144, 0.47058823529411764, 0.0
0.4014573253543842, 0.40625, 0.37142857142857144, 0.47058823529411764, 0.0
0.4014573253543842, 0.40625, 0.37142857142857144, 0.47058823529411764, 0.0
0.40093784483490374, 0.40625, 0.36363636363636365, 0.47058823529411764, 0.0
0.40093784483490374, 0.40625, 0.36363636363636365, 0.47058823529411764, 0.0
0.40093784483490374, 0.40625, 0.36363636363636365, 0.47058823529411764, 0.0
0.40093784483490374, 0.40625, 0.36363636363636365, 0.47058823529411764, 0.0
0.40093784483490374, 0.40625, 0.36363636363636365, 0.47058823529411764, 0.0
0.4017022455993045, 0.40625, 0.36363636363636365, 0.47058823529411764, 0.0
0.4024305369158311, 0.40625, 0.36363636363636365, 0.47058823529411764, 0.0
0.4024305369158311, 0.40625, 0.36363636363636365, 0.47058823529411764, 0.0
0.4024305369158311, 0.40625, 0.36363636363636365, 0.47058823529411764, 0.0
0.4024305369158311, 0.40625, 0.36363636363636365, 0.47058823529411764, 0.0
0.4024305369158311, 0.40625, 0.36363636363636365, 0.47058823529411764, 0.0
0.4024305369158311, 0.40625, 0.36363636363636365, 0.47058823529411764, 0.0
0.4024305369158311, 0.40625, 0.36363636363636365, 0.47058823529411764, 0.0
0.4011980439186322, 0.40625, 0.3529411764705882, 0.47058823529411764, 0.0
0.4011980439186322, 0.40625, 0.3529411764705882, 0.47058823529411764, 0.0
0.4011980439186322, 0.40625, 0.3529411764705882, 0.47058823529411764, 0.0
0.4011980439186322, 0.40625, 0.3529411764705882, 0.47058823529411764, 0.0
0.4011980439186322, 0.40625, 0.3529411764705882, 0.47058823529411764, 0.0
0.4011980439186322, 0.40625, 0.3529411764705882, 0.47058823529411764, 0.0
0.3999655509214333, 0.40625, 0.3529411764705882, 0.47058823529411764, 0.0
0.3999655509214333, 0.40625, 0.3529411764705882, 0.47058823529411764, 0.0
0.39925253844371494, 0.40625, 0.3529411764705882, 0.47058823529411764, 0.0
0.39925253844371494, 0.40625, 0.3529411764705882, 0.47058823529411764, 0.0
0.39925253844371494, 0.40625, 0.3529411764705882, 0.47058823529411764, 0.0
0.39925253844371494, 0.40625, 0.3529411764705882, 0.47058823529411764, 0.0
0.39806418431418433, 0.4054054054054054, 0.3529411764705882, 0.47058823529411764, 0.0
0.39806418431418433, 0.4054054054054054, 0.3529411764705882, 0.47058823529411764, 0.0
0.39806418431418433, 0.4054054054054054, 0.3529411764705882, 0.47058823529411764, 0.0
0.39806418431418433, 0.4054054054054054, 0.3529411764705882, 0.47058823529411764, 0.0
0.39806418431418433, 0.4054054054054054, 0.3529411764705882, 0.47058823529411764, 0.0
0.39806418431418433, 0.4054054054054054, 0.3529411764705882, 0.47058823529411764, 0.0
0.39806418431418433, 0.4054054054054054, 0.3529411764705882, 0.47058823529411764, 0.0
0.39610340000045885, 0.4054054054054054, 0.3529411764705882, 0.47058823529411764, 0.0
0.39610340000045885, 0.4054054054054054, 0.3529411764705882, 0.47058823529411764, 0.0
0.39610340000045885, 0.4054054054054054, 0.3529411764705882, 0.47058823529411764, 0.0
0.39610340000045885, 0.4054054054054054, 0.3529411764705882, 0.47058823529411764, 0.0
0.39610340000045885, 0.4054054054054054, 0.3529411764705882, 0.47058823529411764, 0.0
0.39610340000045885, 0.4054054054054054, 0.3529411764705882, 0.47058823529411764, 0.0
0.39610340000045885, 0.4054054054054054, 0.3529411764705882, 0.47058823529411764, 0.0
0.39610340000045885, 0.4054054054054054, 0.3529411764705882, 0.47058823529411764, 0.0
0.39610340000045885, 0.4054054054054054, 0.3529411764705882, 0.47058823529411764, 0.0
0.39610340000045885, 0.4054054054054054, 0.3529411764705882, 0.47058823529411764, 0.0
0.39610340000045885, 0.4054054054054054, 0.3529411764705882, 0.47058823529411764, 0.0
0.39610340000045885, 0.4054054054054054, 0.3529411764705882, 0.47058823529411764, 0.0
0.39610340000045885, 0.4054054054054054, 0.3529411764705882, 0.47058823529411764, 0.0
0.39610340000045885, 0.4054054054054054, 0.3529411764705882, 0.47058823529411764, 0.0
0.3947962104579752, 0.4054054054054054, 0.33333333333333337, 0.47058823529411764, 0.0
0.3947962104579752, 0.4054054054054054, 0.33333333333333337, 0.47058823529411764, 0.0
0.3947962104579752, 0.4054054054054054, 0.33333333333333337, 0.47058823529411764, 0.0
0.39348902091549154, 0.4054054054054054, 0.33333333333333337, 0.47058823529411764, 0.0
0.39103804052333474, 0.3939393939393939, 0.33333333333333337, 0.47058823529411764, 0.0
0.39103804052333474, 0.3939393939393939, 0.33333333333333337, 0.47058823529411764, 0.0
0.39103804052333474, 0.3939393939393939, 0.33333333333333337, 0.47058823529411764, 0.0
0.39103804052333474, 0.3939393939393939, 0.33333333333333337, 0.47058823529411764, 0.0
0.3887729182582124, 0.3939393939393939, 0.33333333333333337, 0.47058823529411764, 0.0
0.3887729182582124, 0.3939393939393939, 0.33333333333333337, 0.47058823529411764, 0.0
0.3887729182582124, 0.3939393939393939, 0.33333333333333337, 0.47058823529411764, 0.0
0.3887729182582124, 0.3939393939393939, 0.33333333333333337, 0.47058823529411764, 0.0
0.38746572871572876, 0.3939393939393939, 0.33333333333333337, 0.47058823529411764, 0.0
0.38746572871572876, 0.3939393939393939, 0.33333333333333337, 0.47058823529411764, 0.0
0.38746572871572876, 0.3939393939393939, 0.33333333333333337, 0.47058823529411764, 0.0
0.38746572871572876, 0.3939393939393939, 0.33333333333333337, 0.47058823529411764, 0.0
0.38746572871572876, 0.3939393939393939, 0.33333333333333337, 0.47058823529411764, 0.0
0.38746572871572876, 0.3939393939393939, 0.33333333333333337, 0.47058823529411764, 0.0
0.38746572871572876, 0.3939393939393939, 0.33333333333333337, 0.47058823529411764, 0.0
0.38746572871572876, 0.3939393939393939, 0.33333333333333337, 0.47058823529411764, 0.0
0.38746572871572876, 0.3939393939393939, 0.33333333333333337, 0.47058823529411764, 0.0
0.3847766530854767, 0.375, 0.33333333333333337, 0.47058823529411764, 0.0
0.3847766530854767, 0.375, 0.33333333333333337, 0.47058823529411764, 0.0
0.3847766530854767, 0.375, 0.33333333333333337, 0.47058823529411764, 0.0
0.3847766530854767, 0.375, 0.33333333333333337, 0.47058823529411764, 0.0
0.3847766530854767, 0.375, 0.33333333333333337, 0.47058823529411764, 0.0
0.3847766530854767, 0.375, 0.33333333333333337, 0.47058823529411764, 0.0
0.3847766530854767, 0.375, 0.33333333333333337, 0.47058823529411764, 0.0
0.3847766530854767, 0.375, 0.33333333333333337, 0.47058823529411764, 0.0
0.3847766530854767, 0.375, 0.33333333333333337, 0.47058823529411764, 0.0
0.3847766530854767, 0.375, 0.33333333333333337, 0.47058823529411764, 0.0
0.3847766530854767, 0.375, 0.33333333333333337, 0.47058823529411764, 0.0
0.3847766530854767, 0.375, 0.33333333333333337, 0.47058823529411764, 0.0
0.3847766530854767, 0.375, 0.33333333333333337, 0.47058823529411764, 0.0
0.3847766530854767, 0.375, 0.33333333333333337, 0.47058823529411764, 0.0
0.3847766530854767, 0.375, 0.33333333333333337, 0.47058823529411764, 0.0
0.3847766530854767, 0.375, 0.33333333333333337, 0.47058823529411764, 0.0
0.3847766530854767, 0.375, 0.33333333333333337, 0.47058823529411764, 0.0
0.3796667303284951, 0.375, 0.33333333333333337, 0.4411764705882353, 0.0
0.3796667303284951, 0.375, 0.33333333333333337, 0.4411764705882353, 0.0
0.3796667303284951, 0.375, 0.33333333333333337, 0.4411764705882353, 0.0
0.38220641286817764, 0.375, 0.33333333333333337, 0.4411764705882353, 0.0
0.38220641286817764, 0.375, 0.33333333333333337, 0.4411764705882353, 0.0
0.38220641286817764, 0.375, 0.33333333333333337, 0.4411764705882353, 0.0
0.38196831763008243, 0.37142857142857144, 0.33333333333333337, 0.4411764705882353, 0.0
0.38196831763008243, 0.37142857142857144, 0.33333333333333337, 0.4411764705882353, 0.0
0.38196831763008243, 0.37142857142857144, 0.33333333333333337, 0.4411764705882353, 0.0
0.38196831763008243, 0.37142857142857144, 0.33333333333333337, 0.4411764705882353, 0.0
0.38196831763008243, 0.37142857142857144, 0.33333333333333337, 0.4411764705882353, 0.0
0.38196831763008243, 0.37142857142857144, 0.33333333333333337, 0.4411764705882353, 0.0
0.38196831763008243, 0.37142857142857144, 0.33333333333333337, 0.4411764705882353, 0.0
0.38196831763008243, 0.37142857142857144, 0.33333333333333337, 0.4411764705882353, 0.0
0.38196831763008243, 0.37142857142857144, 0.33333333333333337, 0.4411764705882353, 0.0
0.38196831763008243, 0.37142857142857144, 0.33333333333333337, 0.4411764705882353, 0.0
0.38196831763008243, 0.37142857142857144, 0.33333333333333337, 0.4411764705882353, 0.0
0.38196831763008243, 0.37142857142857144, 0.33333333333333337, 0.4411764705882353, 0.0
0.38196831763008243, 0.37142857142857144, 0.33333333333333337, 0.4411764705882353, 0.0
0.38196831763008243, 0.37142857142857144, 0.33333333333333337, 0.4411764705882353, 0.0
0.38196831763008243, 0.37142857142857144, 0.33333333333333337, 0.4411764705882353, 0.0
0.38196831763008243, 0.37142857142857144, 0.33333333333333337, 0.4411764705882353, 0.0
0.38196831763008243, 0.37142857142857144, 0.33333333333333337, 0.4411764705882353, 0.0
0.38196831763008243, 0.37142857142857144, 0.33333333333333337, 0.4411764705882353, 0.0
0.38196831763008243, 0.37142857142857144, 0.33333333333333337, 0.4411764705882353, 0.0
0.38196831763008243, 0.37142857142857144, 0.33333333333333337, 0.4411764705882353, 0.0
0.38196831763008243, 0.37142857142857144, 0.33333333333333337, 0.4411764705882353, 0.0
0.38196831763008243, 0.37142857142857144, 0.33333333333333337, 0.4411764705882353, 0.0
0.38196831763008243, 0.37142857142857144, 0.33333333333333337, 0.4411764705882353, 0.0
0.38196831763008243, 0.37142857142857144, 0.33333333333333337, 0.4411764705882353, 0.0
0.3780467490026314, 0.37142857142857144, 0.33333333333333337, 0.4411764705882353, 0.0
0.3780467490026314, 0.37142857142857144, 0.33333333333333337, 0.4411764705882353, 0.0
0.3780467490026314, 0.37142857142857144, 0.33333333333333337, 0.4411764705882353, 0.0
0.3780467490026314, 0.37142857142857144, 0.33333333333333337, 0.4411764705882353, 0.0
0.3780467490026314, 0.37142857142857144, 0.33333333333333337, 0.4411764705882353, 0.0
0.3780467490026314, 0.37142857142857144, 0.33333333333333337, 0.4411764705882353, 0.0
0.3780467490026314, 0.37142857142857144, 0.33333333333333337, 0.4411764705882353, 0.0
0.3805864315423139, 0.37142857142857144, 0.33333333333333337, 0.4411764705882353, 0.0
0.3831261140819964, 0.37142857142857144, 0.3529411764705882, 0.4411764705882353, 0.0
0.3831261140819964, 0.37142857142857144, 0.3529411764705882, 0.4411764705882353, 0.0
0.3831261140819964, 0.37142857142857144, 0.3529411764705882, 0.4411764705882353, 0.0
0.3799328367710721, 0.37142857142857144, 0.32352941176470584, 0.4411764705882353, 0.0
0.3799328367710721, 0.37142857142857144, 0.32352941176470584, 0.4411764705882353, 0.0
0.37673955946014775, 0.37142857142857144, 0.32352941176470584, 0.4411764705882353, 0.0
0.37673955946014775, 0.37142857142857144, 0.32352941176470584, 0.4411764705882353, 0.0
0.37673955946014775, 0.37142857142857144, 0.32352941176470584, 0.4411764705882353, 0.0
0.37354628214922336, 0.37142857142857144, 0.32352941176470584, 0.4411764705882353, 0.0
0.37354628214922336, 0.37142857142857144, 0.32352941176470584, 0.4411764705882353, 0.0
0.37354628214922336, 0.37142857142857144, 0.32352941176470584, 0.4411764705882353, 0.0
0.37354628214922336, 0.37142857142857144, 0.32352941176470584, 0.4411764705882353, 0.0
0.3723137891520245, 0.37142857142857144, 0.32352941176470584, 0.4411764705882353, 0.0
0.3723137891520245, 0.37142857142857144, 0.32352941176470584, 0.4411764705882353, 0.0
0.3723137891520245, 0.37142857142857144, 0.32352941176470584, 0.4411764705882353, 0.0
0.3691205118411001, 0.37142857142857144, 0.32352941176470584, 0.4411764705882353, 0.0
0.3691205118411001, 0.37142857142857144, 0.32352941176470584, 0.4411764705882353, 0.0
0.3691205118411001, 0.37142857142857144, 0.32352941176470584, 0.4411764705882353, 0.0
0.3691205118411001, 0.37142857142857144, 0.32352941176470584, 0.4411764705882353, 0.0
0.3671597275273746, 0.37142857142857144, 0.32352941176470584, 0.4411764705882353, 0.0
0.3671597275273746, 0.37142857142857144, 0.32352941176470584, 0.4411764705882353, 0.0
0.3659272345301757, 0.3529411764705882, 0.32352941176470584, 0.4411764705882353, 0.0
0.3659272345301757, 0.3529411764705882, 0.32352941176470584, 0.4411764705882353, 0.0
0.3659272345301757, 0.3529411764705882, 0.32352941176470584, 0.4411764705882353, 0.0
0.3659272345301757, 0.3529411764705882, 0.32352941176470584, 0.4411764705882353, 0.0
0.3659272345301757, 0.3529411764705882, 0.32352941176470584, 0.4411764705882353, 0.0
0.3659272345301757, 0.3529411764705882, 0.32352941176470584, 0.4411764705882353, 0.0
0.3659272345301757, 0.3529411764705882, 0.32352941176470584, 0.4411764705882353, 0.0
0.3659272345301757, 0.3529411764705882, 0.32352941176470584, 0.4411764705882353, 0.0
0.3659272345301757, 0.3529411764705882, 0.32352941176470584, 0.4411764705882353, 0.0
0.3659272345301757, 0.3529411764705882, 0.32352941176470584, 0.4411764705882353, 0.0
0.3659272345301757, 0.3529411764705882, 0.32352941176470584, 0.4411764705882353, 0.0
0.3659272345301757, 0.3529411764705882, 0.32352941176470584, 0.4411764705882353, 0.0
0.3659272345301757, 0.3529411764705882, 0.32352941176470584, 0.4411764705882353, 0.0
0.3659272345301757, 0.3529411764705882, 0.32352941176470584, 0.4411764705882353, 0.0
0.3691205118411001, 0.37142857142857144, 0.32352941176470584, 0.4411764705882353, 0.0
0.3691205118411001, 0.37142857142857144, 0.32352941176470584, 0.4411764705882353, 0.0
0.36638729734317976, 0.3529411764705882, 0.32352941176470584, 0.4411764705882353, 0.0
0.36638729734317976, 0.3529411764705882, 0.32352941176470584, 0.4411764705882353, 0.0
0.36638729734317976, 0.3529411764705882, 0.32352941176470584, 0.4411764705882353, 0.0
0.36638729734317976, 0.3529411764705882, 0.32352941176470584, 0.4411764705882353, 0.0
0.36638729734317976, 0.3529411764705882, 0.32352941176470584, 0.4411764705882353, 0.0
0.36638729734317976, 0.3529411764705882, 0.32352941176470584, 0.4411764705882353, 0.0
0.36196152703505646, 0.3529411764705882, 0.32352941176470584, 0.4411764705882353, 0.0
0.36196152703505646, 0.3529411764705882, 0.32352941176470584, 0.4411764705882353, 0.0
0.36196152703505646, 0.3529411764705882, 0.32352941176470584, 0.4411764705882353, 0.0
0.36196152703505646, 0.3529411764705882, 0.32352941176470584, 0.4411764705882353, 0.0
0.36196152703505646, 0.3529411764705882, 0.32352941176470584, 0.4411764705882353, 0.0
0.36196152703505646, 0.3529411764705882, 0.32352941176470584, 0.4411764705882353, 0.0
0.36196152703505646, 0.3529411764705882, 0.32352941176470584, 0.4411764705882353, 0.0
0.36196152703505646, 0.3529411764705882, 0.32352941176470584, 0.4411764705882353, 0.0
0.36196152703505646, 0.3529411764705882, 0.32352941176470584, 0.4411764705882353, 0.0
0.36196152703505646, 0.3529411764705882, 0.32352941176470584, 0.4411764705882353, 0.0
0.36196152703505646, 0.3529411764705882, 0.32352941176470584, 0.4411764705882353, 0.0
0.36196152703505646, 0.3529411764705882, 0.32352941176470584, 0.4411764705882353, 0.0
0.36196152703505646, 0.3529411764705882, 0.32352941176470584, 0.4411764705882353, 0.0
0.36196152703505646, 0.3529411764705882, 0.32352941176470584, 0.4411764705882353, 0.0
0.36196152703505646, 0.3529411764705882, 0.32352941176470584, 0.4411764705882353, 0.0
0.36196152703505646, 0.3529411764705882, 0.32352941176470584, 0.4411764705882353, 0.0
0.36196152703505646, 0.3529411764705882, 0.32352941176470584, 0.4411764705882353, 0.0
0.36196152703505646, 0.3529411764705882, 0.32352941176470584, 0.4411764705882353, 0.0
0.36515480434598085, 0.3529411764705882, 0.32352941176470584, 0.4411764705882353, 0.0
0.36515480434598085, 0.3529411764705882, 0.32352941176470584, 0.4411764705882353, 0.0
0.36515480434598085, 0.3529411764705882, 0.32352941176470584, 0.4411764705882353, 0.0
0.36515480434598085, 0.3529411764705882, 0.32352941176470584, 0.4411764705882353, 0.0
0.36515480434598085, 0.3529411764705882, 0.32352941176470584, 0.4411764705882353, 0.0
0.36515480434598085, 0.3529411764705882, 0.32352941176470584, 0.4411764705882353, 0.0
0.36515480434598085, 0.3529411764705882, 0.32352941176470584, 0.4411764705882353, 0.0
0.36515480434598085, 0.3529411764705882, 0.32352941176470584, 0.4411764705882353, 0.0
0.36515480434598085, 0.3529411764705882, 0.32352941176470584, 0.4411764705882353, 0.0
0.36515480434598085, 0.3529411764705882, 0.32352941176470584, 0.4411764705882353, 0.0
0.36515480434598085, 0.3529411764705882, 0.32352941176470584, 0.4411764705882353, 0.0
0.36515480434598085, 0.3529411764705882, 0.32352941176470584, 0.4411764705882353, 0.0
0.36515480434598085, 0.3529411764705882, 0.32352941176470584, 0.4411764705882353, 0.0
0.36515480434598085, 0.3529411764705882, 0.32352941176470584, 0.4411764705882353, 0.0
