0.09000000000000001, 0.0, 0.0, 0.6666666666666667, 0.0
0.1427777777777778, 0.0, 0.0, 0.6666666666666667, 0.0
0.12429378531073448, 0.0, 0.0, 0.6666666666666667, 0.0
0.1464891041162228, 0.0, 0.0, 0.6666666666666667, 0.0
0.1373015873015873, 0.0, 0.0, 0.6666666666666667, 0.0
0.15174603174603174, 0.0, 0.0, 0.6666666666666667, 0.0
0.13555555555555557, 0.0, 0.0, 0.6666666666666667, 0.0
0.10225988700564972, 0.0, 0.0, 0.6666666666666667, 0.0
0.15574712643678162, 0.0, 0.0, 0.6666666666666667, 0.0
0.13944444444444445, 0.0, 0.0, 0.6666666666666667, 0.0
0.10847457627118647, 0.0, 0.0, 0.6666666666666667, 0.0
0.19661016949152538, 0.0, 0.0, 0.6666666666666667, 0.0
0.11611111111111112, 0.0, 0.0, 0.6666666666666667, 0.0
0.13833333333333334, 0.0, 0.0, 0.6666666666666667, 0.0
0.1225793650793651, 0.0, 0.0, 0.75, 0.0
0.0688888888888889, 0.0, 0.0, 0.6666666666666667, 0.0
0.0831315577078289, 0.0, 0.0, 0.6666666666666667, 0.0
0.09833333333333336, 0.0, 0.0, 0.6666666666666667, 0.0
0.13722222222222225, 0.0, 0.0, 0.6666666666666667, 0.0
0.11055555555555559, 0.0, 0.0, 0.6666666666666667, 0.0
0.11976190476190479, 0.0, 0.0, 0.6666666666666667, 0.0
0.17344632768361581, 0.0, 0.0, 0.6666666666666667, 0.0
0.07457627118644068, 0.0, 0.0, 0.6666666666666667, 0.0
0.08833333333333333, 0.0, 0.0, 0.6666666666666667, 0.0
0.0916666666666667, 0.0, 0.0, 0.6666666666666667, 0.0
0.08924466338259442, 0.0, 0.0, 0.6666666666666667, 0.0
0.11408045977011497, 0.0, 0.0, 0.75, 0.0
0.13559322033898305, 0.0, 0.0, 0.6666666666666667, 0.0
0.07974172719935432, 0.0, 0.0, 0.8, 0.0
0.14174603174603176, 0.0, 0.0, 0.6666666666666667, 0.0
0.10111111111111112, 0.0, 0.0, 0.6666666666666667, 0.0
0.1807909604519774, 0.0, 0.0, 0.6666666666666667, 0.0
0.09717514124293787, 0.0, 0.0, 0.6666666666666667, 0.0
0.11611111111111112, 0.0, 0.0, 0.6666666666666667, 0.0
0.1161904761904762, 0.0, 0.0, 0.6666666666666667, 0.0
0.13341543513957307, 0.0, 0.0, 0.6666666666666667, 0.0
0.18730158730158727, 0.0, 0.0, 0.6666666666666667, 0.0
0.08333333333333334, 0.0, 0.0, 0.6666666666666667, 0.0
0.09435028248587574, 0.0, 0.0, 0.6666666666666667, 0.0
0.07833333333333335, 0.0, 0.0, 0.6666666666666667, 0.0
0.15444444444444447, 0.0, 0.0, 0.6666666666666667, 0.0
0.1534126984126984, 0.0, 0.0, 0.6666666666666667, 0.0
0.12666666666666668, 0.0, 0.0, 0.6666666666666667, 0.0
0.13920634920634925, 0.0, 0.0, 0.6666666666666667, 0.0
0.1188888888888889, 0.0, 0.0, 0.6666666666666667, 0.0
0.15028248587570622, 0.0, 0.0, 0.6666666666666667, 0.0
0.14555555555555558, 0.0, 0.0, 0.6666666666666667, 0.0
0.08166666666666668, 0.0, 0.0, 0.6666666666666667, 0.0
0.1522222222222222, 0.0, 0.0, 0.6666666666666667, 0.0
0.1633333333333333, 0.0, 0.0, 0.6666666666666667, 0.0
0.11952380952380953, 0.0, 0.0, 0.8, 0.0
0.1038888888888889, 0.0, 0.0, 0.6666666666666667, 0.0
0.14519774011299438, 0.0, 0.0, 0.6666666666666667, 0.0
0.11444444444444445, 0.0, 0.0, 0.6666666666666667, 0.0
0.11722222222222224, 0.0, 0.0, 0.6666666666666667, 0.0
0.179047619047619, 0.0, 0.0, 0.6666666666666667, 0.0
0.09833333333333334, 0.0, 0.0, 0.6666666666666667, 0.0
0.13898305084745766, 0.0, 0.0, 0.6666666666666667, 0.0
0.17007936507936508, 0.0, 0.0, 0.6666666666666667, 0.0
0.11666666666666668, 0.0, 0.0, 0.6666666666666667, 0.0
0.15055555555555555, 0.0, 0.0, 0.6666666666666667, 0.0
0.13559322033898308, 0.0, 0.0, 0.6666666666666667, 0.0
0.07809523809523812, 0.0, 0.0, 0.6666666666666667, 0.0
0.09717514124293787, 0.0, 0.0, 0.6666666666666667, 0.0
0.09666666666666668, 0.0, 0.0, 0.6666666666666667, 0.0
0.12563492063492065, 0.0, 0.0, 0.6666666666666667, 0.0
0.08666666666666668, 0.0, 0.0, 0.6666666666666667, 0.0
0.13166666666666668, 0.0, 0.0, 0.6666666666666667, 0.0
0.1645238095238095, 0.0, 0.0, 0.6666666666666667, 0.0
0.10555555555555558, 0.0, 0.0, 0.6666666666666667, 0.0
0.10531746031746034, 0.0, 0.0, 0.6666666666666667, 0.0
0.11920903954802263, 0.0, 0.0, 0.6666666666666667, 0.0
0.10055555555555556, 0.0, 0.0, 0.8, 0.0
0.1711111111111111, 0.0, 0.0, 0.6666666666666667, 0.0
0.16611111111111113, 0.0, 0.0, 0.6666666666666667, 0.0
0.09444444444444447, 0.0, 0.0, 0.6666666666666667, 0.0
0.11864406779661019, 0.0, 0.0, 0.6666666666666667, 0.0
0.09152542372881356, 0.0, 0.0, 0.6666666666666667, 0.0
0.08531073446327685, 0.0, 0.0, 0.6666666666666667, 0.0
0.16, 0.0, 0.0, 0.6666666666666667, 0.0
0.11333333333333334, 0.0, 0.0, 0.6666666666666667, 0.0
0.10341269841269843, 0.0, 0.0, 0.6666666666666667, 0.0
0.14555555555555558, 0.0, 0.0, 0.6666666666666667, 0.0
0.13, 0.0, 0.0, 0.6666666666666667, 0.0
0.12333333333333335, 0.0, 0.0, 0.6666666666666667, 0.0
0.1427777777777778, 0.0, 0.0, 0.6666666666666667, 0.0
0.11611111111111112, 0.0, 0.0, 0.6666666666666667, 0.0
0.09277777777777779, 0.0, 0.0, 0.6666666666666667, 0.0
0.10896825396825399, 0.0, 0.0, 0.6666666666666667, 0.0
0.09753968253968257, 0.0, 0.0, 0.6666666666666667, 0.0
0.09666666666666666, 0.0, 0.0, 0.6666666666666667, 0.0
0.12733990147783253, 0.0, 0.0, 0.6666666666666667, 0.0
0.084180790960452, 0.0, 0.0, 0.6666666666666667, 0.0
0.07222222222222223, 0.0, 0.0, 0.6666666666666667, 0.0
0.07005649717514124, 0.0, 0.0, 0.6666666666666667, 0.0
0.07253968253968254, 0.0, 0.0, 0.6666666666666667, 0.0
0.1, 0.0, 0.0, 0.6666666666666667, 0.0
0.09096045197740116, 0.0, 0.0, 0.6666666666666667, 0.0
0.10055555555555556, 0.0, 0.0, 0.6666666666666667, 0.0
0.14661016949152547, 0.0, 0.0, 0.75, 0.0
