0.07962962962962963, 0.0, 0.0, 0.5, 0.0
0.15777777777777777, 0.19999999999999996, 0.0, 0.4, 0.0
0.1664646464646465, 0.19999999999999996, 0.0, 0.36363636363636365, 0.0
0.14774410774410776, 0.19999999999999996, 0.0, 0.36363636363636365, 0.0
0.13663299663299663, 0.0, 0.0, 0.5, 0.0
0.10424242424242423, 0.0, 0.0, 0.36363636363636365, 0.0
0.07999999999999999, 0.0, 0.0, 0.19999999999999996, 0.0
0.10424242424242423, 0.0, 0.0, 0.36363636363636365, 0.0
0.10424242424242423, 0.0, 0.0, 0.36363636363636365, 0.0
0.09333333333333331, 0.0, 0.0, 0.19999999999999996, 0.0
0.07999999999999999, 0.0, 0.0, 0.19999999999999996, 0.0
0.06666666666666665, 0.0, 0.0, 0.19999999999999996, 0.0
0.06666666666666665, 0.0, 0.0, 0.19999999999999996, 0.0
0.06666666666666665, 0.0, 0.0, 0.19999999999999996, 0.0
0.06666666666666665, 0.0, 0.0, 0.19999999999999996, 0.0
0.07999999999999999, 0.0, 0.0, 0.19999999999999996, 0.0
0.07999999999999999, 0.0, 0.0, 0.19999999999999996, 0.0
0.07999999999999999, 0.0, 0.0, 0.19999999999999996, 0.0
0.09333333333333331, 0.0, 0.0, 0.19999999999999996, 0.0
0.09333333333333331, 0.0, 0.0, 0.19999999999999996, 0.0
0.09333333333333331, 0.0, 0.0, 0.19999999999999996, 0.0
0.09333333333333331, 0.0, 0.0, 0.19999999999999996, 0.0
0.09333333333333331, 0.0, 0.0, 0.19999999999999996, 0.0
0.09333333333333331, 0.0, 0.0, 0.19999999999999996, 0.0
0.09333333333333331, 0.0, 0.0, 0.19999999999999996, 0.0
0.09333333333333331, 0.0, 0.0, 0.19999999999999996, 0.0
0.09333333333333331, 0.0, 0.0, 0.19999999999999996, 0.0
0.07999999999999999, 0.0, 0.0, 0.19999999999999996, 0.0
0.07999999999999999, 0.0, 0.0, 0.19999999999999996, 0.0
0.07999999999999999, 0.0, 0.0, 0.19999999999999996, 0.0
0.07999999999999999, 0.0, 0.0, 0.19999999999999996, 0.0
0.07999999999999999, 0.0, 0.0, 0.19999999999999996, 0.0
0.06666666666666665, 0.0, 0.0, 0.19999999999999996, 0.0
0.05333333333333332, 0.0, 0.0, 0.19999999999999996, 0.0
0.05333333333333332, 0.0, 0.0, 0.19999999999999996, 0.0
0.05333333333333332, 0.0, 0.0, 0.19999999999999996, 0.0
0.05333333333333332, 0.0, 0.0, 0.19999999999999996, 0.0
0.05333333333333332, 0.0, 0.0, 0.19999999999999996, 0.0
0.05333333333333332, 0.0, 0.0, 0.19999999999999996, 0.0
0.05333333333333332, 0.0, 0.0, 0.19999999999999996, 0.0
0.05333333333333332, 0.0, 0.0, 0.19999999999999996, 0.0
0.05333333333333332, 0.0, 0.0, 0.19999999999999996, 0.0
0.05333333333333332, 0.0, 0.0, 0.19999999999999996, 0.0
0.05333333333333332, 0.0, 0.0, 0.19999999999999996, 0.0
0.05333333333333332, 0.0, 0.0, 0.19999999999999996, 0.0
0.05333333333333332, 0.0, 0.0, 0.19999999999999996, 0.0
0.05333333333333332, 0.0, 0.0, 0.19999999999999996, 0.0
0.05333333333333332, 0.0, 0.0, 0.19999999999999996, 0.0
0.05333333333333332, 0.0, 0.0, 0.19999999999999996, 0.0
0.05333333333333332, 0.0, 0.0, 0.19999999999999996, 0.0
0.05333333333333332, 0.0, 0.0, 0.19999999999999996, 0.0
0.05333333333333332, 0.0, 0.0, 0.19999999999999996, 0.0
0.05333333333333332, 0.0, 0.0, 0.19999999999999996, 0.0
0.05333333333333332, 0.0, 0.0, 0.19999999999999996, 0.0
0.05333333333333332, 0.0, 0.0, 0.19999999999999996, 0.0
0.05333333333333332, 0.0, 0.0, 0.19999999999999996, 0.0
0.05333333333333332, 0.0, 0.0, 0.19999999999999996, 0.0
0.05333333333333332, 0.0, 0.0, 0.19999999999999996, 0.0
0.05333333333333332, 0.0, 0.0, 0.19999999999999996, 0.0
0.05333333333333332, 0.0, 0.0, 0.19999999999999996, 0.0
0.05333333333333332, 0.0, 0.0, 0.19999999999999996, 0.0
0.05333333333333332, 0.0, 0.0, 0.19999999999999996, 0.0
0.05333333333333332, 0.0, 0.0, 0.19999999999999996, 0.0
0.05333333333333332, 0.0, 0.0, 0.19999999999999996, 0.0
0.05333333333333332, 0.0, 0.0, 0.19999999999999996, 0.0
0.05333333333333332, 0.0, 0.0, 0.19999999999999996, 0.0
0.05333333333333332, 0.0, 0.0, 0.19999999999999996, 0.0
0.05333333333333332, 0.0, 0.0, 0.19999999999999996, 0.0
0.05333333333333332, 0.0, 0.0, 0.19999999999999996, 0.0
0.05333333333333332, 0.0, 0.0, 0.19999999999999996, 0.0
0.05333333333333332, 0.0, 0.0, 0.19999999999999996, 0.0
0.05333333333333332, 0.0, 0.0, 0.19999999999999996, 0.0
0.05333333333333332, 0.0, 0.0, 0.19999999999999996, 0.0
0.05333333333333332, 0.0, 0.0, 0.19999999999999996, 0.0
0.05333333333333332, 0.0, 0.0, 0.19999999999999996, 0.0
0.05333333333333332, 0.0, 0.0, 0.19999999999999996, 0.0
0.05333333333333332, 0.0, 0.0, 0.19999999999999996, 0.0
0.05333333333333332, 0.0, 0.0, 0.19999999999999996, 0.0
0.05333333333333332, 0.0, 0.0, 0.19999999999999996, 0.0
0.05333333333333332, 0.0, 0.0, 0.19999999999999996, 0.0
0.05333333333333332, 0.0, 0.0, 0.19999999999999996, 0.0
0.05333333333333332, 0.0, 0.0, 0.19999999999999996, 0.0
0.05333333333333332, 0.0, 0.0, 0.19999999999999996, 0.0
0.05333333333333332, 0.0, 0.0, 0.19999999999999996, 0.0
0.05333333333333332, 0.0, 0.0, 0.19999999999999996, 0.0
0.05333333333333332, 0.0, 0.0, 0.19999999999999996, 0.0
0.05333333333333332, 0.0, 0.0, 0.19999999999999996, 0.0
0.05333333333333332, 0.0, 0.0, 0.19999999999999996, 0.0
0.05333333333333332, 0.0, 0.0, 0.19999999999999996, 0.0
0.05333333333333332, 0.0, 0.0, 0.19999999999999996, 0.0
0.05333333333333332, 0.0, 0.0, 0.19999999999999996, 0.0
0.05333333333333332, 0.0, 0.0, 0.19999999999999996, 0.0
0.05333333333333332, 0.0, 0.0, 0.19999999999999996, 0.0
0.05333333333333332, 0.0, 0.0, 0.19999999999999996, 0.0
0.05333333333333332, 0.0, 0.0, 0.19999999999999996, 0.0
0.05333333333333332, 0.0, 0.0, 0.19999999999999996, 0.0
0.05333333333333332, 0.0, 0.0, 0.19999999999999996, 0.0
0.05333333333333332, 0.0, 0.0, 0.19999999999999996, 0.0
0.05333333333333332, 0.0, 0.0, 0.19999999999999996, 0.0
0.05333333333333332, 0.0, 0.0, 0.19999999999999996, 0.0
0.05333333333333332, 0.0, 0.0, 0.19999999999999996, 0.0
0.05333333333333332, 0.0, 0.0, 0.19999999999999996, 0.0
0.05333333333333332, 0.0, 0.0, 0.19999999999999996, 0.0
0.05333333333333332, 0.0, 0.0, 0.19999999999999996, 0.0
0.05333333333333332, 0.0, 0.0, 0.19999999999999996, 0.0
0.05333333333333332, 0.0, 0.0, 0.19999999999999996, 0.0
0.05333333333333332, 0.0, 0.0, 0.19999999999999996, 0.0
0.05333333333333332, 0.0, 0.0, 0.19999999999999996, 0.0
0.05333333333333332, 0.0, 0.0, 0.19999999999999996, 0.0
0.05333333333333332, 0.0, 0.0, 0.19999999999999996, 0.0
0.05333333333333332, 0.0, 0.0, 0.19999999999999996, 0.0
0.05333333333333332, 0.0, 0.0, 0.19999999999999996, 0.0
0.05333333333333332, 0.0, 0.0, 0.19999999999999996, 0.0
0.05333333333333332, 0.0, 0.0, 0.19999999999999996, 0.0
0.05333333333333332, 0.0, 0.0, 0.19999999999999996, 0.0
0.05333333333333332, 0.0, 0.0, 0.19999999999999996, 0.0
0.05333333333333332, 0.0, 0.0, 0.19999999999999996, 0.0
0.05333333333333332, 0.0, 0.0, 0.19999999999999996, 0.0
0.05333333333333332, 0.0, 0.0, 0.19999999999999996, 0.0
0.05333333333333332, 0.0, 0.0, 0.19999999999999996, 0.0
0.05333333333333332, 0.0, 0.0, 0.19999999999999996, 0.0
0.05333333333333332, 0.0, 0.0, 0.19999999999999996, 0.0
0.05333333333333332, 0.0, 0.0, 0.19999999999999996, 0.0
0.05333333333333332, 0.0, 0.0, 0.19999999999999996, 0.0
0.05333333333333332, 0.0, 0.0, 0.19999999999999996, 0.0
0.05333333333333332, 0.0, 0.0, 0.19999999999999996, 0.0
0.05333333333333332, 0.0, 0.0, 0.19999999999999996, 0.0
0.05333333333333332, 0.0, 0.0, 0.19999999999999996, 0.0
0.05333333333333332, 0.0, 0.0, 0.19999999999999996, 0.0
0.05333333333333332, 0.0, 0.0, 0.19999999999999996, 0.0
0.05333333333333332, 0.0, 0.0, 0.19999999999999996, 0.0
0.05333333333333332, 0.0, 0.0, 0.19999999999999996, 0.0
0.05333333333333332, 0.0, 0.0, 0.19999999999999996, 0.0
0.05333333333333332, 0.0, 0.0, 0.19999999999999996, 0.0
0.05333333333333332, 0.0, 0.0, 0.19999999999999996, 0.0
0.05333333333333332, 0.0, 0.0, 0.19999999999999996, 0.0
0.05333333333333332, 0.0, 0.0, 0.19999999999999996, 0.0
0.05333333333333332, 0.0, 0.0, 0.19999999999999996, 0.0
0.05333333333333332, 0.0, 0.0, 0.19999999999999996, 0.0
0.05333333333333332, 0.0, 0.0, 0.19999999999999996, 0.0
0.05333333333333332, 0.0, 0.0, 0.19999999999999996, 0.0
0.05333333333333332, 0.0, 0.0, 0.19999999999999996, 0.0
0.05333333333333332, 0.0, 0.0, 0.19999999999999996, 0.0
0.05333333333333332, 0.0, 0.0, 0.19999999999999996, 0.0
0.05333333333333332, 0.0, 0.0, 0.19999999999999996, 0.0
0.05333333333333332, 0.0, 0.0, 0.19999999999999996, 0.0
0.05333333333333332, 0.0, 0.0, 0.19999999999999996, 0.0
0.05333333333333332, 0.0, 0.0, 0.19999999999999996, 0.0
0.05333333333333332, 0.0, 0.0, 0.19999999999999996, 0.0
0.05333333333333332, 0.0, 0.0, 0.19999999999999996, 0.0
0.05333333333333332, 0.0, 0.0, 0.19999999999999996, 0.0
0.05333333333333332, 0.0, 0.0, 0.19999999999999996, 0.0
0.05333333333333332, 0.0, 0.0, 0.19999999999999996, 0.0
0.05333333333333332, 0.0, 0.0, 0.19999999999999996, 0.0
0.05333333333333332, 0.0, 0.0, 0.19999999999999996, 0.0
0.05333333333333332, 0.0, 0.0, 0.19999999999999996, 0.0
0.05333333333333332, 0.0, 0.0, 0.19999999999999996, 0.0
0.05333333333333332, 0.0, 0.0, 0.19999999999999996, 0.0
0.05333333333333332, 0.0, 0.0, 0.19999999999999996, 0.0
0.05333333333333332, 0.0, 0.0, 0.19999999999999996, 0.0
0.05333333333333332, 0.0, 0.0, 0.19999999999999996, 0.0
0.05333333333333332, 0.0, 0.0, 0.19999999999999996, 0.0
0.05333333333333332, 0.0, 0.0, 0.19999999999999996, 0.0
0.05333333333333332, 0.0, 0.0, 0.19999999999999996, 0.0
0.05333333333333332, 0.0, 0.0, 0.19999999999999996, 0.0
0.05333333333333332, 0.0, 0.0, 0.19999999999999996, 0.0
0.05333333333333332, 0.0, 0.0, 0.19999999999999996, 0.0
0.05333333333333332, 0.0, 0.0, 0.19999999999999996, 0.0
0.05333333333333332, 0.0, 0.0, 0.19999999999999996, 0.0
0.05333333333333332, 0.0, 0.0, 0.19999999999999996, 0.0
0.05333333333333332, 0.0, 0.0, 0.19999999999999996, 0.0
0.05333333333333332, 0.0, 0.0, 0.19999999999999996, 0.0
0.05333333333333332, 0.0, 0.0, 0.19999999999999996, 0.0
0.039999999999999994, 0.0, 0.0, 0.19999999999999996, 0.0
0.039999999999999994, 0.0, 0.0, 0.19999999999999996, 0.0
0.039999999999999994, 0.0, 0.0, 0.19999999999999996, 0.0
0.02666666666666666, 0.0, 0.0, 0.19999999999999996, 0.0
0.02666666666666666, 0.0, 0.0, 0.19999999999999996, 0.0
0.02666666666666666, 0.0, 0.0, 0.19999999999999996, 0.0
0.01333333333333333, 0.0, 0.0, 0.19999999999999996, 0.0
0.0, 0.0, 0.0, 0.0, 0.0
0.0, 0.0, 0.0, 0.0, 0.0
0.0, 0.0, 0.0, 0.0, 0.0
0.0, 0.0, 0.0, 0.0, 0.0
0.0, 0.0, 0.0, 0.0, 0.0
0.0, 0.0, 0.0, 0.0, 0.0
0.0, 0.0, 0.0, 0.0, 0.0
0.0, 0.0, 0.0, 0.0, 0.0
0.0, 0.0, 0.0, 0.0, 0.0
0.0, 0.0, 0.0, 0.0, 0.0
0.0, 0.0, 0.0, 0.0, 0.0
0.0, 0.0, 0.0, 0.0, 0.0
0.0, 0.0, 0.0, 0.0, 0.0
0.0, 0.0, 0.0, 0.0, 0.0
0.0, 0.0, 0.0, 0.0, 0.0
0.0, 0.0, 0.0, 0.0, 0.0
0.0, 0.0, 0.0, 0.0, 0.0
0.0, 0.0, 0.0, 0.0, 0.0
0.0, 0.0, 0.0, 0.0, 0.0
0.0, 0.0, 0.0, 0.0, 0.0
0.0, 0.0, 0.0, 0.0, 0.0
0.0, 0.0, 0.0, 0.0, 0.0
0.0, 0.0, 0.0, 0.0, 0.0
0.0, 0.0, 0.0, 0.0, 0.0
0.0, 0.0, 0.0, 0.0, 0.0
0.0, 0.0, 0.0, 0.0, 0.0
0.0, 0.0, 0.0, 0.0, 0.0
0.0, 0.0, 0.0, 0.0, 0.0
0.0, 0.0, 0.0, 0.0, 0.0
0.0, 0.0, 0.0, 0.0, 0.0
0.0, 0.0, 0.0, 0.0, 0.0
0.0, 0.0, 0.0, 0.0, 0.0
0.0, 0.0, 0.0, 0.0, 0.0
0.0, 0.0, 0.0, 0.0, 0.0
0.0, 0.0, 0.0, 0.0, 0.0
0.0, 0.0, 0.0, 0.0, 0.0
0.0, 0.0, 0.0, 0.0, 0.0
0.0, 0.0, 0.0, 0.0, 0.0
0.0, 0.0, 0.0, 0.0, 0.0
0.0, 0.0, 0.0, 0.0, 0.0
0.0, 0.0, 0.0, 0.0, 0.0
0.0, 0.0, 0.0, 0.0, 0.0
0.0, 0.0, 0.0, 0.0, 0.0
0.0, 0.0, 0.0, 0.0, 0.0
0.0, 0.0, 0.0, 0.0, 0.0
0.0, 0.0, 0.0, 0.0, 0.0
0.0, 0.0, 0.0, 0.0, 0.0
0.0, 0.0, 0.0, 0.0, 0.0
0.0, 0.0, 0.0, 0.0, 0.0
0.0, 0.0, 0.0, 0.0, 0.0
0.0, 0.0, 0.0, 0.0, 0.0
0.0, 0.0, 0.0, 0.0, 0.0
0.0, 0.0, 0.0, 0.0, 0.0
0.0, 0.0, 0.0, 0.0, 0.0
0.0, 0.0, 0.0, 0.0, 0.0
0.0, 0.0, 0.0, 0.0, 0.0
0.0, 0.0, 0.0, 0.0, 0.0
0.0, 0.0, 0.0, 0.0, 0.0
0.0, 0.0, 0.0, 0.0, 0.0
0.0, 0.0, 0.0, 0.0, 0.0
0.0, 0.0, 0.0, 0.0, 0.0
0.0, 0.0, 0.0, 0.0, 0.0
0.0, 0.0, 0.0, 0.0, 0.0
0.0, 0.0, 0.0, 0.0, 0.0
0.0, 0.0, 0.0, 0.0, 0.0
0.0, 0.0, 0.0, 0.0, 0.0
0.0, 0.0, 0.0, 0.0, 0.0
0.0, 0.0, 0.0, 0.0, 0.0
0.0, 0.0, 0.0, 0.0, 0.0
0.0, 0.0, 0.0, 0.0, 0.0
0.0, 0.0, 0.0, 0.0, 0.0
0.0, 0.0, 0.0, 0.0, 0.0
0.0, 0.0, 0.0, 0.0, 0.0
0.0, 0.0, 0.0, 0.0, 0.0
0.0, 0.0, 0.0, 0.0, 0.0
0.0, 0.0, 0.0, 0.0, 0.0
0.0, 0.0, 0.0, 0.0, 0.0
0.0, 0.0, 0.0, 0.0, 0.0
0.0, 0.0, 0.0, 0.0, 0.0
0.0, 0.0, 0.0, 0.0, 0.0
0.0, 0.0, 0.0, 0.0, 0.0
0.0, 0.0, 0.0, 0.0, 0.0
0.0, 0.0, 0.0, 0.0, 0.0
0.0, 0.0, 0.0, 0.0, 0.0
0.0, 0.0, 0.0, 0.0, 0.0
0.0, 0.0, 0.0, 0.0, 0.0
0.0, 0.0, 0.0, 0.0, 0.0
0.0, 0.0, 0.0, 0.0, 0.0
0.0, 0.0, 0.0, 0.0, 0.0
0.0, 0.0, 0.0, 0.0, 0.0
0.0, 0.0, 0.0, 0.0, 0.0
0.0, 0.0, 0.0, 0.0, 0.0
0.0, 0.0, 0.0, 0.0, 0.0
0.0, 0.0, 0.0, 0.0, 0.0
0.0, 0.0, 0.0, 0.0, 0.0
0.0, 0.0, 0.0, 0.0, 0.0
0.0, 0.0, 0.0, 0.0, 0.0
0.0, 0.0, 0.0, 0.0, 0.0
0.0, 0.0, 0.0, 0.0, 0.0
0.0, 0.0, 0.0, 0.0, 0.0
0.0, 0.0, 0.0, 0.0, 0.0
0.0, 0.0, 0.0, 0.0, 0.0
0.0, 0.0, 0.0, 0.0, 0.0
0.0, 0.0, 0.0, 0.0, 0.0
0.0, 0.0, 0.0, 0.0, 0.0
0.0, 0.0, 0.0, 0.0, 0.0
0.0, 0.0, 0.0, 0.0, 0.0
0.0, 0.0, 0.0, 0.0, 0.0
0.0, 0.0, 0.0, 0.0, 0.0
0.0, 0.0, 0.0, 0.0, 0.0
0.0, 0.0, 0.0, 0.0, 0.0
0.0, 0.0, 0.0, 0.0, 0.0
0.0, 0.0, 0.0, 0.0, 0.0
0.0, 0.0, 0.0, 0.0, 0.0
0.0, 0.0, 0.0, 0.0, 0.0
0.0, 0.0, 0.0, 0.0, 0.0
0.0, 0.0, 0.0, 0.0, 0.0
0.0, 0.0, 0.0, 0.0, 0.0
0.0, 0.0, 0.0, 0.0, 0.0
0.0, 0.0, 0.0, 0.0, 0.0
0.0, 0.0, 0.0, 0.0, 0.0
0.0, 0.0, 0.0, 0.0, 0.0
0.0, 0.0, 0.0, 0.0, 0.0
0.0, 0.0, 0.0, 0.0, 0.0
0.0, 0.0, 0.0, 0.0, 0.0
0.0, 0.0, 0.0, 0.0, 0.0
0.0, 0.0, 0.0, 0.0, 0.0
0.0, 0.0, 0.0, 0.0, 0.0
0.0, 0.0, 0.0, 0.0, 0.0
0.0, 0.0, 0.0, 0.0, 0.0
0.0, 0.0, 0.0, 0.0, 0.0
0.0, 0.0, 0.0, 0.0, 0.0
0.0, 0.0, 0.0, 0.0, 0.0
0.0, 0.0, 0.0, 0.0, 0.0
0.0, 0.0, 0.0, 0.0, 0.0
0.0, 0.0, 0.0, 0.0, 0.0
0.0, 0.0, 0.0, 0.0, 0.0
0.0, 0.0, 0.0, 0.0, 0.0
0.0, 0.0, 0.0, 0.0, 0.0
0.0, 0.0, 0.0, 0.0, 0.0
0.0, 0.0, 0.0, 0.0, 0.0
0.0, 0.0, 0.0, 0.0, 0.0
0.0, 0.0, 0.0, 0.0, 0.0
0.0, 0.0, 0.0, 0.0, 0.0
0.0, 0.0, 0.0, 0.0, 0.0
0.0, 0.0, 0.0, 0.0, 0.0
0.0, 0.0, 0.0, 0.0, 0.0
0.0, 0.0, 0.0, 0.0, 0.0
0.0, 0.0, 0.0, 0.0, 0.0
0.0, 0.0, 0.0, 0.0, 0.0
0.0, 0.0, 0.0, 0.0, 0.0
0.0, 0.0, 0.0, 0.0, 0.0
0.0, 0.0, 0.0, 0.0, 0.0
0.0, 0.0, 0.0, 0.0, 0.0
0.0, 0.0, 0.0, 0.0, 0.0
0.0, 0.0, 0.0, 0.0, 0.0
0.0, 0.0, 0.0, 0.0, 0.0
0.0, 0.0, 0.0, 0.0, 0.0
0.0, 0.0, 0.0, 0.0, 0.0
0.0, 0.0, 0.0, 0.0, 0.0
0.0, 0.0, 0.0, 0.0, 0.0
0.0, 0.0, 0.0, 0.0, 0.0
0.0, 0.0, 0.0, 0.0, 0.0
0.0, 0.0, 0.0, 0.0, 0.0
0.0, 0.0, 0.0, 0.0, 0.0
0.0, 0.0, 0.0, 0.0, 0.0
0.0, 0.0, 0.0, 0.0, 0.0
0.0, 0.0, 0.0, 0.0, 0.0
0.0, 0.0, 0.0, 0.0, 0.0
0.0, 0.0, 0.0, 0.0, 0.0
0.0, 0.0, 0.0, 0.0, 0.0
0.0, 0.0, 0.0, 0.0, 0.0
0.0, 0.0, 0.0, 0.0, 0.0
0.0, 0.0, 0.0, 0.0, 0.0
0.0, 0.0, 0.0, 0.0, 0.0
0.0, 0.0, 0.0, 0.0, 0.0
0.0, 0.0, 0.0, 0.0, 0.0
0.0, 0.0, 0.0, 0.0, 0.0
0.0, 0.0, 0.0, 0.0, 0.0
0.0, 0.0, 0.0, 0.0, 0.0
0.0, 0.0, 0.0, 0.0, 0.0
0.0, 0.0, 0.0, 0.0, 0.0
0.0, 0.0, 0.0, 0.0, 0.0
0.0, 0.0, 0.0, 0.0, 0.0
0.0, 0.0, 0.0, 0.0, 0.0
0.0, 0.0, 0.0, 0.0, 0.0
0.0, 0.0, 0.0, 0.0, 0.0
0.0, 0.0, 0.0, 0.0, 0.0
0.0, 0.0, 0.0, 0.0, 0.0
0.0, 0.0, 0.0, 0.0, 0.0
0.0, 0.0, 0.0, 0.0, 0.0
0.0, 0.0, 0.0, 0.0, 0.0
0.0, 0.0, 0.0, 0.0, 0.0
0.0, 0.0, 0.0, 0.0, 0.0
0.0, 0.0, 0.0, 0.0, 0.0
0.0, 0.0, 0.0, 0.0, 0.0
0.0, 0.0, 0.0, 0.0, 0.0
0.0, 0.0, 0.0, 0.0, 0.0
0.0, 0.0, 0.0, 0.0, 0.0
0.0, 0.0, 0.0, 0.0, 0.0
0.0, 0.0, 0.0, 0.0, 0.0
0.0, 0.0, 0.0, 0.0, 0.0
0.0, 0.0, 0.0, 0.0, 0.0
0.0, 0.0, 0.0, 0.0, 0.0
0.0, 0.0, 0.0, 0.0, 0.0
0.0, 0.0, 0.0, 0.0, 0.0
0.0, 0.0, 0.0, 0.0, 0.0
0.0, 0.0, 0.0, 0.0, 0.0
0.0, 0.0, 0.0, 0.0, 0.0
0.0, 0.0, 0.0, 0.0, 0.0
0.0, 0.0, 0.0, 0.0, 0.0
0.0, 0.0, 0.0, 0.0, 0.0
0.0, 0.0, 0.0, 0.0, 0.0
0.0, 0.0, 0.0, 0.0, 0.0
0.0, 0.0, 0.0, 0.0, 0.0
0.0, 0.0, 0.0, 0.0, 0.0
0.0, 0.0, 0.0, 0.0, 0.0
0.0, 0.0, 0.0, 0.0, 0.0
0.0, 0.0, 0.0, 0.0, 0.0
0.0, 0.0, 0.0, 0.0, 0.0
