0.1374074074074074, 0.0, 0.0, 0.6666666666666667, 0.0
0.18551226551226552, 0.2222222222222222, 0.0, 0.4444444444444444, 0.0
0.19144781144781145, 0.19999999999999996, 0.0, 0.5, 0.0
0.18087542087542088, 0.19999999999999996, 0.0, 0.4, 0.0
0.12511784511784513, 0.0, 0.0, 0.36363636363636365, 0.0
0.12511784511784513, 0.0, 0.0, 0.36363636363636365, 0.0
0.1156902356902357, 0.0, 0.0, 0.36363636363636365, 0.0
0.10087542087542088, 0.0, 0.0, 0.36363636363636365, 0.0
0.10087542087542088, 0.0, 0.0, 0.36363636363636365, 0.0
0.10087542087542088, 0.0, 0.0, 0.36363636363636365, 0.0
0.10087542087542088, 0.0, 0.0, 0.36363636363636365, 0.0
0.08996632996632996, 0.0, 0.0, 0.36363636363636365, 0.0
0.07757575757575758, 0.0, 0.0, 0.36363636363636365, 0.0
0.07757575757575758, 0.0, 0.0, 0.36363636363636365, 0.0
0.06666666666666665, 0.0, 0.0, 0.19999999999999996, 0.0
0.06666666666666665, 0.0, 0.0, 0.19999999999999996, 0.0
0.06666666666666665, 0.0, 0.0, 0.19999999999999996, 0.0
0.06666666666666665, 0.0, 0.0, 0.19999999999999996, 0.0
0.06666666666666665, 0.0, 0.0, 0.19999999999999996, 0.0
0.06666666666666665, 0.0, 0.0, 0.19999999999999996, 0.0
0.06666666666666665, 0.0, 0.0, 0.19999999999999996, 0.0
0.06666666666666665, 0.0, 0.0, 0.19999999999999996, 0.0
0.06666666666666665, 0.0, 0.0, 0.19999999999999996, 0.0
0.06666666666666665, 0.0, 0.0, 0.19999999999999996, 0.0
0.06666666666666665, 0.0, 0.0, 0.19999999999999996, 0.0
0.06666666666666665, 0.0, 0.0, 0.19999999999999996, 0.0
0.06666666666666665, 0.0, 0.0, 0.19999999999999996, 0.0
0.06666666666666665, 0.0, 0.0, 0.19999999999999996, 0.0
0.06666666666666665, 0.0, 0.0, 0.19999999999999996, 0.0
0.06666666666666665, 0.0, 0.0, 0.19999999999999996, 0.0
0.06666666666666665, 0.0, 0.0, 0.19999999999999996, 0.0
0.06666666666666665, 0.0, 0.0, 0.19999999999999996, 0.0
0.06666666666666665, 0.0, 0.0, 0.19999999999999996, 0.0
0.06666666666666665, 0.0, 0.0, 0.19999999999999996, 0.0
0.05333333333333332, 0.0, 0.0, 0.19999999999999996, 0.0
0.05333333333333332, 0.0, 0.0, 0.19999999999999996, 0.0
0.039999999999999994, 0.0, 0.0, 0.19999999999999996, 0.0
0.039999999999999994, 0.0, 0.0, 0.19999999999999996, 0.0
0.039999999999999994, 0.0, 0.0, 0.19999999999999996, 0.0
0.039999999999999994, 0.0, 0.0, 0.19999999999999996, 0.0
0.039999999999999994, 0.0, 0.0, 0.19999999999999996, 0.0
0.039999999999999994, 0.0, 0.0, 0.19999999999999996, 0.0
0.039999999999999994, 0.0, 0.0, 0.19999999999999996, 0.0
0.039999999999999994, 0.0, 0.0, 0.19999999999999996, 0.0
0.039999999999999994, 0.0, 0.0, 0.19999999999999996, 0.0
0.039999999999999994, 0.0, 0.0, 0.19999999999999996, 0.0
0.039999999999999994, 0.0, 0.0, 0.19999999999999996, 0.0
0.039999999999999994, 0.0, 0.0, 0.19999999999999996, 0.0
0.039999999999999994, 0.0, 0.0, 0.19999999999999996, 0.0
0.039999999999999994, 0.0, 0.0, 0.19999999999999996, 0.0
0.039999999999999994, 0.0, 0.0, 0.19999999999999996, 0.0
0.039999999999999994, 0.0, 0.0, 0.19999999999999996, 0.0
0.039999999999999994, 0.0, 0.0, 0.19999999999999996, 0.0
0.039999999999999994, 0.0, 0.0, 0.19999999999999996, 0.0
0.039999999999999994, 0.0, 0.0, 0.19999999999999996, 0.0
0.039999999999999994, 0.0, 0.0, 0.19999999999999996, 0.0
0.039999999999999994, 0.0, 0.0, 0.19999999999999996, 0.0
0.02666666666666666, 0.0, 0.0, 0.19999999999999996, 0.0
0.02666666666666666, 0.0, 0.0, 0.19999999999999996, 0.0
0.02666666666666666, 0.0, 0.0, 0.19999999999999996, 0.0
0.02666666666666666, 0.0, 0.0, 0.19999999999999996, 0.0
0.02666666666666666, 0.0, 0.0, 0.19999999999999996, 0.0
0.02666666666666666, 0.0, 0.0, 0.19999999999999996, 0.0
0.01333333333333333, 0.0, 0.0, 0.19999999999999996, 0.0
0.01333333333333333, 0.0, 0.0, 0.19999999999999996, 0.0
0.01333333333333333, 0.0, 0.0, 0.19999999999999996, 0.0
0.01333333333333333, 0.0, 0.0, 0.19999999999999996, 0.0
0.01333333333333333, 0.0, 0.0, 0.19999999999999996, 0.0
0.01333333333333333, 0.0, 0.0, 0.19999999999999996, 0.0
0.01333333333333333, 0.0, 0.0, 0.19999999999999996, 0.0
0.01333333333333333, 0.0, 0.0, 0.19999999999999996, 0.0
0.01333333333333333, 0.0, 0.0, 0.19999999999999996, 0.0
0.01333333333333333, 0.0, 0.0, 0.19999999999999996, 0.0
0.01333333333333333, 0.0, 0.0, 0.19999999999999996, 0.0
0.02666666666666666, 0.0, 0.0, 0.19999999999999996, 0.0
0.02666666666666666, 0.0, 0.0, 0.19999999999999996, 0.0
0.02666666666666666, 0.0, 0.0, 0.19999999999999996, 0.0
0.02666666666666666, 0.0, 0.0, 0.19999999999999996, 0.0
0.02666666666666666, 0.0, 0.0, 0.19999999999999996, 0.0
0.039999999999999994, 0.0, 0.0, 0.19999999999999996, 0.0
0.039999999999999994, 0.0, 0.0, 0.19999999999999996, 0.0
0.039999999999999994, 0.0, 0.0, 0.19999999999999996, 0.0
0.05333333333333332, 0.0, 0.0, 0.19999999999999996, 0.0
0.05333333333333332, 0.0, 0.0, 0.19999999999999996, 0.0
0.05333333333333332, 0.0, 0.0, 0.19999999999999996, 0.0
0.05333333333333332, 0.0, 0.0, 0.19999999999999996, 0.0
0.05333333333333332, 0.0, 0.0, 0.19999999999999996, 0.0
0.05333333333333332, 0.0, 0.0, 0.19999999999999996, 0.0
0.05333333333333332, 0.0, 0.0, 0.19999999999999996, 0.0
0.05333333333333332, 0.0, 0.0, 0.19999999999999996, 0.0
0.05333333333333332, 0.0, 0.0, 0.19999999999999996, 0.0
0.039999999999999994, 0.0, 0.0, 0.19999999999999996, 0.0
0.039999999999999994, 0.0, 0.0, 0.19999999999999996, 0.0
0.039999999999999994, 0.0, 0.0, 0.19999999999999996, 0.0
0.039999999999999994, 0.0, 0.0, 0.19999999999999996, 0.0
0.039999999999999994, 0.0, 0.0, 0.19999999999999996, 0.0
0.039999999999999994, 0.0, 0.0, 0.19999999999999996, 0.0
0.039999999999999994, 0.0, 0.0, 0.19999999999999996, 0.0
0.02666666666666666, 0.0, 0.0, 0.19999999999999996, 0.0
0.02666666666666666, 0.0, 0.0, 0.19999999999999996, 0.0
0.02666666666666666, 0.0, 0.0, 0.19999999999999996, 0.0
0.01333333333333333, 0.0, 0.0, 0.19999999999999996, 0.0
0.01333333333333333, 0.0, 0.0, 0.19999999999999996, 0.0
0.01333333333333333, 0.0, 0.0, 0.19999999999999996, 0.0
0.01333333333333333, 0.0, 0.0, 0.19999999999999996, 0.0
0.01333333333333333, 0.0, 0.0, 0.19999999999999996, 0.0
0.0, 0.0, 0.0, 0.0, 0.0
0.0, 0.0, 0.0, 0.0, 0.0
0.0, 0.0, 0.0, 0.0, 0.0
0.0, 0.0, 0.0, 0.0, 0.0
0.0, 0.0, 0.0, 0.0, 0.0
0.0, 0.0, 0.0, 0.0, 0.0
0.0, 0.0, 0.0, 0.0, 0.0
0.0, 0.0, 0.0, 0.0, 0.0
0.0, 0.0, 0.0, 0.0, 0.0
0.0, 0.0, 0.0, 0.0, 0.0
0.0, 0.0, 0.0, 0.0, 0.0
0.0, 0.0, 0.0, 0.0, 0.0
0.0, 0.0, 0.0, 0.0, 0.0
0.0, 0.0, 0.0, 0.0, 0.0
0.0, 0.0, 0.0, 0.0, 0.0
0.0, 0.0, 0.0, 0.0, 0.0
0.0, 0.0, 0.0, 0.0, 0.0
0.0, 0.0, 0.0, 0.0, 0.0
0.0, 0.0, 0.0, 0.0, 0.0
0.0, 0.0, 0.0, 0.0, 0.0
0.0, 0.0, 0.0, 0.0, 0.0
0.0, 0.0, 0.0, 0.0, 0.0
0.0, 0.0, 0.0, 0.0, 0.0
0.0, 0.0, 0.0, 0.0, 0.0
0.0, 0.0, 0.0, 0.0, 0.0
0.0, 0.0, 0.0, 0.0, 0.0
0.0, 0.0, 0.0, 0.0, 0.0
0.0, 0.0, 0.0, 0.0, 0.0
0.0, 0.0, 0.0, 0.0, 0.0
0.0, 0.0, 0.0, 0.0, 0.0
0.0, 0.0, 0.0, 0.0, 0.0
0.0, 0.0, 0.0, 0.0, 0.0
0.0, 0.0, 0.0, 0.0, 0.0
0.0, 0.0, 0.0, 0.0, 0.0
0.0, 0.0, 0.0, 0.0, 0.0
0.0, 0.0, 0.0, 0.0, 0.0
0.0, 0.0, 0.0, 0.0, 0.0
0.0, 0.0, 0.0, 0.0, 0.0
0.0, 0.0, 0.0, 0.0, 0.0
0.0, 0.0, 0.0, 0.0, 0.0
0.0, 0.0, 0.0, 0.0, 0.0
0.0, 0.0, 0.0, 0.0, 0.0
0.0, 0.0, 0.0, 0.0, 0.0
0.0, 0.0, 0.0, 0.0, 0.0
0.0, 0.0, 0.0, 0.0, 0.0
0.0, 0.0, 0.0, 0.0, 0.0
0.0, 0.0, 0.0, 0.0, 0.0
0.0, 0.0, 0.0, 0.0, 0.0
0.0, 0.0, 0.0, 0.0, 0.0
0.0, 0.0, 0.0, 0.0, 0.0
0.0, 0.0, 0.0, 0.0, 0.0
0.0, 0.0, 0.0, 0.0, 0.0
0.0, 0.0, 0.0, 0.0, 0.0
0.0, 0.0, 0.0, 0.0, 0.0
0.0, 0.0, 0.0, 0.0, 0.0
0.0, 0.0, 0.0, 0.0, 0.0
0.0, 0.0, 0.0, 0.0, 0.0
0.0, 0.0, 0.0, 0.0, 0.0
0.0, 0.0, 0.0, 0.0, 0.0
0.0, 0.0, 0.0, 0.0, 0.0
0.0, 0.0, 0.0, 0.0, 0.0
0.0, 0.0, 0.0, 0.0, 0.0
0.0, 0.0, 0.0, 0.0, 0.0
0.0, 0.0, 0.0, 0.0, 0.0
0.0, 0.0, 0.0, 0.0, 0.0
0.0, 0.0, 0.0, 0.0, 0.0
0.0, 0.0, 0.0, 0.0, 0.0
0.0, 0.0, 0.0, 0.0, 0.0
0.0, 0.0, 0.0, 0.0, 0.0
0.0, 0.0, 0.0, 0.0, 0.0
0.0, 0.0, 0.0, 0.0, 0.0
0.0, 0.0, 0.0, 0.0, 0.0
0.0, 0.0, 0.0, 0.0, 0.0
0.0, 0.0, 0.0, 0.0, 0.0
0.0, 0.0, 0.0, 0.0, 0.0
0.0, 0.0, 0.0, 0.0, 0.0
0.0, 0.0, 0.0, 0.0, 0.0
0.0, 0.0, 0.0, 0.0, 0.0
0.0, 0.0, 0.0, 0.0, 0.0
0.0, 0.0, 0.0, 0.0, 0.0
0.0, 0.0, 0.0, 0.0, 0.0
0.0, 0.0, 0.0, 0.0, 0.0
0.0, 0.0, 0.0, 0.0, 0.0
0.0, 0.0, 0.0, 0.0, 0.0
0.0, 0.0, 0.0, 0.0, 0.0
0.0, 0.0, 0.0, 0.0, 0.0
0.0, 0.0, 0.0, 0.0, 0.0
0.0, 0.0, 0.0, 0.0, 0.0
0.0, 0.0, 0.0, 0.0, 0.0
0.0, 0.0, 0.0, 0.0, 0.0
0.0, 0.0, 0.0, 0.0, 0.0
0.0, 0.0, 0.0, 0.0, 0.0
0.0, 0.0, 0.0, 0.0, 0.0
0.0, 0.0, 0.0, 0.0, 0.0
0.0, 0.0, 0.0, 0.0, 0.0
0.0, 0.0, 0.0, 0.0, 0.0
0.0, 0.0, 0.0, 0.0, 0.0
0.0, 0.0, 0.0, 0.0, 0.0
0.0, 0.0, 0.0, 0.0, 0.0
0.0, 0.0, 0.0, 0.0, 0.0
0.0, 0.0, 0.0, 0.0, 0.0
0.0, 0.0, 0.0, 0.0, 0.0
0.0, 0.0, 0.0, 0.0, 0.0
0.0, 0.0, 0.0, 0.0, 0.0
0.0, 0.0, 0.0, 0.0, 0.0
0.0, 0.0, 0.0, 0.0, 0.0
0.0, 0.0, 0.0, 0.0, 0.0
0.0, 0.0, 0.0, 0.0, 0.0
0.0, 0.0, 0.0, 0.0, 0.0
0.0, 0.0, 0.0, 0.0, 0.0
0.0, 0.0, 0.0, 0.0, 0.0
0.0, 0.0, 0.0, 0.0, 0.0
0.0, 0.0, 0.0, 0.0, 0.0
0.0, 0.0, 0.0, 0.0, 0.0
0.0, 0.0, 0.0, 0.0, 0.0
0.0, 0.0, 0.0, 0.0, 0.0
0.0, 0.0, 0.0, 0.0, 0.0
0.0, 0.0, 0.0, 0.0, 0.0
0.0, 0.0, 0.0, 0.0, 0.0
0.0, 0.0, 0.0, 0.0, 0.0
0.0, 0.0, 0.0, 0.0, 0.0
0.0, 0.0, 0.0, 0.0, 0.0
0.0, 0.0, 0.0, 0.0, 0.0
0.0, 0.0, 0.0, 0.0, 0.0
0.0, 0.0, 0.0, 0.0, 0.0
0.0, 0.0, 0.0, 0.0, 0.0
0.0, 0.0, 0.0, 0.0, 0.0
0.0, 0.0, 0.0, 0.0, 0.0
0.0, 0.0, 0.0, 0.0, 0.0
0.0, 0.0, 0.0, 0.0, 0.0
0.0, 0.0, 0.0, 0.0, 0.0
0.0, 0.0, 0.0, 0.0, 0.0
0.0, 0.0, 0.0, 0.0, 0.0
0.0, 0.0, 0.0, 0.0, 0.0
0.0, 0.0, 0.0, 0.0, 0.0
0.0, 0.0, 0.0, 0.0, 0.0
0.0, 0.0, 0.0, 0.0, 0.0
0.0, 0.0, 0.0, 0.0, 0.0
0.0, 0.0, 0.0, 0.0, 0.0
0.0, 0.0, 0.0, 0.0, 0.0
0.0, 0.0, 0.0, 0.0, 0.0
0.0, 0.0, 0.0, 0.0, 0.0
0.0, 0.0, 0.0, 0.0, 0.0
0.0, 0.0, 0.0, 0.0, 0.0
0.0, 0.0, 0.0, 0.0, 0.0
0.0, 0.0, 0.0, 0.0, 0.0
0.0, 0.0, 0.0, 0.0, 0.0
0.0, 0.0, 0.0, 0.0, 0.0
0.0, 0.0, 0.0, 0.0, 0.0
0.0, 0.0, 0.0, 0.0, 0.0
0.0, 0.0, 0.0, 0.0, 0.0
0.0, 0.0, 0.0, 0.0, 0.0
0.0, 0.0, 0.0, 0.0, 0.0
0.0, 0.0, 0.0, 0.0, 0.0
0.0, 0.0, 0.0, 0.0, 0.0
0.0, 0.0, 0.0, 0.0, 0.0
0.0, 0.0, 0.0, 0.0, 0.0
0.0, 0.0, 0.0, 0.0, 0.0
0.0, 0.0, 0.0, 0.0, 0.0
0.0, 0.0, 0.0, 0.0, 0.0
0.0, 0.0, 0.0, 0.0, 0.0
0.0, 0.0, 0.0, 0.0, 0.0
0.0, 0.0, 0.0, 0.0, 0.0
0.0, 0.0, 0.0, 0.0, 0.0
0.0, 0.0, 0.0, 0.0, 0.0
0.0, 0.0, 0.0, 0.0, 0.0
0.0, 0.0, 0.0, 0.0, 0.0
0.0, 0.0, 0.0, 0.0, 0.0
0.0, 0.0, 0.0, 0.0, 0.0
0.0, 0.0, 0.0, 0.0, 0.0
0.0, 0.0, 0.0, 0.0, 0.0
0.0, 0.0, 0.0, 0.0, 0.0
0.0, 0.0, 0.0, 0.0, 0.0
0.0, 0.0, 0.0, 0.0, 0.0
0.0, 0.0, 0.0, 0.0, 0.0
0.0, 0.0, 0.0, 0.0, 0.0
0.0, 0.0, 0.0, 0.0, 0.0
0.0, 0.0, 0.0, 0.0, 0.0
0.0, 0.0, 0.0, 0.0, 0.0
0.0, 0.0, 0.0, 0.0, 0.0
0.0, 0.0, 0.0, 0.0, 0.0
0.0, 0.0, 0.0, 0.0, 0.0
0.0, 0.0, 0.0, 0.0, 0.0
0.0, 0.0, 0.0, 0.0, 0.0
0.0, 0.0, 0.0, 0.0, 0.0
0.0, 0.0, 0.0, 0.0, 0.0
0.0, 0.0, 0.0, 0.0, 0.0
0.0, 0.0, 0.0, 0.0, 0.0
0.0, 0.0, 0.0, 0.0, 0.0
0.0, 0.0, 0.0, 0.0, 0.0
0.0, 0.0, 0.0, 0.0, 0.0
0.0, 0.0, 0.0, 0.0, 0.0
0.0, 0.0, 0.0, 0.0, 0.0
0.0, 0.0, 0.0, 0.0, 0.0
0.0, 0.0, 0.0, 0.0, 0.0
0.0, 0.0, 0.0, 0.0, 0.0
0.0, 0.0, 0.0, 0.0, 0.0
0.0, 0.0, 0.0, 0.0, 0.0
0.0, 0.0, 0.0, 0.0, 0.0
0.0, 0.0, 0.0, 0.0, 0.0
0.0, 0.0, 0.0, 0.0, 0.0
0.0, 0.0, 0.0, 0.0, 0.0
0.0, 0.0, 0.0, 0.0, 0.0
0.0, 0.0, 0.0, 0.0, 0.0
0.0, 0.0, 0.0, 0.0, 0.0
0.0, 0.0, 0.0, 0.0, 0.0
0.0, 0.0, 0.0, 0.0, 0.0
0.0, 0.0, 0.0, 0.0, 0.0
0.0, 0.0, 0.0, 0.0, 0.0
0.0, 0.0, 0.0, 0.0, 0.0
0.0, 0.0, 0.0, 0.0, 0.0
0.0, 0.0, 0.0, 0.0, 0.0
0.0, 0.0, 0.0, 0.0, 0.0
0.0, 0.0, 0.0, 0.0, 0.0
0.0, 0.0, 0.0, 0.0, 0.0
0.0, 0.0, 0.0, 0.0, 0.0
0.0, 0.0, 0.0, 0.0, 0.0
0.0, 0.0, 0.0, 0.0, 0.0
0.0, 0.0, 0.0, 0.0, 0.0
0.0, 0.0, 0.0, 0.0, 0.0
0.0, 0.0, 0.0, 0.0, 0.0
0.0, 0.0, 0.0, 0.0, 0.0
0.0, 0.0, 0.0, 0.0, 0.0
0.0, 0.0, 0.0, 0.0, 0.0
0.0, 0.0, 0.0, 0.0, 0.0
0.0, 0.0, 0.0, 0.0, 0.0
0.0, 0.0, 0.0, 0.0, 0.0
0.0, 0.0, 0.0, 0.0, 0.0
0.0, 0.0, 0.0, 0.0, 0.0
0.0, 0.0, 0.0, 0.0, 0.0
0.0, 0.0, 0.0, 0.0, 0.0
0.0, 0.0, 0.0, 0.0, 0.0
0.0, 0.0, 0.0, 0.0, 0.0
0.0, 0.0, 0.0, 0.0, 0.0
0.0, 0.0, 0.0, 0.0, 0.0
0.0, 0.0, 0.0, 0.0, 0.0
0.0, 0.0, 0.0, 0.0, 0.0
0.0, 0.0, 0.0, 0.0, 0.0
0.0, 0.0, 0.0, 0.0, 0.0
0.0, 0.0, 0.0, 0.0, 0.0
0.0, 0.0, 0.0, 0.0, 0.0
0.0, 0.0, 0.0, 0.0, 0.0
0.0, 0.0, 0.0, 0.0, 0.0
0.0, 0.0, 0.0, 0.0, 0.0
0.0, 0.0, 0.0, 0.0, 0.0
0.0, 0.0, 0.0, 0.0, 0.0
0.0, 0.0, 0.0, 0.0, 0.0
0.0, 0.0, 0.0, 0.0, 0.0
0.0, 0.0, 0.0, 0.0, 0.0
0.0, 0.0, 0.0, 0.0, 0.0
0.0, 0.0, 0.0, 0.0, 0.0
0.0, 0.0, 0.0, 0.0, 0.0
0.0, 0.0, 0.0, 0.0, 0.0
0.0, 0.0, 0.0, 0.0, 0.0
0.0, 0.0, 0.0, 0.0, 0.0
0.0, 0.0, 0.0, 0.0, 0.0
0.0, 0.0, 0.0, 0.0, 0.0
0.0, 0.0, 0.0, 0.0, 0.0
0.0, 0.0, 0.0, 0.0, 0.0
0.0, 0.0, 0.0, 0.0, 0.0
0.0, 0.0, 0.0, 0.0, 0.0
0.0, 0.0, 0.0, 0.0, 0.0
0.0, 0.0, 0.0, 0.0, 0.0
0.0, 0.0, 0.0, 0.0, 0.0
0.0, 0.0, 0.0, 0.0, 0.0
0.0, 0.0, 0.0, 0.0, 0.0
0.0, 0.0, 0.0, 0.0, 0.0
0.0, 0.0, 0.0, 0.0, 0.0
0.0, 0.0, 0.0, 0.0, 0.0
0.0, 0.0, 0.0, 0.0, 0.0
0.0, 0.0, 0.0, 0.0, 0.0
0.0, 0.0, 0.0, 0.0, 0.0
0.0, 0.0, 0.0, 0.0, 0.0
0.0, 0.0, 0.0, 0.0, 0.0
0.0, 0.0, 0.0, 0.0, 0.0
0.0, 0.0, 0.0, 0.0, 0.0
0.0, 0.0, 0.0, 0.0, 0.0
0.0, 0.0, 0.0, 0.0, 0.0
0.0, 0.0, 0.0, 0.0, 0.0
0.0, 0.0, 0.0, 0.0, 0.0
0.0, 0.0, 0.0, 0.0, 0.0
0.0, 0.0, 0.0, 0.0, 0.0
0.0, 0.0, 0.0, 0.0, 0.0
0.0, 0.0, 0.0, 0.0, 0.0
0.0, 0.0, 0.0, 0.0, 0.0
0.0, 0.0, 0.0, 0.0, 0.0
0.0, 0.0, 0.0, 0.0, 0.0
0.0, 0.0, 0.0, 0.0, 0.0
0.0, 0.0, 0.0, 0.0, 0.0
0.0, 0.0, 0.0, 0.0, 0.0
0.0, 0.0, 0.0, 0.0, 0.0
0.0, 0.0, 0.0, 0.0, 0.0
0.0, 0.0, 0.0, 0.0, 0.0
0.0, 0.0, 0.0, 0.0, 0.0
