0,6225092500092498	 0,6021433196433195	 0,5839310471663413	 0,6003508528508527	 0,5988503626003624	 0,5954606504606502	 0,5892427017427015	 0,5970782458282456	 0,5988100788100786	 0,5684318921818919	        
0,4633284308284306	 0,4961346986346984	 0,5255952843452841	 0,47160977910977897	 0,505733988233988	 0,4995121545121543	 0,47612091612091595	 0,48720450845450836	 0,5012569837569836	 0,49630383505383496	        
0,44199235949235943	 0,48393772893772874	 0,45790108040108024	 0,45155067155067147	 0,436129426129426	 0,4723882598882598	 0,43537231287231276	 0,45796092796092797	 0,4566029803529802	 0,47876475376475364	        
0,42567728567728563	 0,43852258852258846	 0,40870657120657117	 0,39374736374736374	 0,4264173326673326	 0,42600334850334837	 0,40398027898027894	 0,4393943093943094	 0,4207013819513819	 0,4465160765160764	        
0,3903496503496503	 0,39974136974136965	 0,3907597957597957	 0,4028221778221778	 0,3664980852480852	 0,39660663410663405	 0,39072732822732825	 0,3968231768231768	 0,4309344821844821	 0,4126536426536426	        
0,36911551411551413	 0,36261793761793754	 0,3464496614496614	 0,3757292707292707	 0,34659396159396155	 0,37905039405039403	 0,3360458060458061	 0,3657048507048507	 0,42565628815628803	 0,41878704628704627	        
0,3669502719502719	 0,34504884004883996	 0,33660894660894664	 0,360011655011655	 0,321462703962704	 0,3526939726939727	 0,3136851111851112	 0,3564935064935065	 0,4138858363858363	 0,4083341658341658	        
0,3589127539127539	 0,35170329670329664	 0,3244139194139194	 0,3574436674436674	 0,319498001998002	 0,3493339993339993	 0,3464957264957265	 0,36188533688533686	 0,39594932844932834	 0,4101393051393051	        
0,3436335886335886	 0,3329563492063492	 0,3377045177045177	 0,3574009324009324	 0,3178187090687091	 0,3339149739149739	 0,35086968586968587	 0,3682173382173382	 0,3911874236874236	 0,40788461538461535	        
0,3401076701076702	 0,34304070929070923	 0,34194749694749693	 0,371058941058941	 0,30854242979242985	 0,35075258075258076	 0,3545421245421245	 0,3617338217338217	 0,3854731379731379	 0,4216025641025641	        
0,3442601842601843	 0,33553155178155175	 0,33674603174603174	 0,3705903818403818	 0,3024862637362638	 0,3344004144004144	 0,3542673992673993	 0,35808302808302805	 0,3848458485958485	 0,421043956043956	        
0,34106782106782113	 0,3301591464091464	 0,3428327228327228	 0,3861248473748473	 0,2885668498168499	 0,3201940651940652	 0,3533394383394384	 0,35518925518925515	 0,3952899877899877	 0,41459096459096456	        
0,3483882783882784	 0,3310866910866911	 0,34164835164835167	 0,3919780219780219	 0,29505036630036635	 0,32338494838494836	 0,3543040293040294	 0,3443589743589744	 0,3989087301587301	 0,41367521367521365	        
0,33910866910866916	 0,3220818070818071	 0,35703296703296705	 0,40409035409035393	 0,2967887667887668	 0,3324603174603175	 0,3570512820512821	 0,3403418803418804	 0,39019841269841266	 0,423015873015873	        
0,34150183150183155	 0,319945054945055	 0,35210012210012215	 0,4098901098901098	 0,2945909645909646	 0,33612332112332116	 0,36266788766788766	 0,33940170940170944	 0,38718031968031963	 0,41666666666666663	        
0,33227106227106235	 0,3157964257964258	 0,3497191697191698	 0,40842490842490836	 0,30112942612942617	 0,3481196581196581	 0,36288156288156287	 0,33555555555555555	 0,3917159229659229	 0,4163614163614163	        
0,3396459096459097	 0,331025641025641	 0,35228327228327233	 0,4200366300366299	 0,2988139638139638	 0,34467032967032973	 0,3700244200244201	 0,33665445665445665	 0,38468753468753464	 0,3986080586080586	        
0,3372649572649573	 0,32974358974358975	 0,35851037851037854	 0,4243101343101342	 0,29159174159174156	 0,34637973137973144	 0,37148962148962156	 0,3306227106227107	 0,3747424797424797	 0,4011599511599512	        
0,34282051282051285	 0,331025641025641	 0,35741147741147744	 0,4171672771672771	 0,29111555111555104	 0,3541025641025641	 0,3791819291819292	 0,3284126984126985	 0,37129315129315127	 0,3956043956043956	        
0,3424664224664225	 0,3308119658119658	 0,350946275946276	 0,41954822954822946	 0,28944888444888434	 0,3498290598290598	 0,3811660561660562	 0,33097680097680104	 0,37358974358974356	 0,39561660561660555	        
0,3411843711843712	 0,3308119658119658	 0,35372405372405374	 0,42064713064713055	 0,2777394827394826	 0,3669230769230769	 0,3811660561660562	 0,32474969474969484	 0,37615384615384617	 0,3941636141636141	        
0,3304273504273505	 0,3284310134310135	 0,34912087912087914	 0,4238217338217337	 0,26311188811188796	 0,3653434065934066	 0,37463369963369964	 0,3238339438339439	 0,3785347985347985	 0,39050061050061047	        
0,32896214896214904	 0,32860195360195366	 0,34998778998779007	 0,42144078144078134	 0,26311188811188796	 0,36552655677655677	 0,37573260073260073	 0,32015873015873025	 0,38161782661782667	 0,38587301587301587	        
0,3304273504273505	 0,32860195360195366	 0,34776556776556783	 0,41905982905982897	 0,26311188811188796	 0,36727716727716725	 0,37335164835164836	 0,31631257631257637	 0,37902319902319903	 0,38587301587301587	        
0,33531135531135536	 0,3300976800976801	 0,3464957264957266	 0,4216239316239315	 0,26311188811188796	 0,3717338217338217	 0,370970695970696	 0,3128327228327229	 0,36741147741147745	 0,38221001221001216	        
0,3367765567765568	 0,3300976800976801	 0,3461416361416362	 0,4168620268620268	 0,2614635364635363	 0,37649572649572643	 0,37573260073260073	 0,311916971916972	 0,3690903540903541	 0,3834920634920635	        
0,3390354090354091	 0,3300976800976801	 0,34376068376068386	 0,4168620268620268	 0,2614635364635363	 0,37539682539682534	 0,3768315018315018	 0,31338217338217345	 0,3654273504273505	 0,38341269841269837	        
0,3390354090354091	 0,3300976800976801	 0,3480463980463981	 0,408131868131868	 0,26695804195804185	 0,3719169719169719	 0,3781135531135531	 0,31484737484737496	 0,36048229548229554	 0,38690476190476186	        
0,34177045177045184	 0,33137973137973137	 0,35042735042735046	 0,40684981684981675	 0,2666833166833165	 0,37619047619047613	 0,3781135531135531	 0,3086202686202687	 0,36048229548229554	 0,38928571428571423	        
0,3430402930402931	 0,33137973137973137	 0,3542368742368743	 0,40556776556776547	 0,2666833166833165	 0,37490842490842496	 0,37573260073260073	 0,3056898656898658	 0,3617643467643468	 0,38928571428571423	        
0,3430402930402931	 0,3277167277167277	 0,3503479853479854	 0,40556776556776547	 0,2666833166833165	 0,37490842490842496	 0,37573260073260073	 0,3086202686202687	 0,3617643467643468	 0,3881746031746031	        
0,3443101343101344	 0,3277167277167277	 0,35181318681318685	 0,4036630036630036	 0,27025474525474513	 0,37619047619047613	 0,37811355311355316	 0,30715506715506724	 0,3606654456654457	 0,3881746031746031	        
0,3430402930402931	 0,3321611721611722	 0,3501465201465202	 0,41318681318681316	 0,27581030081030067	 0,3804639804639805	 0,3805067155067155	 0,3056898656898658	 0,3581013431013432	 0,3826190476190476	        
0,3430402930402931	 0,3345421245421246	 0,3490354090354091	 0,40238095238095234	 0,27835775335775315	 0,37680097680097685	 0,38178876678876683	 0,3056898656898658	 0,35959706959706966	 0,3813492063492063	        
0,3393894993894994	 0,3437728937728938	 0,3490354090354091	 0,40109890109890106	 0,27835775335775315	 0,3823565323565324	 0,38307081807081805	 0,30715506715506724	 0,35959706959706966	 0,3826190476190476	        
0,344945054945055	 0,3399267399267399	 0,35330891330891334	 0,3976190476190476	 0,2802808302808301	 0,3812576312576313	 0,377014652014652	 0,3056898656898658	 0,3608791208791209	 0,38499999999999995	        
0,33964590964590974	 0,33864468864468866	 0,35330891330891334	 0,39873015873015866	 0,28192918192918176	 0,3812576312576313	 0,377014652014652	 0,3056898656898658	 0,3621611721611722	 0,3873809523809523	        
0,34018315018315026	 0,3442002442002442	 0,35330891330891334	 0,3985592185592185	 0,29145299145299125	 0,3823565323565324	 0,377014652014652	 0,3056898656898658	 0,36344322344322344	 0,3826190476190476	        
0,33351648351648355	 0,3442002442002442	 0,35330891330891334	 0,39599511599511594	 0,29474969474969454	 0,38711843711843713	 0,377014652014652	 0,3042246642246643	 0,36344322344322344	 0,3826190476190476	        
0,33260073260073264	 0,3443833943833944	 0,35330891330891334	 0,39948717948717943	 0,29639804639804623	 0,38949938949938956	 0,3793956043956044	 0,3042246642246643	 0,3597802197802198	 0,3826190476190476	        
0,33260073260073264	 0,3431013431013431	 0,3496581196581197	 0,40345543345543344	 0,29639804639804623	 0,3882173382173382	 0,3793956043956044	 0,3042246642246643	 0,35866910866910867	 0,3718253968253968	        
0,33021978021978027	 0,3394383394383394	 0,34838827838827846	 0,40345543345543344	 0,30360195360195347	 0,38632478632478634	 0,3793956043956044	 0,3042246642246643	 0,364896214896215	 0,3718253968253968	        
0,33021978021978027	 0,3394383394383394	 0,34838827838827846	 0,401074481074481	 0,30360195360195347	 0,3887057387057387	 0,3793956043956044	 0,3056898656898658	 0,364896214896215	 0,3718253968253968	        
0,3222832722832723	 0,34072039072039073	 0,3494993894993896	 0,3901343101343101	 0,30921855921855906	 0,38998778998779	 0,3793956043956044	 0,32334554334554344	 0,3637973137973139	 0,36817460317460315	        
0,3222832722832723	 0,3432844932844933	 0,3482173382173383	 0,39379731379731375	 0,30921855921855906	 0,38998778998779	 0,38324175824175827	 0,32334554334554344	 0,3637973137973139	 0,37166666666666665	        
0,32948717948717954	 0,3432844932844933	 0,35188034188034195	 0,39268620268620263	 0,3108669108669107	 0,39126984126984127	 0,3845238095238095	 0,32334554334554344	 0,3637973137973139	 0,3727777777777777	        
0,32948717948717954	 0,3432844932844933	 0,3542612942612943	 0,39395604395604394	 0,31416361416361405	 0,396031746031746	 0,3845238095238095	 0,3222344322344323	 0,3637973137973139	 0,36722222222222217	        
0,32948717948717954	 0,34201465201465203	 0,352991452991453	 0,39395604395604394	 0,31416361416361405	 0,396031746031746	 0,38324175824175827	 0,3222344322344323	 0,3625152625152625	 0,36722222222222217	        
0,32948717948717954	 0,3368864468864469	 0,35172161172161176	 0,38443223443223434	 0,3158119658119657	 0,396031746031746	 0,3776862026862027	 0,33175824175824187	 0,36807081807081815	 0,36722222222222217	        
0,32948717948717954	 0,34244200244200246	 0,3464224664224665	 0,38443223443223434	 0,3158119658119657	 0,396031746031746	 0,3776862026862027	 0,33175824175824187	 0,3704517704517704	 0,36722222222222217	        
0,3318681318681319	 0,34244200244200246	 0,34769230769230774	 0,38443223443223434	 0,31416361416361405	 0,396031746031746	 0,3776862026862027	 0,33175824175824187	 0,37539682539682545	 0,36722222222222217	        
0,3318681318681319	 0,3518437118437119	 0,348962148962149	 0,38443223443223434	 0,31416361416361405	 0,3984126984126984	 0,3753052503052503	 0,33064713064713075	 0,37539682539682545	 0,3727777777777777	        
0,33333333333333337	 0,3580708180708181	 0,36135531135531146	 0,38443223443223434	 0,31416361416361405	 0,3984126984126984	 0,3700549450549451	 0,32258852258852266	 0,37539682539682545	 0,3727777777777777	        
0,3373015873015873	 0,3580708180708181	 0,3560561660561661	 0,3796703296703296	 0,31416361416361405	 0,3984126984126984	 0,3700549450549451	 0,32258852258852266	 0,3777777777777777	 0,3738888888888888	        
0,3373015873015873	 0,3580708180708181	 0,3543894993894995	 0,3796703296703296	 0,31416361416361405	 0,3984126984126984	 0,3700549450549451	 0,3240537240537242	 0,3777777777777777	 0,37039682539682534	        
0,3373015873015873	 0,35568986568986566	 0,3543894993894995	 0,3809523809523809	 0,31416361416361405	 0,40079365079365076	 0,3700549450549451	 0,3240537240537242	 0,3777777777777777	 0,37039682539682534	        
0,3373015873015873	 0,35568986568986566	 0,3543894993894995	 0,3809523809523809	 0,31416361416361405	 0,40079365079365076	 0,3700549450549451	 0,3240537240537242	 0,3801587301587302	 0,36801587301587296	        
0,3373015873015873	 0,35440781440781444	 0,35310744810744815	 0,3785714285714285	 0,31416361416361405	 0,40079365079365076	 0,3700549450549451	 0,32551892551892564	 0,3801587301587302	 0,36801587301587296	        
0,3373015873015873	 0,35440781440781444	 0,34945665445665447	 0,3785714285714285	 0,31416361416361405	 0,40079365079365076	 0,3726190476190476	 0,32551892551892564	 0,38253968253968257	 0,36801587301587296	        
0,3373015873015873	 0,35330891330891334	 0,34580586080586084	 0,37619047619047613	 0,31416361416361405	 0,40079365079365076	 0,3726190476190476	 0,32551892551892564	 0,38492063492063494	 0,3656349206349206	        
0,3373015873015873	 0,3509279609279609	 0,34580586080586084	 0,3714285714285714	 0,31416361416361405	 0,40079365079365076	 0,3670634920634921	 0,3310744810744812	 0,38492063492063494	 0,3656349206349206	        
0,3373015873015873	 0,3509279609279609	 0,34215506715506716	 0,3714285714285714	 0,30860805860805846	 0,40079365079365076	 0,3670634920634921	 0,3310744810744812	 0,38492063492063494	 0,3656349206349206	        
0,33492063492063495	 0,3509279609279609	 0,33812576312576315	 0,37570207570207564	 0,3102564102564101	 0,40079365079365076	 0,36468253968253966	 0,3310744810744812	 0,38492063492063494	 0,3656349206349206	        
0,33492063492063495	 0,3509279609279609	 0,33501221001221	 0,3793650793650794	 0,3102564102564101	 0,40079365079365076	 0,36468253968253966	 0,3310744810744812	 0,38492063492063494	 0,3656349206349206	        
0,330952380952381	 0,3509279609279609	 0,33501221001221	 0,3793650793650794	 0,31190476190476174	 0,3984126984126984	 0,36468253968253966	 0,3310744810744812	 0,38492063492063494	 0,3656349206349206	        
0,330952380952381	 0,3509279609279609	 0,33501221001221	 0,3793650793650794	 0,31190476190476174	 0,3984126984126984	 0,3619047619047619	 0,3310744810744812	 0,38492063492063494	 0,3656349206349206	        
0,330952380952381	 0,3509279609279609	 0,33501221001221	 0,3793650793650794	 0,31190476190476174	 0,3984126984126984	 0,3619047619047619	 0,3310744810744812	 0,38492063492063494	 0,36436507936507934	        
0,330952380952381	 0,3485470085470086	 0,33501221001221	 0,3793650793650794	 0,31190476190476174	 0,3984126984126984	 0,3619047619047619	 0,3310744810744812	 0,380952380952381	 0,36436507936507934	        
0,330952380952381	 0,3485470085470086	 0,33501221001221	 0,3793650793650794	 0,31190476190476174	 0,39365079365079364	 0,3619047619047619	 0,3405982905982908	 0,3865079365079365	 0,36436507936507934	        
0,330952380952381	 0,34616605616605617	 0,3369352869352869	 0,3793650793650794	 0,31190476190476174	 0,39365079365079364	 0,3619047619047619	 0,3391330891330892	 0,3865079365079365	 0,3596031746031746	        
0,330952380952381	 0,34616605616605617	 0,3333638583638584	 0,37698412698412703	 0,31190476190476174	 0,39365079365079364	 0,36428571428571427	 0,3461538461538463	 0,3920634920634921	 0,3638888888888889	        
0,330952380952381	 0,34616605616605617	 0,3333638583638584	 0,37698412698412703	 0,31190476190476174	 0,39126984126984127	 0,36428571428571427	 0,3461538461538463	 0,3920634920634921	 0,36944444444444446	        
0,32857142857142857	 0,34616605616605617	 0,3333638583638584	 0,37698412698412703	 0,31190476190476174	 0,39365079365079364	 0,36428571428571427	 0,34761904761904777	 0,3920634920634921	 0,36944444444444446	        
0,32857142857142857	 0,34616605616605617	 0,3389194139194139	 0,37698412698412703	 0,31190476190476174	 0,39365079365079364	 0,36428571428571427	 0,34761904761904777	 0,3920634920634921	 0,375	        
0,32857142857142857	 0,3450671550671551	 0,3405677655677656	 0,37698412698412703	 0,31190476190476174	 0,3984126984126984	 0,3698412698412698	 0,34761904761904777	 0,3920634920634921	 0,375	        
0,3325396825396825	 0,34952380952380957	 0,3422161172161172	 0,37698412698412703	 0,31190476190476174	 0,3984126984126984	 0,3698412698412698	 0,3436507936507938	 0,3920634920634921	 0,375	        
0,3365079365079365	 0,34952380952380957	 0,3422161172161172	 0,37698412698412703	 0,31190476190476174	 0,3984126984126984	 0,3698412698412698	 0,33809523809523817	 0,3920634920634921	 0,375	        
0,33095238095238094	 0,34952380952380957	 0,3422161172161172	 0,37698412698412703	 0,31190476190476174	 0,40079365079365076	 0,3698412698412698	 0,33809523809523817	 0,39444444444444443	 0,37626984126984125	        
0,32936507936507936	 0,3471428571428572	 0,3461843711843712	 0,37698412698412703	 0,31190476190476174	 0,3995115995115995	 0,3698412698412698	 0,33809523809523817	 0,39444444444444443	 0,37626984126984125	        
0,32936507936507936	 0,3471428571428572	 0,3461843711843712	 0,37698412698412703	 0,31190476190476174	 0,3995115995115995	 0,37539682539682545	 0,33015873015873026	 0,39444444444444443	 0,37626984126984125	        
0,32936507936507936	 0,3447619047619048	 0,3447802197802198	 0,37698412698412703	 0,31190476190476174	 0,3995115995115995	 0,37539682539682545	 0,33015873015873026	 0,39444444444444443	 0,37626984126984125	        
0,32936507936507936	 0,3447619047619048	 0,336050061050061	 0,37698412698412703	 0,31190476190476174	 0,3984126984126984	 0,37539682539682545	 0,33015873015873026	 0,39444444444444443	 0,37626984126984125	        
0,32936507936507936	 0,3447619047619048	 0,336050061050061	 0,37698412698412703	 0,31190476190476174	 0,3984126984126984	 0,37539682539682545	 0,33015873015873026	 0,39444444444444443	 0,37626984126984125	        
0,32936507936507936	 0,3447619047619048	 0,336050061050061	 0,37698412698412703	 0,31190476190476174	 0,396031746031746	 0,37539682539682545	 0,33015873015873026	 0,39444444444444443	 0,37515873015873014	        
0,32936507936507936	 0,3503174603174604	 0,336050061050061	 0,37698412698412703	 0,31190476190476174	 0,396031746031746	 0,37539682539682545	 0,33015873015873026	 0,39444444444444443	 0,37515873015873014	        
0,32936507936507936	 0,3503174603174604	 0,336050061050061	 0,37698412698412703	 0,31190476190476174	 0,39365079365079364	 0,37539682539682545	 0,33015873015873026	 0,39444444444444443	 0,37515873015873014	        
0,32936507936507936	 0,347936507936508	 0,3396214896214895	 0,37698412698412703	 0,31190476190476174	 0,39365079365079364	 0,37539682539682545	 0,33015873015873026	 0,39444444444444443	 0,37515873015873014	        
0,32936507936507936	 0,347936507936508	 0,3396214896214895	 0,37698412698412703	 0,31190476190476174	 0,3801587301587301	 0,3809523809523809	 0,33015873015873026	 0,39444444444444443	 0,37515873015873014	        
0,32936507936507936	 0,347936507936508	 0,3396214896214895	 0,37698412698412703	 0,31190476190476174	 0,3777777777777777	 0,3809523809523809	 0,33015873015873026	 0,39444444444444443	 0,37515873015873014	        
0,32936507936507936	 0,347936507936508	 0,3396214896214895	 0,37698412698412703	 0,31190476190476174	 0,3777777777777777	 0,3809523809523809	 0,33015873015873026	 0,39444444444444443	 0,37515873015873014	        
0,32936507936507936	 0,347936507936508	 0,33632478632478624	 0,37698412698412703	 0,31190476190476174	 0,3777777777777777	 0,3809523809523809	 0,33015873015873026	 0,39444444444444443	 0,37642857142857145	        
0,32936507936507936	 0,347936507936508	 0,33632478632478624	 0,37698412698412703	 0,31190476190476174	 0,3777777777777777	 0,3809523809523809	 0,33015873015873026	 0,39444444444444443	 0,37642857142857145	        
0,32936507936507936	 0,347936507936508	 0,33632478632478624	 0,37698412698412703	 0,31190476190476174	 0,3777777777777777	 0,3809523809523809	 0,33015873015873026	 0,39444444444444443	 0,37642857142857145	        
0,32936507936507936	 0,34682539682539687	 0,33632478632478624	 0,37698412698412703	 0,31190476190476174	 0,38333333333333336	 0,3809523809523809	 0,33015873015873026	 0,39444444444444443	 0,37642857142857145	        
0,32936507936507936	 0,34682539682539687	 0,33632478632478624	 0,37698412698412703	 0,3063492063492062	 0,38333333333333336	 0,3809523809523809	 0,33015873015873026	 0,39444444444444443	 0,37642857142857145	        
0,32936507936507936	 0,34761904761904766	 0,33797313797313794	 0,37698412698412703	 0,3063492063492062	 0,38333333333333336	 0,38333333333333336	 0,33015873015873026	 0,39444444444444443	 0,37642857142857145	        
0,3238095238095238	 0,35000000000000014	 0,33797313797313794	 0,37698412698412703	 0,3063492063492062	 0,38333333333333336	 0,38333333333333336	 0,33015873015873026	 0,39444444444444443	 0,37642857142857145	        
0,30714285714285716	 0,3444444444444445	 0,33632478632478624	 0,37698412698412703	 0,3063492063492062	 0,38333333333333336	 0,38333333333333336	 0,33015873015873026	 0,39444444444444443	 0,37642857142857145	        
0,30714285714285716	 0,3444444444444445	 0,33632478632478624	 0,37698412698412703	 0,30079365079365067	 0,38333333333333336	 0,3888888888888889	 0,33015873015873026	 0,39444444444444443	 0,37642857142857145	        
0,30714285714285716	 0,3444444444444445	 0,33632478632478624	 0,37698412698412703	 0,30079365079365067	 0,38333333333333336	 0,3888888888888889	 0,33015873015873026	 0,39444444444444443	 0,3776984126984127	        
0,30714285714285716	 0,3444444444444445	 0,3371794871794871	 0,37698412698412703	 0,30079365079365067	 0,38333333333333336	 0,3888888888888889	 0,33015873015873026	 0,39444444444444443	 0,3776984126984127	        
0,30714285714285716	 0,3444444444444445	 0,34047619047619043	 0,37698412698412703	 0,30079365079365067	 0,38333333333333336	 0,3888888888888889	 0,33015873015873026	 0,39444444444444443	 0,3742063492063492	        
0,3031746031746032	 0,3444444444444445	 0,34047619047619043	 0,37698412698412703	 0,30079365079365067	 0,38333333333333336	 0,3888888888888889	 0,33015873015873026	 0,39444444444444443	 0,37547619047619046	        
0,3031746031746032	 0,3444444444444445	 0,34047619047619043	 0,38253968253968257	 0,30079365079365067	 0,38333333333333336	 0,3888888888888889	 0,3286935286935288	 0,39444444444444443	 0,3813492063492063	        
0,3031746031746032	 0,3444444444444445	 0,34047619047619043	 0,38253968253968257	 0,30079365079365067	 0,38333333333333336	 0,3888888888888889	 0,3286935286935288	 0,39444444444444443	 0,3813492063492063	        
0,3031746031746032	 0,3420634920634921	 0,34047619047619043	 0,38253968253968257	 0,27936507936507926	 0,38333333333333336	 0,3888888888888889	 0,3286935286935288	 0,39444444444444443	 0,3813492063492063	        
0,3031746031746032	 0,3420634920634921	 0,34047619047619043	 0,38253968253968257	 0,27936507936507926	 0,38333333333333336	 0,3888888888888889	 0,3286935286935288	 0,39444444444444443	 0,3813492063492063	        
0,3031746031746032	 0,3420634920634921	 0,33919413919413915	 0,38253968253968257	 0,27936507936507926	 0,38333333333333336	 0,3888888888888889	 0,3286935286935288	 0,3920634920634921	 0,3800793650793651	        
0,3031746031746032	 0,3420634920634921	 0,33919413919413915	 0,38253968253968257	 0,27936507936507926	 0,3777777777777777	 0,38333333333333336	 0,3286935286935288	 0,3920634920634921	 0,3800793650793651	        
0,2936507936507937	 0,3420634920634921	 0,33919413919413915	 0,38253968253968257	 0,27936507936507926	 0,3777777777777777	 0,38333333333333336	 0,3286935286935288	 0,3920634920634921	 0,38246031746031744	        
0,2936507936507937	 0,33968253968253975	 0,33919413919413915	 0,38253968253968257	 0,27936507936507926	 0,3777777777777777	 0,38333333333333336	 0,3257631257631258	 0,3920634920634921	 0,38246031746031744	        
0,2936507936507937	 0,33968253968253975	 0,33919413919413915	 0,38253968253968257	 0,27936507936507926	 0,3777777777777777	 0,38333333333333336	 0,32429792429792437	 0,3920634920634921	 0,38246031746031744	        
0,2936507936507937	 0,33968253968253975	 0,33919413919413915	 0,38253968253968257	 0,27936507936507926	 0,3777777777777777	 0,3777777777777777	 0,32429792429792437	 0,3920634920634921	 0,3799206349206349	        
0,2936507936507937	 0,33968253968253975	 0,33919413919413915	 0,38253968253968257	 0,27936507936507926	 0,3777777777777777	 0,3777777777777777	 0,32429792429792437	 0,3920634920634921	 0,37436507936507935	        
0,2936507936507937	 0,33968253968253975	 0,33919413919413915	 0,38253968253968257	 0,27936507936507926	 0,3777777777777777	 0,3777777777777777	 0,31874236874236883	 0,3920634920634921	 0,37436507936507935	        
0,2936507936507937	 0,33968253968253975	 0,33919413919413915	 0,38253968253968257	 0,27936507936507926	 0,3777777777777777	 0,3777777777777777	 0,31727716727716737	 0,3920634920634921	 0,37436507936507935	        
0,2936507936507937	 0,3420634920634921	 0,33919413919413915	 0,38253968253968257	 0,27936507936507926	 0,3777777777777777	 0,3777777777777777	 0,31703296703296713	 0,3920634920634921	 0,37436507936507935	        
0,2936507936507937	 0,3420634920634921	 0,3379120879120879	 0,38253968253968257	 0,27936507936507926	 0,3777777777777777	 0,3777777777777777	 0,31703296703296713	 0,3920634920634921	 0,371984126984127	        
0,2936507936507937	 0,3444444444444445	 0,3379120879120879	 0,38253968253968257	 0,27936507936507926	 0,3722222222222222	 0,3777777777777777	 0,3184981684981686	 0,3865079365079365	 0,371984126984127	        
0,2936507936507937	 0,3420634920634921	 0,3379120879120879	 0,38253968253968257	 0,27936507936507926	 0,3722222222222222	 0,3777777777777777	 0,3184981684981686	 0,3865079365079365	 0,3708730158730159	        
0,2936507936507937	 0,3420634920634921	 0,3379120879120879	 0,38253968253968257	 0,27936507936507926	 0,3722222222222222	 0,3777777777777777	 0,3202075702075703	 0,3865079365079365	 0,3686507936507936	        
0,2936507936507937	 0,3420634920634921	 0,3379120879120879	 0,38253968253968257	 0,27936507936507926	 0,3722222222222222	 0,3777777777777777	 0,3202075702075703	 0,3865079365079365	 0,3686507936507936	        
0,2936507936507937	 0,3420634920634921	 0,3379120879120879	 0,38253968253968257	 0,27936507936507926	 0,3722222222222222	 0,3777777777777777	 0,3202075702075703	 0,3865079365079365	 0,3675396825396825	        
0,2936507936507937	 0,3420634920634921	 0,3351343101343101	 0,38253968253968257	 0,27936507936507926	 0,3722222222222222	 0,3777777777777777	 0,3202075702075703	 0,3865079365079365	 0,3675396825396825	        
0,2936507936507937	 0,3420634920634921	 0,3351343101343101	 0,38253968253968257	 0,27936507936507926	 0,3722222222222222	 0,3777777777777777	 0,3202075702075703	 0,3865079365079365	 0,3675396825396825	        
0,2936507936507937	 0,3420634920634921	 0,33107448107448106	 0,38253968253968257	 0,27936507936507926	 0,3722222222222222	 0,3777777777777777	 0,32167277167277175	 0,3865079365079365	 0,3675396825396825	        
0,2936507936507937	 0,3365079365079366	 0,33107448107448106	 0,38253968253968257	 0,27936507936507926	 0,3722222222222222	 0,3777777777777777	 0,3231379731379732	 0,3865079365079365	 0,3675396825396825	        
0,2936507936507937	 0,3365079365079366	 0,33107448107448106	 0,38253968253968257	 0,27936507936507926	 0,3722222222222222	 0,3777777777777777	 0,3231379731379732	 0,3865079365079365	 0,3675396825396825	        
0,2936507936507937	 0,3365079365079366	 0,33107448107448106	 0,38253968253968257	 0,27936507936507926	 0,3722222222222222	 0,3777777777777777	 0,3246031746031747	 0,3865079365079365	 0,3675396825396825	        
0,2936507936507937	 0,3365079365079366	 0,33107448107448106	 0,38253968253968257	 0,27936507936507926	 0,3722222222222222	 0,3777777777777777	 0,3246031746031747	 0,37539682539682545	 0,3675396825396825	        
0,2936507936507937	 0,3365079365079366	 0,33107448107448106	 0,38253968253968257	 0,27936507936507926	 0,3722222222222222	 0,3777777777777777	 0,3246031746031747	 0,3777777777777777	 0,3675396825396825	        
0,2936507936507937	 0,34126984126984133	 0,33107448107448106	 0,38253968253968257	 0,27936507936507926	 0,3722222222222222	 0,3777777777777777	 0,3246031746031747	 0,3777777777777777	 0,3692063492063492	        
0,2936507936507937	 0,3436507936507937	 0,3282967032967033	 0,38253968253968257	 0,27936507936507926	 0,3722222222222222	 0,3777777777777777	 0,3246031746031747	 0,3777777777777777	 0,3680952380952381	        
0,2936507936507937	 0,3436507936507937	 0,3282967032967033	 0,38253968253968257	 0,27936507936507926	 0,3722222222222222	 0,3777777777777777	 0,3246031746031747	 0,3777777777777777	 0,36698412698412697	        
0,2936507936507937	 0,3436507936507937	 0,3282967032967033	 0,38253968253968257	 0,27936507936507926	 0,3722222222222222	 0,3777777777777777	 0,3246031746031747	 0,3777777777777777	 0,36698412698412697	        
0,2928571428571429	 0,3436507936507937	 0,3282967032967033	 0,38253968253968257	 0,27936507936507926	 0,3722222222222222	 0,3777777777777777	 0,3246031746031747	 0,3777777777777777	 0,36698412698412697	        
0,2928571428571429	 0,3436507936507937	 0,3282967032967033	 0,38253968253968257	 0,27936507936507926	 0,3722222222222222	 0,3777777777777777	 0,3246031746031747	 0,3777777777777777	 0,36698412698412697	        
0,2928571428571429	 0,3436507936507937	 0,32551892551892553	 0,38253968253968257	 0,27936507936507926	 0,3722222222222222	 0,3777777777777777	 0,31904761904761914	 0,3777777777777777	 0,36698412698412697	        
0,2928571428571429	 0,3436507936507937	 0,32423687423687425	 0,38253968253968257	 0,27936507936507926	 0,3722222222222222	 0,3777777777777777	 0,31904761904761914	 0,3777777777777777	 0,36698412698412697	        
0,2928571428571429	 0,3436507936507937	 0,32423687423687425	 0,38253968253968257	 0,27936507936507926	 0,36666666666666664	 0,3777777777777777	 0,31904761904761914	 0,3777777777777777	 0,36698412698412697	        
0,2928571428571429	 0,3436507936507937	 0,32423687423687425	 0,38253968253968257	 0,27936507936507926	 0,36666666666666664	 0,3777777777777777	 0,31904761904761914	 0,3777777777777777	 0,36698412698412697	        
0,2928571428571429	 0,3436507936507937	 0,32423687423687425	 0,38253968253968257	 0,27936507936507926	 0,36666666666666664	 0,3777777777777777	 0,31904761904761914	 0,3777777777777777	 0,36698412698412697	        
0,2928571428571429	 0,3460317460317461	 0,32423687423687425	 0,38253968253968257	 0,27936507936507926	 0,36666666666666664	 0,3777777777777777	 0,31904761904761914	 0,3777777777777777	 0,36698412698412697	        
0,2928571428571429	 0,34841269841269845	 0,32423687423687425	 0,38253968253968257	 0,27936507936507926	 0,36666666666666664	 0,3777777777777777	 0,31904761904761914	 0,3777777777777777	 0,36698412698412697	        
0,2928571428571429	 0,34841269841269845	 0,32423687423687425	 0,38253968253968257	 0,27936507936507926	 0,36666666666666664	 0,3777777777777777	 0,31904761904761914	 0,3777777777777777	 0,36587301587301585	        
0,2928571428571429	 0,34841269841269845	 0,32423687423687425	 0,38253968253968257	 0,27936507936507926	 0,36666666666666664	 0,3777777777777777	 0,31904761904761914	 0,3777777777777777	 0,36587301587301585	        
0,2928571428571429	 0,34841269841269845	 0,32423687423687425	 0,38253968253968257	 0,27936507936507926	 0,36666666666666664	 0,3777777777777777	 0,31904761904761914	 0,3777777777777777	 0,3634920634920635	        
0,2928571428571429	 0,34841269841269845	 0,32423687423687425	 0,38253968253968257	 0,27936507936507926	 0,36666666666666664	 0,3777777777777777	 0,31904761904761914	 0,3777777777777777	 0,3634920634920635	        
0,2928571428571429	 0,34841269841269845	 0,3226495726495726	 0,38253968253968257	 0,27936507936507926	 0,36666666666666664	 0,3777777777777777	 0,31904761904761914	 0,3777777777777777	 0,35793650793650794	        
0,2928571428571429	 0,34841269841269845	 0,3226495726495726	 0,38253968253968257	 0,27936507936507926	 0,36666666666666664	 0,3777777777777777	 0,31904761904761914	 0,3777777777777777	 0,35793650793650794	        
0,2928571428571429	 0,34841269841269845	 0,3239316239316239	 0,37698412698412703	 0,27936507936507926	 0,36666666666666664	 0,3777777777777777	 0,31904761904761914	 0,3777777777777777	 0,35793650793650794	        
0,2928571428571429	 0,34841269841269845	 0,3239316239316239	 0,37698412698412703	 0,2849206349206348	 0,36666666666666664	 0,3777777777777777	 0,31904761904761914	 0,3777777777777777	 0,35793650793650794	        
0,2928571428571429	 0,34841269841269845	 0,33266178266178265	 0,37698412698412703	 0,2849206349206348	 0,36666666666666664	 0,3777777777777777	 0,31904761904761914	 0,3777777777777777	 0,35793650793650794	        
0,2928571428571429	 0,34841269841269845	 0,33266178266178265	 0,37698412698412703	 0,2849206349206348	 0,36666666666666664	 0,3777777777777777	 0,31904761904761914	 0,3777777777777777	 0,35793650793650794	        
0,2928571428571429	 0,34841269841269845	 0,33266178266178265	 0,37698412698412703	 0,2849206349206348	 0,36666666666666664	 0,3777777777777777	 0,31904761904761914	 0,3777777777777777	 0,35793650793650794	        
0,2928571428571429	 0,34841269841269845	 0,33266178266178265	 0,37698412698412703	 0,2849206349206348	 0,36666666666666664	 0,3777777777777777	 0,31904761904761914	 0,3777777777777777	 0,35793650793650794	        
0,2928571428571429	 0,34841269841269845	 0,33266178266178265	 0,37698412698412703	 0,2849206349206348	 0,36666666666666664	 0,3777777777777777	 0,31904761904761914	 0,3777777777777777	 0,35555555555555557	        
0,2936507936507937	 0,34841269841269845	 0,33266178266178265	 0,37698412698412703	 0,28095238095238084	 0,36666666666666664	 0,3777777777777777	 0,31904761904761914	 0,3777777777777777	 0,3531746031746032	        
0,2936507936507937	 0,34841269841269845	 0,33266178266178265	 0,37698412698412703	 0,28095238095238084	 0,36111111111111105	 0,3777777777777777	 0,31904761904761914	 0,3777777777777777	 0,3531746031746032	        
0,2936507936507937	 0,34841269841269845	 0,33266178266178265	 0,37698412698412703	 0,28095238095238084	 0,36111111111111105	 0,3777777777777777	 0,31904761904761914	 0,3777777777777777	 0,3531746031746032	        
0,2936507936507937	 0,34841269841269845	 0,33266178266178265	 0,37698412698412703	 0,28095238095238084	 0,3555555555555555	 0,3777777777777777	 0,31904761904761914	 0,3777777777777777	 0,3531746031746032	        
0,2936507936507937	 0,34841269841269845	 0,33266178266178265	 0,37698412698412703	 0,28095238095238084	 0,3555555555555555	 0,3777777777777777	 0,31904761904761914	 0,3777777777777777	 0,3507936507936508	        
0,2936507936507937	 0,34841269841269845	 0,33266178266178265	 0,37698412698412703	 0,28095238095238084	 0,3555555555555555	 0,3777777777777777	 0,31904761904761914	 0,3777777777777777	 0,3507936507936508	        
0,2936507936507937	 0,34841269841269845	 0,33266178266178265	 0,37698412698412703	 0,28095238095238084	 0,3555555555555555	 0,3777777777777777	 0,31904761904761914	 0,3722222222222222	 0,3507936507936508	        
0,2936507936507937	 0,34841269841269845	 0,33266178266178265	 0,37698412698412703	 0,28095238095238084	 0,3555555555555555	 0,3777777777777777	 0,31904761904761914	 0,3722222222222222	 0,3507936507936508	        
0,2936507936507937	 0,34841269841269845	 0,33266178266178265	 0,37698412698412703	 0,28095238095238084	 0,3555555555555555	 0,3777777777777777	 0,31904761904761914	 0,3722222222222222	 0,3507936507936508	        
0,2936507936507937	 0,34841269841269845	 0,33266178266178265	 0,37698412698412703	 0,28095238095238084	 0,3555555555555555	 0,3777777777777777	 0,31904761904761914	 0,3722222222222222	 0,3507936507936508	        
0,2936507936507937	 0,34841269841269845	 0,33266178266178265	 0,37698412698412703	 0,28095238095238084	 0,3555555555555555	 0,3777777777777777	 0,31904761904761914	 0,3722222222222222	 0,3507936507936508	        
0,2936507936507937	 0,34841269841269845	 0,33266178266178265	 0,37698412698412703	 0,28095238095238084	 0,3555555555555555	 0,3777777777777777	 0,31904761904761914	 0,3722222222222222	 0,3507936507936508	        
0,2936507936507937	 0,34841269841269845	 0,33266178266178265	 0,37698412698412703	 0,28095238095238084	 0,3555555555555555	 0,3777777777777777	 0,31904761904761914	 0,3722222222222222	 0,3507936507936508	        
0,2936507936507937	 0,34841269841269845	 0,33266178266178265	 0,37698412698412703	 0,28095238095238084	 0,3555555555555555	 0,3777777777777777	 0,31904761904761914	 0,3722222222222222	 0,3507936507936508	        
0,2936507936507937	 0,34841269841269845	 0,33266178266178265	 0,37698412698412703	 0,28095238095238084	 0,3555555555555555	 0,3777777777777777	 0,31904761904761914	 0,3722222222222222	 0,3507936507936508	        
0,2936507936507937	 0,34841269841269845	 0,33266178266178265	 0,37698412698412703	 0,28095238095238084	 0,3555555555555555	 0,3777777777777777	 0,31904761904761914	 0,3722222222222222	 0,3507936507936508	        
0,2936507936507937	 0,34841269841269845	 0,3278998778998779	 0,37698412698412703	 0,28095238095238084	 0,3555555555555555	 0,3777777777777777	 0,31904761904761914	 0,3722222222222222	 0,3507936507936508	        
0,2936507936507937	 0,34841269841269845	 0,3223443223443223	 0,37698412698412703	 0,28095238095238084	 0,3555555555555555	 0,3777777777777777	 0,31904761904761914	 0,3722222222222222	 0,3507936507936508	        
0,2936507936507937	 0,34841269841269845	 0,3208485958485959	 0,37698412698412703	 0,28095238095238084	 0,3555555555555555	 0,3777777777777777	 0,31904761904761914	 0,3722222222222222	 0,3507936507936508	        
0,2936507936507937	 0,34841269841269845	 0,32213064713064715	 0,37698412698412703	 0,28095238095238084	 0,3555555555555555	 0,3777777777777777	 0,31904761904761914	 0,3722222222222222	 0,3507936507936508	        
0,2936507936507937	 0,34841269841269845	 0,32213064713064715	 0,37698412698412703	 0,28095238095238084	 0,3555555555555555	 0,3777777777777777	 0,31904761904761914	 0,3722222222222222	 0,3507936507936508	        
0,2936507936507937	 0,34841269841269845	 0,32213064713064715	 0,37698412698412703	 0,28095238095238084	 0,3555555555555555	 0,3777777777777777	 0,31904761904761914	 0,36666666666666664	 0,3507936507936508	        
0,2936507936507937	 0,34841269841269845	 0,32213064713064715	 0,37698412698412703	 0,28095238095238084	 0,3555555555555555	 0,3777777777777777	 0,31904761904761914	 0,36666666666666664	 0,3507936507936508	        
0,2936507936507937	 0,34841269841269845	 0,32213064713064715	 0,37698412698412703	 0,28095238095238084	 0,3555555555555555	 0,3777777777777777	 0,31904761904761914	 0,36666666666666664	 0,3507936507936508	        
0,2936507936507937	 0,3428571428571429	 0,32213064713064715	 0,37698412698412703	 0,28095238095238084	 0,35	 0,3777777777777777	 0,31904761904761914	 0,36666666666666664	 0,3507936507936508	        
0,2936507936507937	 0,3428571428571429	 0,32213064713064715	 0,37698412698412703	 0,28095238095238084	 0,35	 0,3777777777777777	 0,31904761904761914	 0,36666666666666664	 0,3507936507936508	        
0,2936507936507937	 0,3428571428571429	 0,32213064713064715	 0,37698412698412703	 0,28095238095238084	 0,35	 0,3777777777777777	 0,31904761904761914	 0,36666666666666664	 0,3507936507936508	        
0,2936507936507937	 0,3428571428571429	 0,32213064713064715	 0,37698412698412703	 0,28095238095238084	 0,35	 0,3777777777777777	 0,31904761904761914	 0,36666666666666664	 0,3507936507936508	        
0,2936507936507937	 0,3428571428571429	 0,32213064713064715	 0,37698412698412703	 0,28095238095238084	 0,3444444444444444	 0,3777777777777777	 0,31904761904761914	 0,36666666666666664	 0,3507936507936508	        
0,2936507936507937	 0,3428571428571429	 0,32213064713064715	 0,37698412698412703	 0,28095238095238084	 0,3444444444444444	 0,3777777777777777	 0,31904761904761914	 0,36666666666666664	 0,3507936507936508	        
0,2936507936507937	 0,3428571428571429	 0,32213064713064715	 0,37698412698412703	 0,28095238095238084	 0,3444444444444444	 0,3777777777777777	 0,31904761904761914	 0,36666666666666664	 0,3507936507936508	        
0,2936507936507937	 0,3428571428571429	 0,32213064713064715	 0,37698412698412703	 0,28095238095238084	 0,3444444444444444	 0,3777777777777777	 0,31904761904761914	 0,36666666666666664	 0,3507936507936508	        
0,2936507936507937	 0,3373015873015873	 0,32213064713064715	 0,37698412698412703	 0,28095238095238084	 0,33888888888888885	 0,3777777777777777	 0,31904761904761914	 0,36666666666666664	 0,3507936507936508	        
0,2936507936507937	 0,3373015873015873	 0,32213064713064715	 0,37698412698412703	 0,28095238095238084	 0,33888888888888885	 0,3777777777777777	 0,31904761904761914	 0,36666666666666664	 0,3507936507936508	        
0,2936507936507937	 0,3373015873015873	 0,32063492063492066	 0,37698412698412703	 0,28095238095238084	 0,33888888888888885	 0,3777777777777777	 0,3230158730158731	 0,36666666666666664	 0,3507936507936508	        
0,2936507936507937	 0,3373015873015873	 0,32063492063492066	 0,37698412698412703	 0,28095238095238084	 0,33888888888888885	 0,3777777777777777	 0,3230158730158731	 0,36666666666666664	 0,3507936507936508	        
0,2936507936507937	 0,3373015873015873	 0,32063492063492066	 0,37698412698412703	 0,28095238095238084	 0,33888888888888885	 0,3777777777777777	 0,3230158730158731	 0,36666666666666664	 0,3507936507936508	        
0,2936507936507937	 0,3373015873015873	 0,3236263736263736	 0,37698412698412703	 0,28095238095238084	 0,33888888888888885	 0,3777777777777777	 0,3230158730158731	 0,36666666666666664	 0,3507936507936508	        
0,2936507936507937	 0,3373015873015873	 0,3236263736263736	 0,37698412698412703	 0,2714285714285713	 0,33888888888888885	 0,3777777777777777	 0,3230158730158731	 0,36666666666666664	 0,3507936507936508	        
0,2936507936507937	 0,3373015873015873	 0,3236263736263736	 0,37698412698412703	 0,2714285714285713	 0,33888888888888885	 0,3777777777777777	 0,3230158730158731	 0,36666666666666664	 0,3507936507936508	        
0,2936507936507937	 0,3373015873015873	 0,3236263736263736	 0,37698412698412703	 0,2714285714285713	 0,33888888888888885	 0,3777777777777777	 0,3230158730158731	 0,36666666666666664	 0,3507936507936508	        
0,2880952380952381	 0,3373015873015873	 0,3236263736263736	 0,37698412698412703	 0,2714285714285713	 0,33888888888888885	 0,3777777777777777	 0,3230158730158731	 0,36666666666666664	 0,3531746031746032	        
0,2880952380952381	 0,3373015873015873	 0,3236263736263736	 0,37698412698412703	 0,2714285714285713	 0,33888888888888885	 0,3777777777777777	 0,3230158730158731	 0,36666666666666664	 0,3531746031746032	        
