0.6225092500092498, 0.6125, 0.5, 0.7777777777777778, 0.0
0.4633284308284306, 0.5454545454545454, 0.0, 0.75, 0.0
0.44199235949235943, 0.5, 0.0, 0.7333333333333334, 0.0
0.42567728567728563, 0.4545454545454546, 0.0, 0.7333333333333334, 0.0
0.3903496503496503, 0.4545454545454546, 0.0, 0.6666666666666667, 0.0
0.36911551411551413, 0.4226190476190476, 0.0, 0.6666666666666667, 0.0
0.3669502719502719, 0.4415584415584416, 0.0, 0.6666666666666667, 0.0
0.3589127539127539, 0.4226190476190476, 0.0, 0.6666666666666667, 0.0
0.3436335886335886, 0.4, 0.0, 0.6666666666666667, 0.0
0.3401076701076702, 0.4, 0.0, 0.6666666666666667, 0.0
0.3442601842601843, 0.41666666666666663, 0.0, 0.6666666666666667, 0.0
0.34106782106782113, 0.41666666666666663, 0.0, 0.6666666666666667, 0.0
0.3483882783882784, 0.4285714285714286, 0.0, 0.6666666666666667, 0.0
0.33910866910866916, 0.4065934065934066, 0.0, 0.6666666666666667, 0.0
0.34150183150183155, 0.4065934065934066, 0.0, 0.6666666666666667, 0.0
0.33227106227106235, 0.3846153846153846, 0.0, 0.6666666666666667, 0.0
0.3396459096459097, 0.4065934065934066, 0.0, 0.6666666666666667, 0.0
0.3372649572649573, 0.4065934065934066, 0.0, 0.6666666666666667, 0.0
0.34282051282051285, 0.4065934065934066, 0.0, 0.6666666666666667, 0.0
0.3424664224664225, 0.3846153846153846, 0.0, 0.6666666666666667, 0.0
0.3411843711843712, 0.3846153846153846, 0.0, 0.6666666666666667, 0.0
0.3304273504273505, 0.3846153846153846, 0.0, 0.6666666666666667, 0.0
0.32896214896214904, 0.3846153846153846, 0.0, 0.6666666666666667, 0.0
0.3304273504273505, 0.3846153846153846, 0.0, 0.6666666666666667, 0.0
0.33531135531135536, 0.3846153846153846, 0.0, 0.6666666666666667, 0.0
0.3367765567765568, 0.3846153846153846, 0.0, 0.6666666666666667, 0.0
0.3390354090354091, 0.3846153846153846, 0.0, 0.6666666666666667, 0.0
0.3390354090354091, 0.3846153846153846, 0.0, 0.6666666666666667, 0.0
0.34177045177045184, 0.4065934065934066, 0.0, 0.6666666666666667, 0.0
0.3430402930402931, 0.4065934065934066, 0.0, 0.6666666666666667, 0.0
0.3430402930402931, 0.4065934065934066, 0.0, 0.6666666666666667, 0.0
0.3443101343101344, 0.4065934065934066, 0.0, 0.6666666666666667, 0.0
0.3430402930402931, 0.4065934065934066, 0.0, 0.6666666666666667, 0.0
0.3430402930402931, 0.4065934065934066, 0.0, 0.6666666666666667, 0.0
0.3393894993894994, 0.3846153846153846, 0.0, 0.6666666666666667, 0.0
0.344945054945055, 0.3846153846153846, 0.16666666666666663, 0.6666666666666667, 0.0
0.33964590964590974, 0.37087912087912084, 0.16666666666666663, 0.6666666666666667, 0.0
0.34018315018315026, 0.37087912087912084, 0.16666666666666663, 0.6666666666666667, 0.0
0.33351648351648355, 0.37087912087912084, 0.0, 0.6666666666666667, 0.0
0.33260073260073264, 0.3571428571428571, 0.0, 0.6666666666666667, 0.0
0.33260073260073264, 0.3571428571428571, 0.0, 0.6666666666666667, 0.0
0.33021978021978027, 0.3571428571428571, 0.0, 0.6666666666666667, 0.0
0.33021978021978027, 0.3571428571428571, 0.0, 0.6666666666666667, 0.0
0.3222832722832723, 0.3571428571428571, 0.0, 0.6666666666666667, 0.0
0.3222832722832723, 0.3571428571428571, 0.0, 0.6666666666666667, 0.0
0.32948717948717954, 0.3571428571428571, 0.0, 0.6666666666666667, 0.0
0.32948717948717954, 0.3571428571428571, 0.0, 0.6666666666666667, 0.0
0.32948717948717954, 0.3571428571428571, 0.0, 0.6666666666666667, 0.0
0.32948717948717954, 0.3571428571428571, 0.0, 0.6666666666666667, 0.0
0.32948717948717954, 0.3571428571428571, 0.0, 0.6666666666666667, 0.0
0.3318681318681319, 0.3571428571428571, 0.0, 0.6666666666666667, 0.0
0.3318681318681319, 0.3571428571428571, 0.0, 0.6666666666666667, 0.0
0.33333333333333337, 0.3571428571428571, 0.0, 0.6666666666666667, 0.0
0.3373015873015873, 0.3571428571428571, 0.0, 0.6666666666666667, 0.0
0.3373015873015873, 0.3571428571428571, 0.0, 0.6666666666666667, 0.0
0.3373015873015873, 0.3571428571428571, 0.0, 0.6666666666666667, 0.0
0.3373015873015873, 0.3571428571428571, 0.0, 0.6666666666666667, 0.0
0.3373015873015873, 0.3571428571428571, 0.0, 0.6666666666666667, 0.0
0.3373015873015873, 0.3571428571428571, 0.0, 0.6666666666666667, 0.0
0.3373015873015873, 0.3571428571428571, 0.0, 0.6666666666666667, 0.0
0.3373015873015873, 0.3571428571428571, 0.0, 0.6666666666666667, 0.0
0.3373015873015873, 0.3571428571428571, 0.0, 0.6666666666666667, 0.0
0.33492063492063495, 0.3571428571428571, 0.0, 0.6666666666666667, 0.0
0.33492063492063495, 0.3571428571428571, 0.0, 0.6666666666666667, 0.0
0.330952380952381, 0.3571428571428571, 0.0, 0.6666666666666667, 0.0
0.330952380952381, 0.3571428571428571, 0.0, 0.6666666666666667, 0.0
0.330952380952381, 0.3571428571428571, 0.0, 0.6666666666666667, 0.0
0.330952380952381, 0.3571428571428571, 0.0, 0.6666666666666667, 0.0
0.330952380952381, 0.3571428571428571, 0.0, 0.6666666666666667, 0.0
0.330952380952381, 0.3571428571428571, 0.0, 0.6666666666666667, 0.0
0.330952380952381, 0.3571428571428571, 0.0, 0.6666666666666667, 0.0
0.330952380952381, 0.3571428571428571, 0.0, 0.6666666666666667, 0.0
0.32857142857142857, 0.3571428571428571, 0.0, 0.6666666666666667, 0.0
0.32857142857142857, 0.3571428571428571, 0.0, 0.6666666666666667, 0.0
0.32857142857142857, 0.3571428571428571, 0.0, 0.6666666666666667, 0.0
0.3325396825396825, 0.3571428571428571, 0.0, 0.6666666666666667, 0.0
0.3365079365079365, 0.3571428571428571, 0.0, 0.6666666666666667, 0.0
0.33095238095238094, 0.3571428571428571, 0.0, 0.6666666666666667, 0.0
0.32936507936507936, 0.3571428571428571, 0.0, 0.6666666666666667, 0.0
0.32936507936507936, 0.3571428571428571, 0.0, 0.6666666666666667, 0.0
0.32936507936507936, 0.3571428571428571, 0.0, 0.6666666666666667, 0.0
0.32936507936507936, 0.3571428571428571, 0.0, 0.6666666666666667, 0.0
0.32936507936507936, 0.3571428571428571, 0.0, 0.6666666666666667, 0.0
0.32936507936507936, 0.3571428571428571, 0.0, 0.6666666666666667, 0.0
0.32936507936507936, 0.3571428571428571, 0.0, 0.6666666666666667, 0.0
0.32936507936507936, 0.3571428571428571, 0.0, 0.6666666666666667, 0.0
0.32936507936507936, 0.3571428571428571, 0.0, 0.6666666666666667, 0.0
0.32936507936507936, 0.3571428571428571, 0.0, 0.6666666666666667, 0.0
0.32936507936507936, 0.3571428571428571, 0.0, 0.6666666666666667, 0.0
0.32936507936507936, 0.3571428571428571, 0.0, 0.6666666666666667, 0.0
0.32936507936507936, 0.3571428571428571, 0.0, 0.6666666666666667, 0.0
0.32936507936507936, 0.3571428571428571, 0.0, 0.6666666666666667, 0.0
0.32936507936507936, 0.3571428571428571, 0.0, 0.6666666666666667, 0.0
0.32936507936507936, 0.3571428571428571, 0.0, 0.6666666666666667, 0.0
0.32936507936507936, 0.3571428571428571, 0.0, 0.6666666666666667, 0.0
0.32936507936507936, 0.3571428571428571, 0.0, 0.6666666666666667, 0.0
0.3238095238095238, 0.3571428571428571, 0.0, 0.6666666666666667, 0.0
0.30714285714285716, 0.3571428571428571, 0.0, 0.4285714285714286, 0.0
0.30714285714285716, 0.3571428571428571, 0.0, 0.4285714285714286, 0.0
0.30714285714285716, 0.3571428571428571, 0.0, 0.4285714285714286, 0.0
0.30714285714285716, 0.3571428571428571, 0.0, 0.4285714285714286, 0.0
0.30714285714285716, 0.3571428571428571, 0.0, 0.4285714285714286, 0.0
0.3031746031746032, 0.3571428571428571, 0.0, 0.4285714285714286, 0.0
0.3031746031746032, 0.3571428571428571, 0.0, 0.4285714285714286, 0.0
0.3031746031746032, 0.3571428571428571, 0.0, 0.4285714285714286, 0.0
0.3031746031746032, 0.3571428571428571, 0.0, 0.4285714285714286, 0.0
0.3031746031746032, 0.3571428571428571, 0.0, 0.4285714285714286, 0.0
0.3031746031746032, 0.3571428571428571, 0.0, 0.4285714285714286, 0.0
0.3031746031746032, 0.3571428571428571, 0.0, 0.4285714285714286, 0.0
0.2936507936507937, 0.3571428571428571, 0.0, 0.4285714285714286, 0.0
0.2936507936507937, 0.3571428571428571, 0.0, 0.4285714285714286, 0.0
0.2936507936507937, 0.3571428571428571, 0.0, 0.4285714285714286, 0.0
0.2936507936507937, 0.3571428571428571, 0.0, 0.4285714285714286, 0.0
0.2936507936507937, 0.3571428571428571, 0.0, 0.4285714285714286, 0.0
0.2936507936507937, 0.3571428571428571, 0.0, 0.4285714285714286, 0.0
0.2936507936507937, 0.3571428571428571, 0.0, 0.4285714285714286, 0.0
0.2936507936507937, 0.3571428571428571, 0.0, 0.4285714285714286, 0.0
0.2936507936507937, 0.3571428571428571, 0.0, 0.4285714285714286, 0.0
0.2936507936507937, 0.3571428571428571, 0.0, 0.4285714285714286, 0.0
0.2936507936507937, 0.3571428571428571, 0.0, 0.4285714285714286, 0.0
0.2936507936507937, 0.3571428571428571, 0.0, 0.4285714285714286, 0.0
0.2936507936507937, 0.3571428571428571, 0.0, 0.4285714285714286, 0.0
0.2936507936507937, 0.3571428571428571, 0.0, 0.4285714285714286, 0.0
0.2936507936507937, 0.3571428571428571, 0.0, 0.4285714285714286, 0.0
0.2936507936507937, 0.3571428571428571, 0.0, 0.4285714285714286, 0.0
0.2936507936507937, 0.3571428571428571, 0.0, 0.4285714285714286, 0.0
0.2936507936507937, 0.3571428571428571, 0.0, 0.4285714285714286, 0.0
0.2936507936507937, 0.3571428571428571, 0.0, 0.4285714285714286, 0.0
0.2936507936507937, 0.3571428571428571, 0.0, 0.4285714285714286, 0.0
0.2936507936507937, 0.3571428571428571, 0.0, 0.4285714285714286, 0.0
0.2936507936507937, 0.3571428571428571, 0.0, 0.4285714285714286, 0.0
0.2936507936507937, 0.3571428571428571, 0.0, 0.4285714285714286, 0.0
0.2936507936507937, 0.3571428571428571, 0.0, 0.4285714285714286, 0.0
0.2936507936507937, 0.3571428571428571, 0.0, 0.4285714285714286, 0.0
0.2936507936507937, 0.3571428571428571, 0.0, 0.4285714285714286, 0.0
0.2928571428571429, 0.3571428571428571, 0.0, 0.4285714285714286, 0.0
0.2928571428571429, 0.3571428571428571, 0.0, 0.4285714285714286, 0.0
0.2928571428571429, 0.3571428571428571, 0.0, 0.4285714285714286, 0.0
0.2928571428571429, 0.3571428571428571, 0.0, 0.4285714285714286, 0.0
0.2928571428571429, 0.3571428571428571, 0.0, 0.4285714285714286, 0.0
0.2928571428571429, 0.3571428571428571, 0.0, 0.4285714285714286, 0.0
0.2928571428571429, 0.3571428571428571, 0.0, 0.4285714285714286, 0.0
0.2928571428571429, 0.3571428571428571, 0.0, 0.4285714285714286, 0.0
0.2928571428571429, 0.3571428571428571, 0.0, 0.4285714285714286, 0.0
0.2928571428571429, 0.3571428571428571, 0.0, 0.4285714285714286, 0.0
0.2928571428571429, 0.3571428571428571, 0.0, 0.4285714285714286, 0.0
0.2928571428571429, 0.3571428571428571, 0.0, 0.4285714285714286, 0.0
0.2928571428571429, 0.3571428571428571, 0.0, 0.4285714285714286, 0.0
0.2928571428571429, 0.3571428571428571, 0.0, 0.4285714285714286, 0.0
0.2928571428571429, 0.3571428571428571, 0.0, 0.4285714285714286, 0.0
0.2928571428571429, 0.3571428571428571, 0.0, 0.4285714285714286, 0.0
0.2928571428571429, 0.3571428571428571, 0.0, 0.4285714285714286, 0.0
0.2928571428571429, 0.3571428571428571, 0.0, 0.4285714285714286, 0.0
0.2928571428571429, 0.3571428571428571, 0.0, 0.4285714285714286, 0.0
0.2928571428571429, 0.3571428571428571, 0.0, 0.4285714285714286, 0.0
0.2928571428571429, 0.3571428571428571, 0.0, 0.4285714285714286, 0.0
0.2928571428571429, 0.3571428571428571, 0.0, 0.4285714285714286, 0.0
0.2936507936507937, 0.3571428571428571, 0.0, 0.4285714285714286, 0.0
0.2936507936507937, 0.3571428571428571, 0.0, 0.4285714285714286, 0.0
0.2936507936507937, 0.3571428571428571, 0.0, 0.4285714285714286, 0.0
0.2936507936507937, 0.3571428571428571, 0.0, 0.4285714285714286, 0.0
0.2936507936507937, 0.3571428571428571, 0.0, 0.4285714285714286, 0.0
0.2936507936507937, 0.3571428571428571, 0.0, 0.4285714285714286, 0.0
0.2936507936507937, 0.3571428571428571, 0.0, 0.4285714285714286, 0.0
0.2936507936507937, 0.3571428571428571, 0.0, 0.4285714285714286, 0.0
0.2936507936507937, 0.3571428571428571, 0.0, 0.4285714285714286, 0.0
0.2936507936507937, 0.3571428571428571, 0.0, 0.4285714285714286, 0.0
0.2936507936507937, 0.3571428571428571, 0.0, 0.4285714285714286, 0.0
0.2936507936507937, 0.3571428571428571, 0.0, 0.4285714285714286, 0.0
0.2936507936507937, 0.3571428571428571, 0.0, 0.4285714285714286, 0.0
0.2936507936507937, 0.3571428571428571, 0.0, 0.4285714285714286, 0.0
0.2936507936507937, 0.3571428571428571, 0.0, 0.4285714285714286, 0.0
0.2936507936507937, 0.3571428571428571, 0.0, 0.4285714285714286, 0.0
0.2936507936507937, 0.3571428571428571, 0.0, 0.4285714285714286, 0.0
0.2936507936507937, 0.3571428571428571, 0.0, 0.4285714285714286, 0.0
0.2936507936507937, 0.3571428571428571, 0.0, 0.4285714285714286, 0.0
0.2936507936507937, 0.3571428571428571, 0.0, 0.4285714285714286, 0.0
0.2936507936507937, 0.3571428571428571, 0.0, 0.4285714285714286, 0.0
0.2936507936507937, 0.3571428571428571, 0.0, 0.4285714285714286, 0.0
0.2936507936507937, 0.3571428571428571, 0.0, 0.4285714285714286, 0.0
0.2936507936507937, 0.3571428571428571, 0.0, 0.4285714285714286, 0.0
0.2936507936507937, 0.3571428571428571, 0.0, 0.4285714285714286, 0.0
0.2936507936507937, 0.3571428571428571, 0.0, 0.4285714285714286, 0.0
0.2936507936507937, 0.3571428571428571, 0.0, 0.4285714285714286, 0.0
0.2936507936507937, 0.3571428571428571, 0.0, 0.4285714285714286, 0.0
0.2936507936507937, 0.3571428571428571, 0.0, 0.4285714285714286, 0.0
0.2936507936507937, 0.3571428571428571, 0.0, 0.4285714285714286, 0.0
0.2936507936507937, 0.3571428571428571, 0.0, 0.4285714285714286, 0.0
0.2936507936507937, 0.3571428571428571, 0.0, 0.4285714285714286, 0.0
0.2936507936507937, 0.3571428571428571, 0.0, 0.4285714285714286, 0.0
0.2936507936507937, 0.3571428571428571, 0.0, 0.4285714285714286, 0.0
0.2936507936507937, 0.3571428571428571, 0.0, 0.4285714285714286, 0.0
0.2936507936507937, 0.3571428571428571, 0.0, 0.4285714285714286, 0.0
0.2936507936507937, 0.3571428571428571, 0.0, 0.4285714285714286, 0.0
0.2936507936507937, 0.3571428571428571, 0.0, 0.4285714285714286, 0.0
0.2936507936507937, 0.3571428571428571, 0.0, 0.4285714285714286, 0.0
0.2936507936507937, 0.3571428571428571, 0.0, 0.4285714285714286, 0.0
0.2936507936507937, 0.3571428571428571, 0.0, 0.4285714285714286, 0.0
0.2880952380952381, 0.3571428571428571, 0.0, 0.4285714285714286, 0.0
0.2880952380952381, 0.3571428571428571, 0.0, 0.4285714285714286, 0.0
