0.5988503626003624, 0.6396103896103895, 0.33333333333333337, 0.8125, 0.0
0.505733988233988, 0.5643939393939393, 0.0, 0.6923076923076923, 0.0
0.436129426129426, 0.5, 0.0, 0.6923076923076923, 0.0
0.4264173326673326, 0.5, 0.0, 0.6428571428571428, 0.0
0.3664980852480852, 0.46153846153846156, 0.0, 0.6428571428571428, 0.0
0.34659396159396155, 0.3961038961038961, 0.0, 0.6428571428571428, 0.0
0.321462703962704, 0.36038961038961037, 0.0, 0.6428571428571428, 0.0
0.319498001998002, 0.3571428571428571, 0.0, 0.6428571428571428, 0.0
0.3178187090687091, 0.3571428571428571, 0.0, 0.6428571428571428, 0.0
0.30854242979242985, 0.3571428571428571, 0.0, 0.6428571428571428, 0.0
0.3024862637362638, 0.3571428571428571, 0.0, 0.6428571428571428, 0.0
0.2885668498168499, 0.3571428571428571, 0.0, 0.6428571428571428, 0.0
0.29505036630036635, 0.3571428571428571, 0.0, 0.6428571428571428, 0.0
0.2967887667887668, 0.3571428571428571, 0.0, 0.6428571428571428, 0.0
0.2945909645909646, 0.3571428571428571, 0.0, 0.6428571428571428, 0.0
0.30112942612942617, 0.3571428571428571, 0.0, 0.6428571428571428, 0.0
0.2988139638139638, 0.3571428571428571, 0.0, 0.6428571428571428, 0.0
0.29159174159174156, 0.3324175824175824, 0.0, 0.6428571428571428, 0.0
0.29111555111555104, 0.3324175824175824, 0.0, 0.6428571428571428, 0.0
0.28944888444888434, 0.3076923076923077, 0.0, 0.6428571428571428, 0.0
0.2777394827394826, 0.3076923076923077, 0.0, 0.6428571428571428, 0.0
0.26311188811188796, 0.3076923076923077, 0.0, 0.6428571428571428, 0.0
0.26311188811188796, 0.3076923076923077, 0.0, 0.6428571428571428, 0.0
0.26311188811188796, 0.3076923076923077, 0.0, 0.6428571428571428, 0.0
0.26311188811188796, 0.3076923076923077, 0.0, 0.6428571428571428, 0.0
0.2614635364635363, 0.3076923076923077, 0.0, 0.6428571428571428, 0.0
0.2614635364635363, 0.3076923076923077, 0.0, 0.6428571428571428, 0.0
0.26695804195804185, 0.3076923076923077, 0.0, 0.6428571428571428, 0.0
0.2666833166833165, 0.3076923076923077, 0.0, 0.6428571428571428, 0.0
0.2666833166833165, 0.3076923076923077, 0.0, 0.6428571428571428, 0.0
0.2666833166833165, 0.3076923076923077, 0.0, 0.6428571428571428, 0.0
0.27025474525474513, 0.3076923076923077, 0.0, 0.6428571428571428, 0.0
0.27581030081030067, 0.3076923076923077, 0.0, 0.6428571428571428, 0.0
0.27835775335775315, 0.3076923076923077, 0.0, 0.6428571428571428, 0.0
0.27835775335775315, 0.3076923076923077, 0.0, 0.6428571428571428, 0.0
0.2802808302808301, 0.3076923076923077, 0.0, 0.6428571428571428, 0.0
0.28192918192918176, 0.3076923076923077, 0.0, 0.6428571428571428, 0.0
0.29145299145299125, 0.3076923076923077, 0.0, 0.6428571428571428, 0.0
0.29474969474969454, 0.3076923076923077, 0.0, 0.6428571428571428, 0.0
0.29639804639804623, 0.3076923076923077, 0.0, 0.6428571428571428, 0.0
0.29639804639804623, 0.3076923076923077, 0.0, 0.6428571428571428, 0.0
0.30360195360195347, 0.3324175824175824, 0.16666666666666663, 0.6428571428571428, 0.0
0.30360195360195347, 0.3324175824175824, 0.16666666666666663, 0.6428571428571428, 0.0
0.30921855921855906, 0.3571428571428571, 0.16666666666666663, 0.6428571428571428, 0.0
0.30921855921855906, 0.3571428571428571, 0.16666666666666663, 0.6428571428571428, 0.0
0.3108669108669107, 0.3571428571428571, 0.16666666666666663, 0.6428571428571428, 0.0
0.31416361416361405, 0.3571428571428571, 0.16666666666666663, 0.6428571428571428, 0.0
0.31416361416361405, 0.3571428571428571, 0.16666666666666663, 0.6428571428571428, 0.0
0.3158119658119657, 0.3571428571428571, 0.16666666666666663, 0.6428571428571428, 0.0
0.3158119658119657, 0.3571428571428571, 0.16666666666666663, 0.6428571428571428, 0.0
0.31416361416361405, 0.3571428571428571, 0.16666666666666663, 0.6428571428571428, 0.0
0.31416361416361405, 0.3571428571428571, 0.16666666666666663, 0.6428571428571428, 0.0
0.31416361416361405, 0.3571428571428571, 0.16666666666666663, 0.6428571428571428, 0.0
0.31416361416361405, 0.3571428571428571, 0.16666666666666663, 0.6428571428571428, 0.0
0.31416361416361405, 0.3571428571428571, 0.16666666666666663, 0.6428571428571428, 0.0
0.31416361416361405, 0.3571428571428571, 0.16666666666666663, 0.6428571428571428, 0.0
0.31416361416361405, 0.3571428571428571, 0.16666666666666663, 0.6428571428571428, 0.0
0.31416361416361405, 0.3571428571428571, 0.16666666666666663, 0.6428571428571428, 0.0
0.31416361416361405, 0.3571428571428571, 0.16666666666666663, 0.6428571428571428, 0.0
0.31416361416361405, 0.3571428571428571, 0.16666666666666663, 0.6428571428571428, 0.0
0.31416361416361405, 0.3571428571428571, 0.16666666666666663, 0.6428571428571428, 0.0
0.30860805860805846, 0.3571428571428571, 0.0, 0.6428571428571428, 0.0
0.3102564102564101, 0.3571428571428571, 0.0, 0.6428571428571428, 0.0
0.3102564102564101, 0.3571428571428571, 0.0, 0.6428571428571428, 0.0
0.31190476190476174, 0.3571428571428571, 0.0, 0.6428571428571428, 0.0
0.31190476190476174, 0.3571428571428571, 0.0, 0.6428571428571428, 0.0
0.31190476190476174, 0.3571428571428571, 0.0, 0.6428571428571428, 0.0
0.31190476190476174, 0.3571428571428571, 0.0, 0.6428571428571428, 0.0
0.31190476190476174, 0.3571428571428571, 0.0, 0.6428571428571428, 0.0
0.31190476190476174, 0.3571428571428571, 0.0, 0.6428571428571428, 0.0
0.31190476190476174, 0.3571428571428571, 0.0, 0.6428571428571428, 0.0
0.31190476190476174, 0.3571428571428571, 0.0, 0.6428571428571428, 0.0
0.31190476190476174, 0.3571428571428571, 0.0, 0.6428571428571428, 0.0
0.31190476190476174, 0.3571428571428571, 0.0, 0.6428571428571428, 0.0
0.31190476190476174, 0.3571428571428571, 0.0, 0.6428571428571428, 0.0
0.31190476190476174, 0.3571428571428571, 0.0, 0.6428571428571428, 0.0
0.31190476190476174, 0.3571428571428571, 0.0, 0.6428571428571428, 0.0
0.31190476190476174, 0.3571428571428571, 0.0, 0.6428571428571428, 0.0
0.31190476190476174, 0.3571428571428571, 0.0, 0.6428571428571428, 0.0
0.31190476190476174, 0.3571428571428571, 0.0, 0.6428571428571428, 0.0
0.31190476190476174, 0.3571428571428571, 0.0, 0.6428571428571428, 0.0
0.31190476190476174, 0.3571428571428571, 0.0, 0.6428571428571428, 0.0
0.31190476190476174, 0.3571428571428571, 0.0, 0.6428571428571428, 0.0
0.31190476190476174, 0.3571428571428571, 0.0, 0.6428571428571428, 0.0
0.31190476190476174, 0.3571428571428571, 0.0, 0.6428571428571428, 0.0
0.31190476190476174, 0.3571428571428571, 0.0, 0.6428571428571428, 0.0
0.31190476190476174, 0.3571428571428571, 0.0, 0.6428571428571428, 0.0
0.31190476190476174, 0.3571428571428571, 0.0, 0.6428571428571428, 0.0
0.31190476190476174, 0.3571428571428571, 0.0, 0.6428571428571428, 0.0
0.31190476190476174, 0.3571428571428571, 0.0, 0.6428571428571428, 0.0
0.31190476190476174, 0.3571428571428571, 0.0, 0.6428571428571428, 0.0
0.31190476190476174, 0.3571428571428571, 0.0, 0.6428571428571428, 0.0
0.31190476190476174, 0.3571428571428571, 0.0, 0.6428571428571428, 0.0
0.31190476190476174, 0.3571428571428571, 0.0, 0.6428571428571428, 0.0
0.3063492063492062, 0.3571428571428571, 0.0, 0.6428571428571428, 0.0
0.3063492063492062, 0.3571428571428571, 0.0, 0.6428571428571428, 0.0
0.3063492063492062, 0.3571428571428571, 0.0, 0.6428571428571428, 0.0
0.3063492063492062, 0.3571428571428571, 0.0, 0.6428571428571428, 0.0
0.30079365079365067, 0.3571428571428571, 0.0, 0.6428571428571428, 0.0
0.30079365079365067, 0.3571428571428571, 0.0, 0.6428571428571428, 0.0
0.30079365079365067, 0.3571428571428571, 0.0, 0.6428571428571428, 0.0
0.30079365079365067, 0.3571428571428571, 0.0, 0.6428571428571428, 0.0
0.30079365079365067, 0.3571428571428571, 0.0, 0.6428571428571428, 0.0
0.30079365079365067, 0.3571428571428571, 0.0, 0.6428571428571428, 0.0
0.30079365079365067, 0.3571428571428571, 0.0, 0.6428571428571428, 0.0
0.27936507936507926, 0.3571428571428571, 0.0, 0.3571428571428571, 0.0
0.27936507936507926, 0.3571428571428571, 0.0, 0.3571428571428571, 0.0
0.27936507936507926, 0.3571428571428571, 0.0, 0.3571428571428571, 0.0
0.27936507936507926, 0.3571428571428571, 0.0, 0.3571428571428571, 0.0
0.27936507936507926, 0.3571428571428571, 0.0, 0.3571428571428571, 0.0
0.27936507936507926, 0.3571428571428571, 0.0, 0.3571428571428571, 0.0
0.27936507936507926, 0.3571428571428571, 0.0, 0.3571428571428571, 0.0
0.27936507936507926, 0.3571428571428571, 0.0, 0.3571428571428571, 0.0
0.27936507936507926, 0.3571428571428571, 0.0, 0.3571428571428571, 0.0
0.27936507936507926, 0.3571428571428571, 0.0, 0.3571428571428571, 0.0
0.27936507936507926, 0.3571428571428571, 0.0, 0.3571428571428571, 0.0
0.27936507936507926, 0.3571428571428571, 0.0, 0.3571428571428571, 0.0
0.27936507936507926, 0.3571428571428571, 0.0, 0.3571428571428571, 0.0
0.27936507936507926, 0.3571428571428571, 0.0, 0.3571428571428571, 0.0
0.27936507936507926, 0.3571428571428571, 0.0, 0.3571428571428571, 0.0
0.27936507936507926, 0.3571428571428571, 0.0, 0.3571428571428571, 0.0
0.27936507936507926, 0.3571428571428571, 0.0, 0.3571428571428571, 0.0
0.27936507936507926, 0.3571428571428571, 0.0, 0.3571428571428571, 0.0
0.27936507936507926, 0.3571428571428571, 0.0, 0.3571428571428571, 0.0
0.27936507936507926, 0.3571428571428571, 0.0, 0.3571428571428571, 0.0
0.27936507936507926, 0.3571428571428571, 0.0, 0.3571428571428571, 0.0
0.27936507936507926, 0.3571428571428571, 0.0, 0.3571428571428571, 0.0
0.27936507936507926, 0.3571428571428571, 0.0, 0.3571428571428571, 0.0
0.27936507936507926, 0.3571428571428571, 0.0, 0.3571428571428571, 0.0
0.27936507936507926, 0.3571428571428571, 0.0, 0.3571428571428571, 0.0
0.27936507936507926, 0.3571428571428571, 0.0, 0.3571428571428571, 0.0
0.27936507936507926, 0.3571428571428571, 0.0, 0.3571428571428571, 0.0
0.27936507936507926, 0.3571428571428571, 0.0, 0.3571428571428571, 0.0
0.27936507936507926, 0.3571428571428571, 0.0, 0.3571428571428571, 0.0
0.27936507936507926, 0.3571428571428571, 0.0, 0.3571428571428571, 0.0
0.27936507936507926, 0.3571428571428571, 0.0, 0.3571428571428571, 0.0
0.27936507936507926, 0.3571428571428571, 0.0, 0.3571428571428571, 0.0
0.27936507936507926, 0.3571428571428571, 0.0, 0.3571428571428571, 0.0
0.27936507936507926, 0.3571428571428571, 0.0, 0.3571428571428571, 0.0
0.27936507936507926, 0.3571428571428571, 0.0, 0.3571428571428571, 0.0
0.27936507936507926, 0.3571428571428571, 0.0, 0.3571428571428571, 0.0
0.27936507936507926, 0.3571428571428571, 0.0, 0.3571428571428571, 0.0
0.27936507936507926, 0.3571428571428571, 0.0, 0.3571428571428571, 0.0
0.27936507936507926, 0.3571428571428571, 0.0, 0.3571428571428571, 0.0
0.27936507936507926, 0.3571428571428571, 0.0, 0.3571428571428571, 0.0
0.27936507936507926, 0.3571428571428571, 0.0, 0.3571428571428571, 0.0
0.27936507936507926, 0.3571428571428571, 0.0, 0.3571428571428571, 0.0
0.27936507936507926, 0.3571428571428571, 0.0, 0.3571428571428571, 0.0
0.27936507936507926, 0.3571428571428571, 0.0, 0.3571428571428571, 0.0
0.27936507936507926, 0.3571428571428571, 0.0, 0.3571428571428571, 0.0
0.27936507936507926, 0.3571428571428571, 0.0, 0.3571428571428571, 0.0
0.2849206349206348, 0.3571428571428571, 0.0, 0.3571428571428571, 0.0
0.2849206349206348, 0.3571428571428571, 0.0, 0.3571428571428571, 0.0
0.2849206349206348, 0.3571428571428571, 0.0, 0.3571428571428571, 0.0
0.2849206349206348, 0.3571428571428571, 0.0, 0.3571428571428571, 0.0
0.2849206349206348, 0.3571428571428571, 0.0, 0.3571428571428571, 0.0
0.2849206349206348, 0.3571428571428571, 0.0, 0.3571428571428571, 0.0
0.28095238095238084, 0.3571428571428571, 0.0, 0.3571428571428571, 0.0
0.28095238095238084, 0.3571428571428571, 0.0, 0.3571428571428571, 0.0
0.28095238095238084, 0.3571428571428571, 0.0, 0.3571428571428571, 0.0
0.28095238095238084, 0.3571428571428571, 0.0, 0.3571428571428571, 0.0
0.28095238095238084, 0.3571428571428571, 0.0, 0.3571428571428571, 0.0
0.28095238095238084, 0.3571428571428571, 0.0, 0.3571428571428571, 0.0
0.28095238095238084, 0.3571428571428571, 0.0, 0.3571428571428571, 0.0
0.28095238095238084, 0.3571428571428571, 0.0, 0.3571428571428571, 0.0
0.28095238095238084, 0.3571428571428571, 0.0, 0.3571428571428571, 0.0
0.28095238095238084, 0.3571428571428571, 0.0, 0.3571428571428571, 0.0
0.28095238095238084, 0.3571428571428571, 0.0, 0.3571428571428571, 0.0
0.28095238095238084, 0.3571428571428571, 0.0, 0.3571428571428571, 0.0
0.28095238095238084, 0.3571428571428571, 0.0, 0.3571428571428571, 0.0
0.28095238095238084, 0.3571428571428571, 0.0, 0.3571428571428571, 0.0
0.28095238095238084, 0.3571428571428571, 0.0, 0.3571428571428571, 0.0
0.28095238095238084, 0.3571428571428571, 0.0, 0.3571428571428571, 0.0
0.28095238095238084, 0.3571428571428571, 0.0, 0.3571428571428571, 0.0
0.28095238095238084, 0.3571428571428571, 0.0, 0.3571428571428571, 0.0
0.28095238095238084, 0.3571428571428571, 0.0, 0.3571428571428571, 0.0
0.28095238095238084, 0.3571428571428571, 0.0, 0.3571428571428571, 0.0
0.28095238095238084, 0.3571428571428571, 0.0, 0.3571428571428571, 0.0
0.28095238095238084, 0.3571428571428571, 0.0, 0.3571428571428571, 0.0
0.28095238095238084, 0.3571428571428571, 0.0, 0.3571428571428571, 0.0
0.28095238095238084, 0.3571428571428571, 0.0, 0.3571428571428571, 0.0
0.28095238095238084, 0.3571428571428571, 0.0, 0.3571428571428571, 0.0
0.28095238095238084, 0.3571428571428571, 0.0, 0.3571428571428571, 0.0
0.28095238095238084, 0.3571428571428571, 0.0, 0.3571428571428571, 0.0
0.28095238095238084, 0.3571428571428571, 0.0, 0.3571428571428571, 0.0
0.28095238095238084, 0.3571428571428571, 0.0, 0.3571428571428571, 0.0
0.28095238095238084, 0.3571428571428571, 0.0, 0.3571428571428571, 0.0
0.28095238095238084, 0.3571428571428571, 0.0, 0.3571428571428571, 0.0
0.28095238095238084, 0.3571428571428571, 0.0, 0.3571428571428571, 0.0
0.28095238095238084, 0.3571428571428571, 0.0, 0.3571428571428571, 0.0
0.28095238095238084, 0.3571428571428571, 0.0, 0.3571428571428571, 0.0
0.28095238095238084, 0.3571428571428571, 0.0, 0.3571428571428571, 0.0
0.28095238095238084, 0.3571428571428571, 0.0, 0.3571428571428571, 0.0
0.28095238095238084, 0.3571428571428571, 0.0, 0.3571428571428571, 0.0
0.28095238095238084, 0.3571428571428571, 0.0, 0.3571428571428571, 0.0
0.2714285714285713, 0.3571428571428571, 0.0, 0.3571428571428571, 0.0
0.2714285714285713, 0.3571428571428571, 0.0, 0.3571428571428571, 0.0
0.2714285714285713, 0.3571428571428571, 0.0, 0.3571428571428571, 0.0
0.2714285714285713, 0.3571428571428571, 0.0, 0.3571428571428571, 0.0
0.2714285714285713, 0.3571428571428571, 0.0, 0.3571428571428571, 0.0
