0.07142857142857142, 0.22222222222222224, 0.05555555555555555, 0.0, , , 0.0, 0.0, , 0.0,        
0.0, 0.0, 0.0, 0.0, , 0.0, 0.25, 0.0, 0.0, 0.0,        
0.0, 0.0, 0.0, 0.0, , , 0.0, , 0.0, 0.4,        
0.07142857142857142, 0.0, 0.05555555555555555, 0.0, , , 0.0, 0.0, 0.0, 0.0,        
0.08333333333333333, 0.0, 0.0, 0.0, , , 0.0, 0.0, 0.5, 0.0,        
0.0, 0.0, 0.0, 0.0, , 0.0, 0.0, , , 0.0,        
0.0, 0.16666666666666666, 0.0, 0.0, , , 0.5, 0.0, 0.0, 0.0,        
0.08333333333333334, 0.0, 0.0, 0.0, , , 0.0, 0.0, 0.0, 0.0,        
0.0, 0.0, 0.0, 0.0, , 0.0, 0.0, 0.0, 0.0, 0.0,        
0.05555555555555555, 0.0, 0.05, 0.0, , 0.0, 0.0, 0.0, , 0.0,        
0.0, 0.25, 0.05, , , 0.0, 0.0, 0.5, , 0.0,        
0.0, 0.0, 0.09090909090909091, 0.16666666666666666, , , 0.0, 0.0, 0.0, 0.0,        
0.0, 0.0, 0.0, 0.0, , 0.0, 0.25, 0.0, , 0.0,        
0.16666666666666666, 0.0, 0.060606060606060615, 0.16666666666666666, , 0.0, 0.0, 0.0, 0.25, 0.0,        
0.0, 0.0, 0.0, 0.0, , , 0.0, 0.5, , 0.0,        
0.0, 0.0, 0.08, 0.0, , , 0.0, , 0.0, 0.0,        
0.05, 0.0, 0.0, , , 0.0, 0.0, 0.0, 0.5, 0.0,        
0.0, 0.16666666666666666, 0.0, 0.0, , , , 0.5, 0.0, 0.0,        
0.1, 0.0, 0.0625, 0.0, , , , 0.5, 0.5, 0.5,        
0.0, 0.0, 0.0, 0.5, , 0.0, , 0.0, , 0.0,        
0.0, 0.0, 0.0625, 0.25, , 0.0, 0.0, 0.5, 0.0, 0.0,        
0.0, , 0.0, 0.0, , , 0.0, , 0.0 0.0        
0.0, 0.25, 0.1111111111111111, 0.0, , , 0.0, 0.0, 0.0, 0.0,        
0.0, 0.0, 0.0, , , , 0.0, 0.0, 0.0, 0.0,        
0.0, 0.125, 0.0, , , , 0.0, 0.0, 0.4, 0.5,        
0.0, 0.1, 0.0, , , 0.5, 0.0, 0.0, , 0.5,        
0.0, 0.0, 0.0, , , , 0.0, 0.5, , 0.0        
0.0, 0.0, 0.045454545454545456, 0.0, , 0.5, 0.0, 0.0, 0.0, 0.0,        
0.0, 0.0, 0.0, , , 0.0, 0.0, 0.0, , 0.5,        
0.0, 0.0, 0.0, 0.16666666666666666, , 0.0, 0.0, 0.0, 0.0, 0.0,        
0.0, 0.0, 0.0, , 0.5, , 0.0, 0.0, , 0.5,        
0.05714285714285715, 0.0, 0.05555555555555555, 0.0, , 0.0, 0.0, 0.0, , 0.0,        
0.08333333333333333, 0.0, 0.0, 0.25, , 0.0, , 0.0, 0.0, 0.0,        
0.16666666666666666, 0.0, 0.125, 0.0, , 0.5, 0.25, 0.0, 0.5, 0.0,        
0.1, 0.0, 0.0, 0.0, , 0.0, 0.25, 0.25, , 0.0,        
0.08333333333333333, 0.25, 0.0, 0.0, , 0.5, , 0.0, 0.0, 0.0,        
0.0, 0.0, 0.05, 0.16666666666666666, , 0.0, 0.0, 0.0, 0.25, 0.0,        
0.0, 0.25, 0.125, 0.0, , , 0.0, 0.0, , 0.0,        
0.0, 0.0, 0.0, 0.0, , 0.0, , 0.0, 0.0, ,        
0.0, 0.25, 0.0, 0.0, , 0.0, 0.0, 0.5, 0.0, 0.0,        
0.0, 0.14285714285714285, 0.0, 0.0, , , 0.0, 0.0, , 0.0,        
0.0, 0.125, 0.05, 0.0, , , 0.0, , 0.5, 0.0,        
0.0, 0.0, 0.08333333333333333, 0.25, , 0.5, 0.0, 0.0, 0.5, 0.0,        
0.08333333333333333, 0.3333333333333333, 0.0, 0.0, 0.5, , 0.0, 0.0, 0.0, 0.0,        
0.0, 0.16666666666666666, 0.07142857142857142, 0.0, , , 0.0, 0.0, 0.0, 0.0,        
0.0, 0.0, 0.07142857142857142, 0.08, , 0.0, 0.25, 0.0, , 0.0,        
0.0, 0.0, 0.0, 0.16666666666666666, , 0.0, 0.0, 0.0, 0.0, 0.0,        
0.0, , 0.0, 0.0, , , 0.0, 0.0, 0.5, 0.0,        
0.0, 0.0, 0.0, 0.0, , , 0.0, , 0.0, 0.5,        
0.14285714285714285, , 0.0, 0.0, , 0.0, 0.0, 0.0, 0.0, 0.0,        
0.0, 0.0, 0.0, 0.0, , 0.0, , 0.0, 0.5, 0.0,        
0.0, 0.2916666666666667, 0.0, 0.0, , 0.0, 0.0, 0.5, 0.0, 0.0,        
0.0, 0.3333333333333333, 0.0, 0.0, , 0.25, 0.0, 0.0, , 0.0,        
0.0, 0.125, 0.0, , 0.4, , 0.0, 0.0, , 0.0,        
0.0, 0.16666666666666666, 0.0, 0.0, , , 0.0, 0.0, 0.0, 0.0,        
0.1, 0.125, 0.05555555555555555, 0.26666666666666666, 0.0, , 0.0, , 0.0, 0.0,        
0.0625, 0.0, 0.0, 0.0, , 0.0, 0.25, 0.0, 0.25, 0.0,        
0.0, 0.125, 0.0, 0.0, , , 0.5, 0.0, 0.0, 0.0,        
0.0, 0.0, 0.125, 0.0, , 0.5, 0.0, 0.0, 0.4, 0.0,        
0.05555555555555555, 0.0, 0.1, 0.0, , 0.0, 0.0, 0.5, , 0.0,        
0.0, 0.0, 0.0625, 0.0, , , 0.0, 0.0, 0.5, 0.0,        
0.0, 0.0, 0.0, 0.0, , , 0.0, 0.0, 0.0, 0.0,        
0.0625, 0.0, 0.15, 0.0, , 0.0, 0.0, 0.0, , 0.0,        
0.16666666666666666, 0.25, 0.0, 0.0, , 0.0, 0.0, , , 0.5,        
0.16666666666666666, 0.0, 0.0625, 0.0, , 0.0, 0.5, 0.0, , 0.0,        
0.0, 0.0, 0.07692307692307693, 0.0, , , 0.0, 0.0, , 0.0,        
0.0, 0.0, 0.0, 0.0, , 0.5, 0.0, 0.0, , 0.0,        
0.0, 0.125, 0.0, 0.0, 0.5, , , 0.0, 0.0, 0.0,        
0.0, 0.16666666666666666, 0.0, 0.25, , 0.5, 0.0, 0.0, 0.25, 0.0,        
0.0, 0.5, 0.0, 0.16666666666666666, , , 0.0, 0.0, , 0.0,        
0.0, 0.0, 0.060606060606060615, , , , 0.0, , 0.0,         
0.0, 0.25, 0.05, 0.125, , 0.0, 0.0, , , 0.5,        
0.0, 0.0, 0.0, 0.0, , , 0.0, 0.0, , 0.5,        
0.0, 0.16666666666666666, 0.1, , , , 0.5, , 0.0 0.0        
0.0, 0.0, 0.0, 0.0, , , 0.0, 0.0, 0.0, 0.0,        
0.125, 0.1, 0.0, , 0.5, 0.0, 0.5, 0.0, 0.0, 0.0,        
0.125, 0.08333333333333333, 0.08333333333333333, 0.0, , 0.0, 0.0, 0.0, , 0.0,        
0.0, , 0.0, 0.0, , , , 0.0 0.0 0.0        
0.0, 0.0, 0.0625, 0.0, 0.5, , 0.0, 0.0, 0.0, 0.0,        
0.0, 0.0, 0.1, 0.16666666666666666, , , , 0.0, 0.5, 0.0,        
0.09090909090909091, 0.0, 0.05, 0.16666666666666666, , , 0.0, 0.0, 0.4, 0.0,        
0.0, 0.16666666666666666, 0.0, 0.0, , , 0.0, 0.0, 0.0, 0.0,        
0.0, 0.0, 0.0, 0.0, , 0.0, 0.0, 0.0, 0.0, 0.0,        
0.0, 0.16666666666666666, 0.5, 0.0, , 0.0, 0.0, , 0.0, 0.0,        
0.0, 0.3333333333333333, 0.0, 0.16666666666666666, , , 0.0, 0.0, 0.0, 0.0,        
0.0, , 0.0, 0.0, , , 0.5, 0.0, , 0.0        
0.0, 0.0, 0.0, 0.0, , , 0.0, 0.0, , 0.5,        
0.0, 0.125, 0.0, 0.16666666666666666, , 0.5, 0.25, 0.0, , 0.0,        
0.1, 0.0, 0.0, , , , 0.5, 0.0, 0.5, 0.0,        
0.125, 0.0, 0.0625, 0.0, , , 0.0, 0.0, , 0.0,        
0.125, 0.0, 0.12727272727272726, 0.16666666666666666, , 0.0, 0.25, 0.0, , 0.0,        
0.1, 0.25, 0.0, 0.0, , , 0.0, 0.0, , 0.0,        
0.1111111111111111, 0.0, 0.0, 0.0, , 0.0, 0.0, 0.25, 0.0, 0.0,        
0.35, 0.5, 0.0, 0.0, , 0.25, 0.0, 0.0, 0.0, 0.0,        
0.0, 0.125, 0.0, 0.0, , , 0.0, 0.0, , 0.0,        
0.0, 0.0, 0.0, 0.0, , 0.0, 0.5, 0.0, , 0.0,        
0.05, 0.45, 0.07142857142857142, 0.2, , , 0.5, , , 0.0        
0.0, 0.0, 0.0, 0.0, , , 0.0, 0.0, 0.0, 0.0,        
0.18, 0.0, 0.0, 0.0, , , 0.0, 0.0, 0.0, 0.0,        
0.1, 0.0, 0.1111111111111111, 0.0, 0.5, , 0.25, , 0.0, 0.0,        
