0.6428571428571428, 0.6428571428571428, 0.5714285714285714, 0.7142857142857143, 0.0
0.5714285714285714, 0.5714285714285714, 0.5714285714285714, 0.5714285714285714, 0.0
0.5982142857142857, 0.5982142857142857, 0.5714285714285714, 0.625, 0.0
0.5982142857142857, 0.5982142857142857, 0.5714285714285714, 0.625, 0.0
0.625, 0.625, 0.625, 0.625, 0.625
0.5982142857142857, 0.5982142857142857, 0.5714285714285714, 0.625, 0.0
0.5714285714285714, 0.5714285714285714, 0.5714285714285714, 0.5714285714285714, 0.5714285714285714
0.5714285714285714, 0.5714285714285714, 0.5714285714285714, 0.5714285714285714, 0.0
0.5714285714285714, 0.5714285714285714, 0.5714285714285714, 0.5714285714285714, 0.0
0.5, 0.5, 0.5, 0.5, 0.5
 , , , , 
0.5988095238095238, 0.6, 0.5714285714285714, 0.625, 0.0
0.5714285714285714, 0.5714285714285714, 0.5714285714285714, 0.5714285714285714, 0.0
0.5238095238095238, 0.5, 0.5, 0.5714285714285714, 0.0
0.5821428571428571, 0.5714285714285714, 0.5714285714285714, 0.625, 0.0
0.5892857142857143, 0.5714285714285714, 0.5714285714285714, 0.625, 0.0
 , , , , 
0.5714285714285714, 0.5714285714285714, 0.5714285714285714, 0.5714285714285714, 0.0
0.5848214285714286, 0.5714285714285714, 0.5714285714285714, 0.625, 0.0
0.6666666666666667, 0.6666666666666667, 0.6666666666666667, 0.6666666666666667, 0.6666666666666667
0.6190476190476191, 0.6190476190476191, 0.5714285714285714, 0.6666666666666667, 0.0
0.611441798941799, 0.625, 0.5555555555555556, 0.6666666666666667, 0.0
0.5714285714285714, 0.5714285714285714, 0.5714285714285714, 0.5714285714285714, 0.5714285714285714
 , , , , 
 , , , , 
 , , , , 
 , , , , 
0.6666666666666667, 0.6666666666666667, 0.6666666666666667, 0.6666666666666667, 0.6666666666666667
 , , , , 
0.6031746031746031, 0.5714285714285714, 0.5714285714285714, 0.6666666666666667, 0.0
 , , , , 
0.5892857142857143, 0.5714285714285714, 0.5714285714285714, 0.625, 0.0
0.5625, 0.5625, 0.5, 0.625, 0.0
0.5714285714285714, 0.5714285714285714, 0.5714285714285714, 0.5714285714285714, 0.5714285714285714
0.625, 0.625, 0.625, 0.625, 0.625
0.5892857142857143, 0.5714285714285714, 0.5714285714285714, 0.625, 0.0
0.5988095238095238, 0.6, 0.5714285714285714, 0.625, 0.0
0.625, 0.625, 0.625, 0.625, 0.625
0.5714285714285714, 0.5714285714285714, 0.5714285714285714, 0.5714285714285714, 0.5714285714285714
0.5714285714285714, 0.5714285714285714, 0.5714285714285714, 0.5714285714285714, 0.5714285714285714
0.5714285714285714, 0.5714285714285714, 0.5714285714285714, 0.5714285714285714, 0.5714285714285714
0.5982142857142857, 0.5982142857142857, 0.5714285714285714, 0.625, 0.0
0.6190476190476191, 0.6190476190476191, 0.5714285714285714, 0.6666666666666667, 0.0
0.5982142857142857, 0.5982142857142857, 0.5714285714285714, 0.625, 0.0
0.625, 0.625, 0.625, 0.625, 0.625
0.5928571428571429, 0.5714285714285714, 0.5714285714285714, 0.625, 0.0
0.580952380952381, 0.5714285714285714, 0.5714285714285714, 0.6, 0.0
0.6031746031746031, 0.5714285714285714, 0.5714285714285714, 0.6666666666666667, 0.0
0.5714285714285714, 0.5714285714285714, 0.5714285714285714, 0.5714285714285714, 0.0
0.625, 0.625, 0.625, 0.625, 0.0
0.5654761904761905, 0.5714285714285714, 0.5, 0.625, 0.0
0.625, 0.625, 0.625, 0.625, 0.0
0.5892857142857143, 0.5714285714285714, 0.5714285714285714, 0.625, 0.0
 , , , , 
0.5904761904761905, 0.5714285714285714, 0.5714285714285714, 0.6666666666666667, 0.0
0.6071428571428571, 0.625, 0.5714285714285714, 0.625, 0.0
0.5988095238095238, 0.6, 0.5714285714285714, 0.625, 0.0
0.625, 0.625, 0.625, 0.625, 0.0
0.625, 0.625, 0.625, 0.625, 0.625
0.625, 0.625, 0.625, 0.625, 0.0
0.5669642857142857, 0.5714285714285714, 0.5, 0.625, 0.0
0.625, 0.625, 0.625, 0.625, 0.0
0.5714285714285714, 0.5714285714285714, 0.5714285714285714, 0.5714285714285714, 0.5714285714285714
0.5982142857142857, 0.5982142857142857, 0.5714285714285714, 0.625, 0.0
0.5714285714285714, 0.5714285714285714, 0.5714285714285714, 0.5714285714285714, 0.5714285714285714
0.621031746031746, 0.625, 0.5714285714285714, 0.6666666666666667, 0.0
0.5714285714285714, 0.5714285714285714, 0.5714285714285714, 0.5714285714285714, 0.0
0.6125, 0.6125, 0.6, 0.625, 0.0
0.6349206349206349, 0.6349206349206349, 0.5555555555555556, 0.7142857142857143, 0.0
0.5988095238095238, 0.6, 0.5714285714285714, 0.625, 0.0
 , , , , 
0.6086309523809523, 0.5982142857142857, 0.5714285714285714, 0.6666666666666667, 0.0
0.5982142857142857, 0.5982142857142857, 0.5714285714285714, 0.625, 0.0
 , , , , 
0.625, 0.625, 0.625, 0.625, 0.625
 , , , , 
0.5982142857142857, 0.5982142857142857, 0.5714285714285714, 0.625, 0.0
0.625, 0.625, 0.625, 0.625, 0.625
0.5714285714285714, 0.5714285714285714, 0.5714285714285714, 0.5714285714285714, 0.5714285714285714
0.580952380952381, 0.5714285714285714, 0.5714285714285714, 0.6, 0.0
0.5476190476190476, 0.5714285714285714, 0.5, 0.5714285714285714, 0.0
0.5714285714285714, 0.5714285714285714, 0.5714285714285714, 0.5714285714285714, 0.0
0.6071428571428571, 0.625, 0.5714285714285714, 0.625, 0.0
0.5848214285714286, 0.5714285714285714, 0.5714285714285714, 0.625, 0.0
0.5988095238095238, 0.6, 0.5714285714285714, 0.625, 0.0
0.5892857142857143, 0.5714285714285714, 0.5714285714285714, 0.625, 0.0
0.5714285714285714, 0.5714285714285714, 0.5714285714285714, 0.5714285714285714, 0.5714285714285714
0.621031746031746, 0.625, 0.5714285714285714, 0.6666666666666667, 0.0
 , , , , 
0.5982142857142857, 0.5982142857142857, 0.5714285714285714, 0.625, 0.0
0.580952380952381, 0.5714285714285714, 0.5714285714285714, 0.6, 0.0
0.5714285714285714, 0.5714285714285714, 0.5714285714285714, 0.5714285714285714, 0.5714285714285714
0.5, 0.5, 0.5, 0.5, 0.5
0.5714285714285714, 0.5714285714285714, 0.5714285714285714, 0.5714285714285714, 0.5714285714285714
0.5714285714285714, 0.5714285714285714, 0.5714285714285714, 0.5714285714285714, 0.0
0.5892857142857143, 0.5714285714285714, 0.5714285714285714, 0.625, 0.0
0.6190476190476191, 0.6190476190476191, 0.5714285714285714, 0.6666666666666667, 0.0
0.6071428571428571, 0.625, 0.5714285714285714, 0.625, 0.0
0.5714285714285714, 0.5714285714285714, 0.5714285714285714, 0.5714285714285714, 0.5714285714285714
0.5892857142857143, 0.5714285714285714, 0.5714285714285714, 0.625, 0.0
