0.5901131276131277, 0.6, 0.0, 0.7777777777777778, 0.0
0.5844491156991158, 0.6, 0.19999999999999996, 0.7777777777777778, 0.0
0.5380412411662411, 0.5714285714285714, 0.19999999999999996, 0.7692307692307692, 0.0
0.5263833851333853, 0.5454545454545454, 0.19999999999999996, 0.7692307692307692, 0.0
0.5107880082880086, 0.5384615384615384, 0.0, 0.7692307692307692, 0.0
0.5025074000074004, 0.5384615384615384, 0.0, 0.7692307692307692, 0.0
0.5022473822473825, 0.5384615384615384, 0.0, 0.7692307692307692, 0.0
0.49105482480482526, 0.5, 0.0, 0.7692307692307692, 0.0
0.49192895067895115, 0.5, 0.0, 0.7692307692307692, 0.0
0.48808640433640477, 0.5, 0.0, 0.7333333333333334, 0.0
0.48718896843896875, 0.5, 0.0, 0.7333333333333334, 0.0
0.4925655363155367, 0.5, 0.0, 0.7333333333333334, 0.0
0.49082200207200244, 0.5, 0.0, 0.7333333333333334, 0.0
0.491346477596478, 0.5, 0.0, 0.7333333333333334, 0.0
0.5009929422429427, 0.5, 0.19999999999999996, 0.7333333333333334, 0.0
0.49872853997854044, 0.5, 0.19999999999999996, 0.7333333333333334, 0.0
0.4968298830798835, 0.5, 0.19999999999999996, 0.7333333333333334, 0.0
0.49103394290894326, 0.5, 0.19999999999999996, 0.7333333333333334, 0.0
0.49194032819032857, 0.5, 0.19999999999999996, 0.7333333333333334, 0.0
0.48698764198764233, 0.5, 0.19999999999999996, 0.7333333333333334, 0.0
0.48198764198764227, 0.5, 0.19999999999999996, 0.7333333333333334, 0.0
0.47995772745772775, 0.5, 0.19999999999999996, 0.7333333333333334, 0.0
0.4693228068228071, 0.5, 0.16666666666666663, 0.7333333333333334, 0.0
0.471245883745884, 0.5, 0.16666666666666663, 0.7333333333333334, 0.0
0.47124588374588405, 0.5, 0.16666666666666663, 0.7333333333333334, 0.0
0.46291255041255075, 0.5, 0.16666666666666663, 0.7333333333333334, 0.0
0.4641030266030269, 0.5, 0.16666666666666663, 0.7333333333333334, 0.0
0.4633704258704261, 0.5, 0.16666666666666663, 0.7333333333333334, 0.0
0.4634620009620012, 0.5, 0.16666666666666663, 0.7333333333333334, 0.0
0.46310485810485835, 0.5, 0.16666666666666663, 0.7333333333333334, 0.0
0.4619143819143821, 0.5, 0.16666666666666663, 0.7333333333333334, 0.0
0.46255540755540775, 0.5, 0.16666666666666663, 0.7333333333333334, 0.0
0.4625493025493027, 0.5, 0.16666666666666663, 0.7333333333333334, 0.0
0.4625493025493027, 0.5, 0.16666666666666663, 0.7333333333333334, 0.0
0.45921596921596936, 0.5, 0.0, 0.7333333333333334, 0.0
0.45921596921596936, 0.5, 0.0, 0.7333333333333334, 0.0
0.45802549302549317, 0.5, 0.0, 0.7333333333333334, 0.0
0.4568350168350169, 0.5, 0.0, 0.7333333333333334, 0.0
0.4417027417027418, 0.5, 0.0, 0.7333333333333334, 0.0
0.4417027417027418, 0.5, 0.0, 0.7333333333333334, 0.0
0.4405122655122656, 0.5, 0.0, 0.7333333333333334, 0.0
0.4405122655122656, 0.5, 0.0, 0.7333333333333334, 0.0
0.4405122655122656, 0.5, 0.0, 0.7333333333333334, 0.0
0.44273448773448787, 0.5, 0.0, 0.7333333333333334, 0.0
0.4415440115440116, 0.5, 0.0, 0.7333333333333334, 0.0
0.44035353535353544, 0.5, 0.0, 0.7333333333333334, 0.0
0.4441630591630592, 0.5, 0.0, 0.7333333333333334, 0.0
0.44535353535353545, 0.5, 0.0, 0.7333333333333334, 0.0
0.4441630591630592, 0.5, 0.0, 0.7333333333333334, 0.0
0.4441630591630592, 0.5, 0.0, 0.7333333333333334, 0.0
0.4441630591630592, 0.5, 0.0, 0.7333333333333334, 0.0
0.4369408369408371, 0.5, 0.0, 0.7333333333333334, 0.0
0.4369408369408371, 0.5, 0.0, 0.7333333333333334, 0.0
0.4369408369408371, 0.5, 0.0, 0.7333333333333334, 0.0
0.43519480519480525, 0.5, 0.0, 0.7333333333333334, 0.0
0.43519480519480525, 0.5, 0.0, 0.7333333333333334, 0.0
0.43519480519480525, 0.5, 0.0, 0.7333333333333334, 0.0
0.43519480519480525, 0.5, 0.0, 0.7333333333333334, 0.0
0.4340043290043291, 0.5, 0.0, 0.7333333333333334, 0.0
0.4257503607503608, 0.5, 0.0, 0.5714285714285714, 0.0
0.4245598845598846, 0.5, 0.0, 0.5714285714285714, 0.0
0.4128138528138529, 0.5, 0.0, 0.5714285714285714, 0.0
0.4122582972582974, 0.5, 0.0, 0.5714285714285714, 0.0
0.4122582972582974, 0.5, 0.0, 0.5714285714285714, 0.0
0.4122582972582974, 0.5, 0.0, 0.5714285714285714, 0.0
0.4150360750360751, 0.5, 0.0, 0.5714285714285714, 0.0
0.4150360750360751, 0.5, 0.0, 0.5714285714285714, 0.0
0.4150360750360751, 0.5, 0.0, 0.5714285714285714, 0.0
0.4150360750360751, 0.5, 0.0, 0.5714285714285714, 0.0
0.4122582972582974, 0.5, 0.0, 0.5714285714285714, 0.0
0.4122582972582974, 0.5, 0.0, 0.5714285714285714, 0.0
0.41106782106782114, 0.5, 0.0, 0.5714285714285714, 0.0
0.41106782106782114, 0.5, 0.0, 0.5714285714285714, 0.0
0.40749639249639263, 0.46060606060606063, 0.0, 0.5714285714285714, 0.0
0.406861471861472, 0.4415584415584416, 0.0, 0.5714285714285714, 0.0
0.406861471861472, 0.4415584415584416, 0.0, 0.5714285714285714, 0.0
0.40805194805194817, 0.4772727272727273, 0.0, 0.5714285714285714, 0.0
0.4056709956709958, 0.4285714285714286, 0.0, 0.5714285714285714, 0.0
0.40448051948051955, 0.4285714285714286, 0.0, 0.5714285714285714, 0.0
0.40448051948051955, 0.4285714285714286, 0.0, 0.5714285714285714, 0.0
0.40448051948051955, 0.4285714285714286, 0.0, 0.5714285714285714, 0.0
0.4056709956709958, 0.4285714285714286, 0.0, 0.5714285714285714, 0.0
0.4056709956709958, 0.4285714285714286, 0.0, 0.5714285714285714, 0.0
0.4056709956709958, 0.4285714285714286, 0.0, 0.5714285714285714, 0.0
0.40448051948051955, 0.4285714285714286, 0.0, 0.5714285714285714, 0.0
0.4056709956709958, 0.4285714285714286, 0.0, 0.5714285714285714, 0.0
0.40606782106782113, 0.4415584415584416, 0.0, 0.5714285714285714, 0.0
0.40884559884559896, 0.4772727272727273, 0.0, 0.5714285714285714, 0.0
0.40884559884559896, 0.4772727272727273, 0.0, 0.5714285714285714, 0.0
0.4092424242424243, 0.5, 0.0, 0.5714285714285714, 0.0
0.4092424242424243, 0.5, 0.0, 0.5714285714285714, 0.0
0.4104329004329005, 0.5, 0.0, 0.5714285714285714, 0.0
0.4104329004329005, 0.5, 0.0, 0.5714285714285714, 0.0
0.4104329004329005, 0.5, 0.0, 0.5714285714285714, 0.0
0.4104329004329005, 0.5, 0.0, 0.5714285714285714, 0.0
0.4128138528138529, 0.5, 0.0, 0.5714285714285714, 0.0
0.4128138528138529, 0.5, 0.0, 0.5714285714285714, 0.0
0.4128138528138529, 0.5, 0.0, 0.5714285714285714, 0.0
0.4122582972582973, 0.5, 0.0, 0.5714285714285714, 0.0
0.4122582972582973, 0.5, 0.0, 0.5714285714285714, 0.0
