0.5712591071782251, 0.6201923076923077, 0.0, 0.8125, 0.0
0.5574009745700924, 0.5714285714285714, 0.19999999999999996, 0.8125, 0.0
0.5337250671441852, 0.5384615384615384, 0.19999999999999996, 0.8125, 0.0
0.5107248960190139, 0.5358974358974359, 0.19999999999999996, 0.7647058823529411, 0.0
0.5153032343473523, 0.5166666666666666, 0.19999999999999996, 0.7647058823529411, 0.0
0.5171591562032742, 0.5, 0.19999999999999996, 0.7647058823529411, 0.0
0.5133929224370406, 0.5166666666666666, 0.19999999999999996, 0.7647058823529411, 0.0
0.5104396257337439, 0.5, 0.19999999999999996, 0.7647058823529411, 0.0
0.5120874223815405, 0.5333333333333333, 0.19999999999999996, 0.7647058823529411, 0.0
0.508461048755167, 0.5, 0.19999999999999996, 0.7647058823529411, 0.0
0.5006313784254965, 0.5, 0.19999999999999996, 0.7647058823529411, 0.0
0.49402576181987984, 0.5, 0.19999999999999996, 0.7647058823529411, 0.0
0.48745677525089326, 0.5, 0.19999999999999996, 0.7647058823529411, 0.0
0.4913769522960703, 0.5, 0.19999999999999996, 0.7647058823529411, 0.0
0.48967289246701046, 0.5, 0.19999999999999996, 0.7647058823529411, 0.0
0.4898278069969251, 0.5, 0.19999999999999996, 0.7647058823529411, 0.0
0.49473317940229755, 0.5, 0.19999999999999996, 0.7647058823529411, 0.0
0.481190610859729, 0.5, 0.19999999999999996, 0.7647058823529411, 0.0
0.46840277777777817, 0.5, 0.19999999999999996, 0.6923076923076923, 0.0
0.4633348595848599, 0.5, 0.16666666666666663, 0.6923076923076923, 0.0
0.4622909035409039, 0.5, 0.16666666666666663, 0.6923076923076923, 0.0
0.45754731379731417, 0.5, 0.16666666666666663, 0.6923076923076923, 0.0
0.4478647741147745, 0.48333333333333334, 0.16666666666666663, 0.6666666666666667, 0.0
0.4434752747252751, 0.48333333333333334, 0.16666666666666663, 0.6666666666666667, 0.0
0.44594780219780256, 0.48333333333333334, 0.16666666666666663, 0.6666666666666667, 0.0
0.44842032967033, 0.5, 0.16666666666666663, 0.6666666666666667, 0.0
0.44842032967033, 0.5, 0.16666666666666663, 0.6666666666666667, 0.0
0.44779151404151446, 0.5, 0.16666666666666663, 0.6666666666666667, 0.0
0.4422359584859589, 0.48333333333333334, 0.16666666666666663, 0.6666666666666667, 0.0
0.442333638583639, 0.48333333333333334, 0.16666666666666663, 0.6666666666666667, 0.0
0.44233363858363905, 0.4666666666666667, 0.16666666666666663, 0.6666666666666667, 0.0
0.4446291208791214, 0.48333333333333334, 0.16666666666666663, 0.6666666666666667, 0.0
0.44573412698412745, 0.48333333333333334, 0.16666666666666663, 0.6666666666666667, 0.0
0.445178571428572, 0.4666666666666667, 0.16666666666666663, 0.6666666666666667, 0.0
0.445178571428572, 0.4666666666666667, 0.16666666666666663, 0.6666666666666667, 0.0
0.4445436507936513, 0.4666666666666667, 0.16666666666666663, 0.6666666666666667, 0.0
0.4469246031746037, 0.48333333333333334, 0.16666666666666663, 0.6666666666666667, 0.0
0.44701007326007375, 0.5, 0.16666666666666663, 0.6666666666666667, 0.0
0.4420161782661788, 0.5, 0.16666666666666663, 0.6666666666666667, 0.0
0.44154609279609325, 0.5, 0.16666666666666663, 0.6666666666666667, 0.0
0.440355616605617, 0.5, 0.16666666666666663, 0.6666666666666667, 0.0
0.4398000610500615, 0.5, 0.16666666666666663, 0.6666666666666667, 0.0
0.4398000610500615, 0.5, 0.16666666666666663, 0.6666666666666667, 0.0
0.4398794261294265, 0.5, 0.16666666666666663, 0.6666666666666667, 0.0
0.4393238705738709, 0.5, 0.16666666666666663, 0.6666666666666667, 0.0
0.4332127594627597, 0.5, 0.16666666666666663, 0.625, 0.0
0.43265720390720414, 0.5, 0.16666666666666663, 0.625, 0.0
0.4338476800976803, 0.5, 0.16666666666666663, 0.625, 0.0
0.4332921245421248, 0.5, 0.16666666666666663, 0.625, 0.0
0.43456196581196593, 0.5, 0.16666666666666663, 0.625, 0.0
0.43456196581196593, 0.5, 0.16666666666666663, 0.625, 0.0
0.43741910866910877, 0.5, 0.16666666666666663, 0.625, 0.0
0.43741910866910877, 0.5, 0.16666666666666663, 0.625, 0.0
0.4380540293040294, 0.5, 0.16666666666666663, 0.625, 0.0
0.4380540293040294, 0.5, 0.16666666666666663, 0.625, 0.0
0.4380540293040294, 0.5, 0.16666666666666663, 0.625, 0.0
0.4380540293040294, 0.5, 0.16666666666666663, 0.625, 0.0
0.43972069597069613, 0.5, 0.16666666666666663, 0.625, 0.0
0.4415460927960929, 0.5, 0.16666666666666663, 0.625, 0.0
0.4409905372405374, 0.5, 0.16666666666666663, 0.625, 0.0
0.43924450549450555, 0.5, 0.16666666666666663, 0.625, 0.0
0.43924450549450555, 0.5, 0.16666666666666663, 0.625, 0.0
0.43868894993895, 0.5, 0.16666666666666663, 0.625, 0.0
0.4369429181929183, 0.48333333333333334, 0.16666666666666663, 0.625, 0.0
0.4358318070818072, 0.4666666666666667, 0.16666666666666663, 0.625, 0.0
0.4351968864468866, 0.4666666666666667, 0.16666666666666663, 0.625, 0.0
0.43456196581196593, 0.4666666666666667, 0.16666666666666663, 0.625, 0.0
0.4358318070818072, 0.4666666666666667, 0.16666666666666663, 0.625, 0.0
0.43646672771672784, 0.4666666666666667, 0.16666666666666663, 0.625, 0.0
0.43646672771672784, 0.4666666666666667, 0.16666666666666663, 0.625, 0.0
0.43646672771672784, 0.4666666666666667, 0.16666666666666663, 0.625, 0.0
0.43710164835164844, 0.4666666666666667, 0.16666666666666663, 0.625, 0.0
0.43868894993895, 0.4666666666666667, 0.16666666666666663, 0.625, 0.0
0.43813339438339455, 0.4666666666666667, 0.16666666666666663, 0.625, 0.0
0.4370222832722834, 0.4666666666666667, 0.16666666666666663, 0.625, 0.0
0.4370222832722834, 0.4666666666666667, 0.16666666666666663, 0.625, 0.0
0.43646672771672784, 0.4666666666666667, 0.16666666666666663, 0.625, 0.0
0.43646672771672784, 0.4666666666666667, 0.16666666666666663, 0.625, 0.0
0.43646672771672784, 0.4666666666666667, 0.16666666666666663, 0.625, 0.0
0.43646672771672784, 0.4666666666666667, 0.16666666666666663, 0.625, 0.0
0.4359111721611723, 0.4666666666666667, 0.16666666666666663, 0.625, 0.0
0.4359111721611723, 0.4666666666666667, 0.16666666666666663, 0.625, 0.0
0.4353556166056167, 0.4666666666666667, 0.16666666666666663, 0.625, 0.0
0.4353556166056167, 0.4666666666666667, 0.16666666666666663, 0.625, 0.0
0.4353556166056167, 0.4666666666666667, 0.16666666666666663, 0.625, 0.0
0.4353556166056167, 0.4666666666666667, 0.16666666666666663, 0.625, 0.0
0.4353556166056167, 0.4666666666666667, 0.16666666666666663, 0.625, 0.0
0.4353556166056167, 0.4666666666666667, 0.16666666666666663, 0.625, 0.0
0.4359905372405374, 0.4666666666666667, 0.16666666666666663, 0.625, 0.0
0.4353556166056167, 0.4666666666666667, 0.16666666666666663, 0.625, 0.0
0.43456196581196593, 0.4666666666666667, 0.16666666666666663, 0.625, 0.0
0.43456196581196593, 0.4666666666666667, 0.16666666666666663, 0.625, 0.0
0.43400641025641035, 0.4666666666666667, 0.16666666666666663, 0.625, 0.0
0.43400641025641035, 0.4666666666666667, 0.16666666666666663, 0.625, 0.0
0.43400641025641035, 0.4666666666666667, 0.16666666666666663, 0.625, 0.0
0.43400641025641035, 0.4666666666666667, 0.16666666666666663, 0.625, 0.0
0.43400641025641035, 0.4666666666666667, 0.16666666666666663, 0.625, 0.0
0.43400641025641035, 0.4666666666666667, 0.16666666666666663, 0.625, 0.0
0.43400641025641035, 0.4666666666666667, 0.16666666666666663, 0.625, 0.0
0.43400641025641035, 0.4666666666666667, 0.16666666666666663, 0.625, 0.0
