0.5684318921818919, 0.5773809523809523, 0.33333333333333337, 0.7692307692307692, 0.0
0.5012360324860324, 0.5669642857142857, 0.0, 0.6923076923076923, 0.0
0.486397815147815, 0.5384615384615384, 0.0, 0.6875, 0.0
0.4889191826691826, 0.5384615384615384, 0.0, 0.6875, 0.0
0.4743297443297443, 0.5419580419580419, 0.0, 0.6666666666666667, 0.0
0.4577189477189476, 0.5454545454545454, 0.0, 0.6666666666666667, 0.0
0.4054373404373404, 0.46153846153846156, 0.0, 0.6, 0.0
0.38037018537018535, 0.46153846153846156, 0.0, 0.5714285714285714, 0.0
0.3798723498723498, 0.46153846153846156, 0.0, 0.5714285714285714, 0.0
0.37707514707514705, 0.4807692307692308, 0.0, 0.5714285714285714, 0.0
0.36489565989565986, 0.46153846153846156, 0.0, 0.5714285714285714, 0.0
0.3709368409368409, 0.46153846153846156, 0.0, 0.5714285714285714, 0.0
0.37517982017982016, 0.46153846153846156, 0.0, 0.5714285714285714, 0.0
0.3734859584859585, 0.46153846153846156, 0.0, 0.5714285714285714, 0.0
0.3672588522588523, 0.46153846153846156, 0.0, 0.5714285714285714, 0.0
0.3631990231990232, 0.46153846153846156, 0.0, 0.5714285714285714, 0.0
0.3607753357753358, 0.46153846153846156, 0.0, 0.5384615384615384, 0.0
0.362997557997558, 0.46153846153846156, 0.0, 0.5384615384615384, 0.0
0.362997557997558, 0.4807692307692308, 0.0, 0.5333333333333333, 0.0
0.36995726495726494, 0.46153846153846156, 0.0, 0.5333333333333333, 0.0
