0.5954606504606502, 0.6181818181818182, 0.33333333333333337, 0.7692307692307692, 0.0
0.4884276834276833, 0.5357142857142857, 0.0, 0.7272727272727273, 0.0
0.428103563103563, 0.5, 0.0, 0.6666666666666667, 0.0
0.4298534798534798, 0.5, 0.0, 0.6428571428571428, 0.0
0.42260702260702254, 0.5, 0.0, 0.6363636363636364, 0.0
0.3709653309653309, 0.4545454545454546, 0.0, 0.5714285714285714, 0.0
0.36062345062345064, 0.4226190476190476, 0.0, 0.5714285714285714, 0.0
0.3417326192326192, 0.4083333333333333, 0.0, 0.5714285714285714, 0.0
0.3281141081141081, 0.4083333333333333, 0.0, 0.5833333333333333, 0.0
0.3203318903318904, 0.38181818181818183, 0.0, 0.5833333333333333, 0.0
0.3095310245310245, 0.38181818181818183, 0.0, 0.5714285714285714, 0.0
0.3126978576978577, 0.3741258741258741, 0.0, 0.5714285714285714, 0.0
0.3196886446886447, 0.4226190476190476, 0.0, 0.5714285714285714, 0.0
0.3202991452991453, 0.4006410256410256, 0.0, 0.5714285714285714, 0.0
0.3186324786324786, 0.3846153846153846, 0.0, 0.5714285714285714, 0.0
0.3266910866910867, 0.4006410256410256, 0.0, 0.5, 0.0
0.3294993894993895, 0.4006410256410256, 0.0, 0.5, 0.0
0.33078144078144084, 0.4006410256410256, 0.0, 0.5, 0.0
0.3333455433455434, 0.41666666666666663, 0.0, 0.5, 0.0
0.3578571428571429, 0.4285714285714286, 0.0, 0.5714285714285714, 0.0
