0.01777777777777778, 0.0, 0.0, 0.6666666666666667, 0.0
0.0, 0.0, 0.0, 0.0, 0.0
0.0, 0.0, 0.0, 0.0, 0.0
0.008333333333333333, 0.0, 0.0, 0.5, 0.0
0.0, 0.0, 0.0, 0.0, 0.0
0.0, 0.0, 0.0, 0.0, 0.0
0.0, 0.0, 0.0, 0.0, 0.0
0.030000000000000002, 0.0, 0.0, 0.8, 0.0
0.008620689655172414, 0.0, 0.0, 0.5, 0.0
0.0, 0.0, 0.0, 0.0, 0.0
0.0, 0.0, 0.0, 0.0, 0.0
0.0, 0.0, 0.0, 0.0, 0.0
0.008333333333333333, 0.0, 0.0, 0.5, 0.0
0.008333333333333333, 0.0, 0.0, 0.5, 0.0
0.0, 0.0, 0.0, 0.0, 0.0
0.0, 0.0, 0.0, 0.0, 0.0
0.006666666666666667, 0.0, 0.0, 0.4, 0.0
0.0, 0.0, 0.0, 0.0, 0.0
0.0423728813559322, 0.0, 0.0, 0.5, 0.0
0.0, 0.0, 0.0, 0.0, 0.0
0.019444444444444445, 0.0, 0.0, 0.6666666666666667, 0.0
0.008333333333333333, 0.0, 0.0, 0.5, 0.0
0.0, 0.0, 0.0, 0.0, 0.0
0.0, 0.0, 0.0, 0.0, 0.0
0.008333333333333333, 0.0, 0.0, 0.5, 0.0
0.008333333333333333, 0.0, 0.0, 0.5, 0.0
0.00847457627118644, 0.0, 0.0, 0.5, 0.0
0.0, 0.0, 0.0, 0.0, 0.0
0.00847457627118644, 0.0, 0.0, 0.5, 0.0
0.0, 0.0, 0.0, 0.0, 0.0
0.0, 0.0, 0.0, 0.0, 0.0
0.0, 0.0, 0.0, 0.0, 0.0
0.008333333333333333, 0.0, 0.0, 0.5, 0.0
0.00847457627118644, 0.0, 0.0, 0.5, 0.0
0.0, 0.0, 0.0, 0.0, 0.0
0.00847457627118644, 0.0, 0.0, 0.5, 0.0
0.015000000000000001, 0.0, 0.0, 0.5, 0.0
0.0, 0.0, 0.0, 0.0, 0.0
0.008333333333333333, 0.0, 0.0, 0.5, 0.0
0.008333333333333333, 0.0, 0.0, 0.5, 0.0
0.025, 0.0, 0.0, 0.5, 0.0
0.008333333333333333, 0.0, 0.0, 0.5, 0.0
0.01694915254237288, 0.0, 0.0, 0.5, 0.0
0.008333333333333333, 0.0, 0.0, 0.5, 0.0
0.008333333333333333, 0.0, 0.0, 0.5, 0.0
0.008620689655172414, 0.0, 0.0, 0.5, 0.0
0.0, 0.0, 0.0, 0.0, 0.0
0.0, 0.0, 0.0, 0.0, 0.0
0.0, 0.0, 0.0, 0.0, 0.0
0.00847457627118644, 0.0, 0.0, 0.5, 0.0
0.016666666666666666, 0.0, 0.0, 0.5, 0.0
0.016666666666666666, 0.0, 0.0, 0.5, 0.0
0.0, 0.0, 0.0, 0.0, 0.0
0.0, 0.0, 0.0, 0.0, 0.0
0.008333333333333333, 0.0, 0.0, 0.5, 0.0
0.016666666666666666, 0.0, 0.0, 0.5, 0.0
0.0, 0.0, 0.0, 0.0, 0.0
0.0160075329566855, 0.0, 0.0, 0.5, 0.0
0.008333333333333333, 0.0, 0.0, 0.5, 0.0
0.0, 0.0, 0.0, 0.0, 0.0
0.025, 0.0, 0.0, 0.5, 0.0
0.0, 0.0, 0.0, 0.0, 0.0
0.0, 0.0, 0.0, 0.0, 0.0
0.016666666666666666, 0.0, 0.0, 0.5, 0.0
0.008333333333333333, 0.0, 0.0, 0.5, 0.0
0.01694915254237288, 0.0, 0.0, 0.5, 0.0
0.006666666666666667, 0.0, 0.0, 0.4, 0.0
0.0, 0.0, 0.0, 0.0, 0.0
0.0, 0.0, 0.0, 0.0, 0.0
0.0, 0.0, 0.0, 0.0, 0.0
0.00847457627118644, 0.0, 0.0, 0.5, 0.0
0.00847457627118644, 0.0, 0.0, 0.5, 0.0
0.016666666666666666, 0.0, 0.0, 0.5, 0.0
0.008333333333333333, 0.0, 0.0, 0.5, 0.0
0.008333333333333333, 0.0, 0.0, 0.5, 0.0
0.008333333333333333, 0.0, 0.0, 0.5, 0.0
0.019444444444444445, 0.0, 0.0, 0.6666666666666667, 0.0
0.0, 0.0, 0.0, 0.0, 0.0
0.0, 0.0, 0.0, 0.0, 0.0
0.00847457627118644, 0.0, 0.0, 0.5, 0.0
0.0, 0.0, 0.0, 0.0, 0.0
0.008333333333333333, 0.0, 0.0, 0.5, 0.0
0.0, 0.0, 0.0, 0.0, 0.0
0.008333333333333333, 0.0, 0.0, 0.5, 0.0
0.025, 0.0, 0.0, 0.5, 0.0
0.016666666666666666, 0.0, 0.0, 0.5, 0.0
0.0, 0.0, 0.0, 0.0, 0.0
0.008333333333333333, 0.0, 0.0, 0.5, 0.0
0.013333333333333334, 0.0, 0.0, 0.4, 0.0
0.0, 0.0, 0.0, 0.0, 0.0
0.008333333333333333, 0.0, 0.0, 0.5, 0.0
0.013333333333333334, 0.0, 0.0, 0.4, 0.0
0.0, 0.0, 0.0, 0.0, 0.0
0.016666666666666666, 0.0, 0.0, 0.5, 0.0
0.008333333333333333, 0.0, 0.0, 0.5, 0.0
0.008333333333333333, 0.0, 0.0, 0.5, 0.0
0.0, 0.0, 0.0, 0.0, 0.0
0.016666666666666666, 0.0, 0.0, 0.5, 0.0
0.016666666666666666, 0.0, 0.0, 0.5, 0.0
0.0, 0.0, 0.0, 0.0, 0.0
