0.8362891349003587, 0.8333333333333334, 0.7931034482758621, 0.8846153846153846, 0.0
0.8400836626436695, 0.84375, 0.7931034482758621, 0.9047619047619048, 0.0
0.8329124785100915, 0.84, 0.75, 0.8888888888888888, 0.0
0.8415185612054416, 0.8333333333333334, 0.8055555555555556, 0.8947368421052632, 0.0
0.8448381318862409, 0.8518518518518519, 0.7727272727272727, 0.8888888888888888, 0.0
0.839374010143061, 0.8333333333333334, 0.8076923076923077, 0.8928571428571429, 0.0
0.8362157574888316, 0.8333333333333334, 0.782608695652174, 0.8846153846153846, 0.0
0.8480329043796665, 0.8571428571428572, 0.7857142857142857, 0.9130434782608696, 0.0
0.8278367776014836, 0.8214285714285714, 0.7878787878787878, 0.9, 0.0
0.8286131686806559, 0.84, 0.7777777777777778, 0.8571428571428572, 0.0
0.8405864076939394, 0.84, 0.7916666666666666, 0.92, 0.0
0.8252757804811484, 0.8333333333333334, 0.7586206896551724, 0.8888888888888888, 0.0
0.837137725866947, 0.8333333333333334, 0.782608695652174, 0.9, 0.0
0.8529102829537614, 0.8571428571428572, 0.8076923076923077, 0.9, 0.0
0.8290596909535382, 0.8333333333333334, 0.7857142857142857, 0.8666666666666667, 0.0
0.8257638946603293, 0.8181818181818181, 0.75, 0.9090909090909091, 0.0
0.842141019266779, 0.84, 0.8064516129032258, 0.9, 0.0
0.8324488324300151, 0.84, 0.7916666666666666, 0.8709677419354839, 0.0
0.8431313955467972, 0.84375, 0.7916666666666666, 0.9090909090909091, 0.0
0.8423112360480781, 0.8484848484848485, 0.7916666666666666, 0.875, 0.0
0.8217783709756474, 0.8260869565217391, 0.75, 0.8695652173913043, 0.0
0.8414720518025064, 0.8461538461538461, 0.7916666666666666, 0.8947368421052632, 0.0
0.838111597300938, 0.8333333333333334, 0.8076923076923077, 0.8695652173913043, 0.0
0.8438579445246112, 0.85, 0.8, 0.8928571428571429, 0.0
0.8316689030153266, 0.8333333333333334, 0.7419354838709677, 0.8857142857142857, 0.0
0.8236442724776059, 0.8148148148148149, 0.8, 0.875, 0.0
0.8543682423013924, 0.8571428571428572, 0.8064516129032258, 0.9411764705882353, 0.0
0.8371135785753478, 0.8484848484848485, 0.7777777777777778, 0.9, 0.0
0.8417336330464855, 0.8421052631578947, 0.7931034482758621, 0.9375, 0.0
0.8457167806543371, 0.8461538461538461, 0.7941176470588236, 0.8947368421052632, 0.0
0.8317320334541726, 0.84, 0.782608695652174, 0.8666666666666667, 0.0
0.8433512019057997, 0.84375, 0.8076923076923077, 0.9, 0.0
0.8410218805123457, 0.8421052631578947, 0.782608695652174, 0.88, 0.0
0.8381534665956928, 0.8518518518518519, 0.7878787878787878, 0.875, 0.0
0.850141500049546, 0.85, 0.7931034482758621, 0.9090909090909091, 0.0
0.8277188114330026, 0.8333333333333334, 0.7272727272727273, 0.8709677419354839, 0.0
0.8380977162059847, 0.8518518518518519, 0.7777777777777778, 0.9047619047619048, 0.0
0.8437230474299618, 0.8461538461538461, 0.8, 0.8947368421052632, 0.0
0.8370568805077891, 0.8333333333333334, 0.7777777777777778, 0.8846153846153846, 0.0
0.8440910777175145, 0.8461538461538461, 0.7727272727272727, 0.9375, 0.0
0.8326395345409063, 0.8333333333333334, 0.7777777777777778, 0.9090909090909091, 0.0
0.8315516297135523, 0.84, 0.7741935483870968, 0.8571428571428572, 0.0
0.8385651472607228, 0.84375, 0.782608695652174, 0.9047619047619048, 0.0
0.8282353430846529, 0.8333333333333334, 0.76, 0.88, 0.0
0.8353525364897905, 0.8333333333333334, 0.7857142857142857, 0.9, 0.0
0.8441134696296589, 0.8461538461538461, 0.7777777777777778, 0.8947368421052632, 0.0
0.8499808220316193, 0.8518518518518519, 0.8, 0.9047619047619048, 0.0
0.8282328538500748, 0.8333333333333334, 0.7857142857142857, 0.8823529411764706, 0.0
0.8292539190315302, 0.8333333333333334, 0.782608695652174, 0.8846153846153846, 0.0
0.8415948171596163, 0.8421052631578947, 0.7916666666666666, 0.875, 0.0
0.8371648670614189, 0.84, 0.7857142857142857, 0.8888888888888888, 0.0
0.840852262920229, 0.84, 0.7857142857142857, 0.9, 0.0
0.8208367439012602, 0.8181818181818181, 0.7692307692307692, 0.8709677419354839, 0.0
0.8306277603255878, 0.8333333333333334, 0.782608695652174, 0.88, 0.0
0.8357373573453034, 0.8333333333333334, 0.7916666666666666, 0.8846153846153846, 0.0
0.8487698326122823, 0.84, 0.7916666666666666, 0.92, 0.0
0.8313522722488239, 0.8333333333333334, 0.7692307692307692, 0.9, 0.0
0.8407955844662139, 0.8387096774193549, 0.782608695652174, 0.9090909090909091, 0.0
0.8263682088192422, 0.84, 0.7407407407407407, 0.875, 0.0
0.8342879592392939, 0.8387096774193549, 0.8, 0.8928571428571429, 0.0
0.8446817979302221, 0.84, 0.8076923076923077, 0.9047619047619048, 0.0
0.842139425480239, 0.84, 0.8, 0.875, 0.0
0.8213159345632464, 0.8333333333333334, 0.7272727272727273, 0.8571428571428572, 0.0
0.8386707197701699, 0.8461538461538461, 0.7777777777777778, 0.9090909090909091, 0.0
0.8370803619341749, 0.84, 0.7777777777777778, 0.8823529411764706, 0.0
0.8342918130157984, 0.8387096774193549, 0.7692307692307692, 0.9, 0.0
0.8393985237131815, 0.8421052631578947, 0.7741935483870968, 0.8947368421052632, 0.0
0.8360158832460072, 0.8461538461538461, 0.75, 0.8823529411764706, 0.0
0.8344370621327143, 0.84, 0.7857142857142857, 0.8888888888888888, 0.0
0.8386298028095881, 0.8518518518518519, 0.7692307692307692, 0.8695652173913043, 0.0
0.839808052845409, 0.84, 0.8, 0.9166666666666666, 0.0
0.8313138277218737, 0.8333333333333334, 0.8076923076923077, 0.8571428571428572, 0.0
0.8532828211029699, 0.85, 0.7931034482758621, 0.92, 0.0
0.8362644568783606, 0.8275862068965517, 0.8, 0.8695652173913043, 0.0
0.8315988620393182, 0.8333333333333334, 0.7777777777777778, 0.9130434782608696, 0.0
0.8321188380241958, 0.8333333333333334, 0.7857142857142857, 0.875, 0.0
0.8465260222407729, 0.8387096774193549, 0.7894736842105263, 0.9411764705882353, 0.0
0.8356082910555676, 0.8333333333333334, 0.8076923076923077, 0.8695652173913043, 0.0
0.8331709448491059, 0.8333333333333334, 0.7777777777777778, 0.9047619047619048, 0.0
0.8346942082759659, 0.84, 0.7666666666666666, 0.88, 0.0
0.821436581341722, 0.8214285714285714, 0.7586206896551724, 0.875, 0.0
0.8428533630949527, 0.8421052631578947, 0.8, 0.9090909090909091, 0.0
0.8298240104122456, 0.8333333333333334, 0.76, 0.8823529411764706, 0.0
0.8457699346956618, 0.84, 0.8148148148148149, 0.8823529411764706, 0.0
0.8356238372100441, 0.8333333333333334, 0.7857142857142857, 0.8888888888888888, 0.0
0.8401322284857754, 0.8333333333333334, 0.7916666666666666, 0.8947368421052632, 0.0
0.8414331424053327, 0.84, 0.7941176470588236, 0.896551724137931, 0.0
0.8412621428398539, 0.8333333333333334, 0.7916666666666666, 0.9166666666666666, 0.0
0.8387136746681975, 0.84, 0.782608695652174, 0.88, 0.0
0.8341464490083408, 0.8260869565217391, 0.7727272727272727, 0.9444444444444444, 0.0
0.828421081336809, 0.8333333333333334, 0.782608695652174, 0.8846153846153846, 0.0
0.8488025346116302, 0.8571428571428572, 0.7777777777777778, 0.9090909090909091, 0.0
0.8304483897652314, 0.8333333333333334, 0.75, 0.8888888888888888, 0.0
0.8363579754698933, 0.8275862068965517, 0.7857142857142857, 0.8947368421052632, 0.0
0.8323787834164943, 0.8387096774193549, 0.7777777777777778, 0.88, 0.0
0.8378491573265173, 0.84, 0.7857142857142857, 0.8947368421052632, 0.0
0.8397892982320769, 0.84, 0.7857142857142857, 0.8888888888888888, 0.0
0.8392685221690414, 0.8461538461538461, 0.7692307692307692, 0.8709677419354839, 0.0
0.8358180983625105, 0.8333333333333334, 0.8076923076923077, 0.8947368421052632, 0.0
0.8284837634093007, 0.8285714285714285, 0.76, 0.8620689655172413, 0.0
0.8309092918232702, 0.8333333333333334, 0.7916666666666666, 0.875, 0.0
0.8467313370924677, 0.84, 0.7916666666666666, 0.9047619047619048, 0.0
0.8420098528408123, 0.84, 0.782608695652174, 0.896551724137931, 0.0
0.8348697272724732, 0.8260869565217391, 0.75, 0.9473684210526316, 0.0
0.8282358815718847, 0.84, 0.7777777777777778, 0.8461538461538461, 0.0
0.8387433655155278, 0.8333333333333334, 0.7916666666666666, 0.875, 0.0
0.8367779048821594, 0.8461538461538461, 0.7692307692307692, 0.9047619047619048, 0.0
0.8476498833893693, 0.85, 0.8064516129032258, 0.9444444444444444, 0.0
0.8313446231378726, 0.8333333333333334, 0.7777777777777778, 0.88, 0.0
0.8380675433548996, 0.8333333333333334, 0.8, 0.8846153846153846, 0.0
0.8542378166561077, 0.8571428571428572, 0.8, 0.9047619047619048, 0.0
0.8388719305385971, 0.8333333333333334, 0.7857142857142857, 0.9047619047619048, 0.0
0.8428818686681007, 0.8518518518518519, 0.782608695652174, 0.90625, 0.0
0.8344000467943641, 0.8387096774193549, 0.8076923076923077, 0.8571428571428572, 0.0
0.8225576818038455, 0.8333333333333334, 0.7619047619047619, 0.8695652173913043, 0.0
0.846656361074652, 0.8461538461538461, 0.7916666666666666, 0.8888888888888888, 0.0
0.8360736175659673, 0.8461538461538461, 0.7777777777777778, 0.8947368421052632, 0.0
0.832977910977911, 0.84, 0.7727272727272727, 0.8888888888888888, 0.0
0.8471507294326368, 0.8461538461538461, 0.8148148148148149, 0.9, 0.0
0.8349396031932574, 0.85, 0.736842105263158, 0.8846153846153846, 0.0
0.8449429871499322, 0.84, 0.7916666666666666, 0.9333333333333333, 0.0
0.8452046881831827, 0.8484848484848485, 0.8, 0.875, 0.0
0.8408332946321452, 0.8285714285714285, 0.76, 0.9375, 0.0
0.8426440326197947, 0.8461538461538461, 0.8, 0.8888888888888888, 0.0
0.8302079618528498, 0.8275862068965517, 0.7777777777777778, 0.9047619047619048, 0.0
0.841836728545348, 0.8484848484848485, 0.7916666666666666, 0.8947368421052632, 0.0
0.8316982240865095, 0.8275862068965517, 0.7666666666666666, 0.9, 0.0
0.8454615167348802, 0.8484848484848485, 0.7857142857142857, 0.9166666666666666, 0.0
0.8297405627023319, 0.8333333333333334, 0.782608695652174, 0.8620689655172413, 0.0
0.8294059032754685, 0.8461538461538461, 0.7692307692307692, 0.8571428571428572, 0.0
0.8410419243341207, 0.8461538461538461, 0.782608695652174, 0.9166666666666666, 0.0
0.8434783873602149, 0.8421052631578947, 0.8181818181818181, 0.9, 0.0
0.8355911506543691, 0.8285714285714285, 0.7727272727272727, 0.9375, 0.0
0.8470058413002425, 0.84, 0.8, 0.9090909090909091, 0.0
0.8401398299938031, 0.8214285714285714, 0.7941176470588236, 0.9090909090909091, 0.0
0.842941676546749, 0.8461538461538461, 0.76, 0.9, 0.0
0.8218217863823003, 0.8235294117647058, 0.7619047619047619, 0.875, 0.0
0.8451784511784514, 0.84, 0.8, 0.8888888888888888, 0.0
0.8316367357184054, 0.8333333333333334, 0.7916666666666666, 0.9, 0.0
0.8316292505600443, 0.8275862068965517, 0.7857142857142857, 0.8823529411764706, 0.0
0.8418283804780556, 0.8461538461538461, 0.8, 0.88, 0.0
0.8460719398751237, 0.8421052631578947, 0.8214285714285714, 0.9047619047619048, 0.0
0.852423071154254, 0.8518518518518519, 0.8148148148148149, 0.8888888888888888, 0.0
0.8426498383729997, 0.8461538461538461, 0.72, 0.9411764705882353, 0.0
0.8233897957739262, 0.8275862068965517, 0.7916666666666666, 0.8611111111111112, 0.0
0.8276791823868288, 0.8260869565217391, 0.7692307692307692, 0.9, 0.0
0.831654197924998, 0.8333333333333334, 0.7916666666666666, 0.8846153846153846, 0.0
0.8343682388280089, 0.84, 0.7857142857142857, 0.896551724137931, 0.0
0.8248900295107192, 0.8275862068965517, 0.76, 0.8846153846153846, 0.0
0.8407552839125884, 0.84, 0.78125, 0.8888888888888888, 0.0
0.8346623119786536, 0.8461538461538461, 0.7916666666666666, 0.875, 0.0
0.837394869184948, 0.8275862068965517, 0.7916666666666666, 0.9, 0.0
0.8326742684638386, 0.8333333333333334, 0.76, 0.8823529411764706, 0.0
0.8490434636942844, 0.8461538461538461, 0.8, 0.9, 0.0
0.8407970030117061, 0.84375, 0.7878787878787878, 0.8928571428571429, 0.0
0.8499580746616234, 0.8461538461538461, 0.7916666666666666, 0.9047619047619048, 0.0
0.8445772412112184, 0.8461538461538461, 0.8076923076923077, 0.8888888888888888, 0.0
0.8340888900065102, 0.8333333333333334, 0.7916666666666666, 0.9, 0.0
0.8341261981503965, 0.8333333333333334, 0.7857142857142857, 0.8636363636363636, 0.0
0.8440734281096204, 0.8421052631578947, 0.8076923076923077, 0.8888888888888888, 0.0
0.8303071027900305, 0.8333333333333334, 0.7857142857142857, 0.875, 0.0
0.8519990267381572, 0.85, 0.8214285714285714, 0.8888888888888888, 0.0
0.8377828159265811, 0.8461538461538461, 0.7391304347826086, 0.9, 0.0
0.8313850032752559, 0.84, 0.76, 0.8888888888888888, 0.0
0.8408252699911666, 0.84, 0.782608695652174, 0.8888888888888888, 0.0
0.8367852224827447, 0.84, 0.782608695652174, 0.875, 0.0
0.8391231051890459, 0.84, 0.78125, 0.8947368421052632, 0.0
0.8382375041620419, 0.8333333333333334, 0.7857142857142857, 0.9, 0.0
0.8375188605562168, 0.8333333333333334, 0.8, 0.8888888888888888, 0.0
0.8270040140232545, 0.8333333333333334, 0.7727272727272727, 0.8571428571428572, 0.0
0.8254629415552703, 0.84, 0.7391304347826086, 0.8571428571428572, 0.0
0.8396989637081888, 0.84, 0.8, 0.8846153846153846, 0.0
0.8387704399733386, 0.8461538461538461, 0.782608695652174, 0.8888888888888888, 0.0
0.8308723761338704, 0.84, 0.7777777777777778, 0.8518518518518519, 0.0
0.8314867803823326, 0.8260869565217391, 0.7931034482758621, 0.875, 0.0
0.8300983520523751, 0.8275862068965517, 0.7916666666666666, 0.8846153846153846, 0.0
0.8373399308689164, 0.84, 0.75, 0.8888888888888888, 0.0
0.8400977121061817, 0.8461538461538461, 0.8, 0.8947368421052632, 0.0
0.8444927606506555, 0.8461538461538461, 0.7777777777777778, 0.8947368421052632, 0.0
0.8245097550760161, 0.8333333333333334, 0.7692307692307692, 0.8620689655172413, 0.0
0.8297311465308194, 0.8333333333333334, 0.7777777777777778, 0.8846153846153846, 0.0
0.8382173246743068, 0.84, 0.782608695652174, 0.8928571428571429, 0.0
0.8229635832185439, 0.8333333333333334, 0.7727272727272727, 0.8636363636363636, 0.0
0.821339253450198, 0.8214285714285714, 0.782608695652174, 0.875, 0.0
0.8526461436873868, 0.8421052631578947, 0.8148148148148149, 0.9047619047619048, 0.0
0.8335849001655453, 0.8333333333333334, 0.7777777777777778, 0.8666666666666667, 0.0
0.8527314920506772, 0.84, 0.8214285714285714, 0.9090909090909091, 0.0
0.8289040293794115, 0.8333333333333334, 0.736842105263158, 0.8787878787878788, 0.0
0.8299981155617692, 0.8275862068965517, 0.7727272727272727, 0.8888888888888888, 0.0
0.8355692139315328, 0.84, 0.7666666666666666, 0.875, 0.0
0.8363788266901312, 0.8333333333333334, 0.7931034482758621, 0.88, 0.0
0.8465211733549255, 0.8461538461538461, 0.8, 0.9090909090909091, 0.0
0.8340525084148273, 0.84, 0.75, 0.8888888888888888, 0.0
0.8394978528339084, 0.8461538461538461, 0.75, 0.9, 0.0
0.8453616179636394, 0.8461538461538461, 0.782608695652174, 0.8947368421052632, 0.0
0.839518619323573, 0.8235294117647058, 0.7857142857142857, 0.9, 0.0
0.8351582775487782, 0.84, 0.8, 0.8947368421052632, 0.0
0.827169645029705, 0.8214285714285714, 0.782608695652174, 0.8888888888888888, 0.0
0.8389222361106419, 0.8461538461538461, 0.7777777777777778, 0.8928571428571429, 0.0
0.8342187143237868, 0.84, 0.78125, 0.9, 0.0
0.8339318212651546, 0.8333333333333334, 0.8, 0.8666666666666667, 0.0
0.8360037823347093, 0.84, 0.7692307692307692, 0.8888888888888888, 0.0
0.8399411490835778, 0.8461538461538461, 0.7692307692307692, 0.9166666666666666, 0.0
0.8269423038071129, 0.8333333333333334, 0.7894736842105263, 0.8571428571428572, 0.0
0.8473878890835412, 0.85, 0.8, 0.8888888888888888, 0.0
0.8277397031345863, 0.8275862068965517, 0.7857142857142857, 0.8636363636363636, 0.0
0.8407261560313101, 0.84, 0.8, 0.8846153846153846, 0.0
0.8449120691994255, 0.8461538461538461, 0.8, 0.8928571428571429, 0.0
0.8334713424543508, 0.8333333333333334, 0.75, 0.8928571428571429, 0.0
0.840874176083101, 0.8461538461538461, 0.7619047619047619, 0.8823529411764706, 0.0
0.8516807230192508, 0.85, 0.7916666666666666, 0.9473684210526316, 0.0
0.8346250236694132, 0.8333333333333334, 0.7727272727272727, 0.8695652173913043, 0.0
0.8341961748170748, 0.8333333333333334, 0.7916666666666666, 0.875, 0.0
0.8352570875734294, 0.8461538461538461, 0.7777777777777778, 0.8888888888888888, 0.0
0.8499095562867721, 0.8484848484848485, 0.7931034482758621, 0.896551724137931, 0.0
0.8400702252658774, 0.84, 0.8, 0.9, 0.0
0.8306188616592889, 0.8333333333333334, 0.7857142857142857, 0.8666666666666667, 0.0
0.8363114985373051, 0.8387096774193549, 0.7857142857142857, 0.8928571428571429, 0.0
0.8442218777104177, 0.84375, 0.8, 0.9047619047619048, 0.0
0.8226642308308976, 0.8214285714285714, 0.7916666666666666, 0.8461538461538461, 0.0
0.8426851697542812, 0.84, 0.8076923076923077, 0.9166666666666666, 0.0
0.84544896749285, 0.8484848484848485, 0.7777777777777778, 0.8823529411764706, 0.0
0.8419233982391877, 0.84, 0.7894736842105263, 0.9, 0.0
0.8324667115171074, 0.8260869565217391, 0.782608695652174, 0.9047619047619048, 0.0
0.8447120655706658, 0.84, 0.7692307692307692, 0.92, 0.0
0.8351993596135882, 0.8387096774193549, 0.7857142857142857, 0.8620689655172413, 0.0
0.8417045419459213, 0.8461538461538461, 0.7916666666666666, 0.8888888888888888, 0.0
0.8419798741182406, 0.84, 0.7931034482758621, 0.92, 0.0
0.8432500958707855, 0.84, 0.8076923076923077, 0.9, 0.0
0.8430404076210529, 0.8461538461538461, 0.8, 0.88, 0.0
0.8407876002624509, 0.84, 0.8, 0.875, 0.0
0.8406806440042697, 0.84, 0.76, 0.9090909090909091, 0.0
0.8333893191451005, 0.8387096774193549, 0.75, 0.9375, 0.0
0.8442439614858643, 0.8461538461538461, 0.7941176470588236, 0.8888888888888888, 0.0
0.8386762078469581, 0.84, 0.78125, 0.8888888888888888, 0.0
0.8357351604765004, 0.8333333333333334, 0.7586206896551724, 0.896551724137931, 0.0
0.8303883668569078, 0.8333333333333334, 0.7692307692307692, 0.8846153846153846, 0.0
0.8422676180227539, 0.84, 0.8, 0.8888888888888888, 0.0
0.8353422247686951, 0.84, 0.7647058823529411, 0.8636363636363636, 0.0
0.836259074370019, 0.8333333333333334, 0.782608695652174, 0.8888888888888888, 0.0
0.8247290162300236, 0.8275862068965517, 0.782608695652174, 0.8518518518518519, 0.0
0.8279504869794724, 0.8260869565217391, 0.7777777777777778, 0.88, 0.0
0.8351776190021805, 0.8333333333333334, 0.8, 0.8947368421052632, 0.0
0.8243393970897515, 0.8275862068965517, 0.7777777777777778, 0.8518518518518519, 0.0
0.8445539705145196, 0.8333333333333334, 0.8076923076923077, 0.9090909090909091, 0.0
0.8474138071757424, 0.8461538461538461, 0.8, 0.9230769230769231, 0.0
0.8320662172521244, 0.8275862068965517, 0.7727272727272727, 0.8888888888888888, 0.0
0.8421701639005484, 0.8461538461538461, 0.8076923076923077, 0.896551724137931, 0.0
0.8299913975376243, 0.8333333333333334, 0.76, 0.8928571428571429, 0.0
0.8322855679455606, 0.8181818181818181, 0.7916666666666666, 0.8888888888888888, 0.0
0.8385380233745405, 0.8275862068965517, 0.8, 0.9130434782608696, 0.0
0.8403005075468843, 0.84, 0.8108108108108107, 0.9, 0.0
0.8350650573813992, 0.8260869565217391, 0.7916666666666666, 0.8888888888888888, 0.0
0.8355675134044701, 0.8333333333333334, 0.8076923076923077, 0.88, 0.0
0.8385538143523269, 0.8518518518518519, 0.7727272727272727, 0.8928571428571429, 0.0
0.8415665848121989, 0.8333333333333334, 0.7777777777777778, 0.9473684210526316, 0.0
0.8278772800584835, 0.8333333333333334, 0.7727272727272727, 0.875, 0.0
0.8381889878204303, 0.84, 0.8, 0.8888888888888888, 0.0
0.8484502969405517, 0.8461538461538461, 0.782608695652174, 0.9166666666666666, 0.0
0.8314627486456572, 0.8285714285714285, 0.7931034482758621, 0.875, 0.0
0.8276695959855783, 0.8387096774193549, 0.7647058823529411, 0.8620689655172413, 0.0
0.8465362848881575, 0.8518518518518519, 0.8, 0.8888888888888888, 0.0
0.8319862428338833, 0.84, 0.8, 0.8695652173913043, 0.0
0.8312450844174981, 0.8333333333333334, 0.7777777777777778, 0.896551724137931, 0.0
0.8340501830763832, 0.84, 0.7647058823529411, 0.8823529411764706, 0.0
0.833809104873621, 0.84, 0.7619047619047619, 0.8787878787878788, 0.0
0.8282873585320303, 0.8260869565217391, 0.7575757575757576, 0.9, 0.0
0.8426978432195823, 0.84, 0.8076923076923077, 0.875, 0.0
0.8425273818400196, 0.84, 0.8148148148148149, 0.8695652173913043, 0.0
0.8312153764898862, 0.8333333333333334, 0.7647058823529411, 0.8846153846153846, 0.0
0.8352283328246807, 0.84, 0.7692307692307692, 0.8823529411764706, 0.0
0.8285631943778164, 0.8260869565217391, 0.782608695652174, 0.8823529411764706, 0.0
0.839636277302944, 0.84, 0.8, 0.88, 0.0
0.8402170470551281, 0.84, 0.8, 0.875, 0.0
0.8368617610571634, 0.8333333333333334, 0.7931034482758621, 0.875, 0.0
0.842202070519558, 0.8421052631578947, 0.7666666666666666, 0.88, 0.0
0.8407789645710685, 0.8461538461538461, 0.7916666666666666, 0.88, 0.0
0.8388636552615046, 0.8461538461538461, 0.76, 0.9, 0.0
0.8322003418037902, 0.8333333333333334, 0.7931034482758621, 0.8636363636363636, 0.0
0.8412361808097689, 0.84375, 0.782608695652174, 0.8787878787878788, 0.0
0.8242247433007536, 0.8285714285714285, 0.7692307692307692, 0.8709677419354839, 0.0
0.8307225306123095, 0.8333333333333334, 0.7391304347826086, 0.8947368421052632, 0.0
0.822944558442745, 0.8260869565217391, 0.7586206896551724, 0.88, 0.0
0.8370375780770585, 0.8333333333333334, 0.7692307692307692, 0.8888888888888888, 0.0
0.837159377405577, 0.8333333333333334, 0.75, 0.9047619047619048, 0.0
0.8466812122391831, 0.8461538461538461, 0.7727272727272727, 0.9090909090909091, 0.0
0.8348758617190127, 0.8333333333333334, 0.7391304347826086, 0.9130434782608696, 0.0
0.8437832475637929, 0.84, 0.7916666666666666, 0.8928571428571429, 0.0
0.8286551167473207, 0.8260869565217391, 0.8, 0.8620689655172413, 0.0
0.8322877249446464, 0.84, 0.782608695652174, 0.8666666666666667, 0.0
0.8418204738003588, 0.84, 0.7916666666666666, 0.9333333333333333, 0.0
0.8281912098118995, 0.8275862068965517, 0.7916666666666666, 0.8571428571428572, 0.0
0.8429702322719905, 0.8387096774193549, 0.7692307692307692, 0.9090909090909091, 0.0
0.8359196315862982, 0.84, 0.7407407407407407, 0.8888888888888888, 0.0
0.8427276355439773, 0.84, 0.8076923076923077, 0.8888888888888888, 0.0
0.831397350184917, 0.8181818181818181, 0.7777777777777778, 0.9090909090909091, 0.0
0.8355690138124215, 0.8333333333333334, 0.7931034482758621, 0.8823529411764706, 0.0
0.8351010949116252, 0.84, 0.7777777777777778, 0.88, 0.0
0.8361677894256881, 0.84, 0.8, 0.868421052631579, 0.0
0.8362166909755615, 0.8333333333333334, 0.8, 0.9, 0.0
0.8325835804255345, 0.8333333333333334, 0.7727272727272727, 0.8636363636363636, 0.0
0.8308369146724969, 0.8461538461538461, 0.782608695652174, 0.8695652173913043, 0.0
0.8349821401755728, 0.8333333333333334, 0.7777777777777778, 0.896551724137931, 0.0
0.8340131767946333, 0.8333333333333334, 0.7857142857142857, 0.8846153846153846, 0.0
0.8359702522291228, 0.8333333333333334, 0.7777777777777778, 0.9, 0.0
0.8433488410659299, 0.85, 0.7894736842105263, 0.875, 0.0
0.8380636622434473, 0.8461538461538461, 0.7931034482758621, 0.8888888888888888, 0.0
0.8464494063034692, 0.8461538461538461, 0.8, 0.9090909090909091, 0.0
0.8353224298514154, 0.8333333333333334, 0.75, 0.9, 0.0
0.8248678110449463, 0.8181818181818181, 0.782608695652174, 0.8947368421052632, 0.0
0.8374663635759941, 0.8461538461538461, 0.7916666666666666, 0.8888888888888888, 0.0
0.8433315382540004, 0.84375, 0.7916666666666666, 0.9, 0.0
0.847425246393549, 0.8518518518518519, 0.8181818181818181, 0.88, 0.0
0.8348291657257174, 0.8461538461538461, 0.7727272727272727, 0.8666666666666667, 0.0
0.8371530392479543, 0.84, 0.7857142857142857, 0.9411764705882353, 0.0
0.8298804919689998, 0.8333333333333334, 0.76, 0.8888888888888888, 0.0
0.831372150717478, 0.8333333333333334, 0.76, 0.8846153846153846, 0.0
0.8431409468105353, 0.84, 0.8, 0.9090909090909091, 0.0
0.8448910668110692, 0.8461538461538461, 0.7727272727272727, 0.8823529411764706, 0.0
0.8375963897745505, 0.84, 0.7931034482758621, 0.8666666666666667, 0.0
0.8369252329459625, 0.84, 0.8, 0.8823529411764706, 0.0
0.8478589501550963, 0.8571428571428572, 0.7916666666666666, 0.9090909090909091, 0.0
0.834264561049741, 0.84, 0.8, 0.8695652173913043, 0.0
0.8410072226349572, 0.8461538461538461, 0.7777777777777778, 0.8888888888888888, 0.0
0.8169424084254169, 0.8214285714285714, 0.76, 0.9047619047619048, 0.0
0.8349651763389249, 0.8387096774193549, 0.7666666666666666, 0.896551724137931, 0.0
0.835028118096378, 0.8333333333333334, 0.782608695652174, 0.8846153846153846, 0.0
0.836117675014662, 0.8387096774193549, 0.7692307692307692, 0.875, 0.0
0.8379805255464663, 0.8333333333333334, 0.7777777777777778, 0.9, 0.0
0.83998921771574, 0.8461538461538461, 0.7916666666666666, 0.8947368421052632, 0.0
0.8324476355570163, 0.8333333333333334, 0.7692307692307692, 0.8888888888888888, 0.0
0.8329930860333337, 0.8333333333333334, 0.7666666666666666, 0.8947368421052632, 0.0
0.84010684047753, 0.84, 0.8, 0.8928571428571429, 0.0
0.8443754100031445, 0.8484848484848485, 0.7916666666666666, 0.875, 0.0
0.830026034526389, 0.84, 0.75, 0.8571428571428572, 0.0
0.8406052282349619, 0.8333333333333334, 0.782608695652174, 0.9047619047619048, 0.0
0.8389857076848662, 0.8461538461538461, 0.7916666666666666, 0.9, 0.0
0.8306734839234838, 0.84, 0.75, 0.875, 0.0
0.8259161099824859, 0.8333333333333334, 0.75, 0.8947368421052632, 0.0
0.8418955245916031, 0.84375, 0.7941176470588236, 0.8846153846153846, 0.0
0.8201850228624423, 0.8148148148148149, 0.7741935483870968, 0.8709677419354839, 0.0
0.8378854478701852, 0.8387096774193549, 0.7777777777777778, 0.875, 0.0
0.8412625072745014, 0.84, 0.8076923076923077, 0.88, 0.0
0.8391543457652905, 0.84, 0.782608695652174, 0.92, 0.0
0.822501814459382, 0.8148148148148149, 0.76, 0.8947368421052632, 0.0
0.8248216420474042, 0.8275862068965517, 0.7727272727272727, 0.9, 0.0
0.8457895448527633, 0.8461538461538461, 0.8095238095238095, 0.8888888888888888, 0.0
0.8486024524695915, 0.8333333333333334, 0.8064516129032258, 0.9375, 0.0
0.826672469293159, 0.8333333333333334, 0.7666666666666666, 0.8636363636363636, 0.0
0.838566083919782, 0.8461538461538461, 0.7931034482758621, 0.875, 0.0
0.8269833368471726, 0.8275862068965517, 0.7777777777777778, 0.8947368421052632, 0.0
0.8292066541654248, 0.8275862068965517, 0.7857142857142857, 0.8695652173913043, 0.0
0.8326339126427833, 0.8333333333333334, 0.8, 0.8620689655172413, 0.0
0.8438858308682871, 0.8461538461538461, 0.7619047619047619, 0.8947368421052632, 0.0
0.8421181236813422, 0.8461538461538461, 0.8, 0.9047619047619048, 0.0
0.8428492649386806, 0.8333333333333334, 0.782608695652174, 0.9473684210526316, 0.0
0.8349222913405813, 0.8275862068965517, 0.7941176470588236, 0.9090909090909091, 0.0
0.8385032408607727, 0.84, 0.7916666666666666, 0.88, 0.0
0.835599651808483, 0.8387096774193549, 0.782608695652174, 0.8666666666666667, 0.0
0.832151806868478, 0.84, 0.782608695652174, 0.8823529411764706, 0.0
0.841919275169275, 0.84, 0.8, 0.9090909090909091, 0.0
0.8395811637061984, 0.84, 0.8076923076923077, 0.875, 0.0
0.8281162177865077, 0.8260869565217391, 0.7777777777777778, 0.8571428571428572, 0.0
0.8491839314618219, 0.84, 0.8, 0.896551724137931, 0.0
0.8268219525330313, 0.8333333333333334, 0.736842105263158, 0.8666666666666667, 0.0
0.822667135333802, 0.84, 0.75, 0.88, 0.0
0.8324133275252452, 0.8333333333333334, 0.76, 0.8947368421052632, 0.0
0.8221345014563396, 0.8260869565217391, 0.76, 0.8846153846153846, 0.0
0.8506516123100231, 0.8421052631578947, 0.8148148148148149, 0.9090909090909091, 0.0
0.8503238670550498, 0.8518518518518519, 0.7692307692307692, 0.9047619047619048, 0.0
0.8277588115591342, 0.8275862068965517, 0.7916666666666666, 0.8823529411764706, 0.0
0.8300748910668146, 0.84, 0.7741935483870968, 0.88, 0.0
0.8405092714451262, 0.84, 0.8064516129032258, 0.896551724137931, 0.0
0.8404205067137718, 0.8461538461538461, 0.8076923076923077, 0.8846153846153846, 0.0
0.8374113016613015, 0.8461538461538461, 0.78125, 0.8571428571428572, 0.0
0.8304721165917424, 0.8275862068965517, 0.7878787878787878, 0.9047619047619048, 0.0
0.8169132542740477, 0.8076923076923077, 0.75, 0.8947368421052632, 0.0
0.8299558710631401, 0.8333333333333334, 0.75, 0.8888888888888888, 0.0
0.836866150877645, 0.8461538461538461, 0.7931034482758621, 0.88, 0.0
0.8408401796939872, 0.8461538461538461, 0.8064516129032258, 0.875, 0.0
0.8342881624548292, 0.8214285714285714, 0.7857142857142857, 0.8928571428571429, 0.0
0.8465045137918702, 0.84, 0.8076923076923077, 0.8888888888888888, 0.0
0.8399287264709848, 0.8333333333333334, 0.8, 0.8888888888888888, 0.0
0.826025178749014, 0.8214285714285714, 0.7857142857142857, 0.8620689655172413, 0.0
0.8252140610168438, 0.8275862068965517, 0.736842105263158, 0.8571428571428572, 0.0
0.8373903252983713, 0.84, 0.7931034482758621, 0.8787878787878788, 0.0
0.8371127052125906, 0.8387096774193549, 0.8, 0.9130434782608696, 0.0
0.8414641206338299, 0.8461538461538461, 0.76, 0.8846153846153846, 0.0
0.8221234077414091, 0.8275862068965517, 0.7692307692307692, 0.8518518518518519, 0.0
0.8293701696997992, 0.8260869565217391, 0.7916666666666666, 0.875, 0.0
0.8324809332789697, 0.8333333333333334, 0.7878787878787878, 0.875, 0.0
0.8354299022569323, 0.8387096774193549, 0.76, 0.896551724137931, 0.0
0.8367346939760733, 0.8333333333333334, 0.7777777777777778, 0.9, 0.0
0.8384806627655202, 0.8333333333333334, 0.7857142857142857, 0.8928571428571429, 0.0
0.836876410650068, 0.8333333333333334, 0.8076923076923077, 0.8888888888888888, 0.0
0.845425976322528, 0.8461538461538461, 0.8, 0.9090909090909091, 0.0
0.8308057467460709, 0.8260869565217391, 0.8, 0.88, 0.0
0.8304338580112343, 0.8275862068965517, 0.7857142857142857, 0.9090909090909091, 0.0
0.8298543630415038, 0.84, 0.76, 0.88, 0.0
0.828933632755461, 0.8333333333333334, 0.7741935483870968, 0.8823529411764706, 0.0
