0.6501960357781095, 0.7272727272727273, 0.0, 0.8571428571428572, 0.0
0.706075716833659, 0.732520325203252, 0.36363636363636365, 0.8205128205128205, 0.0
0.6806891616672422, 0.7189743589743589, 0.36363636363636365, 0.8095238095238095, 0.0
0.6589846096755635, 0.7, 0.4545454545454546, 0.8, 0.0
0.6201594552244484, 0.6559139784946237, 0.3529411764705882, 0.7777777777777778, 0.0
0.5991759208578418, 0.6086956521739131, 0.3529411764705882, 0.7317073170731707, 0.0
0.5786911547170142, 0.6, 0.3529411764705882, 0.7222222222222222, 0.0
0.5528509384507753, 0.5833333333333333, 0.3529411764705882, 0.6842105263157895, 0.0
0.5294727400554492, 0.54858934169279, 0.3529411764705882, 0.631578947368421, 0.0
0.5117346160413317, 0.5108695652173914, 0.3529411764705882, 0.6153846153846154, 0.0
