0.6597668386779577, 0.75, 0.0, 0.8571428571428572, 0.0
0.6935090769780275, 0.72, 0.41666666666666663, 0.8387096774193549, 0.0
0.6552792016593046, 0.6770833333333334, 0.3076923076923077, 0.8108108108108107, 0.0
0.6289714684369478, 0.6282894736842105, 0.41666666666666663, 0.7906976744186046, 0.0
0.6007526086592824, 0.6073781291172595, 0.4285714285714286, 0.7333333333333334, 0.0
0.5800814955104554, 0.5925925925925926, 0.33333333333333337, 0.7333333333333334, 0.0
0.5605544008666486, 0.563301282051282, 0.33333333333333337, 0.7222222222222222, 0.0
0.5394683243386709, 0.542997542997543, 0.38095238095238093, 0.631578947368421, 0.0
0.5283706680262549, 0.5333333333333333, 0.38095238095238093, 0.6153846153846154, 0.0
0.5201269312204725, 0.5333333333333333, 0.38095238095238093, 0.6, 0.0
