0.6604485126470274, 0.7272727272727273, 0.0, 0.8888888888888888, 0.0
0.6957866189682484, 0.7222222222222222, 0.4347826086956522, 0.8387096774193549, 0.0
0.6427430839404946, 0.6666666666666667, 0.42105263157894735, 0.782608695652174, 0.0
0.5866112695578464, 0.6120401337792643, 0.36363636363636365, 0.7058823529411764, 0.0
0.5654852647694355, 0.5866188769414575, 0.36363636363636365, 0.7058823529411764, 0.0
0.5238599425253596, 0.5333333333333333, 0.3076923076923077, 0.64, 0.0
0.5125252937897958, 0.5263157894736843, 0.3076923076923077, 0.64, 0.0
0.49982593318945906, 0.5217391304347826, 0.2857142857142857, 0.5882352941176471, 0.0
0.49802913628019463, 0.5201288244766507, 0.3076923076923077, 0.5806451612903225, 0.0
0.48164065173544535, 0.5, 0.3076923076923077, 0.5806451612903225, 0.0
