 , , , , 
 , , , , 
 , , , , 
0.6625, 0.6625, 0.625, 0.7, 0.0
 , , , , 
0.6833333333333333, 0.6833333333333333, 0.6666666666666667, 0.7, 0.0
0.6666666666666667, 0.6666666666666667, 0.6666666666666667, 0.6666666666666667, 0.6666666666666667
0.6625, 0.6625, 0.625, 0.7, 0.0
 , , , , 
0.7386363636363636, 0.7386363636363636, 0.7272727272727273, 0.75, 0.0
0.7, 0.7, 0.7, 0.7, 0.7
 , , , , 
 , , , , 
 , , , , 
0.6407738095238096, 0.6458333333333334, 0.5714285714285714, 0.7, 0.0
 , , , , 
 , , , , 
0.7333333333333334, 0.7333333333333334, 0.6666666666666667, 0.8, 0.0
0.7214285714285714, 0.7142857142857143, 0.7, 0.75, 0.0
0.6666666666666667, 0.6666666666666667, 0.6666666666666667, 0.6666666666666667, 0.6666666666666667
0.6666666666666667, 0.6666666666666667, 0.6666666666666667, 0.6666666666666667, 0.0
 , , , , 
 , , , , 
0.6458333333333334, 0.6458333333333334, 0.625, 0.6666666666666667, 0.0
0.6666666666666667, 0.6666666666666667, 0.6666666666666667, 0.6666666666666667, 0.6666666666666667
0.625, 0.625, 0.625, 0.625, 0.625
0.6666666666666667, 0.6666666666666667, 0.6666666666666667, 0.6666666666666667, 0.6666666666666667
 , , , , 
0.7, 0.7, 0.7, 0.7, 0.7
 , , , , 
0.5, 0.5, 0.5, 0.5, 0.5
 , , , , 
0.5714285714285714, 0.5714285714285714, 0.5714285714285714, 0.5714285714285714, 0.5714285714285714
0.6343434343434343, 0.6363636363636364, 0.6, 0.6666666666666667, 0.0
0.4, 0.4, 0.4, 0.4, 0.4
0.6613247863247863, 0.6666666666666667, 0.625, 0.6923076923076923, 0.0
0.6511904761904762, 0.6666666666666667, 0.5714285714285714, 0.7, 0.0
 , , , , 
 , , , , 
0.6666666666666667, 0.6666666666666667, 0.6666666666666667, 0.6666666666666667, 0.6666666666666667
0.6666666666666667, 0.6666666666666667, 0.6666666666666667, 0.6666666666666667, 0.6666666666666667
0.5714285714285714, 0.5714285714285714, 0.5714285714285714, 0.5714285714285714, 0.5714285714285714
0.6794871794871795, 0.6794871794871795, 0.6666666666666667, 0.6923076923076923, 0.0
 , , , , 
0.6923076923076923, 0.6923076923076923, 0.6923076923076923, 0.6923076923076923, 0.6923076923076923
0.6666666666666667, 0.6666666666666667, 0.6666666666666667, 0.6666666666666667, 0.0
0.625, 0.625, 0.625, 0.625, 0.625
0.7, 0.7, 0.7, 0.7, 0.0
 , , , , 
 , , , , 
0.6666666666666667, 0.6666666666666667, 0.6666666666666667, 0.6666666666666667, 0.6666666666666667
0.6794871794871795, 0.6794871794871795, 0.6666666666666667, 0.6923076923076923, 0.0
0.7, 0.7, 0.7, 0.7, 0.7
0.6527777777777778, 0.6666666666666667, 0.625, 0.6666666666666667, 0.0
 , , , , 
0.7136363636363636, 0.7136363636363636, 0.7, 0.7272727272727273, 0.0
 , , , , 
0.7, 0.7, 0.7, 0.7, 0.7
 , , , , 
0.6666666666666666, 0.6833333333333333, 0.6, 0.7, 0.0
0.5714285714285714, 0.5714285714285714, 0.5714285714285714, 0.5714285714285714, 0.5714285714285714
0.6434676434676435, 0.6666666666666667, 0.5714285714285714, 0.6923076923076923, 0.0
0.6666666666666667, 0.6666666666666667, 0.6666666666666667, 0.6666666666666667, 0.0
 , , , , 
 , , , , 
0.75, 0.75, 0.75, 0.75, 0.75
0.6666666666666667, 0.6666666666666667, 0.6666666666666667, 0.6666666666666667, 0.0
0.6598484848484849, 0.6515151515151516, 0.6363636363636364, 0.7, 0.0
0.7, 0.7, 0.7, 0.7, 0.7
0.5, 0.5, 0.5, 0.5, 0.5
0.7136363636363636, 0.7136363636363636, 0.7, 0.7272727272727273, 0.0
0.5, 0.5, 0.5, 0.5, 0.5
0.6777777777777777, 0.6666666666666667, 0.6666666666666667, 0.7, 0.0
 , , , , 
 , , , , 
 , , , , 
 , , , , 
0.6666666666666667, 0.6666666666666667, 0.6666666666666667, 0.6666666666666667, 0.6666666666666667
0.6, 0.6, 0.6, 0.6, 0.6
0.6616161616161618, 0.6666666666666667, 0.6363636363636364, 0.6666666666666667, 0.0
 , , , , 
0.6363636363636364, 0.6363636363636364, 0.6363636363636364, 0.6363636363636364, 0.6363636363636364
0.7272727272727273, 0.7272727272727273, 0.7272727272727273, 0.7272727272727273, 0.7272727272727273
0.6825396825396827, 0.6666666666666667, 0.6666666666666667, 0.7142857142857143, 0.0
 , , , , 
0.5, 0.5, 0.5, 0.5, 0.5
0.7065268065268064, 0.7, 0.6923076923076923, 0.7272727272727273, 0.0
0.6666666666666667, 0.6666666666666667, 0.6666666666666667, 0.6666666666666667, 0.0
0.6458333333333334, 0.6458333333333334, 0.625, 0.6666666666666667, 0.0
 , , , , 
0.6666666666666667, 0.6666666666666667, 0.6666666666666667, 0.6666666666666667, 0.6666666666666667
0.6676767676767676, 0.6666666666666667, 0.6363636363636364, 0.7, 0.0
 , , , , 
 , , , , 
0.6833333333333333, 0.6833333333333333, 0.6666666666666667, 0.7, 0.0
 , , , , 
 , , , , 
0.7, 0.7, 0.7, 0.7, 0.7
0.6666666666666667, 0.6666666666666667, 0.6666666666666667, 0.6666666666666667, 0.6666666666666667
0.6, 0.6, 0.6, 0.6, 0.6
