 , , , , 
 , , , , 
 , , , , 
 , , , , 
 , , , , 
 , , , , 
 , , , , 
 , , , , 
 , , , , 
0.0, 0.0, 0.0, 0.0, 0.0
0.0, 0.0, 0.0, 0.0, 0.0
0.0, 0.0, 0.0, 0.0, 0.0
0.0, 0.0, 0.0, 0.0, 0.0
 , , , , 
 , , , , 
 , , , , 
 , , , , 
 , , , , 
 , , , , 
 , , , , 
 , , , , 
 , , , , 
 , , , , 
0.0, 0.0, 0.0, 0.0, 0.0
 , , , , 
 , , , , 
 , , , , 
0.2, 0.2, 0.0, 0.4, 0.0
0.0, 0.0, 0.0, 0.0, 0.0
 , , , , 
0.0, 0.0, 0.0, 0.0, 0.0
 , , , , 
 , , , , 
 , , , , 
 , , , , 
 , , , , 
 , , , , 
 , , , , 
0.0, 0.0, 0.0, 0.0, 0.0
 , , , , 
0.0, 0.0, 0.0, 0.0, 0.0
0.4, 0.4, 0.4, 0.4, 0.4
0.0, 0.0, 0.0, 0.0, 0.0
 , , , , 
 , , , , 
 , , , , 
 , , , , 
 , , , , 
 , , , , 
 , , , , 
 , , , , 
 , , , , 
 , , , , 
0.0, 0.0, 0.0, 0.0, 0.0
 , , , , 
 , , , , 
 , , , , 
 , , , , 
 , , , , 
 , , , , 
 , , , , 
 , , , , 
 , , , , 
 , , , , 
 , , , , 
 , , , , 
 , , , , 
0.4, 0.4, 0.4, 0.4, 0.4
 , , , , 
 , , , , 
0.0, 0.0, 0.0, 0.0, 0.0
 , , , , 
0.4, 0.4, 0.4, 0.4, 0.4
0.0, 0.0, 0.0, 0.0, 0.0
 , , , , 
 , , , , 
 , , , , 
 , , , , 
0.4, 0.4, 0.4, 0.4, 0.4
 , , , , 
 , , , , 
 , , , , 
 , , , , 
0.0, 0.0, 0.0, 0.0, 0.0
 , , , , 
0.6666666666666667, 0.6666666666666667, 0.6666666666666667, 0.6666666666666667, 0.6666666666666667
 , , , , 
 , , , , 
 , , , , 
 , , , , 
 , , , , 
 , , , , 
 , , , , 
 , , , , 
 , , , , 
 , , , , 
 , , , , 
 , , , , 
0.0, 0.0, 0.0, 0.0, 0.0
 , , , , 
