0.3984259259259259, 0.3541666666666667, 0.0, 0.8, 0.0
0.21659932659932665, 0.19999999999999996, 0.0, 0.5, 0.0
0.22776094276094278, 0.19999999999999996, 0.0, 0.5, 0.0
0.19641802641802636, 0.19999999999999996, 0.0, 0.6153846153846154, 0.0
0.18397306397306395, 0.19999999999999996, 0.0, 0.5, 0.0
0.2002020202020202, 0.19999999999999996, 0.0, 0.5, 0.0
0.19732323232323232, 0.19999999999999996, 0.0, 0.5, 0.0
0.18868686868686865, 0.19999999999999996, 0.0, 0.5, 0.0
0.18956228956228954, 0.19999999999999996, 0.0, 0.5, 0.0
0.18592592592592583, 0.19999999999999996, 0.0, 0.5, 0.0
0.17816498316498305, 0.19999999999999996, 0.0, 0.36363636363636365, 0.0
0.17585858585858577, 0.19999999999999996, 0.0, 0.36363636363636365, 0.0
0.17082491582491574, 0.19999999999999996, 0.0, 0.36363636363636365, 0.0
0.1664309764309764, 0.19999999999999996, 0.0, 0.36363636363636365, 0.0
0.16370370370370366, 0.19999999999999996, 0.0, 0.36363636363636365, 0.0
0.16116161616161612, 0.19999999999999996, 0.0, 0.36363636363636365, 0.0
0.15297979797979797, 0.19999999999999996, 0.0, 0.36363636363636365, 0.0
0.14525252525252524, 0.19999999999999996, 0.0, 0.36363636363636365, 0.0
0.14210437710437712, 0.19999999999999996, 0.0, 0.36363636363636365, 0.0
0.13747474747474747, 0.19999999999999996, 0.0, 0.36363636363636365, 0.0
0.1272053872053872, 0.11111111111111116, 0.0, 0.36363636363636365, 0.0
0.11670033670033673, 0.11111111111111116, 0.0, 0.36363636363636365, 0.0
0.10897306397306401, 0.11111111111111116, 0.0, 0.36363636363636365, 0.0
0.10772727272727277, 0.11111111111111116, 0.0, 0.36363636363636365, 0.0
0.10500000000000005, 0.11111111111111116, 0.0, 0.30000000000000004, 0.0
0.10500000000000005, 0.11111111111111116, 0.0, 0.30000000000000004, 0.0
0.10500000000000005, 0.11111111111111116, 0.0, 0.30000000000000004, 0.0
0.1033333333333334, 0.11111111111111116, 0.0, 0.19999999999999996, 0.0
0.1033333333333334, 0.11111111111111116, 0.0, 0.19999999999999996, 0.0
0.1033333333333334, 0.11111111111111116, 0.0, 0.19999999999999996, 0.0
0.09666666666666672, 0.11111111111111116, 0.0, 0.19999999999999996, 0.0
0.09814814814814819, 0.11111111111111116, 0.0, 0.19999999999999996, 0.0
0.09962962962962969, 0.11111111111111116, 0.0, 0.19999999999999996, 0.0
0.09814814814814819, 0.11111111111111116, 0.0, 0.19999999999999996, 0.0
0.09518518518518525, 0.11111111111111116, 0.0, 0.19999999999999996, 0.0
0.09222222222222227, 0.11111111111111116, 0.0, 0.19999999999999996, 0.0
0.09092592592592598, 0.11111111111111116, 0.0, 0.30000000000000004, 0.0
0.08907407407407412, 0.11111111111111116, 0.0, 0.30000000000000004, 0.0
0.08888888888888895, 0.11111111111111116, 0.0, 0.19999999999999996, 0.0
0.09037037037037042, 0.11111111111111116, 0.0, 0.19999999999999996, 0.0
0.09500000000000004, 0.11111111111111116, 0.0, 0.30000000000000004, 0.0
0.09648148148148153, 0.11111111111111116, 0.0, 0.30000000000000004, 0.0
0.09648148148148153, 0.11111111111111116, 0.0, 0.30000000000000004, 0.0
0.09500000000000004, 0.11111111111111116, 0.0, 0.30000000000000004, 0.0
0.0918518518518519, 0.11111111111111116, 0.0, 0.19999999999999996, 0.0
0.09296296296296301, 0.11111111111111116, 0.0, 0.19999999999999996, 0.0
0.09296296296296301, 0.11111111111111116, 0.0, 0.19999999999999996, 0.0
0.0944444444444445, 0.11111111111111116, 0.0, 0.19999999999999996, 0.0
0.09111111111111116, 0.05555555555555558, 0.0, 0.19999999999999996, 0.0
0.09111111111111116, 0.05555555555555558, 0.0, 0.19999999999999996, 0.0
0.09111111111111116, 0.05555555555555558, 0.0, 0.19999999999999996, 0.0
0.08777777777777782, 0.0, 0.0, 0.19999999999999996, 0.0
0.08777777777777782, 0.0, 0.0, 0.19999999999999996, 0.0
0.08777777777777782, 0.0, 0.0, 0.19999999999999996, 0.0
0.08444444444444449, 0.0, 0.0, 0.19999999999999996, 0.0
0.08444444444444449, 0.0, 0.0, 0.19999999999999996, 0.0
0.082962962962963, 0.0, 0.0, 0.19999999999999996, 0.0
0.082962962962963, 0.0, 0.0, 0.19999999999999996, 0.0
0.07962962962962968, 0.0, 0.0, 0.19999999999999996, 0.0
0.07962962962962968, 0.0, 0.0, 0.19999999999999996, 0.0
0.07444444444444448, 0.0, 0.0, 0.19999999999999996, 0.0
0.07444444444444448, 0.0, 0.0, 0.19999999999999996, 0.0
0.07259259259259261, 0.0, 0.0, 0.19999999999999996, 0.0
0.06925925925925928, 0.0, 0.0, 0.19999999999999996, 0.0
0.06592592592592594, 0.0, 0.0, 0.19999999999999996, 0.0
0.06592592592592594, 0.0, 0.0, 0.19999999999999996, 0.0
0.06592592592592594, 0.0, 0.0, 0.19999999999999996, 0.0
0.06592592592592594, 0.0, 0.0, 0.19999999999999996, 0.0
0.06740740740740743, 0.0, 0.0, 0.19999999999999996, 0.0
0.06740740740740743, 0.0, 0.0, 0.19999999999999996, 0.0
0.06740740740740743, 0.0, 0.0, 0.19999999999999996, 0.0
0.06740740740740743, 0.0, 0.0, 0.19999999999999996, 0.0
0.06740740740740743, 0.0, 0.0, 0.19999999999999996, 0.0
0.06740740740740743, 0.0, 0.0, 0.19999999999999996, 0.0
0.06740740740740743, 0.0, 0.0, 0.19999999999999996, 0.0
0.06740740740740743, 0.0, 0.0, 0.19999999999999996, 0.0
0.06740740740740743, 0.0, 0.0, 0.19999999999999996, 0.0
0.0640740740740741, 0.0, 0.0, 0.19999999999999996, 0.0
0.06222222222222224, 0.0, 0.0, 0.19999999999999996, 0.0
0.0588888888888889, 0.0, 0.0, 0.19999999999999996, 0.0
0.0588888888888889, 0.0, 0.0, 0.19999999999999996, 0.0
0.055555555555555566, 0.0, 0.0, 0.19999999999999996, 0.0
0.05222222222222223, 0.0, 0.0, 0.19999999999999996, 0.0
0.05222222222222223, 0.0, 0.0, 0.19999999999999996, 0.0
0.05222222222222223, 0.0, 0.0, 0.19999999999999996, 0.0
0.05222222222222223, 0.0, 0.0, 0.19999999999999996, 0.0
0.05074074074074075, 0.0, 0.0, 0.19999999999999996, 0.0
0.05074074074074075, 0.0, 0.0, 0.19999999999999996, 0.0
0.05074074074074075, 0.0, 0.0, 0.19999999999999996, 0.0
0.05074074074074075, 0.0, 0.0, 0.19999999999999996, 0.0
0.05074074074074075, 0.0, 0.0, 0.19999999999999996, 0.0
0.05074074074074075, 0.0, 0.0, 0.19999999999999996, 0.0
0.05074074074074075, 0.0, 0.0, 0.19999999999999996, 0.0
0.05074074074074075, 0.0, 0.0, 0.19999999999999996, 0.0
0.05074074074074075, 0.0, 0.0, 0.19999999999999996, 0.0
0.05074074074074075, 0.0, 0.0, 0.19999999999999996, 0.0
0.05074074074074075, 0.0, 0.0, 0.19999999999999996, 0.0
0.05074074074074075, 0.0, 0.0, 0.19999999999999996, 0.0
0.05074074074074075, 0.0, 0.0, 0.19999999999999996, 0.0
0.05074074074074075, 0.0, 0.0, 0.19999999999999996, 0.0
