0.06537037037037037, 0.0, 0.0, 0.5, 0.0
0.15631313131313135, 0.19999999999999996, 0.0, 0.5454545454545454, 0.0
0.13952861952861956, 0.19999999999999996, 0.0, 0.4, 0.0
0.1417340067340067, 0.19999999999999996, 0.0, 0.5, 0.0
0.15819865319865317, 0.19999999999999996, 0.0, 0.5, 0.0
0.16040404040404035, 0.19999999999999996, 0.0, 0.4, 0.0
0.15919191919191913, 0.19999999999999996, 0.0, 0.36363636363636365, 0.0
0.15781144781144774, 0.19999999999999996, 0.0, 0.36363636363636365, 0.0
0.1496296296296296, 0.19999999999999996, 0.0, 0.36363636363636365, 0.0
0.13872053872053872, 0.19999999999999996, 0.0, 0.36363636363636365, 0.0
0.13737373737373737, 0.19999999999999996, 0.0, 0.36363636363636365, 0.0
0.1339057239057239, 0.19999999999999996, 0.0, 0.36363636363636365, 0.0
0.13080808080808082, 0.19999999999999996, 0.0, 0.36363636363636365, 0.0
0.12141414141414142, 0.19999999999999996, 0.0, 0.36363636363636365, 0.0
0.11535353535353536, 0.19999999999999996, 0.0, 0.36363636363636365, 0.0
0.11535353535353536, 0.19999999999999996, 0.0, 0.36363636363636365, 0.0
0.10915824915824919, 0.19999999999999996, 0.0, 0.36363636363636365, 0.0
0.10915824915824919, 0.19999999999999996, 0.0, 0.36363636363636365, 0.0
0.1060606060606061, 0.19999999999999996, 0.0, 0.36363636363636365, 0.0
0.10333333333333337, 0.19999999999999996, 0.0, 0.19999999999999996, 0.0
0.10333333333333337, 0.19999999999999996, 0.0, 0.19999999999999996, 0.0
0.10666666666666672, 0.19999999999999996, 0.0, 0.19999999999999996, 0.0
0.10666666666666672, 0.19999999999999996, 0.0, 0.19999999999999996, 0.0
0.10666666666666672, 0.19999999999999996, 0.0, 0.19999999999999996, 0.0
0.10666666666666672, 0.19999999999999996, 0.0, 0.19999999999999996, 0.0
0.10333333333333337, 0.19999999999999996, 0.0, 0.19999999999999996, 0.0
0.10666666666666672, 0.19999999999999996, 0.0, 0.19999999999999996, 0.0
0.11000000000000006, 0.19999999999999996, 0.0, 0.19999999999999996, 0.0
0.11000000000000006, 0.19999999999999996, 0.0, 0.19999999999999996, 0.0
0.10666666666666672, 0.19999999999999996, 0.0, 0.19999999999999996, 0.0
0.10333333333333337, 0.19999999999999996, 0.0, 0.19999999999999996, 0.0
0.10370370370370376, 0.19999999999999996, 0.0, 0.2222222222222222, 0.0
0.10370370370370376, 0.19999999999999996, 0.0, 0.2222222222222222, 0.0
0.10037037037037042, 0.09999999999999998, 0.0, 0.2222222222222222, 0.0
0.10037037037037042, 0.09999999999999998, 0.0, 0.2222222222222222, 0.0
0.10037037037037042, 0.09999999999999998, 0.0, 0.2222222222222222, 0.0
0.09703703703703707, 0.0, 0.0, 0.2222222222222222, 0.0
0.09703703703703707, 0.0, 0.0, 0.2222222222222222, 0.0
0.09703703703703707, 0.0, 0.0, 0.2222222222222222, 0.0
0.09370370370370375, 0.0, 0.0, 0.2222222222222222, 0.0
0.09370370370370375, 0.0, 0.0, 0.2222222222222222, 0.0
0.0903703703703704, 0.0, 0.0, 0.2222222222222222, 0.0
0.08703703703703707, 0.0, 0.0, 0.2222222222222222, 0.0
0.0840740740740741, 0.0, 0.0, 0.2222222222222222, 0.0
0.08740740740740743, 0.0, 0.0, 0.2222222222222222, 0.0
0.08740740740740743, 0.0, 0.0, 0.2222222222222222, 0.0
0.08740740740740743, 0.0, 0.0, 0.2222222222222222, 0.0
0.08740740740740743, 0.0, 0.0, 0.2222222222222222, 0.0
0.08740740740740743, 0.0, 0.0, 0.2222222222222222, 0.0
0.08740740740740743, 0.0, 0.0, 0.2222222222222222, 0.0
0.08740740740740743, 0.0, 0.0, 0.2222222222222222, 0.0
0.08740740740740743, 0.0, 0.0, 0.2222222222222222, 0.0
0.08740740740740743, 0.0, 0.0, 0.2222222222222222, 0.0
0.08740740740740743, 0.0, 0.0, 0.2222222222222222, 0.0
0.08740740740740743, 0.0, 0.0, 0.2222222222222222, 0.0
0.0840740740740741, 0.0, 0.0, 0.2222222222222222, 0.0
0.0840740740740741, 0.0, 0.0, 0.2222222222222222, 0.0
0.08074074074074077, 0.0, 0.0, 0.2222222222222222, 0.0
0.08074074074074077, 0.0, 0.0, 0.2222222222222222, 0.0
0.07740740740740742, 0.0, 0.0, 0.2222222222222222, 0.0
0.07740740740740742, 0.0, 0.0, 0.2222222222222222, 0.0
0.07740740740740742, 0.0, 0.0, 0.2222222222222222, 0.0
0.0740740740740741, 0.0, 0.0, 0.2222222222222222, 0.0
0.0740740740740741, 0.0, 0.0, 0.2222222222222222, 0.0
0.0740740740740741, 0.0, 0.0, 0.2222222222222222, 0.0
0.0740740740740741, 0.0, 0.0, 0.2222222222222222, 0.0
0.07074074074074076, 0.0, 0.0, 0.2222222222222222, 0.0
0.06740740740740742, 0.0, 0.0, 0.2222222222222222, 0.0
0.06740740740740742, 0.0, 0.0, 0.2222222222222222, 0.0
0.06370370370370372, 0.0, 0.0, 0.2222222222222222, 0.0
0.06370370370370372, 0.0, 0.0, 0.2222222222222222, 0.0
0.06370370370370372, 0.0, 0.0, 0.2222222222222222, 0.0
0.06370370370370372, 0.0, 0.0, 0.2222222222222222, 0.0
0.06037037037037038, 0.0, 0.0, 0.2222222222222222, 0.0
0.05703703703703704, 0.0, 0.0, 0.2222222222222222, 0.0
0.053703703703703705, 0.0, 0.0, 0.2222222222222222, 0.0
0.053703703703703705, 0.0, 0.0, 0.2222222222222222, 0.0
0.053703703703703705, 0.0, 0.0, 0.2222222222222222, 0.0
0.05037037037037037, 0.0, 0.0, 0.2222222222222222, 0.0
0.05037037037037037, 0.0, 0.0, 0.2222222222222222, 0.0
0.05037037037037037, 0.0, 0.0, 0.2222222222222222, 0.0
0.053703703703703705, 0.0, 0.0, 0.2222222222222222, 0.0
0.053703703703703705, 0.0, 0.0, 0.2222222222222222, 0.0
0.053703703703703705, 0.0, 0.0, 0.2222222222222222, 0.0
0.053703703703703705, 0.0, 0.0, 0.2222222222222222, 0.0
0.05037037037037037, 0.0, 0.0, 0.2222222222222222, 0.0
0.05037037037037037, 0.0, 0.0, 0.2222222222222222, 0.0
0.05037037037037037, 0.0, 0.0, 0.2222222222222222, 0.0
0.05037037037037037, 0.0, 0.0, 0.2222222222222222, 0.0
0.05037037037037037, 0.0, 0.0, 0.2222222222222222, 0.0
0.05037037037037037, 0.0, 0.0, 0.2222222222222222, 0.0
0.05037037037037037, 0.0, 0.0, 0.2222222222222222, 0.0
0.04703703703703703, 0.0, 0.0, 0.2222222222222222, 0.0
0.05037037037037037, 0.0, 0.0, 0.2222222222222222, 0.0
0.05037037037037037, 0.0, 0.0, 0.2222222222222222, 0.0
0.05037037037037037, 0.0, 0.0, 0.2222222222222222, 0.0
0.05037037037037037, 0.0, 0.0, 0.2222222222222222, 0.0
0.05037037037037037, 0.0, 0.0, 0.2222222222222222, 0.0
0.05037037037037037, 0.0, 0.0, 0.2222222222222222, 0.0
0.05037037037037037, 0.0, 0.0, 0.2222222222222222, 0.0
