0.1233201058201058, 0.0, 0.0, 0.5, 0.0
0.1609848484848485, 0.19999999999999996, 0.0, 0.5454545454545454, 0.0
0.16997474747474747, 0.19999999999999996, 0.0, 0.5454545454545454, 0.0
0.16966329966329965, 0.19999999999999996, 0.0, 0.5454545454545454, 0.0
0.1623232323232323, 0.19999999999999996, 0.0, 0.5, 0.0
0.15499999999999994, 0.19999999999999996, 0.0, 0.5, 0.0
0.1515319865319865, 0.19999999999999996, 0.0, 0.5, 0.0
0.14269360269360265, 0.19999999999999996, 0.0, 0.4, 0.0
0.14111111111111108, 0.19999999999999996, 0.0, 0.4, 0.0
0.14582491582491577, 0.19999999999999996, 0.0, 0.4, 0.0
0.14050505050505047, 0.19999999999999996, 0.0, 0.36363636363636365, 0.0
0.13616161616161612, 0.19999999999999996, 0.0, 0.36363636363636365, 0.0
0.1328282828282828, 0.19999999999999996, 0.0, 0.36363636363636365, 0.0
0.12676767676767672, 0.09999999999999998, 0.0, 0.36363636363636365, 0.0
0.12131313131313129, 0.09999999999999998, 0.0, 0.36363636363636365, 0.0
0.12094276094276092, 0.09999999999999998, 0.0, 0.36363636363636365, 0.0
0.10609427609427609, 0.0, 0.0, 0.36363636363636365, 0.0
0.102996632996633, 0.0, 0.0, 0.36363636363636365, 0.0
0.09966329966329966, 0.0, 0.0, 0.36363636363636365, 0.0
0.09360269360269362, 0.0, 0.0, 0.36363636363636365, 0.0
0.09026936026936028, 0.0, 0.0, 0.36363636363636365, 0.0
0.08656565656565657, 0.0, 0.0, 0.36363636363636365, 0.0
0.08323232323232324, 0.0, 0.0, 0.36363636363636365, 0.0
0.07346801346801347, 0.0, 0.0, 0.36363636363636365, 0.0
0.06000000000000001, 0.0, 0.0, 0.19999999999999996, 0.0
0.04666666666666666, 0.0, 0.0, 0.19999999999999996, 0.0
0.04333333333333333, 0.0, 0.0, 0.19999999999999996, 0.0
0.04333333333333333, 0.0, 0.0, 0.19999999999999996, 0.0
0.04666666666666666, 0.0, 0.0, 0.19999999999999996, 0.0
0.05, 0.0, 0.0, 0.19999999999999996, 0.0
0.05, 0.0, 0.0, 0.19999999999999996, 0.0
0.05, 0.0, 0.0, 0.19999999999999996, 0.0
0.05, 0.0, 0.0, 0.19999999999999996, 0.0
0.05333333333333334, 0.0, 0.0, 0.19999999999999996, 0.0
0.05333333333333334, 0.0, 0.0, 0.19999999999999996, 0.0
0.05666666666666667, 0.0, 0.0, 0.19999999999999996, 0.0
0.05666666666666667, 0.0, 0.0, 0.19999999999999996, 0.0
0.05666666666666667, 0.0, 0.0, 0.19999999999999996, 0.0
0.06333333333333334, 0.0, 0.0, 0.19999999999999996, 0.0
0.06333333333333334, 0.0, 0.0, 0.19999999999999996, 0.0
0.06666666666666668, 0.0, 0.0, 0.19999999999999996, 0.0
0.06666666666666668, 0.0, 0.0, 0.19999999999999996, 0.0
0.06666666666666668, 0.0, 0.0, 0.19999999999999996, 0.0
0.07000000000000002, 0.0, 0.0, 0.19999999999999996, 0.0
0.07000000000000002, 0.0, 0.0, 0.19999999999999996, 0.0
0.08000000000000003, 0.0, 0.0, 0.19999999999999996, 0.0
0.08000000000000003, 0.0, 0.0, 0.19999999999999996, 0.0
0.08000000000000003, 0.0, 0.0, 0.19999999999999996, 0.0
0.08000000000000003, 0.0, 0.0, 0.19999999999999996, 0.0
0.08000000000000003, 0.0, 0.0, 0.19999999999999996, 0.0
0.08333333333333336, 0.0, 0.0, 0.19999999999999996, 0.0
0.08333333333333336, 0.0, 0.0, 0.19999999999999996, 0.0
0.08333333333333336, 0.0, 0.0, 0.19999999999999996, 0.0
0.08333333333333336, 0.0, 0.0, 0.19999999999999996, 0.0
0.08000000000000003, 0.0, 0.0, 0.19999999999999996, 0.0
0.07666666666666669, 0.0, 0.0, 0.19999999999999996, 0.0
0.07666666666666669, 0.0, 0.0, 0.19999999999999996, 0.0
0.07666666666666669, 0.0, 0.0, 0.19999999999999996, 0.0
0.07666666666666669, 0.0, 0.0, 0.19999999999999996, 0.0
0.07666666666666669, 0.0, 0.0, 0.19999999999999996, 0.0
0.07666666666666669, 0.0, 0.0, 0.19999999999999996, 0.0
0.07666666666666669, 0.0, 0.0, 0.19999999999999996, 0.0
0.07333333333333335, 0.0, 0.0, 0.19999999999999996, 0.0
0.07333333333333335, 0.0, 0.0, 0.19999999999999996, 0.0
0.07000000000000002, 0.0, 0.0, 0.19999999999999996, 0.0
0.07000000000000002, 0.0, 0.0, 0.19999999999999996, 0.0
0.07000000000000002, 0.0, 0.0, 0.19999999999999996, 0.0
0.06666666666666668, 0.0, 0.0, 0.19999999999999996, 0.0
0.06666666666666668, 0.0, 0.0, 0.19999999999999996, 0.0
0.06666666666666668, 0.0, 0.0, 0.19999999999999996, 0.0
0.06333333333333334, 0.0, 0.0, 0.19999999999999996, 0.0
0.06333333333333334, 0.0, 0.0, 0.19999999999999996, 0.0
0.06333333333333334, 0.0, 0.0, 0.19999999999999996, 0.0
0.06333333333333334, 0.0, 0.0, 0.19999999999999996, 0.0
0.06000000000000001, 0.0, 0.0, 0.19999999999999996, 0.0
0.06000000000000001, 0.0, 0.0, 0.19999999999999996, 0.0
0.06000000000000001, 0.0, 0.0, 0.19999999999999996, 0.0
0.06000000000000001, 0.0, 0.0, 0.19999999999999996, 0.0
0.06000000000000001, 0.0, 0.0, 0.19999999999999996, 0.0
0.06000000000000001, 0.0, 0.0, 0.19999999999999996, 0.0
0.06000000000000001, 0.0, 0.0, 0.19999999999999996, 0.0
0.06000000000000001, 0.0, 0.0, 0.19999999999999996, 0.0
0.06000000000000001, 0.0, 0.0, 0.19999999999999996, 0.0
0.06000000000000001, 0.0, 0.0, 0.19999999999999996, 0.0
0.06000000000000001, 0.0, 0.0, 0.19999999999999996, 0.0
0.06000000000000001, 0.0, 0.0, 0.19999999999999996, 0.0
0.06000000000000001, 0.0, 0.0, 0.19999999999999996, 0.0
0.06000000000000001, 0.0, 0.0, 0.19999999999999996, 0.0
0.05666666666666667, 0.0, 0.0, 0.19999999999999996, 0.0
0.05666666666666667, 0.0, 0.0, 0.19999999999999996, 0.0
0.05666666666666667, 0.0, 0.0, 0.19999999999999996, 0.0
0.05666666666666667, 0.0, 0.0, 0.19999999999999996, 0.0
0.05666666666666667, 0.0, 0.0, 0.19999999999999996, 0.0
0.05666666666666667, 0.0, 0.0, 0.19999999999999996, 0.0
0.05666666666666667, 0.0, 0.0, 0.19999999999999996, 0.0
0.05666666666666667, 0.0, 0.0, 0.19999999999999996, 0.0
0.05666666666666667, 0.0, 0.0, 0.19999999999999996, 0.0
0.05333333333333334, 0.0, 0.0, 0.19999999999999996, 0.0
0.05, 0.0, 0.0, 0.19999999999999996, 0.0
0.05, 0.0, 0.0, 0.19999999999999996, 0.0
