0.47147529889465367, 0.5714285714285714, 0.0, 0.8, 0.0
0.42608581894296177, 0.5714285714285714, 0.0, 0.7692307692307692, 0.0
0.5045787545787547, 0.5714285714285714, 0.0, 0.7692307692307692, 0.0
0.5669781607281608, 0.5714285714285714, 0.0, 0.7692307692307692, 0.0
0.46895465645465634, 0.5714285714285714, 0.0, 0.7692307692307692, 0.0
0.5581436107751896, 0.6666666666666667, 0.0, 0.7692307692307692, 0.0
0.5095353364584134, 0.5714285714285714, 0.0, 0.7692307692307692, 0.0
0.5240347887406711, 0.6666666666666667, 0.0, 0.7692307692307692, 0.0
0.40639043496186356, 0.5714285714285714, 0.0, 0.7272727272727273, 0.0
0.4744683887541031, 0.5714285714285714, 0.0, 0.7692307692307692, 0.0
0.45571487336193206, 0.5714285714285714, 0.0, 0.8, 0.0
0.4724561153132581, 0.5714285714285714, 0.0, 0.7692307692307692, 0.0
0.5483490868106254, 0.6666666666666667, 0.0, 0.7692307692307692, 0.0
0.5886713286713285, 0.6666666666666667, 0.0, 0.7692307692307692, 0.0
0.4009532134532135, 0.5, 0.0, 0.7692307692307692, 0.0
0.4585137085137084, 0.5714285714285714, 0.0, 0.7272727272727273, 0.0
0.4662511401641836, 0.5714285714285714, 0.0, 0.7692307692307692, 0.0
0.5209519647019646, 0.5714285714285714, 0.0, 0.8, 0.0
0.43564768564768563, 0.5714285714285714, 0.0, 0.7692307692307692, 0.0
0.43808691308691294, 0.5714285714285714, 0.0, 0.7692307692307692, 0.0
0.5077345731191887, 0.6666666666666667, 0.0, 0.8, 0.0
0.5114439132296276, 0.5714285714285714, 0.0, 0.7692307692307692, 0.0
0.5507048507048509, 0.6666666666666667, 0.0, 0.7692307692307692, 0.0
0.4279120879120879, 0.5714285714285714, 0.0, 0.7692307692307692, 0.0
0.42972348164655866, 0.5357142857142857, 0.0, 0.7692307692307692, 0.0
0.5584623709623707, 0.5714285714285714, 0.0, 0.7692307692307692, 0.0
0.48445720945720955, 0.5, 0.0, 0.7692307692307692, 0.0
0.4330847723704866, 0.5, 0.0, 0.7692307692307692, 0.0
0.5006726606726606, 0.5714285714285714, 0.0, 0.7692307692307692, 0.0
0.4680346320346321, 0.5, 0.0, 0.8, 0.0
0.40073926073926075, 0.5, 0.0, 0.7692307692307692, 0.0
0.40084408345277917, 0.5, 0.0, 0.8, 0.0
0.44345238095238093, 0.5357142857142857, 0.0, 0.75, 0.0
0.4353177686511021, 0.5714285714285714, 0.0, 0.7692307692307692, 0.0
0.4233158146201625, 0.5714285714285714, 0.0, 0.7692307692307692, 0.0
0.4839160839160837, 0.5357142857142857, 0.0, 0.7272727272727273, 0.0
0.5315593497411679, 0.5714285714285714, 0.0, 0.7692307692307692, 0.0
0.5768139906070939, 0.6666666666666667, 0.0, 0.7692307692307692, 0.0
0.5085948534224396, 0.5714285714285714, 0.0, 0.7692307692307692, 0.0
0.4610796066678419, 0.5714285714285714, 0.0, 0.8, 0.0
0.425660142326809, 0.5, 0.0, 0.7692307692307692, 0.0
0.439336026292548, 0.5, 0.0, 0.7692307692307692, 0.0
0.45623820623820627, 0.5714285714285714, 0.0, 0.7692307692307692, 0.0
0.4181311113129295, 0.5357142857142857, 0.0, 0.7692307692307692, 0.0
0.453909423909424, 0.5714285714285714, 0.0, 0.7692307692307692, 0.0
0.4772386704204887, 0.5714285714285714, 0.0, 0.8333333333333334, 0.0
0.5270050462358153, 0.5714285714285714, 0.0, 0.7692307692307692, 0.0
0.4240687883545027, 0.5, 0.0, 0.8, 0.0
0.5320512820512819, 0.5714285714285714, 0.0, 0.7692307692307692, 0.0
0.35257858083945054, 0.5, 0.0, 0.75, 0.0
0.5147722647722647, 0.5714285714285714, 0.0, 0.7692307692307692, 0.0
0.4564171939171941, 0.5714285714285714, 0.0, 0.8, 0.0
0.4855411255411255, 0.6666666666666667, 0.0, 0.7272727272727273, 0.0
0.4156489974671792, 0.5714285714285714, 0.0, 0.8, 0.0
0.42289258360686943, 0.6190476190476191, 0.0, 0.7692307692307692, 0.0
0.5115563448896782, 0.5714285714285714, 0.0, 0.7692307692307692, 0.0
0.40314006980673656, 0.5714285714285714, 0.0, 0.7692307692307692, 0.0
0.5255022755022755, 0.6190476190476191, 0.0, 0.7692307692307692, 0.0
0.44420512820512814, 0.5714285714285714, 0.0, 0.7692307692307692, 0.0
0.4071413435049799, 0.5833333333333334, 0.0, 0.7692307692307692, 0.0
0.3704483921875226, 0.5, 0.0, 0.7692307692307692, 0.0
0.46481588586851746, 0.5714285714285714, 0.0, 0.7692307692307692, 0.0
0.5348026973026974, 0.6666666666666667, 0.0, 0.8, 0.0
0.4649617049617049, 0.5714285714285714, 0.0, 0.8, 0.0
0.4986382664954093, 0.6666666666666667, 0.0, 0.7692307692307692, 0.0
0.5269607204389813, 0.5714285714285714, 0.0, 0.8, 0.0
0.4145909645909646, 0.5357142857142857, 0.0, 0.8, 0.0
0.32690964949029466, 0.5, 0.0, 0.7272727272727273, 0.0
0.33373174444603027, 0.25, 0.0, 0.7692307692307692, 0.0
0.4730031872889015, 0.5714285714285714, 0.0, 0.7692307692307692, 0.0
0.46525200989486687, 0.5714285714285714, 0.0, 0.75, 0.0
0.5037769248295565, 0.5714285714285714, 0.0, 0.7692307692307692, 0.0
0.4674620251543328, 0.5714285714285714, 0.0, 0.7692307692307692, 0.0
0.4957071913593653, 0.6666666666666667, 0.0, 0.7692307692307692, 0.0
0.38915006562065385, 0.5, 0.0, 0.7692307692307692, 0.0
0.3364835164835165, 0.5, 0.0, 0.7692307692307692, 0.0
0.4359799291617474, 0.5357142857142857, 0.0, 0.75, 0.0
0.4388278388278389, 0.5357142857142857, 0.0, 0.7692307692307692, 0.0
0.4840888278388277, 0.5714285714285714, 0.0, 0.7692307692307692, 0.0
0.45839345839345835, 0.5714285714285714, 0.0, 0.7272727272727273, 0.0
0.4066133866133866, 0.5714285714285714, 0.0, 0.7692307692307692, 0.0
0.48426573426573405, 0.5714285714285714, 0.0, 0.7692307692307692, 0.0
0.389009139009139, 0.5, 0.0, 0.7272727272727273, 0.0
0.4578268953268953, 0.5, 0.0, 0.7692307692307692, 0.0
0.4204155844155843, 0.5, 0.0, 0.7272727272727273, 0.0
0.3488095238095239, 0.5, 0.0, 0.8, 0.0
0.47980224903301816, 0.5714285714285714, 0.0, 0.7692307692307692, 0.0
0.339948593073593, 0.5, 0.0, 0.7272727272727273, 0.0
0.5105855682778759, 0.5714285714285714, 0.0, 0.7692307692307692, 0.0
0.5647979005121864, 0.5714285714285714, 0.0, 0.8, 0.0
0.491363574696908, 0.5714285714285714, 0.0, 0.7692307692307692, 0.0
0.42205794205794206, 0.5714285714285714, 0.0, 0.7692307692307692, 0.0
0.4540043290043289, 0.5357142857142857, 0.0, 0.7272727272727273, 0.0
0.45187184610261527, 0.6190476190476191, 0.0, 0.7692307692307692, 0.0
0.47236676367111163, 0.6666666666666667, 0.0, 0.8, 0.0
0.4824790594021363, 0.5714285714285714, 0.0, 0.7692307692307692, 0.0
0.5108369890978588, 0.5714285714285714, 0.0, 0.7692307692307692, 0.0
0.48877788877788897, 0.5714285714285714, 0.0, 0.8, 0.0
0.41277573001710927, 0.5714285714285714, 0.0, 0.8, 0.0
0.4393767152387842, 0.5714285714285714, 0.0, 0.7692307692307692, 0.0
