-1.6190476190476188, -1.6177777777777778, -0.8115942028985507, -2.0357142857142856, -1.6678121420389462, -2.494574528840663, -7.950892857142858, -2.451178451178451, -4.824175824175824, -5.71510989010989,
-6.678571428571428, -2.4266666666666667, -2.9758454106280188, -8.444444444444445, -4.7967032967032965, -10.222184065934066, -1.3979591836734695, -6.731456043956045, -3.790423861852433, -9.055631868131867,
-13.246753246753245, -8.653846153846153, -6.1607142857142865, -7.784722222222222, -1.2508591065292096, -8.41826923076923, -3.4948979591836737, -5.245290423861853, -5.5133437990580845, -0.41410693970420936,
-4.857142857142857, -0.8088888888888889, -8.214285714285715, -8.444444444444445, -1.6678121420389462, -2.494574528840663, -0.8175182481751824, -5.59497645211931, -10.251373626373626, -4.131160612709247,
-2.7755102040816326, -6.799450549450549, -9.30952380952381, -2.7142857142857144, -8.394230769230768, -2.494574528840663, -1.3979591836734695, -7.649381868131869, -2.4874715261959, -1.104127442523347,
-1.9428571428571426, -0.8088888888888889, -7.549319727891157, -7.71875, -3.3356242840778925, -10.222184065934066, 0.0, -8.453983516483516, -3.859340659340659, -9.055631868131867,
-8.5, -8.035714285714286, -7.666666666666668, -7.125, -4.7967032967032965, -10.222184065934066, -0.8175182481751824, -6.119505494505495, -2.1369596235199877, -0.41410693970420936,
-5.72063492063492, -8.653846153846153, -0.8115942028985507, -7.71875, -4.7967032967032965, -2.061616954474097, -0.8175182481751824, -7.955357142857143, -4.135007849293563, -0.5520299219714139,
-8.5, -7.064364207221351, -5.549393670511682, -7.125, -0.6254295532646048, -3.848351648351648, -0.8175182481751824, -6.1195054945054945, -4.824175824175824, -11.591208791208789,
-7.523109243697478, -10.508241758241759, -9.857142857142858, -8.3125, -4.7967032967032965, -7.816964285714286, -2.452554744525547, -7.693092621664051, -1.6583143507972666, -6.640796703296703,
-2.9051620648259306, -3.2355555555555555, -10.473214285714286, -2.111111111111111, -5.9958791208791204, -10.222184065934066, -4.0773809523809526, -0.815934065934066, -4.135007849293563, -7.946318139577524,
-15.012987012987013, -2.4266666666666667, -4.938331854480923, -2.8499999999999996, -2.494574528840663, 0.0, -8.567307692307693, -4.824175824175824, -4.829670329670329, 
0.0, -7.064364207221351, -8.145833333333334, -2.526315789473684, -0.962087912087912, -8.154761904761905, -9.791208791208792, -4.135007849293563, -1.8111263736263736, 
-3.3999999999999995, -8.653846153846153, -3.7941899585921326, 0.0, -10.222184065934066, -5.813330943691346, 0.0, -5.5133437990580845, -5.036723799522434, 
-2.4705882352941178, -7.064364207221351, -4.928571428571429, -1.263157894736842, -10.222184065934066, -8.5625, -7.071428571428572, -3.859340659340659, -8.451923076923077, 
-10.928571428571427, -8.653846153846153, -4.057971014492753, -7.125, -2.061616954474097, -6.116071428571429, -7.649381868131869, -5.5133437990580845, -4.39417135815996, 
-9.107142857142856, -1.82, -6.204719387755102, -0.8421052631578947, 0.0, -9.174107142857144, -6.731456043956045, -1.24373576309795, -6.899529042386185, 
-0.9714285714285713, -5.658565323565324, -3.7941899585921326, -7.71875, 0.0, -4.0773809523809526, -9.791208791208792, -10.251373626373626, -9.044655344655343, 
-2.4285714285714284, -8.653846153846153, -6.841959972394755, -7.71875, -2.494574528840663, -1.4572285118426933, -4.590051152551153, -5.5133437990580845, -13.171828171828171, 
-8.904761904761903, -7.064364207221351, -9.30952380952381, -7.71875, -2.061616954474097, -1.2528489497988977, -3.671703296703297, -1.13739660924822, -0.8282138794084187, 
-1.6190476190476188, -5.4945054945054945, -6.776785714285714, -9.5, -10.222184065934066, -8.5625, -4.895604395604396, -7.8392857142857135, -8.451923076923077, 
-6.678571428571428, -2.4266666666666667, -7.700892857142858, -3.8, -2.494574528840663, -0.2043795620437956, -8.567307692307693, -4.607215535786964, -0.8282138794084187, 
-1.8529411764705883, -5.651491365777081, -0.608695652173913, 0.0, 0.0, -2.452554744525547, -7.984497645211931, -6.78400116398408, -7.512820512820513, 
-1.647058823529412, -6.004709576138148, -8.625, -7.125, -10.222184065934066, -0.8175182481751824, -3.496860282574569, -10.251373626373626, -2.4148351648351647, 
-0.411764705882353, -2.967032967032967, -10.302083333333334, -2.7142857142857144, -0.8175182481751824, -4.895604395604396, -10.251373626373626, -10.866758241758241,  
-9.33265306122449, -0.8088888888888889, -3.6964285714285716, -1.3571428571428572, -0.8175182481751824, -8.567307692307693, -2.894505494505494, -1.60989010989011,  
-0.6176470588235294, -4.62452380952381, -9.285076530612244, -0.7916666666666666, -0.8175182481751824, -4.624751791418459, -7.236263736263735, -5.7956043956043946,  
-5.759183673469387, -2.9268567939996513, -12.814285714285715, -8.444444444444445, -8.5625, -7.693092621664051, -3.6181318681318677, -3.312855517633675,  
-1.6190476190476188, -3.4333065875923023, -8.214285714285715, -7.125, -11.008928571428573, -7.071428571428572, -4.02014652014652, -8.451923076923077,  
-8.485281385281384, -4.945054945054945, -7.392857142857143, -7.125, -9.174107142857144, -6.993720565149138, -5.5133437990580845, -4.829670329670329,  
-9.714285714285714, -9.340659340659341, -4.928571428571429, -7.125, -9.174107142857144, -8.567307692307693, -4.824175824175824, -9.176373626373625,  
-3.4693877551020407, -7.064364207221351, -9.423611111111112, -2.96875, -6.796315606534585, -6.6051805337519625, -5.789010989010988, -1.242320819112628,  
-9.714285714285714, -6.357927786499216, -6.055102040816327, -8.444444444444445, -8.5625, -9.791208791208792, -4.824175824175824, -8.451923076923077,  
-1.647058823529412, -8.653846153846153, -3.6964285714285716, -7.71875, -5.301616266944734, -10.403159340659341, -0.8291571753986333, -4.433015008313643,  
-11.48051948051948, -3.1917704517704517, -8.536989795918368, -7.125, -8.5625, -8.567307692307693, -6.432234432234432, -2.828942104539374,  
-9.714285714285714, -5.651491365777081, -5.886262385388938, -7.125, -2.452554744525547, -1.6341189674523007, -3.3166287015945333, -5.634615384615384,  
-2.0816326530612246, -6.799450549450549, -5.417378364389234, -2.526315789473684, -0.4087591240875912, -10.403159340659341, -1.8656036446469249, -6.640796703296703,  
-6.938775510204081, -6.181318681318682, -7.040816326530612, -11.875, -1.3979591836734695, -4.196232339089482, -4.89417042443401, -0.8282138794084187,  
-8.904761904761903, -7.064364207221351, -6.019372966577936, -10.09375, -9.174107142857144, -7.615384615384617, -10.251373626373626, -1.6564277588168375,  
-6.678571428571429, -4.945054945054945, -6.776785714285714, -7.71875, -4.019132653061225, -7.615384615384617, -2.4874715261959, -6.640796703296703,  
-6.244897959183674, -9.340659340659341, -8.214285714285715, 0.0, -2.0969387755102042, 0.0, -10.854395604395604, -5.7956043956043946,  
-8.095238095238095, -7.692307692307693, -5.489136596667652, -0.6785714285714286, -9.785714285714286, -6.993720565149138, -10.251373626373626, -4.024725274725275,  
-9.714285714285714, -0.91, -8.74234693877551, 0.0, -1.3979591836734695, -9.247252747252748, -7.512820512820513,   
-6.678571428571428, -2.4266666666666667, -1.6231884057971013, -7.125, -9.174107142857144, -7.693092621664051, -0.41410693970420936,   
-5.76689342403628, -7.064364207221351, -9.857142857142858, -8.444444444444445, -9.174107142857144, -8.567307692307693, -8.451923076923077,   
-3.17063492063492, -7.417582417582418, -8.012095780341122, -2.526315789473684, -2.452554744525547, -2.797488226059655, -5.7956043956043946,   
-4.163265306122449, -0.20222222222222222, -6.099107142857144, -0.631578947368421, -1.2262773722627736, -5.507554945054945, -3.438468101864006,   
-3.648109243697479, -0.20222222222222222, -3.3410541752933054, -1.6842105263157894, -0.8175182481751824, -0.6127946127946128, -11.591208791208789,   
-2.2551020408163263, -5.651491365777081, -6.776785714285714, -2.375, -8.5625, -10.403159340659341, -9.055631868131867,   
-0.9714285714285713, -7.064364207221351, -1.217391304347826, -9.5, -8.154761904761905, -7.693092621664051, -5.634615384615384,   
-4.0476190476190474, -0.8088888888888889, -4.377529761904762, -0.3958333333333333, -1.8348214285714288, -8.567307692307693, -3.0243611621597966,   
-9.228571428571428, -7.726648351648351, -2.9571428571428573, -7.125, -4.0773809523809526, -7.615384615384617, -3.312855517633675,   
-6.504201680672269, -0.8088888888888889, -4.718297101449275, -0.631578947368421, -0.9785714285714286, -6.731456043956045, -3.312855517633675,   
-3.8857142857142852, -4.945054945054945, -4.444515306122449, -0.7916666666666666, -2.935714285714286, -7.780514128728416, -8.09967400820643,   
-5.551020408163265, -1.718888888888889, -8.625, -7.125, -9.785714285714286, -7.343406593406594, -7.2445054945054945,   
-9.107142857142856, -5.563186813186814, -7.744897959183674, -7.71875, -11.008928571428573, -1.6341189674523007, -9.659340659340659,   
-8.673469387755102, -8.653846153846153, -3.425022182786158, -9.5, -1.107738715924326, -8.90728021978022, -6.439560439560439,   
-8.5, -0.8088888888888889, -10.575892857142858, -4.175164473684211, -9.785714285714286, -8.322527472527472, -9.055631868131867,   
-8.5, -8.653846153846153, -2.152562111801242, -2.0357142857142856, -9.174107142857144, -7.955357142857144, -2.069858712715855,   
-0.411764705882353, -8.653846153846153, -7.78890306122449, -7.125, -8.5625, -1.631868131868132, -2.484641638225256,   
-3.136904761904762, -4.731367521367521, -7.144472789115646, -1.5247493734335837, 0.0, -5.245290423861853, -2.0705346985210467,   
-1.2352941176470589, -1.82, -9.857142857142858, -1.6842105263157894, -8.5625, -7.693092621664051, -2.069858712715855,   
-3.6428571428571423, -8.653846153846153, -4.515398550724638, -7.71875, -9.174107142857144, -2.797488226059655, -7.2445054945054945,   
-11.922077922077921, 0.0, -6.776785714285714, -4.75, -1.6309523809523812, -1.8358516483516485, -6.037087912087912,   
-15.012987012987013, -3.2814163614163614, -8.419642857142858, -5.145833333333333, -9.247252747252748, -9.055631868131869,    
-7.892857142857142, -8.653846153846153, -8.106052371541503, -8.502551020408164, -4.553689167974881,     
-6.074897959183674, -4.443523460666318, -5.63265306122449, -3.8465463108320255, -0.41410693970420936,     
-6.071428571428571, -0.8088888888888889, -6.436479591836734, -2.797488226059655, -0.41410693970420936,     
-12.14285714285714, -8.37912087912088, -6.72202380952381, -5.507554945054945, -2.484641638225256,     
-3.238095238095238, -8.653846153846153, -8.625, -5.59497645211931, -3.312855517633675,     
-8.742857142857142, -8.653846153846153, -7.666666666666668, -5.59497645211931, -8.451923076923077,     
-5.754621848739496, -8.653846153846153, -10.473214285714286, -3.263736263736264, -3.312855517633675,     
-0.2058823529411765, -9.340659340659341, -5.738977928127773, -7.693092621664051, -1.242320819112628,     
-9.714285714285714, -6.181318681318682, -2.434782608695652, -9.791208791208792, -11.591208791208789,     
-5.261904761904761, -7.064364207221351, -3.8247559893522625, -6.1195054945054945, -6.640796703296703,     
-10.928571428571427, -1.6177777777777778, -3.348429951690821, -7.693092621664051, -0.41410693970420936,     
-7.63265306122449, -6.490384615384615, -5.062198067632851, -5.59497645211931, -0.8282138794084187,     
-10.928571428571427, -8.653846153846153, -7.744897959183674, -6.731456043956045, -0.8282138794084187,     
-1.9428571428571426, -11.180555555555557, -8.567307692307693, -1.242320819112628,      
-10.928571428571427, -4.392184265010353, -5.59497645211931, -6.640796703296703,      
-9.714285714285714, -3.285714285714286, -3.264017618184285, -9.860576923076923,      
-6.808673469387754, -1.8260869565217388, -7.693092621664051, -1.8634812286689422,      
-8.5, -6.336734693877551, -8.567307692307693, -0.621160409556314,      
-8.904761904761903, -0.8115942028985507, -2.797488226059655, -0.8282138794084187,      
-3.0357142857142856, -0.608695652173913, -3.671703296703297, -2.484641638225256,      
-4.163265306122449, -9.549107142857142, -1.6341189674523007, -0.41410693970420936,      
-12.142857142857142, -7.138586956521739, -9.791208791208792, -7.512820512820513,      
-1.6379399585921326, -5.507554945054945, -0.41410693970420936,       
-4.30758281573499, -1.2255892255892256, -2.484641638225256,       
-0.40579710144927533, -2.9373626373626376, -1.242320819112628,       
-9.857142857142858, -0.815934065934066, -1.242320819112628,       
-4.084306911170265, -2.447802197802198, -0.7590833918235186,       
-8.331632653061224, -6.731456043956045, -2.8978021978021973,       
-2.112244897959184, -6.061224489795919, -1.8634812286689422,       
-8.37857142857143, -5.59497645211931, -4.829670329670329,       
-6.874547101449275, -6.731456043956045, -6.640796703296703,       
-6.9, -9.791208791208792, -9.176373626373625,       
-4.057971014492753, -6.731456043956045, -8.451923076923077,       
-4.3125, -2.484641638225256,        
-8.625, -8.451923076923077,        
-5.975892857142858, -4.784033995150524,        
-7.744897959183674, -0.41410693970420936,        
-4.928571428571429, -4.3699721211666605,        
-6.424744897959184, -8.210439560439559,        
-6.874547101449275, -4.876207978597057,        
-7.4319727891156475, -3.657155983947793,        
-6.1607142857142865,         
-6.1607142857142865,         
-6.776785714285714,         
-12.9375,         
-7.040816326530612,         
-7.047317115251899,         
-10.341198979591837,         
-6.595848121857437,         
-10.78125,         
-1.9714285714285715,         
-11.94805194805195,         
-7.744897959183674,         
-10.341198979591837,         
-6.231597530316474,         
-7.392857142857143,         
-5.478985507246376,         
-6.190051020408163,         
-6.95280612244898,         
-6.776785714285714,         
-5.63265306122449,         
-6.776785714285714,         
-7.257258140410314,         
-8.536989795918368,         
-6.776785714285714,         
-8.84404761904762,         
-5.567805383022774,         
-7.221726190476192,         
-12.9375,         
-6.4312456866804695,         
-6.1607142857142865,         
-7.670089285714285,         
-6.776785714285714,         
-7.744897959183674,         
-6.776785714285714,         
-4.745175244010647,         
-2.747818692694469,         
-7.979591836734695,         
-7.744897959183674,         
-10.95890022675737,         
-5.63265306122449,         
-4.954648526077097,         
-4.79655612244898,         
-7.7625,         
-7.744897959183674,         
-12.9375,         
-7.666666666666668,         
-5.492688923395446,         
-2.5180419994084593,         
-7.15327380952381,         
-6.4002976190476195,         
-8.090419501133788,         
-8.625,         
-4.294897959183674,         
