0.0, 0.0, 0.0, 0.0, 0.0
0.5, 0.5, 0.5, 0.5, 0.5
 , , , , 
0.0, 0.0, 0.0, 0.0, 0.0
 , , , , 
 , , , , 
 , , , , 
 , , , , 
 , , , , 
 , , , , 
0.0, 0.0, 0.0, 0.0, 0.0
0.0, 0.0, 0.0, 0.0, 0.0
0.0, 0.0, 0.0, 0.0, 0.0
 , , , , 
 , , , , 
0.0, 0.0, 0.0, 0.0, 0.0
 , , , , 
 , , , , 
 , , , , 
 , , , , 
 , , , , 
0.0, 0.0, 0.0, 0.0, 0.0
 , , , , 
0.4, 0.4, 0.4, 0.4, 0.4
 , , , , 
 , , , , 
0.0, 0.0, 0.0, 0.0, 0.0
 , , , , 
 , , , , 
0.5714285714285714, 0.5714285714285714, 0.5714285714285714, 0.5714285714285714, 0.5714285714285714
0.0, 0.0, 0.0, 0.0, 0.0
 , , , , 
0.0, 0.0, 0.0, 0.0, 0.0
0.0, 0.0, 0.0, 0.0, 0.0
 , , , , 
 , , , , 
 , , , , 
 , , , , 
0.4, 0.4, 0.4, 0.4, 0.4
0.0, 0.0, 0.0, 0.0, 0.0
0.0, 0.0, 0.0, 0.0, 0.0
 , , , , 
0.0, 0.0, 0.0, 0.0, 0.0
 , , , , 
 , , , , 
0.0, 0.0, 0.0, 0.0, 0.0
0.0, 0.0, 0.0, 0.0, 0.0
 , , , , 
0.4, 0.4, 0.4, 0.4, 0.4
 , , , , 
 , , , , 
0.0, 0.0, 0.0, 0.0, 0.0
 , , , , 
 , , , , 
0.4, 0.4, 0.4, 0.4, 0.4
0.4, 0.4, 0.4, 0.4, 0.0
 , , , , 
 , , , , 
 , , , , 
0.0, 0.0, 0.0, 0.0, 0.0
 , , , , 
0.0, 0.0, 0.0, 0.0, 0.0
0.0, 0.0, 0.0, 0.0, 0.0
0.2, 0.2, 0.0, 0.4, 0.0
 , , , , 
 , , , , 
 , , , , 
 , , , , 
0.0, 0.0, 0.0, 0.0, 0.0
0.5, 0.5, 0.5, 0.5, 0.5
0.0, 0.0, 0.0, 0.0, 0.0
 , , , , 
 , , , , 
0.0, 0.0, 0.0, 0.0, 0.0
 , , , , 
 , , , , 
 , , , , 
 , , , , 
 , , , , 
 , , , , 
0.2, 0.2, 0.0, 0.4, 0.0
0.0, 0.0, 0.0, 0.0, 0.0
0.2, 0.2, 0.0, 0.4, 0.0
 , , , , 
 , , , , 
0.4, 0.4, 0.4, 0.4, 0.4
 , , , , 
 , , , , 
0.0, 0.0, 0.0, 0.0, 0.0
 , , , , 
 , , , , 
 , , , , 
 , , , , 
0.4, 0.4, 0.4, 0.4, 0.4
0.4, 0.4, 0.4, 0.4, 0.4
 , , , , 
 , , , , 
0.4, 0.4, 0.4, 0.4, 0.4
 , , , , 
0.0, 0.0, 0.0, 0.0, 0.0
 , , , , 
0.0, 0.0, 0.0, 0.0, 0.0
 , , , , 
 , , , , 
 , , , , 
 , , , , 
 , , , , 
 , , , , 
 , , , , 
 , , , , 
 , , , , 
0.0, 0.0, 0.0, 0.0, 0.0
0.5, 0.5, 0.5, 0.5, 0.5
 , , , , 
 , , , , 
 , , , , 
0.4, 0.4, 0.4, 0.4, 0.4
0.0, 0.0, 0.0, 0.0, 0.0
 , , , , 
 , , , , 
 , , , , 
0.0, 0.0, 0.0, 0.0, 0.0
 , , , , 
 , , , , 
 , , , , 
 , , , , 
 , , , , 
0.6666666666666667, 0.6666666666666667, 0.6666666666666667, 0.6666666666666667, 0.6666666666666667
0.4, 0.4, 0.4, 0.4, 0.4
 , , , , 
0.0, 0.0, 0.0, 0.0, 0.0
 , , , , 
 , , , , 
0.0, 0.0, 0.0, 0.0, 0.0
0.0, 0.0, 0.0, 0.0, 0.0
 , , , , 
 , , , , 
0.0, 0.0, 0.0, 0.0, 0.0
 , , , , 
0.4, 0.4, 0.4, 0.4, 0.4
 , , , , 
 , , , , 
 , , , , 
 , , , , 
0.6666666666666667, 0.6666666666666667, 0.6666666666666667, 0.6666666666666667, 0.0
0.0, 0.0, 0.0, 0.0, 0.0
0.0, 0.0, 0.0, 0.0, 0.0
 , , , , 
0.0, 0.0, 0.0, 0.0, 0.0
 , , , , 
 , , , , 
 , , , , 
 , , , , 
 , , , , 
0.0, 0.0, 0.0, 0.0, 0.0
 , , , , 
 , , , , 
 , , , , 
 , , , , 
0.0, 0.0, 0.0, 0.0, 0.0
 , , , , 
0.0, 0.0, 0.0, 0.0, 0.0
0.6666666666666667, 0.6666666666666667, 0.6666666666666667, 0.6666666666666667, 0.6666666666666667
 , , , , 
0.0, 0.0, 0.0, 0.0, 0.0
0.0, 0.0, 0.0, 0.0, 0.0
 , , , , 
0.2, 0.2, 0.0, 0.4, 0.0
0.0, 0.0, 0.0, 0.0, 0.0
 , , , , 
0.0, 0.0, 0.0, 0.0, 0.0
 , , , , 
 , , , , 
 , , , , 
 , , , , 
 , , , , 
 , , , , 
 , , , , 
0.0, 0.0, 0.0, 0.0, 0.0
0.0, 0.0, 0.0, 0.0, 0.0
0.0, 0.0, 0.0, 0.0, 0.0
0.0, 0.0, 0.0, 0.0, 0.0
 , , , , 
 , , , , 
 , , , , 
0.0, 0.0, 0.0, 0.0, 0.0
0.0, 0.0, 0.0, 0.0, 0.0
0.4, 0.4, 0.4, 0.4, 0.4
 , , , , 
 , , , , 
 , , , , 
 , , , , 
0.4, 0.4, 0.4, 0.4, 0.4
 , , , , 
0.5, 0.5, 0.5, 0.5, 0.5
0.2, 0.2, 0.0, 0.4, 0.0
 , , , , 
0.0, 0.0, 0.0, 0.0, 0.0
 , , , , 
 , , , , 
