0.14102564102564102, 0.0, 0.0, 0.6666666666666667, 0.0
0.14942528735632185, 0.0, 0.0, 0.6666666666666667, 0.0
0.12435897435897436, 0.0, 0.0, 0.6666666666666667, 0.0
0.17685185185185187, 0.0, 0.0, 0.6666666666666667, 0.0
0.10126984126984126, 0.0, 0.0, 0.6666666666666667, 0.0
0.13717948717948716, 0.0, 0.0, 0.6666666666666667, 0.0
0.13809523809523813, 0.0, 0.0, 0.6666666666666667, 0.0
0.16921768707482995, 0.0, 0.0, 0.6666666666666667, 0.0
0.13235294117647062, 0.0, 0.0, 0.6666666666666667, 0.0
0.15119047619047624, 0.0, 0.0, 0.6666666666666667, 0.0
0.12444444444444444, 0.0, 0.0, 0.6666666666666667, 0.0
0.09425287356321839, 0.0, 0.0, 0.6666666666666667, 0.0
0.10176651305683565, 0.0, 0.0, 0.75, 0.0
0.10919540229885058, 0.0, 0.0, 0.6666666666666667, 0.0
0.20824372759856635, 0.0, 0.0, 0.6666666666666667, 0.0
0.08281573498964803, 0.0, 0.0, 0.6666666666666667, 0.0
0.13690476190476192, 0.0, 0.0, 0.6666666666666667, 0.0
0.12111111111111113, 0.0, 0.0, 0.6666666666666667, 0.0
0.1205837173579109, 0.0, 0.0, 0.6666666666666667, 0.0
0.13484848484848486, 0.0, 0.0, 0.6666666666666667, 0.0
0.20222222222222225, 0.0, 0.0, 0.6666666666666667, 0.0
0.17582417582417584, 0.0, 0.0, 0.6666666666666667, 0.0
0.10215053763440861, 0.0, 0.0, 0.6666666666666667, 0.0
0.19047619047619052, 0.0, 0.0, 0.6666666666666667, 0.0
0.15222222222222223, 0.0, 0.0, 0.6666666666666667, 0.0
0.15000000000000002, 0.0, 0.0, 0.6666666666666667, 0.0
0.1463414634146342, 0.0, 0.0, 0.6666666666666667, 0.0
0.17395833333333335, 0.0, 0.0, 0.6666666666666667, 0.0
0.20732600732600734, 0.0, 0.0, 0.8571428571428572, 0.0
0.16765873015873015, 0.0, 0.0, 0.8571428571428572, 0.0
0.18933333333333338, 0.0, 0.0, 0.6666666666666667, 0.0
0.1666666666666667, 0.0, 0.0, 0.6666666666666667, 0.0
0.1780952380952381, 0.0, 0.0, 0.6666666666666667, 0.0
0.17634408602150542, 0.0, 0.0, 0.6666666666666667, 0.0
0.1547619047619048, 0.0, 0.0, 0.6666666666666667, 0.0
0.10606060606060606, 0.0, 0.0, 0.6666666666666667, 0.0
0.04, 0.0, 0.0, 0.5, 0.0
0.1625, 0.0, 0.0, 0.5, 0.0
0.061111111111111116, 0.0, 0.0, 0.6666666666666667, 0.0
0.19111111111111115, 0.0, 0.0, 0.6666666666666667, 0.0
0.09523809523809526, 0.0, 0.0, 0.6666666666666667, 0.0
0.12007722007722006, 0.0, 0.0, 0.5714285714285714, 0.0
0.1986666666666667, 0.0, 0.0, 0.8, 0.0
0.16282051282051282, 0.0, 0.0, 0.6666666666666667, 0.0
0.10752688172043012, 0.0, 0.0, 0.6666666666666667, 0.0
0.13431372549019607, 0.0, 0.0, 0.6666666666666667, 0.0
0.11547619047619048, 0.0, 0.0, 0.6666666666666667, 0.0
0.11888888888888888, 0.0, 0.0, 0.6666666666666667, 0.0
0.18202764976958527, 0.0, 0.0, 0.6666666666666667, 0.0
0.13440860215053768, 0.0, 0.0, 0.6666666666666667, 0.0
0.180952380952381, 0.0, 0.0, 0.6666666666666667, 0.0
0.12666666666666668, 0.0, 0.0, 0.6666666666666667, 0.0
0.108974358974359, 0.0, 0.0, 0.6666666666666667, 0.0
0.12993197278911567, 0.0, 0.0, 0.6666666666666667, 0.0
0.0761904761904762, 0.0, 0.0, 0.6666666666666667, 0.0
0.1111111111111111, 0.0, 0.0, 0.6666666666666667, 0.0
0.15641025641025644, 0.0, 0.0, 0.6666666666666667, 0.0
0.11594202898550726, 0.0, 0.0, 0.6666666666666667, 0.0
0.06333333333333332, 0.0, 0.0, 0.5, 0.0
0.016129032258064516, 0.0, 0.0, 0.5, 0.0
0.1282828282828283, 0.0, 0.0, 0.6666666666666667, 0.0
0.1111111111111111, 0.0, 0.0, 0.6666666666666667, 0.0
0.13146997929606627, 0.0, 0.0, 0.8571428571428572, 0.0
0.1247619047619048, 0.0, 0.0, 0.6666666666666667, 0.0
0.136, 0.0, 0.0, 0.6666666666666667, 0.0
0.14449917898193765, 0.0, 0.0, 0.8571428571428572, 0.0
0.08928571428571429, 0.0, 0.0, 0.5, 0.0
0.11213517665130569, 0.0, 0.0, 0.6666666666666667, 0.0
0.07967032967032966, 0.0, 0.0, 0.5714285714285714, 0.0
0.14285714285714288, 0.0, 0.0, 0.6666666666666667, 0.0
0.15093167701863355, 0.0, 0.0, 0.5714285714285714, 0.0
0.12395833333333336, 0.0, 0.0, 0.6666666666666667, 0.0
0.1565656565656566, 0.0, 0.0, 0.6666666666666667, 0.0
0.14696969696969697, 0.0, 0.0, 0.6666666666666667, 0.0
0.0625, 0.0, 0.0, 0.5, 0.0
0.0763888888888889, 0.0, 0.0, 0.6666666666666667, 0.0
0.13690476190476192, 0.0, 0.0, 0.6666666666666667, 0.0
0.17239858906525574, 0.0, 0.0, 0.75, 0.0
0.12745098039215688, 0.0, 0.0, 0.6666666666666667, 0.0
0.1175925925925926, 0.0, 0.0, 0.6666666666666667, 0.0
0.13347338935574232, 0.0, 0.0, 0.8, 0.0
0.10714285714285714, 0.0, 0.0, 0.6666666666666667, 0.0
0.1199294532627866, 0.0, 0.0, 0.6666666666666667, 0.0
0.10430107526881721, 0.0, 0.0, 0.6666666666666667, 0.0
0.08108108108108109, 0.0, 0.0, 0.6666666666666667, 0.0
0.08045977011494253, 0.0, 0.0, 0.6666666666666667, 0.0
0.16666666666666669, 0.0, 0.0, 0.6666666666666667, 0.0
0.16666666666666669, 0.0, 0.0, 0.6666666666666667, 0.0
0.15833333333333335, 0.0, 0.0, 0.6666666666666667, 0.0
0.07051282051282051, 0.0, 0.0, 0.6666666666666667, 0.0
0.10444444444444446, 0.0, 0.0, 0.6666666666666667, 0.0
0.15555555555555556, 0.0, 0.0, 0.8, 0.0
0.12580645161290324, 0.0, 0.0, 0.6666666666666667, 0.0
0.20122887864823355, 0.0, 0.0, 0.6666666666666667, 0.0
0.20919540229885064, 0.0, 0.0, 0.6666666666666667, 0.0
0.12254901960784317, 0.0, 0.0, 0.6666666666666667, 0.0
0.11333333333333333, 0.0, 0.0, 0.5, 0.0
0.08555555555555557, 0.0, 0.0, 0.6666666666666667, 0.0
0.16071428571428575, 0.0, 0.0, 0.6666666666666667, 0.0
0.18686868686868688, 0.0, 0.0, 0.8, 0.0
