0.12962962962962965, 0.0, 0.0, 0.6666666666666667, 0.0
0.0773809523809524, 0.0, 0.0, 0.6666666666666667, 0.0
0.04642857142857143, 0.0, 0.0, 0.5, 0.0
0.14208909370199696, 0.0, 0.0, 0.6666666666666667, 0.0
0.15793650793650796, 0.0, 0.0, 0.6666666666666667, 0.0
0.21839826839826842, 0.0, 0.0, 0.6666666666666667, 0.0
0.10808080808080807, 0.0, 0.0, 0.6666666666666667, 0.0
0.07792207792207792, 0.0, 0.0, 0.5714285714285714, 0.0
0.06565656565656566, 0.0, 0.0, 0.6666666666666667, 0.0
0.12444444444444448, 0.0, 0.0, 0.6666666666666667, 0.0
0.12142857142857144, 0.0, 0.0, 0.6666666666666667, 0.0
0.20952380952380953, 0.0, 0.0, 0.8, 0.0
0.09292929292929294, 0.0, 0.0, 0.6666666666666667, 0.0
0.06321839080459771, 0.0, 0.0, 0.6666666666666667, 0.0
0.0634920634920635, 0.0, 0.0, 0.6666666666666667, 0.0
0.14111111111111113, 0.0, 0.0, 0.6666666666666667, 0.0
0.17171717171717174, 0.0, 0.0, 0.6666666666666667, 0.0
0.08333333333333333, 0.0, 0.0, 0.6666666666666667, 0.0
0.1, 0.0, 0.0, 0.6666666666666667, 0.0
0.12612612612612617, 0.0, 0.0, 0.6666666666666667, 0.0
0.1818740399385561, 0.0, 0.0, 0.6666666666666667, 0.0
0.05555555555555556, 0.0, 0.0, 0.6666666666666667, 0.0
0.15972222222222224, 0.0, 0.0, 0.6666666666666667, 0.0
0.12433862433862435, 0.0, 0.0, 0.6666666666666667, 0.0
0.10625000000000001, 0.0, 0.0, 0.6666666666666667, 0.0
0.11547619047619048, 0.0, 0.0, 0.6666666666666667, 0.0
0.2407407407407408, 0.0, 0.0, 0.6666666666666667, 0.0
0.09770114942528738, 0.0, 0.0, 0.6666666666666667, 0.0
0.16333333333333336, 0.0, 0.0, 0.6666666666666667, 0.0
0.10344827586206896, 0.0, 0.0, 0.6666666666666667, 0.0
0.14743589743589747, 0.0, 0.0, 0.6666666666666667, 0.0
0.22273425499231955, 0.0, 0.0, 0.6666666666666667, 0.0
0.08933333333333333, 0.0, 0.0, 0.6666666666666667, 0.0
0.12723214285714288, 0.0, 0.0, 0.6666666666666667, 0.0
0.15402298850574717, 0.0, 0.0, 0.6666666666666667, 0.0
0.07809523809523809, 0.0, 0.0, 0.6666666666666667, 0.0
0.09333333333333334, 0.0, 0.0, 0.6666666666666667, 0.0
0.17708333333333337, 0.0, 0.0, 0.6666666666666667, 0.0
0.1805322128851541, 0.0, 0.0, 0.6666666666666667, 0.0
0.1991836734693878, 0.0, 0.0, 0.6666666666666667, 0.0
0.11827956989247312, 0.0, 0.0, 0.6666666666666667, 0.0
0.06979166666666667, 0.0, 0.0, 0.6666666666666667, 0.0
0.108974358974359, 0.0, 0.0, 0.6666666666666667, 0.0
0.21292517006802725, 0.0, 0.0, 0.6666666666666667, 0.0
0.08285714285714287, 0.0, 0.0, 0.6666666666666667, 0.0
0.06547619047619048, 0.0, 0.0, 0.6666666666666667, 0.0
0.08020833333333333, 0.0, 0.0, 0.6666666666666667, 0.0
0.08271604938271605, 0.0, 0.0, 0.6666666666666667, 0.0
0.161764705882353, 0.0, 0.0, 0.6666666666666667, 0.0
0.11111111111111113, 0.0, 0.0, 0.6666666666666667, 0.0
0.15384615384615388, 0.0, 0.0, 0.6666666666666667, 0.0
0.21130952380952386, 0.0, 0.0, 0.75, 0.0
0.12738095238095237, 0.0, 0.0, 0.6666666666666667, 0.0
0.21527777777777782, 0.0, 0.0, 0.6666666666666667, 0.0
0.22727272727272732, 0.0, 0.0, 0.6666666666666667, 0.0
0.1246031746031746, 0.0, 0.0, 0.6666666666666667, 0.0
0.13043478260869565, 0.0, 0.0, 0.5, 0.0
0.11616161616161617, 0.0, 0.0, 0.6666666666666667, 0.0
0.09803921568627452, 0.0, 0.0, 0.6666666666666667, 0.0
0.1512605042016807, 0.0, 0.0, 0.6666666666666667, 0.0
0.12903225806451615, 0.0, 0.0, 0.6666666666666667, 0.0
0.08064516129032258, 0.0, 0.0, 0.6666666666666667, 0.0
0.16344086021505377, 0.0, 0.0, 0.6666666666666667, 0.0
0.13020833333333337, 0.0, 0.0, 0.6666666666666667, 0.0
0.07333333333333333, 0.0, 0.0, 0.6666666666666667, 0.0
0.17204301075268819, 0.0, 0.0, 0.8571428571428572, 0.0
0.10344827586206896, 0.0, 0.0, 0.6666666666666667, 0.0
0.12608695652173915, 0.0, 0.0, 0.6666666666666667, 0.0
0.2291666666666667, 0.0, 0.0, 0.6666666666666667, 0.0
0.17500000000000002, 0.0, 0.0, 0.6666666666666667, 0.0
0.1780952380952381, 0.0, 0.0, 0.6666666666666667, 0.0
0.08271604938271605, 0.0, 0.0, 0.6666666666666667, 0.0
0.08636363636363636, 0.0, 0.0, 0.5, 0.0
0.13838383838383841, 0.0, 0.0, 0.6666666666666667, 0.0
0.10327380952380952, 0.0, 0.0, 0.6666666666666667, 0.0
0.10416666666666669, 0.0, 0.0, 0.6666666666666667, 0.0
0.18620689655172418, 0.0, 0.0, 0.6666666666666667, 0.0
0.06989247311827958, 0.0, 0.0, 0.6666666666666667, 0.0
0.13505747126436782, 0.0, 0.0, 0.75, 0.0
0.14666666666666667, 0.0, 0.0, 0.6666666666666667, 0.0
0.13333333333333336, 0.0, 0.0, 0.6666666666666667, 0.0
0.15185185185185188, 0.0, 0.0, 0.6666666666666667, 0.0
0.1585365853658537, 0.0, 0.0, 0.6666666666666667, 0.0
0.1434920634920635, 0.0, 0.0, 0.6666666666666667, 0.0
0.1516666666666667, 0.0, 0.0, 0.6666666666666667, 0.0
0.14814814814814817, 0.0, 0.0, 0.6666666666666667, 0.0
0.12068965517241383, 0.0, 0.0, 0.6666666666666667, 0.0
0.1565656565656566, 0.0, 0.0, 0.6666666666666667, 0.0
0.14778911564625855, 0.0, 0.0, 0.6666666666666667, 0.0
0.071875, 0.0, 0.0, 0.5, 0.0
0.1666666666666667, 0.0, 0.0, 0.6666666666666667, 0.0
0.1, 0.0, 0.0, 0.6666666666666667, 0.0
0.10291858678955454, 0.0, 0.0, 0.8571428571428572, 0.0
0.22303921568627458, 0.0, 0.0, 0.6666666666666667, 0.0
0.17444444444444449, 0.0, 0.0, 0.6666666666666667, 0.0
0.15555555555555559, 0.0, 0.0, 0.6666666666666667, 0.0
0.13464696223316913, 0.0, 0.0, 0.6666666666666667, 0.0
0.08333333333333334, 0.0, 0.0, 0.6666666666666667, 0.0
0.12345679012345681, 0.0, 0.0, 0.6666666666666667, 0.0
0.16923076923076924, 0.0, 0.0, 0.6666666666666667, 0.0
