0.15418719211822662, 0.0, 0.0, 0.6666666666666667, 0.0
0.07291666666666667, 0.0, 0.0, 0.6666666666666667, 0.0
0.08024691358024692, 0.0, 0.0, 0.6666666666666667, 0.0
0.1602564102564103, 0.0, 0.0, 0.6666666666666667, 0.0
0.09876543209876544, 0.0, 0.0, 0.6666666666666667, 0.0
0.07976190476190477, 0.0, 0.0, 0.6666666666666667, 0.0
0.057692307692307696, 0.0, 0.0, 0.5, 0.0
0.18353174603174605, 0.0, 0.0, 0.6666666666666667, 0.0
0.21510673234811173, 0.0, 0.0, 0.6666666666666667, 0.0
0.12365591397849464, 0.0, 0.0, 0.6666666666666667, 0.0
0.09803921568627452, 0.0, 0.0, 0.6666666666666667, 0.0
0.12761904761904766, 0.0, 0.0, 0.6666666666666667, 0.0
0.2344827586206897, 0.0, 0.0, 0.6666666666666667, 0.0
0.14731182795698927, 0.0, 0.0, 0.6666666666666667, 0.0
0.1, 0.0, 0.0, 0.6666666666666667, 0.0
0.14666666666666667, 0.0, 0.0, 0.6666666666666667, 0.0
0.2311827956989248, 0.0, 0.0, 0.6666666666666667, 0.0
0.03571428571428571, 0.0, 0.0, 0.5, 0.0
0.11363636363636363, 0.0, 0.0, 0.6666666666666667, 0.0
0.10374149659863947, 0.0, 0.0, 0.6666666666666667, 0.0
0.18137254901960786, 0.0, 0.0, 0.6666666666666667, 0.0
0.25000000000000006, 0.0, 0.0, 0.6666666666666667, 0.0
0.15585585585585587, 0.0, 0.0, 0.6666666666666667, 0.0
0.14367816091954028, 0.0, 0.0, 0.6666666666666667, 0.0
0.16904761904761909, 0.0, 0.0, 0.6666666666666667, 0.0
0.08585858585858587, 0.0, 0.0, 0.6666666666666667, 0.0
0.13624338624338628, 0.0, 0.0, 0.6666666666666667, 0.0
0.08928571428571429, 0.0, 0.0, 0.6666666666666667, 0.0
0.08765432098765434, 0.0, 0.0, 0.6666666666666667, 0.0
0.18603174603174608, 0.0, 0.0, 0.6666666666666667, 0.0
0.08974358974358974, 0.0, 0.0, 0.6666666666666667, 0.0
0.0990783410138249, 0.0, 0.0, 0.6666666666666667, 0.0
0.15384615384615388, 0.0, 0.0, 0.6666666666666667, 0.0
0.1479166666666667, 0.0, 0.0, 0.6666666666666667, 0.0
0.11594202898550726, 0.0, 0.0, 0.6666666666666667, 0.0
0.13529411764705884, 0.0, 0.0, 0.8, 0.0
0.10937500000000003, 0.0, 0.0, 0.6666666666666667, 0.0
0.09229691876750701, 0.0, 0.0, 0.6666666666666667, 0.0
0.0967741935483871, 0.0, 0.0, 0.6666666666666667, 0.0
0.13125000000000003, 0.0, 0.0, 0.6666666666666667, 0.0
0.08045977011494253, 0.0, 0.0, 0.6666666666666667, 0.0
0.13431372549019607, 0.0, 0.0, 0.6666666666666667, 0.0
0.207843137254902, 0.0, 0.0, 0.6666666666666667, 0.0
0.11904761904761907, 0.0, 0.0, 0.6666666666666667, 0.0
0.12222222222222223, 0.0, 0.0, 0.6666666666666667, 0.0
0.09183673469387754, 0.0, 0.0, 0.5714285714285714, 0.0
0.08866995073891626, 0.0, 0.0, 0.6666666666666667, 0.0
0.10625000000000001, 0.0, 0.0, 0.6666666666666667, 0.0
0.12473118279569893, 0.0, 0.0, 0.6666666666666667, 0.0
0.12629399585921328, 0.0, 0.0, 0.6666666666666667, 0.0
0.1928571428571429, 0.0, 0.0, 0.6666666666666667, 0.0
0.10555555555555557, 0.0, 0.0, 0.6666666666666667, 0.0
0.16888888888888892, 0.0, 0.0, 0.6666666666666667, 0.0
0.09999999999999999, 0.0, 0.0, 0.5, 0.0
0.13437500000000002, 0.0, 0.0, 0.6666666666666667, 0.0
0.08636363636363636, 0.0, 0.0, 0.5, 0.0
0.017857142857142856, 0.0, 0.0, 0.5, 0.0
0.07894736842105263, 0.0, 0.0, 0.5, 0.0
0.07222222222222223, 0.0, 0.0, 0.6666666666666667, 0.0
0.13888888888888892, 0.0, 0.0, 0.6666666666666667, 0.0
0.11724137931034484, 0.0, 0.0, 0.6666666666666667, 0.0
0.1862745098039216, 0.0, 0.0, 0.6666666666666667, 0.0
0.12828282828282828, 0.0, 0.0, 0.6666666666666667, 0.0
0.1506172839506173, 0.0, 0.0, 0.6666666666666667, 0.0
0.053763440860215055, 0.0, 0.0, 0.6666666666666667, 0.0
0.10104166666666667, 0.0, 0.0, 0.6666666666666667, 0.0
0.1666666666666667, 0.0, 0.0, 0.6666666666666667, 0.0
0.07242063492063493, 0.0, 0.0, 0.6666666666666667, 0.0
0.16111111111111115, 0.0, 0.0, 0.6666666666666667, 0.0
0.16933333333333334, 0.0, 0.0, 0.6666666666666667, 0.0
0.09385964912280703, 0.0, 0.0, 0.6666666666666667, 0.0
0.1531531531531532, 0.0, 0.0, 0.6666666666666667, 0.0
0.09425287356321839, 0.0, 0.0, 0.6666666666666667, 0.0
0.20919540229885059, 0.0, 0.0, 0.6666666666666667, 0.0
0.08333333333333334, 0.0, 0.0, 0.6666666666666667, 0.0
0.08333333333333333, 0.0, 0.0, 0.5, 0.0
0.20857142857142863, 0.0, 0.0, 0.6666666666666667, 0.0
0.12068965517241383, 0.0, 0.0, 0.6666666666666667, 0.0
0.12142857142857144, 0.0, 0.0, 0.6666666666666667, 0.0
0.1161904761904762, 0.0, 0.0, 0.6666666666666667, 0.0
0.13492063492063494, 0.0, 0.0, 0.6666666666666667, 0.0
0.10714285714285714, 0.0, 0.0, 0.6666666666666667, 0.0
0.0763888888888889, 0.0, 0.0, 0.6666666666666667, 0.0
0.11470588235294119, 0.0, 0.0, 0.6666666666666667, 0.0
0.13474426807760143, 0.0, 0.0, 0.6666666666666667, 0.0
0.09803921568627452, 0.0, 0.0, 0.6666666666666667, 0.0
0.24509803921568635, 0.0, 0.0, 0.6666666666666667, 0.0
0.10555555555555557, 0.0, 0.0, 0.6666666666666667, 0.0
0.16300366300366304, 0.0, 0.0, 0.6666666666666667, 0.0
0.09459459459459461, 0.0, 0.0, 0.6666666666666667, 0.0
0.12435897435897436, 0.0, 0.0, 0.6666666666666667, 0.0
0.15972222222222224, 0.0, 0.0, 0.6666666666666667, 0.0
0.10380952380952382, 0.0, 0.0, 0.6666666666666667, 0.0
0.09090909090909091, 0.0, 0.0, 0.6666666666666667, 0.0
0.06410256410256411, 0.0, 0.0, 0.6666666666666667, 0.0
0.08602150537634409, 0.0, 0.0, 0.6666666666666667, 0.0
0.09062500000000001, 0.0, 0.0, 0.6666666666666667, 0.0
0.1177777777777778, 0.0, 0.0, 0.6666666666666667, 0.0
0.09523809523809526, 0.0, 0.0, 0.6666666666666667, 0.0
0.1944444444444445, 0.0, 0.0, 0.6666666666666667, 0.0
