0.48833333333333334, 0.5, 0.19999999999999996, 0.75, 0.0
0.6027777777777779, 0.625, 0.19999999999999996, 0.8, 0.0
0.6462962962962963, 0.75, 0.19999999999999996, 0.8, 0.0
0.649074074074074, 0.75, 0.19999999999999996, 0.8, 0.0
0.6712962962962963, 0.75, 0.19999999999999996, 0.8, 0.0
0.6792592592592593, 0.75, 0.2222222222222222, 0.8, 0.0
0.6814814814814816, 0.75, 0.2222222222222222, 0.8, 0.0
0.6781481481481483, 0.75, 0.2222222222222222, 0.8, 0.0
0.6781481481481483, 0.75, 0.2222222222222222, 0.8, 0.0
0.6781481481481483, 0.75, 0.19999999999999996, 0.8, 0.0
0.6781481481481483, 0.75, 0.19999999999999996, 0.8, 0.0
0.6732996632996634, 0.75, 0.19999999999999996, 0.8, 0.0
0.6732996632996634, 0.75, 0.19999999999999996, 0.8, 0.0
0.6732996632996634, 0.75, 0.19999999999999996, 0.8, 0.0
0.6751515151515153, 0.75, 0.19999999999999996, 0.8, 0.0
0.6711784511784512, 0.75, 0.19999999999999996, 0.8181818181818181, 0.0
0.6711784511784512, 0.75, 0.19999999999999996, 0.8181818181818181, 0.0
0.6632996632996634, 0.7272727272727273, 0.19999999999999996, 0.7777777777777778, 0.0
0.6632996632996634, 0.7272727272727273, 0.19999999999999996, 0.7777777777777778, 0.0
0.6651515151515154, 0.7272727272727273, 0.19999999999999996, 0.7777777777777778, 0.0
0.6670033670033672, 0.7272727272727273, 0.19999999999999996, 0.7777777777777778, 0.0
0.668855218855219, 0.7272727272727273, 0.19999999999999996, 0.7777777777777778, 0.0
0.6655218855218856, 0.7, 0.19999999999999996, 0.7777777777777778, 0.0
0.6655218855218856, 0.7, 0.19999999999999996, 0.7777777777777778, 0.0
0.6655218855218856, 0.7, 0.19999999999999996, 0.7777777777777778, 0.0
0.6655218855218856, 0.7, 0.19999999999999996, 0.7777777777777778, 0.0
0.6691582491582493, 0.7272727272727273, 0.19999999999999996, 0.7777777777777778, 0.0
0.6691582491582493, 0.7272727272727273, 0.19999999999999996, 0.7777777777777778, 0.0
0.6691582491582493, 0.7272727272727273, 0.19999999999999996, 0.7777777777777778, 0.0
0.6691582491582493, 0.7272727272727273, 0.19999999999999996, 0.7777777777777778, 0.0
0.6691582491582493, 0.7272727272727273, 0.19999999999999996, 0.7777777777777778, 0.0
0.6639730639730641, 0.7272727272727273, 0.19999999999999996, 0.7777777777777778, 0.0
0.6639730639730641, 0.7272727272727273, 0.19999999999999996, 0.7777777777777778, 0.0
0.6639730639730641, 0.7272727272727273, 0.19999999999999996, 0.7777777777777778, 0.0
0.6639730639730641, 0.7272727272727273, 0.19999999999999996, 0.7777777777777778, 0.0
0.6587878787878789, 0.7, 0.19999999999999996, 0.7777777777777778, 0.0
0.6587878787878789, 0.7, 0.19999999999999996, 0.7777777777777778, 0.0
0.6587878787878789, 0.7, 0.19999999999999996, 0.7777777777777778, 0.0
0.6587878787878789, 0.7, 0.19999999999999996, 0.7777777777777778, 0.0
0.6554208754208756, 0.7, 0.19999999999999996, 0.7777777777777778, 0.0
0.6502356902356904, 0.7, 0.19999999999999996, 0.75, 0.0
0.6502356902356904, 0.7, 0.19999999999999996, 0.75, 0.0
0.6502356902356904, 0.7, 0.19999999999999996, 0.75, 0.0
0.6502356902356904, 0.7, 0.19999999999999996, 0.75, 0.0
0.6502356902356904, 0.7, 0.19999999999999996, 0.75, 0.0
0.6502356902356904, 0.7, 0.19999999999999996, 0.75, 0.0
0.633939393939394, 0.7, 0.19999999999999996, 0.75, 0.0
0.633939393939394, 0.7, 0.19999999999999996, 0.75, 0.0
0.633939393939394, 0.7, 0.19999999999999996, 0.75, 0.0
0.6321212121212123, 0.7, 0.19999999999999996, 0.75, 0.0
0.6321212121212123, 0.7, 0.19999999999999996, 0.75, 0.0
0.6321212121212123, 0.7, 0.19999999999999996, 0.75, 0.0
0.6321212121212123, 0.7, 0.19999999999999996, 0.75, 0.0
0.6354208754208754, 0.7, 0.19999999999999996, 0.75, 0.0
0.6354208754208754, 0.7, 0.19999999999999996, 0.75, 0.0
0.6354208754208754, 0.7, 0.19999999999999996, 0.75, 0.0
0.6354208754208754, 0.7, 0.19999999999999996, 0.75, 0.0
0.6354208754208754, 0.7, 0.19999999999999996, 0.75, 0.0
0.6354208754208754, 0.7, 0.19999999999999996, 0.75, 0.0
0.6372390572390573, 0.7, 0.19999999999999996, 0.75, 0.0
0.6372390572390573, 0.7, 0.19999999999999996, 0.75, 0.0
0.6372390572390573, 0.7, 0.19999999999999996, 0.75, 0.0
0.6390572390572391, 0.7272727272727273, 0.19999999999999996, 0.75, 0.0
0.6390572390572391, 0.7272727272727273, 0.19999999999999996, 0.75, 0.0
0.6390572390572391, 0.7272727272727273, 0.19999999999999996, 0.75, 0.0
0.6390572390572391, 0.7272727272727273, 0.19999999999999996, 0.75, 0.0
0.6390572390572391, 0.7272727272727273, 0.19999999999999996, 0.75, 0.0
0.6390572390572391, 0.7272727272727273, 0.19999999999999996, 0.75, 0.0
0.6390572390572391, 0.7272727272727273, 0.19999999999999996, 0.75, 0.0
0.6390572390572391, 0.7272727272727273, 0.19999999999999996, 0.75, 0.0
0.6390572390572391, 0.7272727272727273, 0.19999999999999996, 0.75, 0.0
0.6390572390572391, 0.7272727272727273, 0.19999999999999996, 0.75, 0.0
0.6390572390572391, 0.7272727272727273, 0.19999999999999996, 0.75, 0.0
0.6408754208754209, 0.7272727272727273, 0.19999999999999996, 0.75, 0.0
0.6408754208754209, 0.7272727272727273, 0.19999999999999996, 0.75, 0.0
0.6408754208754209, 0.7272727272727273, 0.19999999999999996, 0.75, 0.0
0.6408754208754209, 0.7272727272727273, 0.19999999999999996, 0.75, 0.0
0.6408754208754209, 0.7272727272727273, 0.19999999999999996, 0.75, 0.0
0.6408754208754209, 0.7272727272727273, 0.19999999999999996, 0.75, 0.0
0.6426936026936028, 0.7272727272727273, 0.19999999999999996, 0.75, 0.0
0.6426936026936028, 0.7272727272727273, 0.19999999999999996, 0.75, 0.0
0.6426936026936028, 0.7272727272727273, 0.19999999999999996, 0.75, 0.0
0.6426936026936028, 0.7272727272727273, 0.19999999999999996, 0.75, 0.0
0.6426936026936028, 0.7272727272727273, 0.19999999999999996, 0.75, 0.0
0.6426936026936028, 0.7272727272727273, 0.19999999999999996, 0.75, 0.0
0.6426936026936028, 0.7272727272727273, 0.19999999999999996, 0.75, 0.0
0.6426936026936028, 0.7272727272727273, 0.19999999999999996, 0.75, 0.0
0.6426936026936028, 0.7272727272727273, 0.19999999999999996, 0.75, 0.0
0.6463299663299664, 0.7272727272727273, 0.19999999999999996, 0.75, 0.0
0.6463299663299664, 0.7272727272727273, 0.19999999999999996, 0.75, 0.0
0.6463299663299664, 0.7272727272727273, 0.19999999999999996, 0.75, 0.0
0.6463299663299664, 0.7272727272727273, 0.19999999999999996, 0.75, 0.0
0.6463299663299664, 0.7272727272727273, 0.19999999999999996, 0.75, 0.0
0.6463299663299664, 0.7272727272727273, 0.19999999999999996, 0.75, 0.0
0.6463299663299664, 0.7272727272727273, 0.19999999999999996, 0.75, 0.0
0.6463299663299664, 0.7272727272727273, 0.19999999999999996, 0.75, 0.0
0.6463299663299664, 0.7272727272727273, 0.19999999999999996, 0.75, 0.0
0.6463299663299664, 0.7272727272727273, 0.19999999999999996, 0.75, 0.0
0.6463299663299664, 0.7272727272727273, 0.19999999999999996, 0.75, 0.0
0.6463299663299664, 0.7272727272727273, 0.19999999999999996, 0.75, 0.0
0.6463299663299664, 0.7272727272727273, 0.19999999999999996, 0.75, 0.0
0.6463299663299664, 0.7272727272727273, 0.19999999999999996, 0.75, 0.0
0.6463299663299664, 0.7272727272727273, 0.19999999999999996, 0.75, 0.0
0.6463299663299664, 0.7272727272727273, 0.19999999999999996, 0.75, 0.0
0.6463299663299664, 0.7272727272727273, 0.19999999999999996, 0.75, 0.0
0.6463299663299664, 0.7272727272727273, 0.19999999999999996, 0.75, 0.0
0.6463299663299664, 0.7272727272727273, 0.19999999999999996, 0.75, 0.0
0.6463299663299664, 0.7272727272727273, 0.19999999999999996, 0.75, 0.0
0.6463299663299664, 0.7272727272727273, 0.19999999999999996, 0.75, 0.0
0.6463299663299664, 0.7272727272727273, 0.19999999999999996, 0.75, 0.0
0.6463299663299664, 0.7272727272727273, 0.19999999999999996, 0.75, 0.0
0.6463299663299664, 0.7272727272727273, 0.19999999999999996, 0.75, 0.0
0.6463299663299664, 0.7272727272727273, 0.19999999999999996, 0.75, 0.0
0.6463299663299664, 0.7272727272727273, 0.19999999999999996, 0.75, 0.0
0.6463299663299664, 0.7272727272727273, 0.19999999999999996, 0.75, 0.0
0.6463299663299664, 0.7272727272727273, 0.19999999999999996, 0.75, 0.0
0.6463299663299664, 0.7272727272727273, 0.19999999999999996, 0.75, 0.0
0.6463299663299664, 0.7272727272727273, 0.19999999999999996, 0.75, 0.0
0.6463299663299664, 0.7272727272727273, 0.19999999999999996, 0.75, 0.0
0.6463299663299664, 0.7272727272727273, 0.19999999999999996, 0.75, 0.0
0.6463299663299664, 0.7272727272727273, 0.19999999999999996, 0.75, 0.0
0.647845117845118, 0.7272727272727273, 0.19999999999999996, 0.75, 0.0
0.647845117845118, 0.7272727272727273, 0.19999999999999996, 0.75, 0.0
0.647845117845118, 0.7272727272727273, 0.19999999999999996, 0.75, 0.0
0.647845117845118, 0.7272727272727273, 0.19999999999999996, 0.75, 0.0
0.647845117845118, 0.7272727272727273, 0.19999999999999996, 0.75, 0.0
0.6493602693602694, 0.7272727272727273, 0.19999999999999996, 0.75, 0.0
0.6493602693602694, 0.7272727272727273, 0.19999999999999996, 0.75, 0.0
0.6493602693602694, 0.7272727272727273, 0.19999999999999996, 0.75, 0.0
0.6493602693602694, 0.7272727272727273, 0.19999999999999996, 0.75, 0.0
0.6493602693602694, 0.7272727272727273, 0.19999999999999996, 0.75, 0.0
0.6493602693602694, 0.7272727272727273, 0.19999999999999996, 0.75, 0.0
0.6493602693602694, 0.7272727272727273, 0.19999999999999996, 0.75, 0.0
0.6493602693602694, 0.7272727272727273, 0.19999999999999996, 0.75, 0.0
0.6493602693602694, 0.7272727272727273, 0.19999999999999996, 0.75, 0.0
0.6493602693602694, 0.7272727272727273, 0.19999999999999996, 0.75, 0.0
0.6493602693602694, 0.7272727272727273, 0.19999999999999996, 0.75, 0.0
0.6508754208754209, 0.7272727272727273, 0.19999999999999996, 0.75, 0.0
0.6508754208754209, 0.7272727272727273, 0.19999999999999996, 0.75, 0.0
0.6508754208754209, 0.7272727272727273, 0.19999999999999996, 0.75, 0.0
0.6508754208754209, 0.7272727272727273, 0.19999999999999996, 0.75, 0.0
0.6508754208754209, 0.7272727272727273, 0.19999999999999996, 0.75, 0.0
0.6508754208754209, 0.7272727272727273, 0.19999999999999996, 0.75, 0.0
0.6508754208754209, 0.7272727272727273, 0.19999999999999996, 0.75, 0.0
0.6508754208754209, 0.7272727272727273, 0.19999999999999996, 0.75, 0.0
0.6508754208754209, 0.7272727272727273, 0.19999999999999996, 0.75, 0.0
0.6508754208754209, 0.7272727272727273, 0.19999999999999996, 0.75, 0.0
0.6508754208754209, 0.7272727272727273, 0.19999999999999996, 0.75, 0.0
0.6508754208754209, 0.7272727272727273, 0.19999999999999996, 0.75, 0.0
0.6508754208754209, 0.7272727272727273, 0.19999999999999996, 0.75, 0.0
0.6508754208754209, 0.7272727272727273, 0.19999999999999996, 0.75, 0.0
0.6508754208754209, 0.7272727272727273, 0.19999999999999996, 0.75, 0.0
0.6508754208754209, 0.7272727272727273, 0.19999999999999996, 0.75, 0.0
0.6523905723905725, 0.7272727272727273, 0.19999999999999996, 0.75, 0.0
0.6523905723905725, 0.7272727272727273, 0.19999999999999996, 0.75, 0.0
0.653905723905724, 0.7272727272727273, 0.19999999999999996, 0.75, 0.0
0.653905723905724, 0.7272727272727273, 0.19999999999999996, 0.75, 0.0
0.653905723905724, 0.7272727272727273, 0.19999999999999996, 0.75, 0.0
0.653905723905724, 0.7272727272727273, 0.19999999999999996, 0.75, 0.0
0.653905723905724, 0.7272727272727273, 0.19999999999999996, 0.75, 0.0
0.653905723905724, 0.7272727272727273, 0.19999999999999996, 0.75, 0.0
0.653905723905724, 0.7272727272727273, 0.19999999999999996, 0.75, 0.0
0.653905723905724, 0.7272727272727273, 0.19999999999999996, 0.75, 0.0
0.653905723905724, 0.7272727272727273, 0.19999999999999996, 0.75, 0.0
0.653905723905724, 0.7272727272727273, 0.19999999999999996, 0.75, 0.0
0.653905723905724, 0.7272727272727273, 0.19999999999999996, 0.75, 0.0
0.653905723905724, 0.7272727272727273, 0.19999999999999996, 0.75, 0.0
0.653905723905724, 0.7272727272727273, 0.19999999999999996, 0.75, 0.0
0.653905723905724, 0.7272727272727273, 0.19999999999999996, 0.75, 0.0
0.653905723905724, 0.7272727272727273, 0.19999999999999996, 0.75, 0.0
0.653905723905724, 0.7272727272727273, 0.19999999999999996, 0.75, 0.0
0.653905723905724, 0.7272727272727273, 0.19999999999999996, 0.75, 0.0
0.653905723905724, 0.7272727272727273, 0.19999999999999996, 0.75, 0.0
0.653905723905724, 0.7272727272727273, 0.19999999999999996, 0.75, 0.0
0.653905723905724, 0.7272727272727273, 0.19999999999999996, 0.75, 0.0
0.653905723905724, 0.7272727272727273, 0.19999999999999996, 0.75, 0.0
0.653905723905724, 0.7272727272727273, 0.19999999999999996, 0.75, 0.0
0.653905723905724, 0.7272727272727273, 0.19999999999999996, 0.75, 0.0
0.653905723905724, 0.7272727272727273, 0.19999999999999996, 0.75, 0.0
0.653905723905724, 0.7272727272727273, 0.19999999999999996, 0.75, 0.0
0.653905723905724, 0.7272727272727273, 0.19999999999999996, 0.75, 0.0
0.653905723905724, 0.7272727272727273, 0.19999999999999996, 0.75, 0.0
0.653905723905724, 0.7272727272727273, 0.19999999999999996, 0.75, 0.0
0.6515247715247715, 0.7272727272727273, 0.19999999999999996, 0.75, 0.0
0.6515247715247715, 0.7272727272727273, 0.19999999999999996, 0.75, 0.0
0.6515247715247715, 0.7272727272727273, 0.19999999999999996, 0.75, 0.0
0.6515247715247715, 0.7272727272727273, 0.19999999999999996, 0.75, 0.0
0.6515247715247715, 0.7272727272727273, 0.19999999999999996, 0.75, 0.0
0.6515247715247715, 0.7272727272727273, 0.19999999999999996, 0.75, 0.0
0.6515247715247715, 0.7272727272727273, 0.19999999999999996, 0.75, 0.0
0.6515247715247715, 0.7272727272727273, 0.19999999999999996, 0.75, 0.0
0.6515247715247715, 0.7272727272727273, 0.19999999999999996, 0.75, 0.0
0.6515247715247715, 0.7272727272727273, 0.19999999999999996, 0.75, 0.0
0.6515247715247715, 0.7272727272727273, 0.19999999999999996, 0.75, 0.0
0.6515247715247715, 0.7272727272727273, 0.19999999999999996, 0.75, 0.0
0.6515247715247715, 0.7272727272727273, 0.19999999999999996, 0.75, 0.0
0.6515247715247715, 0.7272727272727273, 0.19999999999999996, 0.75, 0.0
0.6515247715247715, 0.7272727272727273, 0.19999999999999996, 0.75, 0.0
0.6515247715247715, 0.7272727272727273, 0.19999999999999996, 0.75, 0.0
0.6515247715247715, 0.7272727272727273, 0.19999999999999996, 0.75, 0.0
0.6515247715247715, 0.7272727272727273, 0.19999999999999996, 0.75, 0.0
0.6515247715247715, 0.7272727272727273, 0.19999999999999996, 0.75, 0.0
0.6515247715247715, 0.7272727272727273, 0.19999999999999996, 0.75, 0.0
0.6515247715247715, 0.7272727272727273, 0.19999999999999996, 0.75, 0.0
0.6515247715247715, 0.7272727272727273, 0.19999999999999996, 0.75, 0.0
0.6515247715247715, 0.7272727272727273, 0.19999999999999996, 0.75, 0.0
0.6515247715247715, 0.7272727272727273, 0.19999999999999996, 0.75, 0.0
0.6515247715247715, 0.7272727272727273, 0.19999999999999996, 0.75, 0.0
0.6515247715247715, 0.7272727272727273, 0.19999999999999996, 0.75, 0.0
0.6515247715247715, 0.7272727272727273, 0.19999999999999996, 0.75, 0.0
0.6515247715247715, 0.7272727272727273, 0.19999999999999996, 0.75, 0.0
0.6515247715247715, 0.7272727272727273, 0.19999999999999996, 0.75, 0.0
0.6515247715247715, 0.7272727272727273, 0.19999999999999996, 0.75, 0.0
0.6515247715247715, 0.7272727272727273, 0.19999999999999996, 0.75, 0.0
0.6515247715247715, 0.7272727272727273, 0.19999999999999996, 0.75, 0.0
0.6515247715247715, 0.7272727272727273, 0.19999999999999996, 0.75, 0.0
0.6515247715247715, 0.7272727272727273, 0.19999999999999996, 0.75, 0.0
0.6515247715247715, 0.7272727272727273, 0.19999999999999996, 0.75, 0.0
0.6515247715247715, 0.7272727272727273, 0.19999999999999996, 0.75, 0.0
0.6515247715247715, 0.7272727272727273, 0.19999999999999996, 0.75, 0.0
0.6515247715247715, 0.7272727272727273, 0.19999999999999996, 0.75, 0.0
0.6515247715247715, 0.7272727272727273, 0.19999999999999996, 0.75, 0.0
0.6515247715247715, 0.7272727272727273, 0.19999999999999996, 0.75, 0.0
0.6515247715247715, 0.7272727272727273, 0.19999999999999996, 0.75, 0.0
0.6515247715247715, 0.7272727272727273, 0.19999999999999996, 0.75, 0.0
0.6515247715247715, 0.7272727272727273, 0.19999999999999996, 0.75, 0.0
0.6491438191438192, 0.7272727272727273, 0.19999999999999996, 0.75, 0.0
0.6491438191438192, 0.7272727272727273, 0.19999999999999996, 0.75, 0.0
0.6491438191438192, 0.7272727272727273, 0.19999999999999996, 0.75, 0.0
0.6491438191438192, 0.7272727272727273, 0.19999999999999996, 0.75, 0.0
0.6491438191438192, 0.7272727272727273, 0.19999999999999996, 0.75, 0.0
0.6491438191438192, 0.7272727272727273, 0.19999999999999996, 0.75, 0.0
0.6491438191438192, 0.7272727272727273, 0.19999999999999996, 0.75, 0.0
0.6491438191438192, 0.7272727272727273, 0.19999999999999996, 0.75, 0.0
0.6491438191438192, 0.7272727272727273, 0.19999999999999996, 0.75, 0.0
0.6491438191438192, 0.7272727272727273, 0.19999999999999996, 0.75, 0.0
0.6491438191438192, 0.7272727272727273, 0.19999999999999996, 0.75, 0.0
0.6491438191438192, 0.7272727272727273, 0.19999999999999996, 0.75, 0.0
0.6491438191438192, 0.7272727272727273, 0.19999999999999996, 0.75, 0.0
0.6491438191438192, 0.7272727272727273, 0.19999999999999996, 0.75, 0.0
0.6491438191438192, 0.7272727272727273, 0.19999999999999996, 0.75, 0.0
0.6491438191438192, 0.7272727272727273, 0.19999999999999996, 0.75, 0.0
0.6491438191438192, 0.7272727272727273, 0.19999999999999996, 0.75, 0.0
0.6491438191438192, 0.7272727272727273, 0.19999999999999996, 0.75, 0.0
0.6491438191438192, 0.7272727272727273, 0.19999999999999996, 0.75, 0.0
0.6491438191438192, 0.7272727272727273, 0.19999999999999996, 0.75, 0.0
0.6491438191438192, 0.7272727272727273, 0.19999999999999996, 0.75, 0.0
0.6491438191438192, 0.7272727272727273, 0.19999999999999996, 0.75, 0.0
0.6491438191438192, 0.7272727272727273, 0.19999999999999996, 0.75, 0.0
0.6467628667628669, 0.7272727272727273, 0.19999999999999996, 0.75, 0.0
0.6467628667628669, 0.7272727272727273, 0.19999999999999996, 0.75, 0.0
0.6443819143819145, 0.7272727272727273, 0.19999999999999996, 0.75, 0.0
0.6443819143819145, 0.7272727272727273, 0.19999999999999996, 0.75, 0.0
0.6443819143819145, 0.7272727272727273, 0.19999999999999996, 0.75, 0.0
0.642000962000962, 0.7142857142857143, 0.19999999999999996, 0.75, 0.0
0.642000962000962, 0.7142857142857143, 0.19999999999999996, 0.75, 0.0
0.642000962000962, 0.7142857142857143, 0.19999999999999996, 0.75, 0.0
0.642000962000962, 0.7142857142857143, 0.19999999999999996, 0.75, 0.0
0.642000962000962, 0.7142857142857143, 0.19999999999999996, 0.75, 0.0
0.642000962000962, 0.7142857142857143, 0.19999999999999996, 0.75, 0.0
0.642000962000962, 0.7142857142857143, 0.19999999999999996, 0.75, 0.0
0.642000962000962, 0.7142857142857143, 0.19999999999999996, 0.75, 0.0
0.642000962000962, 0.7142857142857143, 0.19999999999999996, 0.75, 0.0
0.642000962000962, 0.7142857142857143, 0.19999999999999996, 0.75, 0.0
0.642000962000962, 0.7142857142857143, 0.19999999999999996, 0.75, 0.0
0.642000962000962, 0.7142857142857143, 0.19999999999999996, 0.75, 0.0
0.642000962000962, 0.7142857142857143, 0.19999999999999996, 0.75, 0.0
0.642000962000962, 0.7142857142857143, 0.19999999999999996, 0.75, 0.0
0.642000962000962, 0.7142857142857143, 0.19999999999999996, 0.75, 0.0
0.642000962000962, 0.7142857142857143, 0.19999999999999996, 0.75, 0.0
0.642000962000962, 0.7142857142857143, 0.19999999999999996, 0.75, 0.0
0.642000962000962, 0.7142857142857143, 0.19999999999999996, 0.75, 0.0
0.642000962000962, 0.7142857142857143, 0.19999999999999996, 0.75, 0.0
0.642000962000962, 0.7142857142857143, 0.19999999999999996, 0.75, 0.0
0.642000962000962, 0.7142857142857143, 0.19999999999999996, 0.75, 0.0
0.642000962000962, 0.7142857142857143, 0.19999999999999996, 0.75, 0.0
0.642000962000962, 0.7142857142857143, 0.19999999999999996, 0.75, 0.0
0.642000962000962, 0.7142857142857143, 0.19999999999999996, 0.75, 0.0
0.642000962000962, 0.7142857142857143, 0.19999999999999996, 0.75, 0.0
0.642000962000962, 0.7142857142857143, 0.19999999999999996, 0.75, 0.0
0.642000962000962, 0.7142857142857143, 0.19999999999999996, 0.75, 0.0
0.642000962000962, 0.7142857142857143, 0.19999999999999996, 0.75, 0.0
0.642000962000962, 0.7142857142857143, 0.19999999999999996, 0.75, 0.0
0.642000962000962, 0.7142857142857143, 0.19999999999999996, 0.75, 0.0
0.642000962000962, 0.7142857142857143, 0.19999999999999996, 0.75, 0.0
0.642000962000962, 0.7142857142857143, 0.19999999999999996, 0.75, 0.0
0.642000962000962, 0.7142857142857143, 0.19999999999999996, 0.75, 0.0
0.642000962000962, 0.7142857142857143, 0.19999999999999996, 0.75, 0.0
0.642000962000962, 0.7142857142857143, 0.19999999999999996, 0.75, 0.0
0.642000962000962, 0.7142857142857143, 0.19999999999999996, 0.75, 0.0
0.642000962000962, 0.7142857142857143, 0.19999999999999996, 0.75, 0.0
0.642000962000962, 0.7142857142857143, 0.19999999999999996, 0.75, 0.0
0.642000962000962, 0.7142857142857143, 0.19999999999999996, 0.75, 0.0
0.642000962000962, 0.7142857142857143, 0.19999999999999996, 0.75, 0.0
0.642000962000962, 0.7142857142857143, 0.19999999999999996, 0.75, 0.0
0.642000962000962, 0.7142857142857143, 0.19999999999999996, 0.75, 0.0
0.642000962000962, 0.7142857142857143, 0.19999999999999996, 0.75, 0.0
0.642000962000962, 0.7142857142857143, 0.19999999999999996, 0.75, 0.0
0.642000962000962, 0.7142857142857143, 0.19999999999999996, 0.75, 0.0
0.642000962000962, 0.7142857142857143, 0.19999999999999996, 0.75, 0.0
0.642000962000962, 0.7142857142857143, 0.19999999999999996, 0.75, 0.0
0.642000962000962, 0.7142857142857143, 0.19999999999999996, 0.75, 0.0
0.642000962000962, 0.7142857142857143, 0.19999999999999996, 0.75, 0.0
0.642000962000962, 0.7142857142857143, 0.19999999999999996, 0.75, 0.0
0.642000962000962, 0.7142857142857143, 0.19999999999999996, 0.75, 0.0
0.642000962000962, 0.7142857142857143, 0.19999999999999996, 0.75, 0.0
0.642000962000962, 0.7142857142857143, 0.19999999999999996, 0.75, 0.0
0.642000962000962, 0.7142857142857143, 0.19999999999999996, 0.75, 0.0
0.642000962000962, 0.7142857142857143, 0.19999999999999996, 0.75, 0.0
0.642000962000962, 0.7142857142857143, 0.19999999999999996, 0.75, 0.0
0.642000962000962, 0.7142857142857143, 0.19999999999999996, 0.75, 0.0
0.642000962000962, 0.7142857142857143, 0.19999999999999996, 0.75, 0.0
0.642000962000962, 0.7142857142857143, 0.19999999999999996, 0.75, 0.0
0.642000962000962, 0.7142857142857143, 0.19999999999999996, 0.75, 0.0
0.642000962000962, 0.7142857142857143, 0.19999999999999996, 0.75, 0.0
0.642000962000962, 0.7142857142857143, 0.19999999999999996, 0.75, 0.0
0.642000962000962, 0.7142857142857143, 0.19999999999999996, 0.75, 0.0
0.642000962000962, 0.7142857142857143, 0.19999999999999996, 0.75, 0.0
0.642000962000962, 0.7142857142857143, 0.19999999999999996, 0.75, 0.0
0.642000962000962, 0.7142857142857143, 0.19999999999999996, 0.75, 0.0
0.642000962000962, 0.7142857142857143, 0.19999999999999996, 0.75, 0.0
0.642000962000962, 0.7142857142857143, 0.19999999999999996, 0.75, 0.0
0.642000962000962, 0.7142857142857143, 0.19999999999999996, 0.75, 0.0
0.642000962000962, 0.7142857142857143, 0.19999999999999996, 0.75, 0.0
0.642000962000962, 0.7142857142857143, 0.19999999999999996, 0.75, 0.0
0.642000962000962, 0.7142857142857143, 0.19999999999999996, 0.75, 0.0
0.642000962000962, 0.7142857142857143, 0.19999999999999996, 0.75, 0.0
0.642000962000962, 0.7142857142857143, 0.19999999999999996, 0.75, 0.0
0.642000962000962, 0.7142857142857143, 0.19999999999999996, 0.75, 0.0
0.642000962000962, 0.7142857142857143, 0.19999999999999996, 0.75, 0.0
0.642000962000962, 0.7142857142857143, 0.19999999999999996, 0.75, 0.0
0.642000962000962, 0.7142857142857143, 0.19999999999999996, 0.75, 0.0
0.642000962000962, 0.7142857142857143, 0.19999999999999996, 0.75, 0.0
0.642000962000962, 0.7142857142857143, 0.19999999999999996, 0.75, 0.0
0.642000962000962, 0.7142857142857143, 0.19999999999999996, 0.75, 0.0
0.642000962000962, 0.7142857142857143, 0.19999999999999996, 0.75, 0.0
0.642000962000962, 0.7142857142857143, 0.19999999999999996, 0.75, 0.0
0.642000962000962, 0.7142857142857143, 0.19999999999999996, 0.75, 0.0
0.642000962000962, 0.7142857142857143, 0.19999999999999996, 0.75, 0.0
0.642000962000962, 0.7142857142857143, 0.19999999999999996, 0.75, 0.0
0.642000962000962, 0.7142857142857143, 0.19999999999999996, 0.75, 0.0
0.642000962000962, 0.7142857142857143, 0.19999999999999996, 0.75, 0.0
0.642000962000962, 0.7142857142857143, 0.19999999999999996, 0.75, 0.0
0.642000962000962, 0.7142857142857143, 0.19999999999999996, 0.75, 0.0
0.642000962000962, 0.7142857142857143, 0.19999999999999996, 0.75, 0.0
0.642000962000962, 0.7142857142857143, 0.19999999999999996, 0.75, 0.0
0.642000962000962, 0.7142857142857143, 0.19999999999999996, 0.75, 0.0
0.642000962000962, 0.7142857142857143, 0.19999999999999996, 0.75, 0.0
0.642000962000962, 0.7142857142857143, 0.19999999999999996, 0.75, 0.0
0.642000962000962, 0.7142857142857143, 0.19999999999999996, 0.75, 0.0
0.642000962000962, 0.7142857142857143, 0.19999999999999996, 0.75, 0.0
0.642000962000962, 0.7142857142857143, 0.19999999999999996, 0.75, 0.0
0.642000962000962, 0.7142857142857143, 0.19999999999999996, 0.75, 0.0
0.642000962000962, 0.7142857142857143, 0.19999999999999996, 0.75, 0.0
0.642000962000962, 0.7142857142857143, 0.19999999999999996, 0.75, 0.0
0.642000962000962, 0.7142857142857143, 0.19999999999999996, 0.75, 0.0
0.642000962000962, 0.7142857142857143, 0.19999999999999996, 0.75, 0.0
0.642000962000962, 0.7142857142857143, 0.19999999999999996, 0.75, 0.0
0.642000962000962, 0.7142857142857143, 0.19999999999999996, 0.75, 0.0
0.642000962000962, 0.7142857142857143, 0.19999999999999996, 0.75, 0.0
0.642000962000962, 0.7142857142857143, 0.19999999999999996, 0.75, 0.0
0.642000962000962, 0.7142857142857143, 0.19999999999999996, 0.75, 0.0
0.642000962000962, 0.7142857142857143, 0.19999999999999996, 0.75, 0.0
0.642000962000962, 0.7142857142857143, 0.19999999999999996, 0.75, 0.0
0.642000962000962, 0.7142857142857143, 0.19999999999999996, 0.75, 0.0
0.642000962000962, 0.7142857142857143, 0.19999999999999996, 0.75, 0.0
0.642000962000962, 0.7142857142857143, 0.19999999999999996, 0.75, 0.0
0.642000962000962, 0.7142857142857143, 0.19999999999999996, 0.75, 0.0
0.642000962000962, 0.7142857142857143, 0.19999999999999996, 0.75, 0.0
0.642000962000962, 0.7142857142857143, 0.19999999999999996, 0.75, 0.0
0.642000962000962, 0.7142857142857143, 0.19999999999999996, 0.75, 0.0
0.642000962000962, 0.7142857142857143, 0.19999999999999996, 0.75, 0.0
0.642000962000962, 0.7142857142857143, 0.19999999999999996, 0.75, 0.0
0.642000962000962, 0.7142857142857143, 0.19999999999999996, 0.75, 0.0
0.642000962000962, 0.7142857142857143, 0.19999999999999996, 0.75, 0.0
0.642000962000962, 0.7142857142857143, 0.19999999999999996, 0.75, 0.0
0.642000962000962, 0.7142857142857143, 0.19999999999999996, 0.75, 0.0
0.642000962000962, 0.7142857142857143, 0.19999999999999996, 0.75, 0.0
0.642000962000962, 0.7142857142857143, 0.19999999999999996, 0.75, 0.0
0.642000962000962, 0.7142857142857143, 0.19999999999999996, 0.75, 0.0
0.642000962000962, 0.7142857142857143, 0.19999999999999996, 0.75, 0.0
0.642000962000962, 0.7142857142857143, 0.19999999999999996, 0.75, 0.0
0.642000962000962, 0.7142857142857143, 0.19999999999999996, 0.75, 0.0
0.642000962000962, 0.7142857142857143, 0.19999999999999996, 0.75, 0.0
0.642000962000962, 0.7142857142857143, 0.19999999999999996, 0.75, 0.0
0.642000962000962, 0.7142857142857143, 0.19999999999999996, 0.75, 0.0
0.642000962000962, 0.7142857142857143, 0.19999999999999996, 0.75, 0.0
0.642000962000962, 0.7142857142857143, 0.19999999999999996, 0.75, 0.0
0.642000962000962, 0.7142857142857143, 0.19999999999999996, 0.75, 0.0
0.642000962000962, 0.7142857142857143, 0.19999999999999996, 0.75, 0.0
0.642000962000962, 0.7142857142857143, 0.19999999999999996, 0.75, 0.0
0.642000962000962, 0.7142857142857143, 0.19999999999999996, 0.75, 0.0
0.642000962000962, 0.7142857142857143, 0.19999999999999996, 0.75, 0.0
0.642000962000962, 0.7142857142857143, 0.19999999999999996, 0.75, 0.0
0.642000962000962, 0.7142857142857143, 0.19999999999999996, 0.75, 0.0
0.642000962000962, 0.7142857142857143, 0.19999999999999996, 0.75, 0.0
0.642000962000962, 0.7142857142857143, 0.19999999999999996, 0.75, 0.0
0.642000962000962, 0.7142857142857143, 0.19999999999999996, 0.75, 0.0
0.642000962000962, 0.7142857142857143, 0.19999999999999996, 0.75, 0.0
0.642000962000962, 0.7142857142857143, 0.19999999999999996, 0.75, 0.0
