0.45143412143412154, 0.5357142857142857, 0.0, 0.7692307692307692, 0.0
0.4982282532282534, 0.5857142857142856, 0.0, 0.7692307692307692, 0.0
0.4900962000962003, 0.5454545454545454, 0.0, 0.7272727272727273, 0.0
0.44483470233470257, 0.5, 0.0, 0.7692307692307692, 0.0
0.3874717874717875, 0.5, 0.0, 0.7692307692307692, 0.0
0.4813455988455991, 0.5714285714285714, 0.0, 0.75, 0.0
0.4145534095534097, 0.5, 0.0, 0.7692307692307692, 0.0
0.4556868131868133, 0.5584415584415584, 0.0, 0.7692307692307692, 0.0
0.5038222888222891, 0.6, 0.0, 0.7692307692307692, 0.0
0.45477698227698243, 0.5227272727272727, 0.0, 0.7692307692307692, 0.0
0.5226037851037852, 0.6076923076923078, 0.0, 0.7692307692307692, 0.0
0.4482950382950385, 0.5, 0.0, 0.8, 0.0
0.5023641173641176, 0.6, 0.0, 0.7272727272727273, 0.0
0.45042152292152304, 0.5, 0.0, 0.8, 0.0
0.4774014874014876, 0.5714285714285714, 0.0, 0.7692307692307692, 0.0
0.4983585858585861, 0.6, 0.0, 0.75, 0.0
0.46802142302142324, 0.5227272727272727, 0.0, 0.7692307692307692, 0.0
0.43490564990565, 0.5227272727272727, 0.0, 0.7692307692307692, 0.0
0.4331013431013433, 0.5, 0.0, 0.7692307692307692, 0.0
0.48431827431827457, 0.5714285714285714, 0.0, 0.7692307692307692, 0.0
0.435966255966256, 0.5, 0.0, 0.7692307692307692, 0.0
0.455363802863803, 0.5714285714285714, 0.0, 0.7692307692307692, 0.0
0.5156349206349209, 0.5714285714285714, 0.0, 0.8, 0.0
0.4549008399008401, 0.5714285714285714, 0.0, 0.7692307692307692, 0.0
0.4303644503644505, 0.5, 0.0, 0.7692307692307692, 0.0
0.4825879675879678, 0.5714285714285714, 0.0, 0.7692307692307692, 0.0
0.4640693565693567, 0.5454545454545454, 0.0, 0.7692307692307692, 0.0
0.4334452584452586, 0.5, 0.0, 0.7692307692307692, 0.0
0.4908899433899437, 0.5714285714285714, 0.0, 0.7692307692307692, 0.0
0.46490509490509513, 0.5, 0.0, 0.7692307692307692, 0.0
0.506758796758797, 0.6, 0.0, 0.7692307692307692, 0.0
0.4635594960594963, 0.5, 0.0, 0.7692307692307692, 0.0
0.4617238317238319, 0.5454545454545454, 0.0, 0.8, 0.0
0.4557764457764458, 0.5714285714285714, 0.0, 0.7692307692307692, 0.0
0.44662467162467173, 0.5227272727272727, 0.0, 0.7692307692307692, 0.0
0.5132764457764458, 0.5857142857142856, 0.0, 0.7692307692307692, 0.0
0.3894564694564695, 0.4, 0.0, 0.7272727272727273, 0.0
0.4983744033744035, 0.6, 0.0, 0.7692307692307692, 0.0
0.39748501498501504, 0.5, 0.0, 0.7692307692307692, 0.0
0.4473731823731825, 0.5454545454545454, 0.0, 0.7692307692307692, 0.0
0.4919559144559146, 0.5714285714285714, 0.0, 0.7692307692307692, 0.0
0.49156704406704427, 0.5857142857142856, 0.0, 0.7692307692307692, 0.0
0.46929413179413193, 0.5454545454545454, 0.0, 0.8, 0.0
0.46069449069449103, 0.5, 0.0, 0.7692307692307692, 0.0
0.49041005291005313, 0.5714285714285714, 0.0, 0.75, 0.0
0.42865745365745384, 0.5, 0.0, 0.7692307692307692, 0.0
0.4521296296296299, 0.5, 0.0, 0.75, 0.0
0.5021110371110373, 0.6333333333333333, 0.0, 0.7692307692307692, 0.0
0.45467310467310473, 0.5857142857142856, 0.0, 0.7692307692307692, 0.0
0.4755339105339107, 0.5714285714285714, 0.0, 0.7272727272727273, 0.0
0.44726134976134985, 0.5227272727272727, 0.0, 0.7692307692307692, 0.0
0.5133760683760686, 0.5714285714285714, 0.0, 0.7692307692307692, 0.0
0.44110278610278625, 0.5584415584415584, 0.0, 0.7692307692307692, 0.0
0.4985101935101937, 0.6, 0.0, 0.8, 0.0
0.49614367114367136, 0.5857142857142856, 0.0, 0.7692307692307692, 0.0
0.4821568246568248, 0.6, 0.0, 0.7692307692307692, 0.0
0.4307276057276059, 0.5714285714285714, 0.0, 0.8, 0.0
0.42990564990564994, 0.5454545454545454, 0.0, 0.7692307692307692, 0.0
0.4702236652236654, 0.5714285714285714, 0.0, 0.7272727272727273, 0.0
0.5082648832648836, 0.5857142857142856, 0.0, 0.7692307692307692, 0.0
0.47263847263847286, 0.5714285714285714, 0.0, 0.7692307692307692, 0.0
0.4402789802789802, 0.5584415584415584, 0.0, 0.7272727272727273, 0.0
0.4387373737373738, 0.5454545454545454, 0.0, 0.75, 0.0
0.47235930735930765, 0.5357142857142857, 0.0, 0.7272727272727273, 0.0
0.4939099789099791, 0.5714285714285714, 0.0, 0.7692307692307692, 0.0
0.4581512931512932, 0.5714285714285714, 0.0, 0.7692307692307692, 0.0
0.441357623857624, 0.5227272727272727, 0.0, 0.75, 0.0
0.5036971361971365, 0.5714285714285714, 0.0, 0.7692307692307692, 0.0
0.47214951714951725, 0.5857142857142856, 0.0, 0.8, 0.0
0.4590259740259742, 0.5714285714285714, 0.0, 0.7272727272727273, 0.0
0.487806082806083, 0.6, 0.0, 0.7692307692307692, 0.0
0.4436219336219338, 0.5227272727272727, 0.0, 0.6666666666666667, 0.0
0.43533318533318544, 0.5, 0.0, 0.8, 0.0
0.512722647722648, 0.5584415584415584, 0.0, 0.7692307692307692, 0.0
0.5023654123654127, 0.6, 0.0, 0.7692307692307692, 0.0
0.46740870240870264, 0.5584415584415584, 0.0, 0.7692307692307692, 0.0
0.3964785214785216, 0.5, 0.0, 0.7692307692307692, 0.0
0.40185314685314677, 0.5454545454545454, 0.0, 0.7692307692307692, 0.0
0.4816330891330893, 0.5584415584415584, 0.0, 0.7692307692307692, 0.0
0.3846873496873498, 0.4, 0.0, 0.7272727272727273, 0.0
0.48159877159877174, 0.5584415584415584, 0.0, 0.7692307692307692, 0.0
0.440856180856181, 0.5714285714285714, 0.0, 0.7272727272727273, 0.0
0.43140581640581654, 0.5, 0.0, 0.7692307692307692, 0.0
0.480800310800311, 0.5714285714285714, 0.0, 0.7692307692307692, 0.0
0.45053400303400326, 0.5, 0.0, 0.7692307692307692, 0.0
0.508740518740519, 0.6, 0.0, 0.7692307692307692, 0.0
0.44861832611832636, 0.5454545454545454, 0.0, 0.75, 0.0
0.4325252525252527, 0.5, 0.0, 0.7272727272727273, 0.0
0.43072094572094594, 0.5, 0.0, 0.7692307692307692, 0.0
0.4672048322048324, 0.5, 0.0, 0.7692307692307692, 0.0
0.5280497280497284, 0.5714285714285714, 0.0, 0.7692307692307692, 0.0
0.4031944906944908, 0.5, 0.0, 0.7692307692307692, 0.0
0.4673937173937176, 0.5, 0.0, 0.7692307692307692, 0.0
0.4537584637584639, 0.5227272727272727, 0.0, 0.7692307692307692, 0.0
0.5288830613830616, 0.6, 0.0, 0.8, 0.0
0.4966799866799869, 0.5454545454545454, 0.0, 0.8, 0.0
0.47901996151996173, 0.5, 0.0, 0.75, 0.0
0.474831834831835, 0.5714285714285714, 0.0, 0.7692307692307692, 0.0
0.445897250897251, 0.5714285714285714, 0.0, 0.7692307692307692, 0.0
0.5270401820401823, 0.6, 0.0, 0.7692307692307692, 0.0
