0.6189424214424215, 0.7272727272727273, 0.0, 0.8125, 0.0
0.728657372942773, 0.7407407407407407, 0.5217391304347826, 0.8125, 0.0
0.655360600682965, 0.6923076923076923, 0.4347826086956522, 0.7878787878787878, 0.0
0.6596369279428006, 0.7272727272727273, 0.4, 0.7777777777777778, 0.0
0.6371371957507374, 0.7272727272727273, 0.4, 0.7692307692307692, 0.0
0.62274244189576, 0.7, 0.4, 0.75, 0.0
0.6108202570697638, 0.6842105263157895, 0.4, 0.75, 0.0
0.6068408641430025, 0.6428571428571428, 0.4, 0.7619047619047619, 0.0
0.6042957081495709, 0.6666666666666667, 0.4, 0.736842105263158, 0.0
0.5909425650969898, 0.6666666666666667, 0.4, 0.7142857142857143, 0.0
0.5838150224907168, 0.6428571428571428, 0.4, 0.6896551724137931, 0.0
0.5749099160561738, 0.6153846153846154, 0.4, 0.6875, 0.0
0.5665520800074576, 0.6153846153846154, 0.4, 0.6666666666666667, 0.0
0.5644153278707055, 0.6153846153846154, 0.4, 0.6666666666666667, 0.0
0.5383085146624429, 0.5833333333333333, 0.33333333333333337, 0.6428571428571428, 0.0
0.5143166935050992, 0.5263157894736843, 0.33333333333333337, 0.6, 0.0
0.4914706131626308, 0.5263157894736843, 0.33333333333333337, 0.6, 0.0
0.4652292567166709, 0.4444444444444444, 0.33333333333333337, 0.5555555555555556, 0.0
0.4432879299698522, 0.4444444444444444, 0.33333333333333337, 0.5555555555555556, 0.0
0.4184126984126985, 0.4444444444444444, 0.33333333333333337, 0.4444444444444444, 0.0
0.41490507314036734, 0.4285714285714286, 0.33333333333333337, 0.4444444444444444, 0.0
0.40301816438847005, 0.4, 0.3157894736842105, 0.5, 0.0
0.393360806495818, 0.4, 0.30000000000000004, 0.4444444444444444, 0.0
0.38172616433486006, 0.38095238095238093, 0.2857142857142857, 0.4444444444444444, 0.0
0.37561745822615394, 0.36363636363636365, 0.2857142857142857, 0.5, 0.0
0.3764062990149946, 0.36363636363636365, 0.2857142857142857, 0.5, 0.0
0.3764062990149946, 0.36363636363636365, 0.2857142857142857, 0.5, 0.0
0.38160110420979987, 0.36363636363636365, 0.2857142857142857, 0.5, 0.0
0.37000899261768827, 0.36363636363636365, 0.2857142857142857, 0.4444444444444444, 0.0
0.37000899261768827, 0.36363636363636365, 0.2857142857142857, 0.4444444444444444, 0.0
0.3764502164502165, 0.4, 0.2857142857142857, 0.4444444444444444, 0.0
0.3764502164502165, 0.4, 0.2857142857142857, 0.4444444444444444, 0.0
0.3764502164502165, 0.4, 0.2857142857142857, 0.4444444444444444, 0.0
0.37972101972101974, 0.4, 0.2857142857142857, 0.47619047619047616, 0.0
0.37760461760461767, 0.4, 0.2857142857142857, 0.4444444444444444, 0.0
0.37972101972101974, 0.4, 0.2857142857142857, 0.47619047619047616, 0.0
0.3778691678691679, 0.4, 0.2857142857142857, 0.47619047619047616, 0.0
0.37334675071517176, 0.4, 0.2857142857142857, 0.47619047619047616, 0.0
0.36686387686387684, 0.4, 0.2857142857142857, 0.4444444444444444, 0.0
0.36982683982683984, 0.4, 0.2857142857142857, 0.4444444444444444, 0.0
0.36982683982683984, 0.4, 0.2857142857142857, 0.4444444444444444, 0.0
0.36686387686387684, 0.4, 0.2857142857142857, 0.4444444444444444, 0.0
0.3639009139009139, 0.4, 0.2857142857142857, 0.4444444444444444, 0.0
0.3639009139009139, 0.4, 0.2857142857142857, 0.4444444444444444, 0.0
0.3639009139009139, 0.4, 0.2857142857142857, 0.4444444444444444, 0.0
0.3639009139009139, 0.4, 0.2857142857142857, 0.4444444444444444, 0.0
0.3639009139009139, 0.4, 0.2857142857142857, 0.4444444444444444, 0.0
0.3639009139009139, 0.4, 0.2857142857142857, 0.4444444444444444, 0.0
0.3639009139009139, 0.4, 0.2857142857142857, 0.4444444444444444, 0.0
0.37074115900202853, 0.4, 0.2727272727272727, 0.4444444444444444, 0.0
0.36777819603906553, 0.4, 0.2727272727272727, 0.4444444444444444, 0.0
0.36206391032477986, 0.4, 0.19999999999999996, 0.4444444444444444, 0.0
0.35705137899645906, 0.4, 0.19999999999999996, 0.4444444444444444, 0.0
0.3515962061499819, 0.4, 0.19999999999999996, 0.4444444444444444, 0.0
0.3471994434923496, 0.4, 0.19999999999999996, 0.4545454545454546, 0.0
0.3427317783350293, 0.38095238095238093, 0.19999999999999996, 0.4545454545454546, 0.0
0.3385517630794992, 0.36363636363636365, 0.19999999999999996, 0.4545454545454546, 0.0
0.3385517630794992, 0.36363636363636365, 0.19999999999999996, 0.4545454545454546, 0.0
0.3350735022099339, 0.34782608695652173, 0.19999999999999996, 0.4545454545454546, 0.0
0.31868351538516454, 0.34782608695652173, 0.19999999999999996, 0.4242424242424242, 0.0
0.3148890489820025, 0.34782608695652173, 0.19999999999999996, 0.4242424242424242, 0.0
0.31667837077132427, 0.34782608695652173, 0.19047619047619047, 0.4242424242424242, 0.0
0.31773238921664704, 0.34782608695652173, 0.19047619047619047, 0.4242424242424242, 0.0
0.319940808816371, 0.36363636363636365, 0.19047619047619047, 0.4242424242424242, 0.0
0.319940808816371, 0.36363636363636365, 0.19047619047619047, 0.4242424242424242, 0.0
0.32184557072113296, 0.36363636363636365, 0.19047619047619047, 0.4285714285714286, 0.0
0.31497688385244604, 0.36363636363636365, 0.19047619047619047, 0.4242424242424242, 0.0
0.31255264142820366, 0.36363636363636365, 0.19047619047619047, 0.4242424242424242, 0.0
0.30885855773411997, 0.36363636363636365, 0.19047619047619047, 0.4242424242424242, 0.0
0.30770415657971883, 0.36363636363636365, 0.19047619047619047, 0.4242424242424242, 0.0
0.30885855773411997, 0.36363636363636365, 0.19047619047619047, 0.4242424242424242, 0.0
0.3028268117023739, 0.36363636363636365, 0.09999999999999998, 0.4242424242424242, 0.0
0.3028268117023739, 0.36363636363636365, 0.09999999999999998, 0.4242424242424242, 0.0
0.3028268117023739, 0.36363636363636365, 0.09999999999999998, 0.4242424242424242, 0.0
0.3028268117023739, 0.36363636363636365, 0.09999999999999998, 0.4242424242424242, 0.0
0.2951789040544663, 0.36363636363636365, 0.09999999999999998, 0.4137931034482759, 0.0
0.2879927568683191, 0.36363636363636365, 0.09999999999999998, 0.4137931034482759, 0.0
0.28683835571391797, 0.36363636363636365, 0.09999999999999998, 0.4137931034482759, 0.0
0.28683835571391797, 0.36363636363636365, 0.09999999999999998, 0.4137931034482759, 0.0
0.28683835571391797, 0.36363636363636365, 0.09999999999999998, 0.4137931034482759, 0.0
0.28683835571391797, 0.36363636363636365, 0.09999999999999998, 0.4137931034482759, 0.0
0.28683835571391797, 0.36363636363636365, 0.09999999999999998, 0.4137931034482759, 0.0
0.28683835571391797, 0.36363636363636365, 0.09999999999999998, 0.4137931034482759, 0.0
0.2808066096821719, 0.36363636363636365, 0.09999999999999998, 0.4137931034482759, 0.0
0.2808066096821719, 0.36363636363636365, 0.09999999999999998, 0.4137931034482759, 0.0
0.2808066096821719, 0.36363636363636365, 0.09999999999999998, 0.4137931034482759, 0.0
0.2808066096821719, 0.36363636363636365, 0.09999999999999998, 0.4137931034482759, 0.0
0.28683835571391797, 0.36363636363636365, 0.09999999999999998, 0.4137931034482759, 0.0
0.28683835571391797, 0.36363636363636365, 0.09999999999999998, 0.4137931034482759, 0.0
0.2808066096821719, 0.36363636363636365, 0.09999999999999998, 0.4137931034482759, 0.0
0.2808066096821719, 0.36363636363636365, 0.09999999999999998, 0.4137931034482759, 0.0
0.2747748636504259, 0.36363636363636365, 0.09999999999999998, 0.4137931034482759, 0.0
0.2747748636504259, 0.36363636363636365, 0.09999999999999998, 0.4137931034482759, 0.0
0.2747748636504259, 0.36363636363636365, 0.09999999999999998, 0.4137931034482759, 0.0
0.2747748636504259, 0.36363636363636365, 0.09999999999999998, 0.4137931034482759, 0.0
0.2747748636504259, 0.36363636363636365, 0.09999999999999998, 0.4137931034482759, 0.0
0.2747748636504259, 0.36363636363636365, 0.09999999999999998, 0.4137931034482759, 0.0
0.2681081969837592, 0.34782608695652173, 0.09999999999999998, 0.4137931034482759, 0.0
0.2681081969837592, 0.34782608695652173, 0.09999999999999998, 0.4137931034482759, 0.0
0.2681081969837592, 0.34782608695652173, 0.09999999999999998, 0.4137931034482759, 0.0
0.2692625981381604, 0.34782608695652173, 0.09999999999999998, 0.4137931034482759, 0.0
0.263465496688885, 0.30000000000000004, 0.09999999999999998, 0.4137931034482759, 0.0
0.263465496688885, 0.30000000000000004, 0.09999999999999998, 0.4137931034482759, 0.0
0.263465496688885, 0.30000000000000004, 0.09999999999999998, 0.4137931034482759, 0.0
0.26461989784328616, 0.30000000000000004, 0.09999999999999998, 0.4137931034482759, 0.0
0.26461989784328616, 0.30000000000000004, 0.09999999999999998, 0.4137931034482759, 0.0
0.26461989784328616, 0.30000000000000004, 0.09999999999999998, 0.4137931034482759, 0.0
0.2583670242800678, 0.30000000000000004, 0.09999999999999998, 0.38095238095238093, 0.0
0.2583670242800678, 0.30000000000000004, 0.09999999999999998, 0.38095238095238093, 0.0
0.25952142543446893, 0.30000000000000004, 0.09999999999999998, 0.38095238095238093, 0.0
0.25952142543446893, 0.30000000000000004, 0.09999999999999998, 0.38095238095238093, 0.0
0.25952142543446893, 0.30000000000000004, 0.09999999999999998, 0.38095238095238093, 0.0
0.26067582658887006, 0.30000000000000004, 0.09999999999999998, 0.38095238095238093, 0.0
0.26067582658887006, 0.30000000000000004, 0.09999999999999998, 0.38095238095238093, 0.0
0.26067582658887006, 0.30000000000000004, 0.09999999999999998, 0.38095238095238093, 0.0
0.26067582658887006, 0.30000000000000004, 0.09999999999999998, 0.38095238095238093, 0.0
0.26067582658887006, 0.30000000000000004, 0.09999999999999998, 0.38095238095238093, 0.0
0.26183022774327125, 0.30000000000000004, 0.09999999999999998, 0.38095238095238093, 0.0
0.26183022774327125, 0.30000000000000004, 0.09999999999999998, 0.38095238095238093, 0.0
0.26183022774327125, 0.30000000000000004, 0.09999999999999998, 0.38095238095238093, 0.0
0.26183022774327125, 0.30000000000000004, 0.09999999999999998, 0.38095238095238093, 0.0
0.2645035777850423, 0.30000000000000004, 0.09999999999999998, 0.42105263157894735, 0.0
0.26183022774327125, 0.30000000000000004, 0.09999999999999998, 0.38095238095238093, 0.0
0.26183022774327125, 0.30000000000000004, 0.09999999999999998, 0.38095238095238093, 0.0
0.25748603392539315, 0.30000000000000004, 0.09999999999999998, 0.38095238095238093, 0.0
0.25748603392539315, 0.30000000000000004, 0.09999999999999998, 0.38095238095238093, 0.0
0.24879764628963713, 0.30000000000000004, 0.09999999999999998, 0.38095238095238093, 0.0
0.24445345247175912, 0.30000000000000004, 0.09999999999999998, 0.38095238095238093, 0.0
0.24445345247175912, 0.30000000000000004, 0.09999999999999998, 0.38095238095238093, 0.0
0.24329905131735796, 0.30000000000000004, 0.09999999999999998, 0.38095238095238093, 0.0
0.24084510500376252, 0.2962962962962963, 0.09999999999999998, 0.36363636363636365, 0.0
0.24084510500376252, 0.2962962962962963, 0.09999999999999998, 0.36363636363636365, 0.0
0.24724345381697202, 0.2962962962962963, 0.09999999999999998, 0.4117647058823529, 0.0
0.24523844128564368, 0.2857142857142857, 0.09999999999999998, 0.4117647058823529, 0.0
0.24523844128564368, 0.2857142857142857, 0.09999999999999998, 0.4117647058823529, 0.0
0.24523844128564368, 0.2857142857142857, 0.09999999999999998, 0.4117647058823529, 0.0
0.24523844128564368, 0.2857142857142857, 0.09999999999999998, 0.4117647058823529, 0.0
0.23683507994110586, 0.2857142857142857, 0.09999999999999998, 0.36363636363636365, 0.0
0.23683507994110586, 0.2857142857142857, 0.09999999999999998, 0.36363636363636365, 0.0
0.24002487260458275, 0.2857142857142857, 0.09999999999999998, 0.36363636363636365, 0.0
0.24002487260458275, 0.2857142857142857, 0.09999999999999998, 0.36363636363636365, 0.0
0.23483006740977752, 0.2857142857142857, 0.09999999999999998, 0.36363636363636365, 0.0
0.22963526221497232, 0.2857142857142857, 0.09999999999999998, 0.36363636363636365, 0.0
0.22963526221497232, 0.2857142857142857, 0.09999999999999998, 0.36363636363636365, 0.0
0.22858124376964953, 0.2857142857142857, 0.09999999999999998, 0.34782608695652173, 0.0
0.23377604896445475, 0.2857142857142857, 0.09999999999999998, 0.36363636363636365, 0.0
0.23272203051913193, 0.2857142857142857, 0.09999999999999998, 0.34782608695652173, 0.0
0.23272203051913193, 0.2857142857142857, 0.09999999999999998, 0.34782608695652173, 0.0
0.2410036040180967, 0.2857142857142857, 0.09999999999999998, 0.34782608695652173, 0.0
0.2410036040180967, 0.2857142857142857, 0.09999999999999998, 0.34782608695652173, 0.0
0.2451443907675791, 0.2962962962962963, 0.09999999999999998, 0.34782608695652173, 0.0
0.24494449071760413, 0.2962962962962963, 0.09999999999999998, 0.34782608695652173, 0.0
0.24474459066762916, 0.2962962962962963, 0.09999999999999998, 0.34782608695652173, 0.0
0.24454469061765416, 0.2962962962962963, 0.09999999999999998, 0.34782608695652173, 0.0
0.24454469061765416, 0.2962962962962963, 0.09999999999999998, 0.34782608695652173, 0.0
0.24454469061765416, 0.2962962962962963, 0.09999999999999998, 0.34782608695652173, 0.0
0.25057643664940016, 0.2962962962962963, 0.09999999999999998, 0.34782608695652173, 0.0
0.2503765365994252, 0.2962962962962963, 0.09999999999999998, 0.34782608695652173, 0.0
0.2503765365994252, 0.2962962962962963, 0.09999999999999998, 0.34782608695652173, 0.0
0.2566081826811462, 0.2962962962962963, 0.09999999999999998, 0.34782608695652173, 0.0
0.2564082826311712, 0.2962962962962963, 0.09999999999999998, 0.34782608695652173, 0.0
0.2564082826311712, 0.2962962962962963, 0.09999999999999998, 0.34782608695652173, 0.0
0.2564082826311712, 0.2962962962962963, 0.09999999999999998, 0.34782608695652173, 0.0
0.26244002866291727, 0.2962962962962963, 0.09999999999999998, 0.34782608695652173, 0.0
0.26244002866291727, 0.2962962962962963, 0.09999999999999998, 0.34782608695652173, 0.0
0.26509254855681647, 0.2962962962962963, 0.09999999999999998, 0.3846153846153846, 0.0
0.26509254855681647, 0.2962962962962963, 0.09999999999999998, 0.3846153846153846, 0.0
0.26509254855681647, 0.2962962962962963, 0.09999999999999998, 0.3846153846153846, 0.0
0.2580946189501912, 0.2962962962962963, 0.09999999999999998, 0.3846153846153846, 0.0
0.2588609024750954, 0.2962962962962963, 0.09999999999999998, 0.3846153846153846, 0.0
0.2575417159145295, 0.2962962962962963, 0.09999999999999998, 0.3448275862068966, 0.0
0.2515099698827835, 0.2962962962962963, 0.09999999999999998, 0.3448275862068966, 0.0
0.2454782238510375, 0.2962962962962963, 0.09999999999999998, 0.3448275862068966, 0.0
0.2454782238510375, 0.2962962962962963, 0.09999999999999998, 0.3448275862068966, 0.0
0.2454782238510375, 0.2962962962962963, 0.09999999999999998, 0.3448275862068966, 0.0
0.2454782238510375, 0.2962962962962963, 0.09999999999999998, 0.3448275862068966, 0.0
0.2454782238510375, 0.2962962962962963, 0.09999999999999998, 0.3448275862068966, 0.0
0.2454782238510375, 0.2962962962962963, 0.09999999999999998, 0.3448275862068966, 0.0
0.2454782238510375, 0.2962962962962963, 0.09999999999999998, 0.3448275862068966, 0.0
0.2454782238510375, 0.2962962962962963, 0.09999999999999998, 0.3448275862068966, 0.0
0.2454782238510375, 0.2962962962962963, 0.09999999999999998, 0.3448275862068966, 0.0
0.2454782238510375, 0.2962962962962963, 0.09999999999999998, 0.3448275862068966, 0.0
0.2454782238510375, 0.2962962962962963, 0.09999999999999998, 0.3448275862068966, 0.0
0.2454782238510375, 0.2962962962962963, 0.09999999999999998, 0.3448275862068966, 0.0
0.24005420774848965, 0.2857142857142857, 0.09999999999999998, 0.3448275862068966, 0.0
0.23611332104898222, 0.2857142857142857, 0.09999999999999998, 0.3448275862068966, 0.0
0.23365556375251526, 0.2857142857142857, 0.09999999999999998, 0.3448275862068966, 0.0
0.22971467705300785, 0.2857142857142857, 0.09999999999999998, 0.3448275862068966, 0.0
0.22971467705300785, 0.2857142857142857, 0.09999999999999998, 0.3448275862068966, 0.0
0.22971467705300785, 0.2857142857142857, 0.09999999999999998, 0.3448275862068966, 0.0
0.22971467705300785, 0.2857142857142857, 0.09999999999999998, 0.3448275862068966, 0.0
0.22450394908365917, 0.2666666666666667, 0.09999999999999998, 0.31999999999999995, 0.0
0.22450394908365917, 0.2666666666666667, 0.09999999999999998, 0.31999999999999995, 0.0
0.22450394908365917, 0.2666666666666667, 0.09999999999999998, 0.31999999999999995, 0.0
0.22450394908365917, 0.2666666666666667, 0.09999999999999998, 0.31999999999999995, 0.0
0.22450394908365917, 0.2666666666666667, 0.09999999999999998, 0.31999999999999995, 0.0
0.22450394908365917, 0.2666666666666667, 0.09999999999999998, 0.31999999999999995, 0.0
0.2299584945382046, 0.2666666666666667, 0.09999999999999998, 0.31999999999999995, 0.0
0.2299584945382046, 0.2666666666666667, 0.09999999999999998, 0.31999999999999995, 0.0
0.2299584945382046, 0.2666666666666667, 0.09999999999999998, 0.31999999999999995, 0.0
0.23541303999275007, 0.2666666666666667, 0.09999999999999998, 0.31999999999999995, 0.0
0.23541303999275007, 0.2666666666666667, 0.09999999999999998, 0.31999999999999995, 0.0
0.24144478602449612, 0.2666666666666667, 0.09999999999999998, 0.31999999999999995, 0.0
0.24271462729433738, 0.2857142857142857, 0.09999999999999998, 0.31999999999999995, 0.0
0.24874637332608343, 0.2857142857142857, 0.09999999999999998, 0.31999999999999995, 0.0
0.2481691727488828, 0.2857142857142857, 0.09999999999999998, 0.31999999999999995, 0.0
0.24874637332608343, 0.2857142857142857, 0.09999999999999998, 0.31999999999999995, 0.0
0.249323573903284, 0.2857142857142857, 0.09999999999999998, 0.31999999999999995, 0.0
0.249323573903284, 0.2857142857142857, 0.09999999999999998, 0.31999999999999995, 0.0
0.24900611358582367, 0.2857142857142857, 0.09523809523809523, 0.31999999999999995, 0.0
0.24900611358582367, 0.2857142857142857, 0.09523809523809523, 0.31999999999999995, 0.0
0.24697436755407765, 0.2857142857142857, 0.09523809523809523, 0.31999999999999995, 0.0
0.24697436755407765, 0.2857142857142857, 0.09523809523809523, 0.31999999999999995, 0.0
0.2474188119985221, 0.2857142857142857, 0.09523809523809523, 0.31999999999999995, 0.0
0.2474188119985221, 0.2857142857142857, 0.09523809523809523, 0.31999999999999995, 0.0
0.2474188119985221, 0.2857142857142857, 0.09523809523809523, 0.31999999999999995, 0.0
0.2474188119985221, 0.2857142857142857, 0.09523809523809523, 0.31999999999999995, 0.0
0.2474188119985221, 0.2857142857142857, 0.09523809523809523, 0.31999999999999995, 0.0
0.2487014799478567, 0.2857142857142857, 0.14814814814814814, 0.31999999999999995, 0.0
0.2487014799478567, 0.2857142857142857, 0.14814814814814814, 0.31999999999999995, 0.0
0.24743163867801546, 0.2666666666666667, 0.14814814814814814, 0.31999999999999995, 0.0
0.2405303274288781, 0.2666666666666667, 0.08695652173913049, 0.31999999999999995, 0.0
0.2405303274288781, 0.2666666666666667, 0.08695652173913049, 0.31999999999999995, 0.0
0.2405303274288781, 0.2666666666666667, 0.08695652173913049, 0.31999999999999995, 0.0
0.2386870094565279, 0.26086956521739135, 0.08695652173913049, 0.31999999999999995, 0.0
0.2386870094565279, 0.26086956521739135, 0.08695652173913049, 0.31999999999999995, 0.0
0.2386870094565279, 0.26086956521739135, 0.08695652173913049, 0.31999999999999995, 0.0
0.24027431104382949, 0.26086956521739135, 0.08695652173913049, 0.31999999999999995, 0.0
0.24027431104382949, 0.26086956521739135, 0.08695652173913049, 0.31999999999999995, 0.0
0.23077187332259794, 0.26086956521739135, 0.08695652173913049, 0.31999999999999995, 0.0
0.23077187332259794, 0.26086956521739135, 0.08695652173913049, 0.31999999999999995, 0.0
0.23077187332259794, 0.26086956521739135, 0.08695652173913049, 0.31999999999999995, 0.0
0.23164143853998923, 0.26086956521739135, 0.08695652173913049, 0.31999999999999995, 0.0
0.23164143853998923, 0.26086956521739135, 0.08695652173913049, 0.31999999999999995, 0.0
0.23164143853998923, 0.26086956521739135, 0.08695652173913049, 0.31999999999999995, 0.0
0.23164143853998923, 0.26086956521739135, 0.08695652173913049, 0.31999999999999995, 0.0
0.23164143853998923, 0.26086956521739135, 0.08695652173913049, 0.31999999999999995, 0.0
0.23735572425427492, 0.2857142857142857, 0.08695652173913049, 0.31999999999999995, 0.0
0.2405656007974848, 0.2857142857142857, 0.08695652173913049, 0.31999999999999995, 0.0
0.2405656007974848, 0.2857142857142857, 0.08695652173913049, 0.31999999999999995, 0.0
0.2405656007974848, 0.2857142857142857, 0.08695652173913049, 0.31999999999999995, 0.0
0.23538194923702166, 0.2857142857142857, 0.08695652173913049, 0.31999999999999995, 0.0
0.23946139099762281, 0.2857142857142857, 0.08695652173913049, 0.31999999999999995, 0.0
0.24111656341141596, 0.2857142857142857, 0.08695652173913049, 0.3448275862068966, 0.0
0.23531946196214057, 0.2857142857142857, 0.08695652173913049, 0.3448275862068966, 0.0
0.22028103083175543, 0.26086956521739135, 0.07692307692307687, 0.31999999999999995, 0.0
0.22028103083175543, 0.26086956521739135, 0.07692307692307687, 0.31999999999999995, 0.0
0.22028103083175543, 0.26086956521739135, 0.07692307692307687, 0.31999999999999995, 0.0
0.22028103083175543, 0.26086956521739135, 0.07692307692307687, 0.31999999999999995, 0.0
0.22028103083175543, 0.26086956521739135, 0.07692307692307687, 0.31999999999999995, 0.0
0.22028103083175543, 0.26086956521739135, 0.07692307692307687, 0.31999999999999995, 0.0
0.22028103083175543, 0.26086956521739135, 0.07692307692307687, 0.31999999999999995, 0.0
0.2243604725923566, 0.26086956521739135, 0.07692307692307687, 0.31999999999999995, 0.0
0.2243604725923566, 0.26086956521739135, 0.07692307692307687, 0.31999999999999995, 0.0
0.2196121345106852, 0.26086956521739135, 0.07692307692307687, 0.31999999999999995, 0.0
0.2196121345106852, 0.26086956521739135, 0.07692307692307687, 0.31999999999999995, 0.0
0.2196121345106852, 0.26086956521739135, 0.07692307692307687, 0.31999999999999995, 0.0
0.2196121345106852, 0.26086956521739135, 0.07692307692307687, 0.31999999999999995, 0.0
0.2196121345106852, 0.26086956521739135, 0.07692307692307687, 0.31999999999999995, 0.0
0.22369157627128636, 0.26086956521739135, 0.07692307692307687, 0.31999999999999995, 0.0
0.22369157627128636, 0.26086956521739135, 0.07692307692307687, 0.31999999999999995, 0.0
0.22369157627128636, 0.26086956521739135, 0.07692307692307687, 0.31999999999999995, 0.0
0.22369157627128636, 0.26086956521739135, 0.07692307692307687, 0.31999999999999995, 0.0
0.22369157627128636, 0.26086956521739135, 0.07692307692307687, 0.31999999999999995, 0.0
0.22369157627128636, 0.26086956521739135, 0.07692307692307687, 0.31999999999999995, 0.0
0.22369157627128636, 0.26086956521739135, 0.07692307692307687, 0.31999999999999995, 0.0
0.22369157627128636, 0.26086956521739135, 0.07692307692307687, 0.31999999999999995, 0.0
0.22369157627128636, 0.26086956521739135, 0.07692307692307687, 0.31999999999999995, 0.0
0.22369157627128636, 0.26086956521739135, 0.07692307692307687, 0.31999999999999995, 0.0
0.22369157627128636, 0.26086956521739135, 0.07692307692307687, 0.31999999999999995, 0.0
0.22369157627128636, 0.26086956521739135, 0.07692307692307687, 0.31999999999999995, 0.0
0.22369157627128636, 0.26086956521739135, 0.07692307692307687, 0.31999999999999995, 0.0
0.22369157627128636, 0.26086956521739135, 0.07692307692307687, 0.31999999999999995, 0.0
0.22369157627128636, 0.26086956521739135, 0.07692307692307687, 0.31999999999999995, 0.0
0.22369157627128636, 0.26086956521739135, 0.07692307692307687, 0.31999999999999995, 0.0
0.21894323818961495, 0.26086956521739135, 0.07692307692307687, 0.31999999999999995, 0.0
0.21894323818961495, 0.26086956521739135, 0.07692307692307687, 0.31999999999999995, 0.0
0.21894323818961495, 0.26086956521739135, 0.07692307692307687, 0.31999999999999995, 0.0
0.21894323818961495, 0.26086956521739135, 0.07692307692307687, 0.31999999999999995, 0.0
0.21894323818961495, 0.26086956521739135, 0.07692307692307687, 0.31999999999999995, 0.0
0.21894323818961495, 0.26086956521739135, 0.07692307692307687, 0.31999999999999995, 0.0
0.21894323818961495, 0.26086956521739135, 0.07692307692307687, 0.31999999999999995, 0.0
0.21894323818961495, 0.26086956521739135, 0.07692307692307687, 0.31999999999999995, 0.0
0.21894323818961495, 0.26086956521739135, 0.07692307692307687, 0.31999999999999995, 0.0
0.21894323818961495, 0.26086956521739135, 0.07692307692307687, 0.31999999999999995, 0.0
0.21894323818961495, 0.26086956521739135, 0.07692307692307687, 0.31999999999999995, 0.0
0.21894323818961495, 0.26086956521739135, 0.07692307692307687, 0.31999999999999995, 0.0
0.21894323818961495, 0.26086956521739135, 0.07692307692307687, 0.31999999999999995, 0.0
0.21894323818961495, 0.26086956521739135, 0.07692307692307687, 0.31999999999999995, 0.0
0.21894323818961495, 0.26086956521739135, 0.07692307692307687, 0.31999999999999995, 0.0
0.21894323818961495, 0.26086956521739135, 0.07692307692307687, 0.31999999999999995, 0.0
0.21894323818961495, 0.26086956521739135, 0.07692307692307687, 0.31999999999999995, 0.0
0.21894323818961495, 0.26086956521739135, 0.07692307692307687, 0.31999999999999995, 0.0
0.21419490010794354, 0.26086956521739135, 0.07692307692307687, 0.31999999999999995, 0.0
0.21419490010794354, 0.26086956521739135, 0.07692307692307687, 0.31999999999999995, 0.0
0.21419490010794354, 0.26086956521739135, 0.07692307692307687, 0.31999999999999995, 0.0
0.21419490010794354, 0.26086956521739135, 0.07692307692307687, 0.31999999999999995, 0.0
0.2094465620262721, 0.26086956521739135, 0.07692307692307687, 0.31999999999999995, 0.0
0.2094465620262721, 0.26086956521739135, 0.07692307692307687, 0.31999999999999995, 0.0
0.2094465620262721, 0.26086956521739135, 0.07692307692307687, 0.31999999999999995, 0.0
0.2094465620262721, 0.26086956521739135, 0.07692307692307687, 0.31999999999999995, 0.0
0.2094465620262721, 0.26086956521739135, 0.07692307692307687, 0.31999999999999995, 0.0
0.2094465620262721, 0.26086956521739135, 0.07692307692307687, 0.31999999999999995, 0.0
0.2094465620262721, 0.26086956521739135, 0.07692307692307687, 0.31999999999999995, 0.0
0.2094465620262721, 0.26086956521739135, 0.07692307692307687, 0.31999999999999995, 0.0
0.2094465620262721, 0.26086956521739135, 0.07692307692307687, 0.31999999999999995, 0.0
0.2094465620262721, 0.26086956521739135, 0.07692307692307687, 0.31999999999999995, 0.0
0.2094465620262721, 0.26086956521739135, 0.07692307692307687, 0.31999999999999995, 0.0
0.2094465620262721, 0.26086956521739135, 0.07692307692307687, 0.31999999999999995, 0.0
0.2094465620262721, 0.26086956521739135, 0.07692307692307687, 0.31999999999999995, 0.0
0.2094465620262721, 0.26086956521739135, 0.07692307692307687, 0.31999999999999995, 0.0
0.2094465620262721, 0.26086956521739135, 0.07692307692307687, 0.31999999999999995, 0.0
0.2094465620262721, 0.26086956521739135, 0.07692307692307687, 0.31999999999999995, 0.0
0.2094465620262721, 0.26086956521739135, 0.07692307692307687, 0.31999999999999995, 0.0
0.2094465620262721, 0.26086956521739135, 0.07692307692307687, 0.31999999999999995, 0.0
0.2094465620262721, 0.26086956521739135, 0.07692307692307687, 0.31999999999999995, 0.0
0.2094465620262721, 0.26086956521739135, 0.07692307692307687, 0.31999999999999995, 0.0
0.2094465620262721, 0.26086956521739135, 0.07692307692307687, 0.31999999999999995, 0.0
0.2094465620262721, 0.26086956521739135, 0.07692307692307687, 0.31999999999999995, 0.0
0.2094465620262721, 0.26086956521739135, 0.07692307692307687, 0.31999999999999995, 0.0
0.2094465620262721, 0.26086956521739135, 0.07692307692307687, 0.31999999999999995, 0.0
0.2094465620262721, 0.26086956521739135, 0.07692307692307687, 0.31999999999999995, 0.0
0.2094465620262721, 0.26086956521739135, 0.07692307692307687, 0.31999999999999995, 0.0
0.2094465620262721, 0.26086956521739135, 0.07692307692307687, 0.31999999999999995, 0.0
0.2094465620262721, 0.26086956521739135, 0.07692307692307687, 0.31999999999999995, 0.0
0.2094465620262721, 0.26086956521739135, 0.07692307692307687, 0.31999999999999995, 0.0
0.2094465620262721, 0.26086956521739135, 0.07692307692307687, 0.31999999999999995, 0.0
0.2094465620262721, 0.26086956521739135, 0.07692307692307687, 0.31999999999999995, 0.0
0.2094465620262721, 0.26086956521739135, 0.07692307692307687, 0.31999999999999995, 0.0
0.2094465620262721, 0.26086956521739135, 0.07692307692307687, 0.31999999999999995, 0.0
0.2094465620262721, 0.26086956521739135, 0.07692307692307687, 0.31999999999999995, 0.0
0.2094465620262721, 0.26086956521739135, 0.07692307692307687, 0.31999999999999995, 0.0
0.2094465620262721, 0.26086956521739135, 0.07692307692307687, 0.31999999999999995, 0.0
0.2094465620262721, 0.26086956521739135, 0.07692307692307687, 0.31999999999999995, 0.0
0.2094465620262721, 0.26086956521739135, 0.07692307692307687, 0.31999999999999995, 0.0
0.2094465620262721, 0.26086956521739135, 0.07692307692307687, 0.31999999999999995, 0.0
0.2094465620262721, 0.26086956521739135, 0.07692307692307687, 0.31999999999999995, 0.0
0.2094465620262721, 0.26086956521739135, 0.07692307692307687, 0.31999999999999995, 0.0
0.2094465620262721, 0.26086956521739135, 0.07692307692307687, 0.31999999999999995, 0.0
0.2094465620262721, 0.26086956521739135, 0.07692307692307687, 0.31999999999999995, 0.0
0.2094465620262721, 0.26086956521739135, 0.07692307692307687, 0.31999999999999995, 0.0
0.2094465620262721, 0.26086956521739135, 0.07692307692307687, 0.31999999999999995, 0.0
0.2094465620262721, 0.26086956521739135, 0.07692307692307687, 0.31999999999999995, 0.0
0.2094465620262721, 0.26086956521739135, 0.07692307692307687, 0.31999999999999995, 0.0
0.2094465620262721, 0.26086956521739135, 0.07692307692307687, 0.31999999999999995, 0.0
0.2094465620262721, 0.26086956521739135, 0.07692307692307687, 0.31999999999999995, 0.0
0.2094465620262721, 0.26086956521739135, 0.07692307692307687, 0.31999999999999995, 0.0
0.2094465620262721, 0.26086956521739135, 0.07692307692307687, 0.31999999999999995, 0.0
0.2094465620262721, 0.26086956521739135, 0.07692307692307687, 0.31999999999999995, 0.0
0.2094465620262721, 0.26086956521739135, 0.07692307692307687, 0.31999999999999995, 0.0
0.2094465620262721, 0.26086956521739135, 0.07692307692307687, 0.31999999999999995, 0.0
0.2094465620262721, 0.26086956521739135, 0.07692307692307687, 0.31999999999999995, 0.0
0.2094465620262721, 0.26086956521739135, 0.07692307692307687, 0.31999999999999995, 0.0
0.2094465620262721, 0.26086956521739135, 0.07692307692307687, 0.31999999999999995, 0.0
0.2094465620262721, 0.26086956521739135, 0.07692307692307687, 0.31999999999999995, 0.0
0.2094465620262721, 0.26086956521739135, 0.07692307692307687, 0.31999999999999995, 0.0
0.2094465620262721, 0.26086956521739135, 0.07692307692307687, 0.31999999999999995, 0.0
0.2094465620262721, 0.26086956521739135, 0.07692307692307687, 0.31999999999999995, 0.0
0.2094465620262721, 0.26086956521739135, 0.07692307692307687, 0.31999999999999995, 0.0
0.2094465620262721, 0.26086956521739135, 0.07692307692307687, 0.31999999999999995, 0.0
0.2094465620262721, 0.26086956521739135, 0.07692307692307687, 0.31999999999999995, 0.0
0.2094465620262721, 0.26086956521739135, 0.07692307692307687, 0.31999999999999995, 0.0
0.2094465620262721, 0.26086956521739135, 0.07692307692307687, 0.31999999999999995, 0.0
0.2094465620262721, 0.26086956521739135, 0.07692307692307687, 0.31999999999999995, 0.0
0.2094465620262721, 0.26086956521739135, 0.07692307692307687, 0.31999999999999995, 0.0
0.2094465620262721, 0.26086956521739135, 0.07692307692307687, 0.31999999999999995, 0.0
0.2094465620262721, 0.26086956521739135, 0.07692307692307687, 0.31999999999999995, 0.0
0.2094465620262721, 0.26086956521739135, 0.07692307692307687, 0.31999999999999995, 0.0
0.2094465620262721, 0.26086956521739135, 0.07692307692307687, 0.31999999999999995, 0.0
0.2094465620262721, 0.26086956521739135, 0.07692307692307687, 0.31999999999999995, 0.0
0.2094465620262721, 0.26086956521739135, 0.07692307692307687, 0.31999999999999995, 0.0
0.2094465620262721, 0.26086956521739135, 0.07692307692307687, 0.31999999999999995, 0.0
0.2094465620262721, 0.26086956521739135, 0.07692307692307687, 0.31999999999999995, 0.0
0.2094465620262721, 0.26086956521739135, 0.07692307692307687, 0.31999999999999995, 0.0
0.2094465620262721, 0.26086956521739135, 0.07692307692307687, 0.31999999999999995, 0.0
0.2094465620262721, 0.26086956521739135, 0.07692307692307687, 0.31999999999999995, 0.0
0.2094465620262721, 0.26086956521739135, 0.07692307692307687, 0.31999999999999995, 0.0
0.2094465620262721, 0.26086956521739135, 0.07692307692307687, 0.31999999999999995, 0.0
0.2094465620262721, 0.26086956521739135, 0.07692307692307687, 0.31999999999999995, 0.0
0.2094465620262721, 0.26086956521739135, 0.07692307692307687, 0.31999999999999995, 0.0
0.20779024732647916, 0.26086956521739135, 0.07692307692307687, 0.31999999999999995, 0.0
0.20692444646067829, 0.26086956521739135, 0.07692307692307687, 0.31999999999999995, 0.0
0.20692444646067829, 0.26086956521739135, 0.07692307692307687, 0.31999999999999995, 0.0
0.20692444646067829, 0.26086956521739135, 0.07692307692307687, 0.31999999999999995, 0.0
0.20692444646067829, 0.26086956521739135, 0.07692307692307687, 0.31999999999999995, 0.0
0.20526813176088538, 0.26086956521739135, 0.07692307692307687, 0.31999999999999995, 0.0
0.20526813176088538, 0.26086956521739135, 0.07692307692307687, 0.31999999999999995, 0.0
0.20526813176088538, 0.26086956521739135, 0.07692307692307687, 0.31999999999999995, 0.0
0.20274601619529153, 0.26086956521739135, 0.07692307692307687, 0.31999999999999995, 0.0
0.20274601619529153, 0.26086956521739135, 0.07692307692307687, 0.31999999999999995, 0.0
0.20274601619529153, 0.26086956521739135, 0.07692307692307687, 0.31999999999999995, 0.0
0.20274601619529153, 0.26086956521739135, 0.07692307692307687, 0.31999999999999995, 0.0
0.20274601619529153, 0.26086956521739135, 0.07692307692307687, 0.31999999999999995, 0.0
0.20274601619529153, 0.26086956521739135, 0.07692307692307687, 0.31999999999999995, 0.0
0.20274601619529153, 0.26086956521739135, 0.07692307692307687, 0.31999999999999995, 0.0
0.20274601619529153, 0.26086956521739135, 0.07692307692307687, 0.31999999999999995, 0.0
0.20274601619529153, 0.26086956521739135, 0.07692307692307687, 0.31999999999999995, 0.0
0.20274601619529153, 0.26086956521739135, 0.07692307692307687, 0.31999999999999995, 0.0
0.20274601619529153, 0.26086956521739135, 0.07692307692307687, 0.31999999999999995, 0.0
0.20274601619529153, 0.26086956521739135, 0.07692307692307687, 0.31999999999999995, 0.0
