0.6619270474045817, 0.75, 0.0, 0.8571428571428572, 0.0
0.7086180625423675, 0.72, 0.5714285714285714, 0.8571428571428572, 0.0
0.6721385624715013, 0.6956521739130435, 0.42105263157894735, 0.8, 0.0
0.6308990969184571, 0.6956521739130435, 0.3076923076923077, 0.75, 0.0
0.6293692272021659, 0.6956521739130435, 0.3076923076923077, 0.7407407407407407, 0.0
0.5927347326131486, 0.6363636363636364, 0.3076923076923077, 0.7407407407407407, 0.0
0.572924411379789, 0.6363636363636364, 0.3076923076923077, 0.7333333333333334, 0.0
0.5645824661537858, 0.6363636363636364, 0.3076923076923077, 0.7333333333333334, 0.0
0.558980449979056, 0.5925925925925926, 0.34782608695652173, 0.7333333333333334, 0.0
0.545085581690796, 0.5384615384615384, 0.34782608695652173, 0.7333333333333334, 0.0
0.5330785978259993, 0.56, 0.34782608695652173, 0.6666666666666667, 0.0
0.5148608037567193, 0.5517241379310345, 0.30000000000000004, 0.6666666666666667, 0.0
0.5151873145282323, 0.5517241379310345, 0.30000000000000004, 0.6666666666666667, 0.0
0.5119022903736429, 0.5517241379310345, 0.30000000000000004, 0.6470588235294117, 0.0
0.5134582223643576, 0.5517241379310345, 0.30000000000000004, 0.6470588235294117, 0.0
0.5073051756384209, 0.5517241379310345, 0.30000000000000004, 0.6086956521739131, 0.0
0.4961039184581532, 0.5517241379310345, 0.30000000000000004, 0.6086956521739131, 0.0
0.4980355023860772, 0.5384615384615384, 0.30000000000000004, 0.56, 0.0
0.4885748480978368, 0.5, 0.30000000000000004, 0.56, 0.0
0.49019596346607847, 0.5, 0.30000000000000004, 0.5925925925925926, 0.0
0.4888477439079961, 0.5, 0.30000000000000004, 0.5806451612903225, 0.0
0.49132753626987963, 0.5, 0.30000000000000004, 0.5806451612903225, 0.0
0.47823940043705165, 0.5, 0.30000000000000004, 0.5517241379310345, 0.0
0.4695437482631386, 0.48275862068965514, 0.30000000000000004, 0.5517241379310345, 0.0
0.456499260406057, 0.4545454545454546, 0.30000000000000004, 0.5517241379310345, 0.0
0.41686367249460704, 0.4347826086956522, 0.2857142857142857, 0.5517241379310345, 0.0
0.3936062203016226, 0.3846153846153846, 0.2857142857142857, 0.5384615384615384, 0.0
0.38498361685143295, 0.4137931034482759, 0.2857142857142857, 0.48275862068965514, 0.0
0.37811053823922386, 0.3846153846153846, 0.2857142857142857, 0.48275862068965514, 0.0
0.3793167394454251, 0.3846153846153846, 0.2857142857142857, 0.48275862068965514, 0.0
0.38970565088381176, 0.3846153846153846, 0.2857142857142857, 0.48275862068965514, 0.0
0.3912879766040686, 0.3846153846153846, 0.30000000000000004, 0.48275862068965514, 0.0
0.39421837953447153, 0.3846153846153846, 0.30000000000000004, 0.48275862068965514, 0.0
0.3927467987525459, 0.3846153846153846, 0.30000000000000004, 0.48275862068965514, 0.0
0.37762765377957785, 0.36363636363636365, 0.26086956521739135, 0.48275862068965514, 0.0
0.373046337217193, 0.36363636363636365, 0.23529411764705888, 0.48275862068965514, 0.0
0.374071978242834, 0.36363636363636365, 0.23529411764705888, 0.48275862068965514, 0.0
0.37357072511000194, 0.36363636363636365, 0.23529411764705888, 0.48275862068965514, 0.0
0.3737749393493039, 0.36363636363636365, 0.23529411764705888, 0.48275862068965514, 0.0
0.36825769796999347, 0.36363636363636365, 0.23529411764705888, 0.48275862068965514, 0.0
0.35958313800686736, 0.36363636363636365, 0.23529411764705888, 0.4285714285714286, 0.0
0.35513869356242295, 0.36363636363636365, 0.23529411764705888, 0.4285714285714286, 0.0
0.3522815507052801, 0.36363636363636365, 0.23529411764705888, 0.4285714285714286, 0.0
0.3522815507052801, 0.36363636363636365, 0.23529411764705888, 0.4285714285714286, 0.0
0.3522815507052801, 0.36363636363636365, 0.23529411764705888, 0.4285714285714286, 0.0
0.34247312158650617, 0.3571428571428571, 0.23529411764705888, 0.4285714285714286, 0.0
0.34069534380872835, 0.3571428571428571, 0.23529411764705888, 0.4285714285714286, 0.0
0.33980645491983946, 0.3571428571428571, 0.23529411764705888, 0.4285714285714286, 0.0
0.33980645491983946, 0.3571428571428571, 0.23529411764705888, 0.4285714285714286, 0.0
0.33266359777698234, 0.33333333333333337, 0.23529411764705888, 0.4285714285714286, 0.0
0.3301944619745132, 0.33333333333333337, 0.23529411764705888, 0.4285714285714286, 0.0
0.3234194098661277, 0.31999999999999995, 0.23529411764705888, 0.4285714285714286, 0.0
0.31086657997996453, 0.2962962962962963, 0.23529411764705888, 0.4285714285714286, 0.0
0.29420075717379074, 0.2857142857142857, 0.23529411764705888, 0.4285714285714286, 0.0
0.29283847535173885, 0.2857142857142857, 0.23529411764705888, 0.4285714285714286, 0.0
0.289109324889376, 0.2857142857142857, 0.23529411764705888, 0.4285714285714286, 0.0
0.289109324889376, 0.2857142857142857, 0.23529411764705888, 0.4285714285714286, 0.0
0.289109324889376, 0.2857142857142857, 0.23529411764705888, 0.4285714285714286, 0.0
0.28653283535636476, 0.2857142857142857, 0.2222222222222222, 0.4285714285714286, 0.0
0.28653283535636476, 0.2857142857142857, 0.2222222222222222, 0.4285714285714286, 0.0
0.28653283535636476, 0.2857142857142857, 0.2222222222222222, 0.4285714285714286, 0.0
0.28653283535636476, 0.2857142857142857, 0.2222222222222222, 0.4285714285714286, 0.0
0.28081854964207903, 0.25, 0.19999999999999996, 0.4285714285714286, 0.0
0.26938997821350763, 0.25, 0.19999999999999996, 0.4285714285714286, 0.0
0.2579614067849362, 0.25, 0.19999999999999996, 0.4285714285714286, 0.0
0.24529641096204563, 0.25, 0.10526315789473684, 0.4, 0.0
0.24529641096204563, 0.25, 0.10526315789473684, 0.4, 0.0
0.23898062148836144, 0.25, 0.10526315789473684, 0.4, 0.0
0.23266483201467722, 0.25, 0.10526315789473684, 0.4, 0.0
0.22396809016004063, 0.23529411764705888, 0.10526315789473684, 0.4, 0.0
0.23028387963372485, 0.23529411764705888, 0.10526315789473684, 0.4, 0.0
0.23028387963372485, 0.23529411764705888, 0.10526315789473684, 0.4, 0.0
0.23028387963372485, 0.23529411764705888, 0.10526315789473684, 0.4, 0.0
0.22396809016004063, 0.23529411764705888, 0.10526315789473684, 0.4, 0.0
0.22396809016004063, 0.23529411764705888, 0.10526315789473684, 0.4, 0.0
0.21765230068635644, 0.23529411764705888, 0.10526315789473684, 0.4, 0.0
0.21765230068635644, 0.23529411764705888, 0.10526315789473684, 0.4, 0.0
0.21765230068635644, 0.23529411764705888, 0.10526315789473684, 0.4, 0.0
0.21765230068635644, 0.23529411764705888, 0.10526315789473684, 0.4, 0.0
0.21765230068635644, 0.23529411764705888, 0.10526315789473684, 0.4, 0.0
0.21765230068635644, 0.23529411764705888, 0.10526315789473684, 0.4, 0.0
0.21765230068635644, 0.23529411764705888, 0.10526315789473684, 0.4, 0.0
0.21765230068635644, 0.23529411764705888, 0.10526315789473684, 0.4, 0.0
0.21765230068635644, 0.23529411764705888, 0.10526315789473684, 0.4, 0.0
0.21765230068635644, 0.23529411764705888, 0.10526315789473684, 0.4, 0.0
0.21765230068635644, 0.23529411764705888, 0.10526315789473684, 0.4, 0.0
0.21765230068635644, 0.23529411764705888, 0.10526315789473684, 0.4, 0.0
0.21765230068635644, 0.23529411764705888, 0.10526315789473684, 0.4, 0.0
0.21765230068635644, 0.23529411764705888, 0.10526315789473684, 0.4, 0.0
0.21765230068635644, 0.23529411764705888, 0.10526315789473684, 0.4, 0.0
0.21765230068635644, 0.23529411764705888, 0.10526315789473684, 0.4, 0.0
0.21527134830540406, 0.2222222222222222, 0.10526315789473684, 0.4, 0.0
0.21438245941651515, 0.2222222222222222, 0.10526315789473684, 0.4, 0.0
0.21200150703556275, 0.2142857142857143, 0.10526315789473684, 0.4, 0.0
0.21200150703556275, 0.2142857142857143, 0.10526315789473684, 0.4, 0.0
0.21200150703556275, 0.2142857142857143, 0.10526315789473684, 0.4, 0.0
0.21200150703556275, 0.2142857142857143, 0.10526315789473684, 0.4, 0.0
0.21200150703556275, 0.2142857142857143, 0.10526315789473684, 0.4, 0.0
0.21200150703556275, 0.2142857142857143, 0.10526315789473684, 0.4, 0.0
0.21200150703556275, 0.2142857142857143, 0.10526315789473684, 0.4, 0.0
0.22171205792258422, 0.2142857142857143, 0.10526315789473684, 0.4, 0.0
0.22171205792258422, 0.2142857142857143, 0.10526315789473684, 0.4, 0.0
0.22171205792258422, 0.2142857142857143, 0.10526315789473684, 0.4, 0.0
0.22171205792258422, 0.2142857142857143, 0.10526315789473684, 0.4, 0.0
0.22171205792258422, 0.2142857142857143, 0.10526315789473684, 0.4, 0.0
0.22171205792258422, 0.2142857142857143, 0.10526315789473684, 0.4, 0.0
0.21933110554163185, 0.2142857142857143, 0.10526315789473684, 0.4, 0.0
0.21933110554163185, 0.2142857142857143, 0.10526315789473684, 0.4, 0.0
0.21933110554163185, 0.2142857142857143, 0.10526315789473684, 0.4, 0.0
0.21933110554163185, 0.2142857142857143, 0.10526315789473684, 0.4, 0.0
0.21695015316067948, 0.2142857142857143, 0.10526315789473684, 0.4, 0.0
0.21695015316067948, 0.2142857142857143, 0.10526315789473684, 0.4, 0.0
0.21695015316067948, 0.2142857142857143, 0.10526315789473684, 0.4, 0.0
0.22059927596769704, 0.2142857142857143, 0.10526315789473684, 0.4, 0.0
0.22059927596769704, 0.2142857142857143, 0.10526315789473684, 0.4, 0.0
0.22059927596769704, 0.2142857142857143, 0.10526315789473684, 0.4, 0.0
0.22059927596769704, 0.2142857142857143, 0.10526315789473684, 0.4, 0.0
0.22059927596769704, 0.2142857142857143, 0.10526315789473684, 0.4, 0.0
0.22059927596769704, 0.2142857142857143, 0.10526315789473684, 0.4, 0.0
0.22059927596769704, 0.2142857142857143, 0.10526315789473684, 0.4, 0.0
0.21695015316067948, 0.2142857142857143, 0.10526315789473684, 0.4, 0.0
0.21254098208484173, 0.2142857142857143, 0.10526315789473684, 0.4, 0.0
0.208131811009004, 0.2142857142857143, 0.10526315789473684, 0.4, 0.0
0.20372263993316625, 0.14814814814814814, 0.10526315789473684, 0.4, 0.0
0.208131811009004, 0.2142857142857143, 0.10526315789473684, 0.4, 0.0
0.2049572078344008, 0.16666666666666663, 0.10526315789473684, 0.4, 0.0
0.2005480367585631, 0.14814814814814814, 0.10526315789473684, 0.4, 0.0
0.2005480367585631, 0.14814814814814814, 0.10526315789473684, 0.4, 0.0
0.2005480367585631, 0.14814814814814814, 0.10526315789473684, 0.4, 0.0
0.2005480367585631, 0.14814814814814814, 0.10526315789473684, 0.4, 0.0
0.2005480367585631, 0.14814814814814814, 0.10526315789473684, 0.4, 0.0
0.2005480367585631, 0.14814814814814814, 0.10526315789473684, 0.4, 0.0
0.2005480367585631, 0.14814814814814814, 0.10526315789473684, 0.4, 0.0
0.2005480367585631, 0.14814814814814814, 0.10526315789473684, 0.4, 0.0
0.19650763271815905, 0.14814814814814814, 0.10526315789473684, 0.4, 0.0
0.1996822358927622, 0.14814814814814814, 0.10526315789473684, 0.4, 0.0
0.19527306481692447, 0.14814814814814814, 0.10526315789473684, 0.4, 0.0
0.19527306481692447, 0.14814814814814814, 0.10526315789473684, 0.4, 0.0
0.1908638937410867, 0.14814814814814814, 0.10526315789473684, 0.4, 0.0
0.1908638937410867, 0.14814814814814814, 0.10526315789473684, 0.4, 0.0
0.19527306481692447, 0.14814814814814814, 0.10526315789473684, 0.4, 0.0
0.194892883594638, 0.14814814814814814, 0.10526315789473684, 0.4, 0.0
0.19014454551296656, 0.14814814814814814, 0.07692307692307687, 0.4, 0.0
0.19014454551296656, 0.14814814814814814, 0.07692307692307687, 0.4, 0.0
0.18649542270594902, 0.14814814814814814, 0.07692307692307687, 0.4, 0.0
0.18174708462427758, 0.14814814814814814, 0.07692307692307687, 0.4, 0.0
0.1779311474750071, 0.10526315789473684, 0.07692307692307687, 0.4, 0.0
0.17699874654260617, 0.10526315789473684, 0.07692307692307687, 0.4, 0.0
0.17187054141440103, 0.10526315789473684, 0.07692307692307687, 0.4, 0.0
0.16712220333272962, 0.10526315789473684, 0.07692307692307687, 0.4, 0.0
0.17172293593346222, 0.10526315789473684, 0.07692307692307687, 0.4, 0.0
0.17172293593346222, 0.10526315789473684, 0.07692307692307687, 0.4, 0.0
0.17172293593346222, 0.10526315789473684, 0.07692307692307687, 0.4, 0.0
0.17172293593346222, 0.10526315789473684, 0.07692307692307687, 0.4, 0.0
0.17172293593346222, 0.10526315789473684, 0.07692307692307687, 0.4, 0.0
0.1672784914890178, 0.10526315789473684, 0.07692307692307687, 0.38095238095238093, 0.0
0.1672784914890178, 0.10526315789473684, 0.07692307692307687, 0.38095238095238093, 0.0
0.1716740958846222, 0.10526315789473684, 0.07692307692307687, 0.38095238095238093, 0.0
0.1636740958846222, 0.10526315789473684, 0.07692307692307687, 0.38095238095238093, 0.0
0.1636740958846222, 0.10526315789473684, 0.07692307692307687, 0.38095238095238093, 0.0
0.1636740958846222, 0.10526315789473684, 0.07692307692307687, 0.38095238095238093, 0.0
0.1636740958846222, 0.10526315789473684, 0.07692307692307687, 0.38095238095238093, 0.0
0.1636740958846222, 0.10526315789473684, 0.07692307692307687, 0.38095238095238093, 0.0
0.1636740958846222, 0.10526315789473684, 0.07692307692307687, 0.38095238095238093, 0.0
0.1636740958846222, 0.10526315789473684, 0.07692307692307687, 0.38095238095238093, 0.0
0.1636740958846222, 0.10526315789473684, 0.07692307692307687, 0.38095238095238093, 0.0
0.1636740958846222, 0.10526315789473684, 0.07692307692307687, 0.38095238095238093, 0.0
0.1636740958846222, 0.10526315789473684, 0.07692307692307687, 0.38095238095238093, 0.0
0.1636740958846222, 0.10526315789473684, 0.07692307692307687, 0.38095238095238093, 0.0
0.1636740958846222, 0.10526315789473684, 0.07692307692307687, 0.38095238095238093, 0.0
0.1636740958846222, 0.10526315789473684, 0.07692307692307687, 0.38095238095238093, 0.0
0.1636740958846222, 0.10526315789473684, 0.07692307692307687, 0.38095238095238093, 0.0
0.1636740958846222, 0.10526315789473684, 0.07692307692307687, 0.38095238095238093, 0.0
0.1636740958846222, 0.10526315789473684, 0.07692307692307687, 0.38095238095238093, 0.0
0.1636740958846222, 0.10526315789473684, 0.07692307692307687, 0.38095238095238093, 0.0
0.1636740958846222, 0.10526315789473684, 0.07692307692307687, 0.38095238095238093, 0.0
0.1636740958846222, 0.10526315789473684, 0.07692307692307687, 0.38095238095238093, 0.0
0.1636740958846222, 0.10526315789473684, 0.07692307692307687, 0.38095238095238093, 0.0
0.1636740958846222, 0.10526315789473684, 0.07692307692307687, 0.38095238095238093, 0.0
0.1636740958846222, 0.10526315789473684, 0.07692307692307687, 0.38095238095238093, 0.0
0.16346896767949395, 0.10526315789473684, 0.07692307692307687, 0.38095238095238093, 0.0
0.16346896767949395, 0.10526315789473684, 0.07692307692307687, 0.38095238095238093, 0.0
0.16346896767949395, 0.10526315789473684, 0.07692307692307687, 0.38095238095238093, 0.0
0.15907336328388957, 0.10526315789473684, 0.07692307692307687, 0.38095238095238093, 0.0
0.15907336328388957, 0.10526315789473684, 0.07692307692307687, 0.38095238095238093, 0.0
0.15907336328388957, 0.10526315789473684, 0.07692307692307687, 0.38095238095238093, 0.0
0.15907336328388957, 0.10526315789473684, 0.07692307692307687, 0.38095238095238093, 0.0
0.15907336328388957, 0.10526315789473684, 0.07692307692307687, 0.38095238095238093, 0.0
0.15907336328388957, 0.10526315789473684, 0.07692307692307687, 0.38095238095238093, 0.0
0.15907336328388957, 0.10526315789473684, 0.07692307692307687, 0.38095238095238093, 0.0
0.15907336328388957, 0.10526315789473684, 0.07692307692307687, 0.38095238095238093, 0.0
0.15907336328388957, 0.10526315789473684, 0.07692307692307687, 0.38095238095238093, 0.0
0.15467775888828517, 0.10526315789473684, 0.07692307692307687, 0.38095238095238093, 0.0
0.15467775888828517, 0.10526315789473684, 0.07692307692307687, 0.38095238095238093, 0.0
0.15467775888828517, 0.10526315789473684, 0.07692307692307687, 0.38095238095238093, 0.0
0.15467775888828517, 0.10526315789473684, 0.07692307692307687, 0.38095238095238093, 0.0
0.15467775888828517, 0.10526315789473684, 0.07692307692307687, 0.38095238095238093, 0.0
0.15467775888828517, 0.10526315789473684, 0.07692307692307687, 0.38095238095238093, 0.0
0.15467775888828517, 0.10526315789473684, 0.07692307692307687, 0.38095238095238093, 0.0
0.15467775888828517, 0.10526315789473684, 0.07692307692307687, 0.38095238095238093, 0.0
0.15467775888828517, 0.10526315789473684, 0.07692307692307687, 0.38095238095238093, 0.0
0.1532157705841916, 0.10526315789473684, 0.07692307692307687, 0.38095238095238093, 0.0
0.1532157705841916, 0.10526315789473684, 0.07692307692307687, 0.38095238095238093, 0.0
0.1502917939760045, 0.08333333333333337, 0.07692307692307687, 0.38095238095238093, 0.0
0.14760936326153715, 0.08333333333333337, 0.07692307692307687, 0.38095238095238093, 0.0
0.14760936326153715, 0.08333333333333337, 0.07692307692307687, 0.38095238095238093, 0.0
0.14760936326153715, 0.08333333333333337, 0.07692307692307687, 0.38095238095238093, 0.0
0.14760936326153715, 0.08333333333333337, 0.07692307692307687, 0.38095238095238093, 0.0
0.14760936326153715, 0.08333333333333337, 0.07692307692307687, 0.38095238095238093, 0.0
0.14760936326153715, 0.08333333333333337, 0.07692307692307687, 0.38095238095238093, 0.0
0.14760936326153715, 0.08333333333333337, 0.07692307692307687, 0.38095238095238093, 0.0
0.14736781736781737, 0.08333333333333337, 0.07692307692307687, 0.38095238095238093, 0.0
0.14736781736781737, 0.08333333333333337, 0.07692307692307687, 0.38095238095238093, 0.0
0.14736781736781737, 0.08333333333333337, 0.07692307692307687, 0.38095238095238093, 0.0
0.14736781736781737, 0.08333333333333337, 0.07692307692307687, 0.38095238095238093, 0.0
0.14736781736781737, 0.08333333333333337, 0.07692307692307687, 0.38095238095238093, 0.0
0.14736781736781737, 0.08333333333333337, 0.07692307692307687, 0.38095238095238093, 0.0
0.14736781736781737, 0.08333333333333337, 0.07692307692307687, 0.38095238095238093, 0.0
0.14736781736781737, 0.08333333333333337, 0.07692307692307687, 0.38095238095238093, 0.0
0.14736781736781737, 0.08333333333333337, 0.07692307692307687, 0.38095238095238093, 0.0
0.14736781736781737, 0.08333333333333337, 0.07692307692307687, 0.38095238095238093, 0.0
0.14736781736781737, 0.08333333333333337, 0.07692307692307687, 0.38095238095238093, 0.0
0.14736781736781737, 0.08333333333333337, 0.07692307692307687, 0.38095238095238093, 0.0
0.14736781736781737, 0.08333333333333337, 0.07692307692307687, 0.38095238095238093, 0.0
0.14736781736781737, 0.08333333333333337, 0.07692307692307687, 0.38095238095238093, 0.0
0.14736781736781737, 0.08333333333333337, 0.07692307692307687, 0.38095238095238093, 0.0
0.14736781736781737, 0.08333333333333337, 0.07692307692307687, 0.38095238095238093, 0.0
0.14736781736781737, 0.08333333333333337, 0.07692307692307687, 0.38095238095238093, 0.0
0.14736781736781737, 0.08333333333333337, 0.07692307692307687, 0.38095238095238093, 0.0
0.14736781736781737, 0.08333333333333337, 0.07692307692307687, 0.38095238095238093, 0.0
0.14736781736781737, 0.08333333333333337, 0.07692307692307687, 0.38095238095238093, 0.0
0.14736781736781737, 0.08333333333333337, 0.07692307692307687, 0.38095238095238093, 0.0
0.14736781736781737, 0.08333333333333337, 0.07692307692307687, 0.38095238095238093, 0.0
0.14736781736781737, 0.08333333333333337, 0.07692307692307687, 0.38095238095238093, 0.0
0.14736781736781737, 0.08333333333333337, 0.07692307692307687, 0.38095238095238093, 0.0
0.14736781736781737, 0.08333333333333337, 0.07692307692307687, 0.38095238095238093, 0.0
0.14736781736781737, 0.08333333333333337, 0.07692307692307687, 0.38095238095238093, 0.0
0.14736781736781737, 0.08333333333333337, 0.07692307692307687, 0.38095238095238093, 0.0
0.14736781736781737, 0.08333333333333337, 0.07692307692307687, 0.38095238095238093, 0.0
0.14736781736781737, 0.08333333333333337, 0.07692307692307687, 0.38095238095238093, 0.0
0.14736781736781737, 0.08333333333333337, 0.07692307692307687, 0.38095238095238093, 0.0
0.14736781736781737, 0.08333333333333337, 0.07692307692307687, 0.38095238095238093, 0.0
0.14736781736781737, 0.08333333333333337, 0.07692307692307687, 0.38095238095238093, 0.0
0.14736781736781737, 0.08333333333333337, 0.07692307692307687, 0.38095238095238093, 0.0
0.14736781736781737, 0.08333333333333337, 0.07692307692307687, 0.38095238095238093, 0.0
0.14736781736781737, 0.08333333333333337, 0.07692307692307687, 0.38095238095238093, 0.0
0.14736781736781737, 0.08333333333333337, 0.07692307692307687, 0.38095238095238093, 0.0
0.14736781736781737, 0.08333333333333337, 0.07692307692307687, 0.38095238095238093, 0.0
0.14736781736781737, 0.08333333333333337, 0.07692307692307687, 0.38095238095238093, 0.0
0.13726680726680726, 0.08333333333333337, 0.07692307692307687, 0.38095238095238093, 0.0
0.13726680726680726, 0.08333333333333337, 0.07692307692307687, 0.38095238095238093, 0.0
0.13726680726680726, 0.08333333333333337, 0.07692307692307687, 0.38095238095238093, 0.0
0.13726680726680726, 0.08333333333333337, 0.07692307692307687, 0.38095238095238093, 0.0
0.13726680726680726, 0.08333333333333337, 0.07692307692307687, 0.38095238095238093, 0.0
0.13726680726680726, 0.08333333333333337, 0.07692307692307687, 0.38095238095238093, 0.0
0.13726680726680726, 0.08333333333333337, 0.07692307692307687, 0.38095238095238093, 0.0
0.13726680726680726, 0.08333333333333337, 0.07692307692307687, 0.38095238095238093, 0.0
0.13726680726680726, 0.08333333333333337, 0.07692307692307687, 0.38095238095238093, 0.0
0.13726680726680726, 0.08333333333333337, 0.07692307692307687, 0.38095238095238093, 0.0
0.13726680726680726, 0.08333333333333337, 0.07692307692307687, 0.38095238095238093, 0.0
0.13726680726680726, 0.08333333333333337, 0.07692307692307687, 0.38095238095238093, 0.0
0.13726680726680726, 0.08333333333333337, 0.07692307692307687, 0.38095238095238093, 0.0
0.13726680726680726, 0.08333333333333337, 0.07692307692307687, 0.38095238095238093, 0.0
0.13726680726680726, 0.08333333333333337, 0.07692307692307687, 0.38095238095238093, 0.0
0.13726680726680726, 0.08333333333333337, 0.07692307692307687, 0.38095238095238093, 0.0
0.13726680726680726, 0.08333333333333337, 0.07692307692307687, 0.38095238095238093, 0.0
0.13726680726680726, 0.08333333333333337, 0.07692307692307687, 0.38095238095238093, 0.0
0.13726680726680726, 0.08333333333333337, 0.07692307692307687, 0.38095238095238093, 0.0
0.13726680726680726, 0.08333333333333337, 0.07692307692307687, 0.38095238095238093, 0.0
0.13726680726680726, 0.08333333333333337, 0.07692307692307687, 0.38095238095238093, 0.0
0.13726680726680726, 0.08333333333333337, 0.07692307692307687, 0.38095238095238093, 0.0
0.13726680726680726, 0.08333333333333337, 0.07692307692307687, 0.38095238095238093, 0.0
0.13726680726680726, 0.08333333333333337, 0.07692307692307687, 0.38095238095238093, 0.0
0.13726680726680726, 0.08333333333333337, 0.07692307692307687, 0.38095238095238093, 0.0
0.13726680726680726, 0.08333333333333337, 0.07692307692307687, 0.38095238095238093, 0.0
0.13726680726680726, 0.08333333333333337, 0.07692307692307687, 0.38095238095238093, 0.0
0.13726680726680726, 0.08333333333333337, 0.07692307692307687, 0.38095238095238093, 0.0
0.13726680726680726, 0.08333333333333337, 0.07692307692307687, 0.38095238095238093, 0.0
0.13726680726680726, 0.08333333333333337, 0.07692307692307687, 0.38095238095238093, 0.0
0.13726680726680726, 0.08333333333333337, 0.07692307692307687, 0.38095238095238093, 0.0
0.13726680726680726, 0.08333333333333337, 0.07692307692307687, 0.38095238095238093, 0.0
0.13726680726680726, 0.08333333333333337, 0.07692307692307687, 0.38095238095238093, 0.0
0.13726680726680726, 0.08333333333333337, 0.07692307692307687, 0.38095238095238093, 0.0
0.13726680726680726, 0.08333333333333337, 0.07692307692307687, 0.38095238095238093, 0.0
0.13726680726680726, 0.08333333333333337, 0.07692307692307687, 0.38095238095238093, 0.0
0.13726680726680726, 0.08333333333333337, 0.07692307692307687, 0.38095238095238093, 0.0
0.13726680726680726, 0.08333333333333337, 0.07692307692307687, 0.38095238095238093, 0.0
0.13726680726680726, 0.08333333333333337, 0.07692307692307687, 0.38095238095238093, 0.0
0.13726680726680726, 0.08333333333333337, 0.07692307692307687, 0.38095238095238093, 0.0
0.13726680726680726, 0.08333333333333337, 0.07692307692307687, 0.38095238095238093, 0.0
0.13726680726680726, 0.08333333333333337, 0.07692307692307687, 0.38095238095238093, 0.0
0.13726680726680726, 0.08333333333333337, 0.07692307692307687, 0.38095238095238093, 0.0
0.13726680726680726, 0.08333333333333337, 0.07692307692307687, 0.38095238095238093, 0.0
0.13726680726680726, 0.08333333333333337, 0.07692307692307687, 0.38095238095238093, 0.0
0.13726680726680726, 0.08333333333333337, 0.07692307692307687, 0.38095238095238093, 0.0
0.13726680726680726, 0.08333333333333337, 0.07692307692307687, 0.38095238095238093, 0.0
0.13726680726680726, 0.08333333333333337, 0.07692307692307687, 0.38095238095238093, 0.0
0.13726680726680726, 0.08333333333333337, 0.07692307692307687, 0.38095238095238093, 0.0
0.13726680726680726, 0.08333333333333337, 0.07692307692307687, 0.38095238095238093, 0.0
0.13726680726680726, 0.08333333333333337, 0.07692307692307687, 0.38095238095238093, 0.0
0.13726680726680726, 0.08333333333333337, 0.07692307692307687, 0.38095238095238093, 0.0
0.13726680726680726, 0.08333333333333337, 0.07692307692307687, 0.38095238095238093, 0.0
0.13726680726680726, 0.08333333333333337, 0.07692307692307687, 0.38095238095238093, 0.0
0.13726680726680726, 0.08333333333333337, 0.07692307692307687, 0.38095238095238093, 0.0
0.13726680726680726, 0.08333333333333337, 0.07692307692307687, 0.38095238095238093, 0.0
0.13726680726680726, 0.08333333333333337, 0.07692307692307687, 0.38095238095238093, 0.0
0.1376941576941577, 0.08333333333333337, 0.07692307692307687, 0.38095238095238093, 0.0
0.1376941576941577, 0.08333333333333337, 0.07692307692307687, 0.38095238095238093, 0.0
0.1376941576941577, 0.08333333333333337, 0.07692307692307687, 0.38095238095238093, 0.0
0.1376941576941577, 0.08333333333333337, 0.07692307692307687, 0.38095238095238093, 0.0
0.1376941576941577, 0.08333333333333337, 0.07692307692307687, 0.38095238095238093, 0.0
0.1376941576941577, 0.08333333333333337, 0.07692307692307687, 0.38095238095238093, 0.0
0.1376941576941577, 0.08333333333333337, 0.07692307692307687, 0.38095238095238093, 0.0
0.13836305401522792, 0.08333333333333337, 0.07692307692307687, 0.38095238095238093, 0.0
0.13836305401522792, 0.08333333333333337, 0.07692307692307687, 0.38095238095238093, 0.0
0.13836305401522792, 0.08333333333333337, 0.07692307692307687, 0.38095238095238093, 0.0
0.13856818222035613, 0.08333333333333337, 0.07692307692307687, 0.38095238095238093, 0.0
0.13856818222035613, 0.08333333333333337, 0.07692307692307687, 0.38095238095238093, 0.0
0.13856818222035613, 0.08333333333333337, 0.07692307692307687, 0.38095238095238093, 0.0
0.13856818222035613, 0.08333333333333337, 0.07692307692307687, 0.38095238095238093, 0.0
0.13856818222035613, 0.08333333333333337, 0.07692307692307687, 0.38095238095238093, 0.0
0.13856818222035613, 0.08333333333333337, 0.07692307692307687, 0.38095238095238093, 0.0
0.14331652030202757, 0.08333333333333337, 0.07692307692307687, 0.38095238095238093, 0.0
0.14331652030202757, 0.08333333333333337, 0.07692307692307687, 0.38095238095238093, 0.0
0.14331652030202757, 0.08333333333333337, 0.07692307692307687, 0.38095238095238093, 0.0
0.14331652030202757, 0.08333333333333337, 0.07692307692307687, 0.38095238095238093, 0.0
0.14331652030202757, 0.08333333333333337, 0.07692307692307687, 0.38095238095238093, 0.0
0.14331652030202757, 0.08333333333333337, 0.07692307692307687, 0.38095238095238093, 0.0
0.14331652030202757, 0.08333333333333337, 0.07692307692307687, 0.38095238095238093, 0.0
0.143743870729378, 0.08333333333333337, 0.07999999999999996, 0.38095238095238093, 0.0
0.14945815644366373, 0.08333333333333337, 0.07999999999999996, 0.38095238095238093, 0.0
0.14945815644366373, 0.08333333333333337, 0.07999999999999996, 0.38095238095238093, 0.0
0.14945815644366373, 0.08333333333333337, 0.07999999999999996, 0.38095238095238093, 0.0
0.14945815644366373, 0.08333333333333337, 0.07999999999999996, 0.38095238095238093, 0.0
0.14945815644366373, 0.08333333333333337, 0.07999999999999996, 0.38095238095238093, 0.0
0.14945815644366373, 0.08333333333333337, 0.07999999999999996, 0.38095238095238093, 0.0
0.14945815644366373, 0.08333333333333337, 0.07999999999999996, 0.38095238095238093, 0.0
0.14945815644366373, 0.08333333333333337, 0.07999999999999996, 0.38095238095238093, 0.0
0.14560093690528478, 0.08333333333333337, 0.08333333333333337, 0.38095238095238093, 0.0
0.14560093690528478, 0.08333333333333337, 0.08333333333333337, 0.38095238095238093, 0.0
0.14992192455960573, 0.08695652173913049, 0.08333333333333337, 0.38095238095238093, 0.0
0.14992192455960573, 0.08695652173913049, 0.08333333333333337, 0.38095238095238093, 0.0
0.15030179160613946, 0.08695652173913049, 0.08333333333333337, 0.38095238095238093, 0.0
0.15030179160613946, 0.08695652173913049, 0.08333333333333337, 0.38095238095238093, 0.0
0.15030179160613946, 0.08695652173913049, 0.08333333333333337, 0.38095238095238093, 0.0
0.15030179160613946, 0.08695652173913049, 0.08333333333333337, 0.38095238095238093, 0.0
0.1505433374998593, 0.08695652173913049, 0.08333333333333337, 0.38095238095238093, 0.0
0.1505433374998593, 0.08695652173913049, 0.08333333333333337, 0.38095238095238093, 0.0
0.1505433374998593, 0.08695652173913049, 0.08333333333333337, 0.38095238095238093, 0.0
0.1505433374998593, 0.08695652173913049, 0.08333333333333337, 0.38095238095238093, 0.0
0.1505433374998593, 0.08695652173913049, 0.08333333333333337, 0.38095238095238093, 0.0
0.1505433374998593, 0.08695652173913049, 0.08333333333333337, 0.38095238095238093, 0.0
0.1505433374998593, 0.08695652173913049, 0.08333333333333337, 0.38095238095238093, 0.0
0.1505433374998593, 0.08695652173913049, 0.08333333333333337, 0.38095238095238093, 0.0
0.1505433374998593, 0.08695652173913049, 0.08333333333333337, 0.38095238095238093, 0.0
0.1505433374998593, 0.08695652173913049, 0.08333333333333337, 0.38095238095238093, 0.0
0.1505433374998593, 0.08695652173913049, 0.08333333333333337, 0.38095238095238093, 0.0
0.1505433374998593, 0.08695652173913049, 0.08333333333333337, 0.38095238095238093, 0.0
0.1505433374998593, 0.08695652173913049, 0.08333333333333337, 0.38095238095238093, 0.0
0.1505433374998593, 0.08695652173913049, 0.08333333333333337, 0.38095238095238093, 0.0
0.1505433374998593, 0.08695652173913049, 0.08333333333333337, 0.38095238095238093, 0.0
0.1505433374998593, 0.08695652173913049, 0.08333333333333337, 0.38095238095238093, 0.0
0.1505433374998593, 0.08695652173913049, 0.08333333333333337, 0.38095238095238093, 0.0
0.1505433374998593, 0.08695652173913049, 0.08333333333333337, 0.38095238095238093, 0.0
0.1505433374998593, 0.08695652173913049, 0.08333333333333337, 0.38095238095238093, 0.0
0.1505433374998593, 0.08695652173913049, 0.08333333333333337, 0.38095238095238093, 0.0
0.1505433374998593, 0.08695652173913049, 0.08333333333333337, 0.38095238095238093, 0.0
0.1505433374998593, 0.08695652173913049, 0.08333333333333337, 0.38095238095238093, 0.0
0.1505433374998593, 0.08695652173913049, 0.08333333333333337, 0.38095238095238093, 0.0
0.1505433374998593, 0.08695652173913049, 0.08333333333333337, 0.38095238095238093, 0.0
0.1505433374998593, 0.08695652173913049, 0.08333333333333337, 0.38095238095238093, 0.0
0.1505433374998593, 0.08695652173913049, 0.08333333333333337, 0.38095238095238093, 0.0
0.1505433374998593, 0.08695652173913049, 0.08333333333333337, 0.38095238095238093, 0.0
0.1505433374998593, 0.08695652173913049, 0.08333333333333337, 0.38095238095238093, 0.0
0.1505433374998593, 0.08695652173913049, 0.08333333333333337, 0.38095238095238093, 0.0
0.1505433374998593, 0.08695652173913049, 0.08333333333333337, 0.38095238095238093, 0.0
0.1505433374998593, 0.08695652173913049, 0.08333333333333337, 0.38095238095238093, 0.0
0.1505433374998593, 0.08695652173913049, 0.08333333333333337, 0.38095238095238093, 0.0
0.1505433374998593, 0.08695652173913049, 0.08333333333333337, 0.38095238095238093, 0.0
0.1505433374998593, 0.08695652173913049, 0.08333333333333337, 0.38095238095238093, 0.0
0.1505433374998593, 0.08695652173913049, 0.08333333333333337, 0.38095238095238093, 0.0
0.1505433374998593, 0.08695652173913049, 0.08333333333333337, 0.38095238095238093, 0.0
0.1505433374998593, 0.08695652173913049, 0.08333333333333337, 0.38095238095238093, 0.0
0.1505433374998593, 0.08695652173913049, 0.08333333333333337, 0.38095238095238093, 0.0
0.1505433374998593, 0.08695652173913049, 0.08333333333333337, 0.38095238095238093, 0.0
0.1505433374998593, 0.08695652173913049, 0.08333333333333337, 0.38095238095238093, 0.0
0.1505433374998593, 0.08695652173913049, 0.08333333333333337, 0.38095238095238093, 0.0
0.1505433374998593, 0.08695652173913049, 0.08333333333333337, 0.38095238095238093, 0.0
0.1505433374998593, 0.08695652173913049, 0.08333333333333337, 0.38095238095238093, 0.0
0.1505433374998593, 0.08695652173913049, 0.08333333333333337, 0.38095238095238093, 0.0
0.1505433374998593, 0.08695652173913049, 0.08333333333333337, 0.38095238095238093, 0.0
0.1505433374998593, 0.08695652173913049, 0.08333333333333337, 0.38095238095238093, 0.0
0.1505433374998593, 0.08695652173913049, 0.08333333333333337, 0.38095238095238093, 0.0
0.1505433374998593, 0.08695652173913049, 0.08333333333333337, 0.38095238095238093, 0.0
0.1505433374998593, 0.08695652173913049, 0.08333333333333337, 0.38095238095238093, 0.0
0.1505433374998593, 0.08695652173913049, 0.08333333333333337, 0.38095238095238093, 0.0
0.1505433374998593, 0.08695652173913049, 0.08333333333333337, 0.38095238095238093, 0.0
0.1505433374998593, 0.08695652173913049, 0.08333333333333337, 0.38095238095238093, 0.0
0.1505433374998593, 0.08695652173913049, 0.08333333333333337, 0.38095238095238093, 0.0
0.1505433374998593, 0.08695652173913049, 0.08333333333333337, 0.38095238095238093, 0.0
