0.8047102919813138, 0.8148148148148149, 0.6666666666666667, 0.90625, 0.0
0.707839796534326, 0.7037037037037037, 0.6129032258064516, 0.7837837837837838, 0.0
0.683501306065457, 0.7209302325581395, 0.5625, 0.7619047619047619, 0.0
0.6773947065263075, 0.7209302325581395, 0.5142857142857142, 0.7619047619047619, 0.0
0.6508242550085551, 0.6904761904761905, 0.4814814814814815, 0.736842105263158, 0.0
0.6342238658792829, 0.631578947368421, 0.4814814814814815, 0.736842105263158, 0.0
0.6283994570831154, 0.641025641025641, 0.4814814814814815, 0.717948717948718, 0.0
0.60148194207334, 0.6052631578947368, 0.4814814814814815, 0.7027027027027026, 0.0
0.5889873807170896, 0.6052631578947368, 0.4814814814814815, 0.675, 0.0
0.5793901349144108, 0.5555555555555556, 0.4814814814814815, 0.675, 0.0
0.5677227012973448, 0.5555555555555556, 0.5, 0.6744186046511628, 0.0
0.555207333696298, 0.5555555555555556, 0.5, 0.5897435897435898, 0.0
0.5547396855970709, 0.5555555555555556, 0.5, 0.5897435897435898, 0.0
0.5510964269538123, 0.5454545454545454, 0.5142857142857142, 0.5897435897435898, 0.0
0.5477302914802915, 0.5405405405405406, 0.48571428571428577, 0.6, 0.0
0.5481601856601855, 0.5405405405405406, 0.46875, 0.6, 0.0
0.5345806901882751, 0.5405405405405406, 0.46875, 0.5833333333333333, 0.0
0.5296482435453024, 0.5405405405405406, 0.4545454545454546, 0.5833333333333333, 0.0
0.5321831432860845, 0.5405405405405406, 0.46875, 0.5952380952380952, 0.0
0.524766115869057, 0.5277777777777778, 0.46875, 0.5882352941176471, 0.0
0.5178241553241553, 0.5277777777777778, 0.4571428571428572, 0.575, 0.0
0.5164107212636624, 0.5277777777777778, 0.4571428571428572, 0.5588235294117647, 0.0
0.5067157321569087, 0.5142857142857142, 0.4571428571428572, 0.5555555555555556, 0.0
0.5009437263849029, 0.5, 0.4571428571428572, 0.5555555555555556, 0.0
0.5009437263849029, 0.5, 0.4571428571428572, 0.5555555555555556, 0.0
0.5028501859384212, 0.5, 0.4571428571428572, 0.5555555555555556, 0.0
0.49120218289335943, 0.5, 0.4571428571428572, 0.5454545454545454, 0.0
0.48923970093087743, 0.48484848484848486, 0.4571428571428572, 0.5454545454545454, 0.0
0.4863825580737346, 0.48484848484848486, 0.4411764705882353, 0.5454545454545454, 0.0
0.4892380032821209, 0.48484848484848486, 0.4411764705882353, 0.5454545454545454, 0.0
0.4870446410887587, 0.48484848484848486, 0.4242424242424242, 0.5454545454545454, 0.0
0.48799702204113965, 0.48484848484848486, 0.4242424242424242, 0.5454545454545454, 0.0
0.479252433296551, 0.48484848484848486, 0.4242424242424242, 0.5277777777777778, 0.0
0.4783529623970801, 0.48484848484848486, 0.4242424242424242, 0.5142857142857142, 0.0
0.48009276943100476, 0.48571428571428577, 0.4242424242424242, 0.5277777777777778, 0.0
0.4775816792728557, 0.48484848484848486, 0.4285714285714286, 0.5142857142857142, 0.0
0.4765715782627547, 0.48484848484848486, 0.4285714285714286, 0.5142857142857142, 0.0
0.47365047534165183, 0.48484848484848486, 0.4285714285714286, 0.5142857142857142, 0.0
0.4766807783719548, 0.48484848484848486, 0.4285714285714286, 0.5142857142857142, 0.0
0.46863772243990465, 0.4838709677419355, 0.4285714285714286, 0.5142857142857142, 0.0
0.47084814715032935, 0.4838709677419355, 0.4285714285714286, 0.5135135135135135, 0.0
0.46894338524556745, 0.4838709677419355, 0.4285714285714286, 0.5135135135135135, 0.0
0.4718534381556203, 0.4838709677419355, 0.4285714285714286, 0.5135135135135135, 0.0
0.46350507355725573, 0.4722222222222222, 0.34375, 0.5135135135135135, 0.0
0.4623860400852811, 0.47058823529411764, 0.34375, 0.5135135135135135, 0.0
0.456856232202532, 0.4666666666666667, 0.34375, 0.5135135135135135, 0.0
0.45574153412388707, 0.4571428571428572, 0.34375, 0.5135135135135135, 0.0
0.4530286914110444, 0.4545454545454546, 0.34375, 0.5135135135135135, 0.0
0.45202028804969985, 0.4545454545454546, 0.34375, 0.5135135135135135, 0.0
0.45202028804969985, 0.4545454545454546, 0.34375, 0.5135135135135135, 0.0
0.4510696047460753, 0.4545454545454546, 0.34375, 0.5135135135135135, 0.0
0.4510696047460753, 0.4545454545454546, 0.34375, 0.5135135135135135, 0.0
0.45000008602949776, 0.4545454545454546, 0.34375, 0.5135135135135135, 0.0
0.45000008602949776, 0.4545454545454546, 0.34375, 0.5135135135135135, 0.0
0.44910882043234984, 0.4545454545454546, 0.34375, 0.5135135135135135, 0.0
0.4479663473140703, 0.4545454545454546, 0.34375, 0.5135135135135135, 0.0
0.4479663473140703, 0.4545454545454546, 0.34375, 0.5135135135135135, 0.0
0.4479663473140703, 0.4545454545454546, 0.34375, 0.5135135135135135, 0.0
0.4409312908672492, 0.4411764705882353, 0.34375, 0.5135135135135135, 0.0
0.4432460258195553, 0.4411764705882353, 0.34375, 0.5135135135135135, 0.0
0.43958589510060103, 0.4411764705882353, 0.34375, 0.5135135135135135, 0.0
0.43995478002830957, 0.4411764705882353, 0.34375, 0.5135135135135135, 0.0
0.43995478002830957, 0.4411764705882353, 0.34375, 0.5135135135135135, 0.0
0.43995478002830957, 0.4411764705882353, 0.34375, 0.5135135135135135, 0.0
0.43406054354583784, 0.4375, 0.34375, 0.5135135135135135, 0.0
0.43406054354583784, 0.4375, 0.34375, 0.5135135135135135, 0.0
0.4317219297034289, 0.4285714285714286, 0.34375, 0.5135135135135135, 0.0
0.43045690756554145, 0.4285714285714286, 0.34375, 0.5135135135135135, 0.0
0.4286429732919298, 0.4242424242424242, 0.34375, 0.5135135135135135, 0.0
0.4304106500596065, 0.4375, 0.34375, 0.5135135135135135, 0.0
0.4323656842727052, 0.4375, 0.34375, 0.5135135135135135, 0.0
0.4304609223679433, 0.4375, 0.34375, 0.5135135135135135, 0.0
0.4299847318917528, 0.4375, 0.34375, 0.5135135135135135, 0.0
0.4285315479788915, 0.4193548387096774, 0.34375, 0.5135135135135135, 0.0
0.4301452658022867, 0.4375, 0.34375, 0.5135135135135135, 0.0
0.4257158914132349, 0.4193548387096774, 0.34375, 0.5135135135135135, 0.0
0.4199560874916663, 0.4193548387096774, 0.34375, 0.5135135135135135, 0.0
0.41161245189471, 0.4, 0.34375, 0.5135135135135135, 0.0
0.40870589582164535, 0.3939393939393939, 0.34375, 0.5135135135135135, 0.0
0.40475902675143666, 0.4, 0.34375, 0.5135135135135135, 0.0
0.40435498634739625, 0.3939393939393939, 0.34375, 0.5135135135135135, 0.0
0.4036419738696778, 0.3939393939393939, 0.34375, 0.5135135135135135, 0.0
0.40286954368548294, 0.3939393939393939, 0.34375, 0.5135135135135135, 0.0
0.40286954368548294, 0.3939393939393939, 0.34375, 0.5135135135135135, 0.0
0.39986042019248846, 0.4, 0.34375, 0.5135135135135135, 0.0
0.39986042019248846, 0.4, 0.34375, 0.5135135135135135, 0.0
0.39986042019248846, 0.4, 0.34375, 0.5135135135135135, 0.0
0.4006328503766834, 0.4, 0.34375, 0.5135135135135135, 0.0
0.4006328503766834, 0.4, 0.34375, 0.5135135135135135, 0.0
0.40103689078072374, 0.4, 0.34375, 0.5135135135135135, 0.0
0.40103689078072374, 0.4, 0.34375, 0.5135135135135135, 0.0
0.40054669470229237, 0.4, 0.34375, 0.5135135135135135, 0.0
0.4026300280356257, 0.4, 0.34375, 0.5135135135135135, 0.0
0.4026300280356257, 0.4, 0.34375, 0.5135135135135135, 0.0
0.40213983195719444, 0.4, 0.34375, 0.5135135135135135, 0.0
0.39618842600578846, 0.4, 0.34375, 0.4516129032258065, 0.0
0.39133994115730353, 0.4, 0.33333333333333337, 0.4516129032258065, 0.0
0.39133994115730353, 0.4, 0.33333333333333337, 0.4516129032258065, 0.0
0.39133994115730353, 0.4, 0.33333333333333337, 0.4516129032258065, 0.0
0.38738197918463574, 0.3939393939393939, 0.33333333333333337, 0.4516129032258065, 0.0
0.38697793878059533, 0.3939393939393939, 0.33333333333333337, 0.4516129032258065, 0.0
0.38697793878059533, 0.3939393939393939, 0.33333333333333337, 0.4516129032258065, 0.0
0.38520272869656175, 0.3939393939393939, 0.33333333333333337, 0.4516129032258065, 0.0
0.3838955391540781, 0.3939393939393939, 0.33333333333333337, 0.4516129032258065, 0.0
0.3838955391540781, 0.3939393939393939, 0.33333333333333337, 0.4516129032258065, 0.0
0.38456780806164115, 0.3939393939393939, 0.33333333333333337, 0.4516129032258065, 0.0
0.38456780806164115, 0.3939393939393939, 0.33333333333333337, 0.4516129032258065, 0.0
0.3857561621911717, 0.3939393939393939, 0.33333333333333337, 0.4516129032258065, 0.0
0.3837321267705518, 0.3939393939393939, 0.32258064516129037, 0.4516129032258065, 0.0
0.3837321267705518, 0.3939393939393939, 0.32258064516129037, 0.4516129032258065, 0.0
0.3861831071627087, 0.3939393939393939, 0.32258064516129037, 0.4516129032258065, 0.0
0.3861831071627087, 0.3939393939393939, 0.32258064516129037, 0.4516129032258065, 0.0
0.3861831071627087, 0.3939393939393939, 0.32258064516129037, 0.4516129032258065, 0.0
0.38526572652521424, 0.4117647058823529, 0.3125, 0.4516129032258065, 0.0
0.38526572652521424, 0.4117647058823529, 0.3125, 0.4516129032258065, 0.0
0.3824431458800529, 0.4117647058823529, 0.3125, 0.4516129032258065, 0.0
0.3830596045847469, 0.4117647058823529, 0.3125, 0.4516129032258065, 0.0
0.37985104843501427, 0.38235294117647056, 0.3125, 0.4516129032258065, 0.0
0.3752536033963928, 0.36363636363636365, 0.3125, 0.4516129032258065, 0.0
0.37386974584555227, 0.36363636363636365, 0.3125, 0.4516129032258065, 0.0
0.37268139171602166, 0.36363636363636365, 0.3125, 0.4516129032258065, 0.0
0.37268139171602166, 0.36363636363636365, 0.3125, 0.4516129032258065, 0.0
0.37268139171602166, 0.36363636363636365, 0.3125, 0.4516129032258065, 0.0
0.3693540001533361, 0.36363636363636365, 0.303030303030303, 0.4516129032258065, 0.0
0.3610326701550611, 0.36363636363636365, 0.2666666666666667, 0.4516129032258065, 0.0
0.3610326701550611, 0.36363636363636365, 0.2666666666666667, 0.4516129032258065, 0.0
0.3623584277308186, 0.36363636363636365, 0.2666666666666667, 0.4516129032258065, 0.0
0.3610326701550611, 0.36363636363636365, 0.2666666666666667, 0.4516129032258065, 0.0
0.3610326701550611, 0.36363636363636365, 0.2666666666666667, 0.4516129032258065, 0.0
0.36179024591263687, 0.34375, 0.2666666666666667, 0.4516129032258065, 0.0
0.36179024591263687, 0.34375, 0.2666666666666667, 0.4516129032258065, 0.0
0.36179024591263687, 0.34375, 0.2666666666666667, 0.4516129032258065, 0.0
0.36179024591263687, 0.34375, 0.2666666666666667, 0.4516129032258065, 0.0
0.36179024591263687, 0.34375, 0.2666666666666667, 0.4516129032258065, 0.0
0.3613511778122784, 0.34375, 0.28125, 0.4516129032258065, 0.0
0.3613511778122784, 0.34375, 0.28125, 0.4516129032258065, 0.0
0.3613511778122784, 0.34375, 0.28125, 0.4516129032258065, 0.0
0.3613511778122784, 0.34375, 0.28125, 0.4516129032258065, 0.0
0.3613511778122784, 0.34375, 0.28125, 0.4516129032258065, 0.0
0.3613511778122784, 0.34375, 0.28125, 0.4516129032258065, 0.0
0.3613511778122784, 0.34375, 0.28125, 0.4516129032258065, 0.0
0.35920064017786985, 0.34375, 0.28125, 0.4516129032258065, 0.0
0.35325081938933933, 0.34375, 0.23333333333333328, 0.4516129032258065, 0.0
0.35325081938933933, 0.34375, 0.23333333333333328, 0.4516129032258065, 0.0
0.35177232476568343, 0.34375, 0.23333333333333328, 0.4516129032258065, 0.0
0.353098082341441, 0.36363636363636365, 0.23333333333333328, 0.4516129032258065, 0.0
0.35225090084909816, 0.36363636363636365, 0.23333333333333328, 0.4516129032258065, 0.0
0.35225090084909816, 0.36363636363636365, 0.23333333333333328, 0.4516129032258065, 0.0
0.35225090084909816, 0.36363636363636365, 0.23333333333333328, 0.4516129032258065, 0.0
0.35225090084909816, 0.36363636363636365, 0.23333333333333328, 0.4516129032258065, 0.0
0.35502867862687587, 0.36363636363636365, 0.23333333333333328, 0.4516129032258065, 0.0
0.35502867862687587, 0.36363636363636365, 0.23333333333333328, 0.4516129032258065, 0.0
0.35287814099246734, 0.36363636363636365, 0.23333333333333328, 0.4516129032258065, 0.0
0.3490788578383455, 0.36363636363636365, 0.23333333333333328, 0.4516129032258065, 0.0
0.3490788578383455, 0.36363636363636365, 0.23333333333333328, 0.4516129032258065, 0.0
0.3490788578383455, 0.36363636363636365, 0.23333333333333328, 0.4516129032258065, 0.0
0.3490788578383455, 0.36363636363636365, 0.23333333333333328, 0.4516129032258065, 0.0
0.34443239319188085, 0.36363636363636365, 0.23333333333333328, 0.4516129032258065, 0.0
0.3460811387115941, 0.36363636363636365, 0.23333333333333328, 0.4516129032258065, 0.0
0.3460811387115941, 0.36363636363636365, 0.23333333333333328, 0.4516129032258065, 0.0
0.34073642017901984, 0.36363636363636365, 0.23333333333333328, 0.4516129032258065, 0.0
0.34073642017901984, 0.36363636363636365, 0.23333333333333328, 0.4516129032258065, 0.0
0.34073642017901984, 0.36363636363636365, 0.23333333333333328, 0.4516129032258065, 0.0
0.34073642017901984, 0.36363636363636365, 0.23333333333333328, 0.4516129032258065, 0.0
0.34073642017901984, 0.36363636363636365, 0.23333333333333328, 0.4516129032258065, 0.0
0.34073642017901984, 0.36363636363636365, 0.23333333333333328, 0.4516129032258065, 0.0
0.34073642017901984, 0.36363636363636365, 0.23333333333333328, 0.4516129032258065, 0.0
0.34184753129013096, 0.36363636363636365, 0.23333333333333328, 0.4516129032258065, 0.0
0.34184753129013096, 0.36363636363636365, 0.23333333333333328, 0.4516129032258065, 0.0
0.34184753129013096, 0.36363636363636365, 0.23333333333333328, 0.4516129032258065, 0.0
0.34184753129013096, 0.36363636363636365, 0.23333333333333328, 0.4516129032258065, 0.0
0.34184753129013096, 0.36363636363636365, 0.23333333333333328, 0.4516129032258065, 0.0
0.34184753129013096, 0.36363636363636365, 0.23333333333333328, 0.4516129032258065, 0.0
0.34184753129013096, 0.36363636363636365, 0.23333333333333328, 0.4516129032258065, 0.0
0.34184753129013096, 0.36363636363636365, 0.23333333333333328, 0.4516129032258065, 0.0
0.34184753129013096, 0.36363636363636365, 0.23333333333333328, 0.4516129032258065, 0.0
0.34184753129013096, 0.36363636363636365, 0.23333333333333328, 0.4516129032258065, 0.0
0.34184753129013096, 0.36363636363636365, 0.23333333333333328, 0.4516129032258065, 0.0
0.34130989688152885, 0.36363636363636365, 0.23333333333333328, 0.4516129032258065, 0.0
0.34130989688152885, 0.36363636363636365, 0.23333333333333328, 0.4516129032258065, 0.0
0.34130989688152885, 0.36363636363636365, 0.23333333333333328, 0.4516129032258065, 0.0
0.3391593592471202, 0.36363636363636365, 0.22580645161290325, 0.4516129032258065, 0.0
0.3391593592471202, 0.36363636363636365, 0.22580645161290325, 0.4516129032258065, 0.0
0.3391593592471202, 0.36363636363636365, 0.22580645161290325, 0.4516129032258065, 0.0
0.3391593592471202, 0.36363636363636365, 0.22580645161290325, 0.4516129032258065, 0.0
0.3391593592471202, 0.36363636363636365, 0.22580645161290325, 0.4516129032258065, 0.0
0.3391593592471202, 0.36363636363636365, 0.22580645161290325, 0.4516129032258065, 0.0
0.3391593592471202, 0.36363636363636365, 0.22580645161290325, 0.4516129032258065, 0.0
0.34541872711939126, 0.36363636363636365, 0.25, 0.4516129032258065, 0.0
0.34188337358403775, 0.36363636363636365, 0.25, 0.4516129032258065, 0.0
0.34188337358403775, 0.36363636363636365, 0.25, 0.4516129032258065, 0.0
0.34188337358403775, 0.36363636363636365, 0.25, 0.4516129032258065, 0.0
0.34188337358403775, 0.36363636363636365, 0.25, 0.4516129032258065, 0.0
0.34188337358403775, 0.36363636363636365, 0.25, 0.4516129032258065, 0.0
0.34188337358403775, 0.36363636363636365, 0.25, 0.4516129032258065, 0.0
0.34188337358403775, 0.36363636363636365, 0.25, 0.4516129032258065, 0.0
0.34188337358403775, 0.36363636363636365, 0.25, 0.4516129032258065, 0.0
0.34188337358403775, 0.36363636363636365, 0.25, 0.4516129032258065, 0.0
0.34188337358403775, 0.36363636363636365, 0.25, 0.4516129032258065, 0.0
0.34188337358403775, 0.36363636363636365, 0.25, 0.4516129032258065, 0.0
0.34188337358403775, 0.36363636363636365, 0.25, 0.4516129032258065, 0.0
0.34188337358403775, 0.36363636363636365, 0.25, 0.4516129032258065, 0.0
0.34188337358403775, 0.36363636363636365, 0.25, 0.4516129032258065, 0.0
0.34188337358403775, 0.36363636363636365, 0.25, 0.4516129032258065, 0.0
0.34188337358403775, 0.36363636363636365, 0.25, 0.4516129032258065, 0.0
0.3402704703582314, 0.36363636363636365, 0.22580645161290325, 0.4516129032258065, 0.0
0.3402704703582314, 0.36363636363636365, 0.22580645161290325, 0.4516129032258065, 0.0
0.3402704703582314, 0.36363636363636365, 0.22580645161290325, 0.4516129032258065, 0.0
0.3402704703582314, 0.36363636363636365, 0.22580645161290325, 0.4516129032258065, 0.0
0.3402704703582314, 0.36363636363636365, 0.22580645161290325, 0.4516129032258065, 0.0
0.3402704703582314, 0.36363636363636365, 0.22580645161290325, 0.4516129032258065, 0.0
0.3402704703582314, 0.36363636363636365, 0.22580645161290325, 0.4516129032258065, 0.0
0.3402704703582314, 0.36363636363636365, 0.22580645161290325, 0.4516129032258065, 0.0
0.3402704703582314, 0.36363636363636365, 0.22580645161290325, 0.4516129032258065, 0.0
0.3402704703582314, 0.36363636363636365, 0.22580645161290325, 0.4516129032258065, 0.0
0.3402704703582314, 0.36363636363636365, 0.22580645161290325, 0.4516129032258065, 0.0
0.3402704703582314, 0.36363636363636365, 0.22580645161290325, 0.4516129032258065, 0.0
0.3402704703582314, 0.36363636363636365, 0.22580645161290325, 0.4516129032258065, 0.0
0.3402704703582314, 0.36363636363636365, 0.22580645161290325, 0.4516129032258065, 0.0
0.3402704703582314, 0.36363636363636365, 0.22580645161290325, 0.4516129032258065, 0.0
0.3402704703582314, 0.36363636363636365, 0.22580645161290325, 0.4516129032258065, 0.0
0.34188337358403775, 0.36363636363636365, 0.25, 0.4516129032258065, 0.0
0.34188337358403775, 0.36363636363636365, 0.25, 0.4516129032258065, 0.0
0.34188337358403775, 0.36363636363636365, 0.25, 0.4516129032258065, 0.0
0.3398631715638358, 0.36363636363636365, 0.25, 0.4516129032258065, 0.0
0.3364540806547448, 0.34375, 0.25, 0.4516129032258065, 0.0
0.3344338786345428, 0.33333333333333337, 0.25, 0.4516129032258065, 0.0
0.3344338786345428, 0.33333333333333337, 0.25, 0.4516129032258065, 0.0
0.33102478772545196, 0.33333333333333337, 0.25, 0.4516129032258065, 0.0
0.33102478772545196, 0.33333333333333337, 0.25, 0.4516129032258065, 0.0
0.3286502357541257, 0.33333333333333337, 0.19354838709677424, 0.4516129032258065, 0.0
0.3252411448450348, 0.33333333333333337, 0.19354838709677424, 0.4516129032258065, 0.0
0.3252411448450348, 0.33333333333333337, 0.19354838709677424, 0.4516129032258065, 0.0
0.32203258869530216, 0.33333333333333337, 0.19354838709677424, 0.4516129032258065, 0.0
0.32203258869530216, 0.33333333333333337, 0.19354838709677424, 0.4516129032258065, 0.0
0.3234214775841911, 0.33333333333333337, 0.19354838709677424, 0.4516129032258065, 0.0
0.3234214775841911, 0.33333333333333337, 0.19354838709677424, 0.4516129032258065, 0.0
0.3234214775841911, 0.33333333333333337, 0.19354838709677424, 0.4516129032258065, 0.0
0.3234214775841911, 0.33333333333333337, 0.19354838709677424, 0.4516129032258065, 0.0
0.32203258869530216, 0.33333333333333337, 0.19354838709677424, 0.4516129032258065, 0.0
0.32203258869530216, 0.33333333333333337, 0.19354838709677424, 0.4516129032258065, 0.0
0.3234214775841911, 0.33333333333333337, 0.19354838709677424, 0.4516129032258065, 0.0
0.319658036723976, 0.33333333333333337, 0.19354838709677424, 0.4516129032258065, 0.0
0.3172834847526499, 0.33333333333333337, 0.19354838709677424, 0.4516129032258065, 0.0
0.3172834847526499, 0.33333333333333337, 0.19354838709677424, 0.4516129032258065, 0.0
0.3172834847526499, 0.33333333333333337, 0.19354838709677424, 0.4516129032258065, 0.0
0.31589459586376095, 0.33333333333333337, 0.19354838709677424, 0.4516129032258065, 0.0
0.31589459586376095, 0.33333333333333337, 0.19354838709677424, 0.4516129032258065, 0.0
0.31589459586376095, 0.33333333333333337, 0.19354838709677424, 0.4516129032258065, 0.0
0.31589459586376095, 0.33333333333333337, 0.19354838709677424, 0.4516129032258065, 0.0
0.31589459586376095, 0.33333333333333337, 0.19354838709677424, 0.4516129032258065, 0.0
0.31589459586376095, 0.33333333333333337, 0.19354838709677424, 0.4516129032258065, 0.0
0.31589459586376095, 0.33333333333333337, 0.19354838709677424, 0.4516129032258065, 0.0
0.31589459586376095, 0.33333333333333337, 0.19354838709677424, 0.4516129032258065, 0.0
0.31589459586376095, 0.33333333333333337, 0.19354838709677424, 0.4516129032258065, 0.0
0.3145057069748721, 0.33333333333333337, 0.19354838709677424, 0.4516129032258065, 0.0
0.3145057069748721, 0.33333333333333337, 0.19354838709677424, 0.4516129032258065, 0.0
0.3145057069748721, 0.33333333333333337, 0.19354838709677424, 0.4516129032258065, 0.0
0.3145057069748721, 0.33333333333333337, 0.19354838709677424, 0.4516129032258065, 0.0
0.3145057069748721, 0.33333333333333337, 0.19354838709677424, 0.4516129032258065, 0.0
0.3145057069748721, 0.33333333333333337, 0.19354838709677424, 0.4516129032258065, 0.0
0.3117279291970943, 0.3125, 0.19354838709677424, 0.4516129032258065, 0.0
0.3117279291970943, 0.3125, 0.19354838709677424, 0.4516129032258065, 0.0
0.3117279291970943, 0.3125, 0.19354838709677424, 0.4516129032258065, 0.0
0.3117279291970943, 0.3125, 0.19354838709677424, 0.4516129032258065, 0.0
0.3117279291970943, 0.3125, 0.19354838709677424, 0.4516129032258065, 0.0
0.3117279291970943, 0.3125, 0.19354838709677424, 0.4516129032258065, 0.0
0.3117279291970943, 0.3125, 0.19354838709677424, 0.4516129032258065, 0.0
0.3117279291970943, 0.3125, 0.19354838709677424, 0.4516129032258065, 0.0
0.3117279291970943, 0.3125, 0.19354838709677424, 0.4516129032258065, 0.0
0.3117279291970943, 0.3125, 0.19354838709677424, 0.4516129032258065, 0.0
0.3117279291970943, 0.3125, 0.19354838709677424, 0.4516129032258065, 0.0
0.3117279291970943, 0.3125, 0.19354838709677424, 0.4516129032258065, 0.0
0.3117279291970943, 0.3125, 0.19354838709677424, 0.4516129032258065, 0.0
0.3117279291970943, 0.3125, 0.19354838709677424, 0.4516129032258065, 0.0
0.3117279291970943, 0.3125, 0.19354838709677424, 0.4516129032258065, 0.0
0.3117279291970943, 0.3125, 0.19354838709677424, 0.4516129032258065, 0.0
0.3117279291970943, 0.3125, 0.19354838709677424, 0.4516129032258065, 0.0
0.31033904030820547, 0.3125, 0.19354838709677424, 0.4516129032258065, 0.0
0.31033904030820547, 0.3125, 0.19354838709677424, 0.4516129032258065, 0.0
0.31033904030820547, 0.3125, 0.19354838709677424, 0.4516129032258065, 0.0
0.31033904030820547, 0.3125, 0.19354838709677424, 0.4516129032258065, 0.0
0.31033904030820547, 0.3125, 0.19354838709677424, 0.4516129032258065, 0.0
0.31033904030820547, 0.3125, 0.19354838709677424, 0.4516129032258065, 0.0
0.30886054568454946, 0.3125, 0.19354838709677424, 0.4516129032258065, 0.0
0.3073820510608936, 0.3125, 0.19354838709677424, 0.4516129032258065, 0.0
0.30886054568454946, 0.3125, 0.19354838709677424, 0.4516129032258065, 0.0
0.3050971048243344, 0.3125, 0.19354838709677424, 0.4516129032258065, 0.0
0.3065755994479904, 0.3125, 0.19354838709677424, 0.4516129032258065, 0.0
0.30324226611465704, 0.3125, 0.19354838709677424, 0.4516129032258065, 0.0
0.3028121585877753, 0.3125, 0.19354838709677424, 0.4516129032258065, 0.0
0.3028121585877753, 0.3125, 0.19354838709677424, 0.4516129032258065, 0.0
0.3028121585877753, 0.3125, 0.19354838709677424, 0.4516129032258065, 0.0
0.3028121585877753, 0.3125, 0.19354838709677424, 0.4516129032258065, 0.0
0.3028121585877753, 0.3125, 0.19354838709677424, 0.4516129032258065, 0.0
0.3028121585877753, 0.3125, 0.19354838709677424, 0.4516129032258065, 0.0
0.3028121585877753, 0.3125, 0.19354838709677424, 0.4516129032258065, 0.0
0.3028121585877753, 0.3125, 0.19354838709677424, 0.4516129032258065, 0.0
0.3028121585877753, 0.3125, 0.19354838709677424, 0.4516129032258065, 0.0
0.3028121585877753, 0.3125, 0.19354838709677424, 0.4516129032258065, 0.0
0.3028121585877753, 0.3125, 0.19354838709677424, 0.4516129032258065, 0.0
0.3028121585877753, 0.3125, 0.19354838709677424, 0.4516129032258065, 0.0
0.3028121585877753, 0.3125, 0.19354838709677424, 0.4516129032258065, 0.0
0.3028121585877753, 0.3125, 0.19354838709677424, 0.4516129032258065, 0.0
0.3028121585877753, 0.3125, 0.19354838709677424, 0.4516129032258065, 0.0
0.3028121585877753, 0.3125, 0.19354838709677424, 0.4516129032258065, 0.0
0.3028121585877753, 0.3125, 0.19354838709677424, 0.4516129032258065, 0.0
0.3028121585877753, 0.3125, 0.19354838709677424, 0.4516129032258065, 0.0
0.3028121585877753, 0.3125, 0.19354838709677424, 0.4516129032258065, 0.0
0.3028121585877753, 0.3125, 0.19354838709677424, 0.4516129032258065, 0.0
0.3028121585877753, 0.3125, 0.19354838709677424, 0.4516129032258065, 0.0
0.3028121585877753, 0.3125, 0.19354838709677424, 0.4516129032258065, 0.0
0.3028121585877753, 0.3125, 0.19354838709677424, 0.4516129032258065, 0.0
0.3028121585877753, 0.3125, 0.19354838709677424, 0.4516129032258065, 0.0
0.3028121585877753, 0.3125, 0.19354838709677424, 0.4516129032258065, 0.0
0.3028121585877753, 0.3125, 0.19354838709677424, 0.4516129032258065, 0.0
0.3028121585877753, 0.3125, 0.19354838709677424, 0.4516129032258065, 0.0
0.3028121585877753, 0.3125, 0.19354838709677424, 0.4516129032258065, 0.0
0.3028121585877753, 0.3125, 0.19354838709677424, 0.4516129032258065, 0.0
0.3028121585877753, 0.3125, 0.19354838709677424, 0.4516129032258065, 0.0
0.3028121585877753, 0.3125, 0.19354838709677424, 0.4516129032258065, 0.0
0.3028121585877753, 0.3125, 0.19354838709677424, 0.4516129032258065, 0.0
0.3028121585877753, 0.3125, 0.19354838709677424, 0.4516129032258065, 0.0
0.3028121585877753, 0.3125, 0.19354838709677424, 0.4516129032258065, 0.0
0.3028121585877753, 0.3125, 0.19354838709677424, 0.4516129032258065, 0.0
0.3028121585877753, 0.3125, 0.19354838709677424, 0.4516129032258065, 0.0
0.3028121585877753, 0.3125, 0.19354838709677424, 0.4516129032258065, 0.0
0.3028121585877753, 0.3125, 0.19354838709677424, 0.4516129032258065, 0.0
0.3028121585877753, 0.3125, 0.19354838709677424, 0.4516129032258065, 0.0
0.3028121585877753, 0.3125, 0.19354838709677424, 0.4516129032258065, 0.0
0.3028121585877753, 0.3125, 0.19354838709677424, 0.4516129032258065, 0.0
0.3028121585877753, 0.3125, 0.19354838709677424, 0.4516129032258065, 0.0
0.3028121585877753, 0.3125, 0.19354838709677424, 0.4516129032258065, 0.0
0.3028121585877753, 0.3125, 0.19354838709677424, 0.4516129032258065, 0.0
0.3028121585877753, 0.3125, 0.19354838709677424, 0.4516129032258065, 0.0
0.3028121585877753, 0.3125, 0.19354838709677424, 0.4516129032258065, 0.0
0.3028121585877753, 0.3125, 0.19354838709677424, 0.4516129032258065, 0.0
0.3028121585877753, 0.3125, 0.19354838709677424, 0.4516129032258065, 0.0
0.3028121585877753, 0.3125, 0.19354838709677424, 0.4516129032258065, 0.0
0.3028121585877753, 0.3125, 0.19354838709677424, 0.4516129032258065, 0.0
0.3028121585877753, 0.3125, 0.19354838709677424, 0.4516129032258065, 0.0
0.3028121585877753, 0.3125, 0.19354838709677424, 0.4516129032258065, 0.0
0.3028121585877753, 0.3125, 0.19354838709677424, 0.4516129032258065, 0.0
0.2991831263297108, 0.3125, 0.19354838709677424, 0.4516129032258065, 0.0
0.2991831263297108, 0.3125, 0.19354838709677424, 0.4516129032258065, 0.0
0.2991831263297108, 0.3125, 0.19354838709677424, 0.4516129032258065, 0.0
0.2991831263297108, 0.3125, 0.19354838709677424, 0.4516129032258065, 0.0
0.2991831263297108, 0.3125, 0.19354838709677424, 0.4516129032258065, 0.0
0.2991831263297108, 0.3125, 0.19354838709677424, 0.4516129032258065, 0.0
0.2991831263297108, 0.3125, 0.19354838709677424, 0.4516129032258065, 0.0
0.2991831263297108, 0.3125, 0.19354838709677424, 0.4516129032258065, 0.0
0.2991831263297108, 0.3125, 0.19354838709677424, 0.4516129032258065, 0.0
0.2991831263297108, 0.3125, 0.19354838709677424, 0.4516129032258065, 0.0
0.2991831263297108, 0.3125, 0.19354838709677424, 0.4516129032258065, 0.0
0.2991831263297108, 0.3125, 0.19354838709677424, 0.4516129032258065, 0.0
0.2991831263297108, 0.3125, 0.19354838709677424, 0.4516129032258065, 0.0
0.2991831263297108, 0.3125, 0.19354838709677424, 0.4516129032258065, 0.0
0.29390534855193295, 0.3125, 0.19354838709677424, 0.4516129032258065, 0.0
0.29390534855193295, 0.3125, 0.19354838709677424, 0.4516129032258065, 0.0
0.29390534855193295, 0.3125, 0.19354838709677424, 0.4516129032258065, 0.0
0.29390534855193295, 0.3125, 0.19354838709677424, 0.4516129032258065, 0.0
0.29390534855193295, 0.3125, 0.19354838709677424, 0.4516129032258065, 0.0
0.29390534855193295, 0.3125, 0.19354838709677424, 0.4516129032258065, 0.0
0.29027631629386846, 0.25806451612903225, 0.19354838709677424, 0.4516129032258065, 0.0
0.29027631629386846, 0.25806451612903225, 0.19354838709677424, 0.4516129032258065, 0.0
0.29027631629386846, 0.25806451612903225, 0.19354838709677424, 0.4516129032258065, 0.0
0.28664728403580403, 0.25806451612903225, 0.19354838709677424, 0.4516129032258065, 0.0
0.28664728403580403, 0.25806451612903225, 0.19354838709677424, 0.4516129032258065, 0.0
0.28664728403580403, 0.25806451612903225, 0.19354838709677424, 0.4516129032258065, 0.0
0.28664728403580403, 0.25806451612903225, 0.19354838709677424, 0.4516129032258065, 0.0
0.28664728403580403, 0.25806451612903225, 0.19354838709677424, 0.4516129032258065, 0.0
0.28664728403580403, 0.25806451612903225, 0.19354838709677424, 0.4516129032258065, 0.0
0.2830182517777395, 0.25806451612903225, 0.19354838709677424, 0.4516129032258065, 0.0
0.2830182517777395, 0.25806451612903225, 0.19354838709677424, 0.4516129032258065, 0.0
0.2830182517777395, 0.25806451612903225, 0.19354838709677424, 0.4516129032258065, 0.0
0.2830182517777395, 0.25806451612903225, 0.19354838709677424, 0.4516129032258065, 0.0
0.2830182517777395, 0.25806451612903225, 0.19354838709677424, 0.4516129032258065, 0.0
0.2830182517777395, 0.25806451612903225, 0.19354838709677424, 0.4516129032258065, 0.0
0.2830182517777395, 0.25806451612903225, 0.19354838709677424, 0.4516129032258065, 0.0
0.2830182517777395, 0.25806451612903225, 0.19354838709677424, 0.4516129032258065, 0.0
0.2830182517777395, 0.25806451612903225, 0.19354838709677424, 0.4516129032258065, 0.0
0.2830182517777395, 0.25806451612903225, 0.19354838709677424, 0.4516129032258065, 0.0
0.28466699729745265, 0.25806451612903225, 0.19354838709677424, 0.4516129032258065, 0.0
0.28466699729745265, 0.25806451612903225, 0.19354838709677424, 0.4516129032258065, 0.0
0.28466699729745265, 0.25806451612903225, 0.19354838709677424, 0.4516129032258065, 0.0
0.28466699729745265, 0.25806451612903225, 0.19354838709677424, 0.4516129032258065, 0.0
0.28466699729745265, 0.25806451612903225, 0.19354838709677424, 0.4516129032258065, 0.0
0.28466699729745265, 0.25806451612903225, 0.19354838709677424, 0.4516129032258065, 0.0
0.28466699729745265, 0.25806451612903225, 0.19354838709677424, 0.4516129032258065, 0.0
0.28466699729745265, 0.25806451612903225, 0.19354838709677424, 0.4516129032258065, 0.0
0.28466699729745265, 0.25806451612903225, 0.19354838709677424, 0.4516129032258065, 0.0
0.28466699729745265, 0.25806451612903225, 0.19354838709677424, 0.4516129032258065, 0.0
0.28466699729745265, 0.25806451612903225, 0.19354838709677424, 0.4516129032258065, 0.0
0.28466699729745265, 0.25806451612903225, 0.19354838709677424, 0.4516129032258065, 0.0
0.28466699729745265, 0.25806451612903225, 0.19354838709677424, 0.4516129032258065, 0.0
0.28466699729745265, 0.25806451612903225, 0.19354838709677424, 0.4516129032258065, 0.0
0.28466699729745265, 0.25806451612903225, 0.19354838709677424, 0.4516129032258065, 0.0
0.28466699729745265, 0.25806451612903225, 0.19354838709677424, 0.4516129032258065, 0.0
0.28466699729745265, 0.25806451612903225, 0.19354838709677424, 0.4516129032258065, 0.0
0.28466699729745265, 0.25806451612903225, 0.19354838709677424, 0.4516129032258065, 0.0
