0.015000000000000001, 0.0, 0.0, 0.5, 0.0
0.0, 0.0, 0.0, 0.0, 0.0
0.016666666666666666, 0.0, 0.0, 0.5, 0.0
0.0, 0.0, 0.0, 0.0, 0.0
0.0, 0.0, 0.0, 0.0, 0.0
0.0, 0.0, 0.0, 0.0, 0.0
0.0, 0.0, 0.0, 0.0, 0.0
0.0, 0.0, 0.0, 0.0, 0.0
0.015000000000000001, 0.0, 0.0, 0.5, 0.0
0.0, 0.0, 0.0, 0.0, 0.0
0.0, 0.0, 0.0, 0.0, 0.0
0.013333333333333334, 0.0, 0.0, 0.4, 0.0
0.006666666666666667, 0.0, 0.0, 0.4, 0.0
0.0, 0.0, 0.0, 0.0, 0.0
0.031190476190476192, 0.0, 0.0, 0.5714285714285714, 0.0
0.0, 0.0, 0.0, 0.0, 0.0
0.0, 0.0, 0.0, 0.0, 0.0
0.006666666666666667, 0.0, 0.0, 0.4, 0.0
0.016666666666666666, 0.0, 0.0, 0.5, 0.0
0.021666666666666667, 0.0, 0.0, 0.5, 0.0
0.015000000000000001, 0.0, 0.0, 0.5, 0.0
0.025, 0.0, 0.0, 0.5, 0.0
0.008333333333333333, 0.0, 0.0, 0.5, 0.0
0.006666666666666667, 0.0, 0.0, 0.4, 0.0
0.021666666666666667, 0.0, 0.0, 0.5, 0.0
0.008333333333333333, 0.0, 0.0, 0.5, 0.0
0.006666666666666667, 0.0, 0.0, 0.4, 0.0
0.03333333333333333, 0.0, 0.0, 0.4, 0.0
0.020000000000000004, 0.0, 0.0, 0.4, 0.0
0.006666666666666667, 0.0, 0.0, 0.4, 0.0
0.0, 0.0, 0.0, 0.0, 0.0
0.006666666666666667, 0.0, 0.0, 0.4, 0.0
0.008333333333333333, 0.0, 0.0, 0.5, 0.0
0.0, 0.0, 0.0, 0.0, 0.0
0.008333333333333333, 0.0, 0.0, 0.5, 0.0
0.013333333333333334, 0.0, 0.0, 0.4, 0.0
0.008333333333333333, 0.0, 0.0, 0.5, 0.0
0.008333333333333333, 0.0, 0.0, 0.5, 0.0
0.006666666666666667, 0.0, 0.0, 0.4, 0.0
0.006666666666666667, 0.0, 0.0, 0.4, 0.0
0.015000000000000001, 0.0, 0.0, 0.5, 0.0
0.02333333333333333, 0.0, 0.0, 0.5, 0.0
0.021666666666666667, 0.0, 0.0, 0.5, 0.0
0.0, 0.0, 0.0, 0.0, 0.0
0.015000000000000001, 0.0, 0.0, 0.5, 0.0
0.016666666666666666, 0.0, 0.0, 0.5, 0.0
0.013333333333333334, 0.0, 0.0, 0.4, 0.0
0.006666666666666667, 0.0, 0.0, 0.4, 0.0
0.006666666666666667, 0.0, 0.0, 0.4, 0.0
0.02333333333333333, 0.0, 0.0, 0.5, 0.0
0.006666666666666667, 0.0, 0.0, 0.4, 0.0
0.008333333333333333, 0.0, 0.0, 0.5, 0.0
0.0, 0.0, 0.0, 0.0, 0.0
0.008333333333333333, 0.0, 0.0, 0.5, 0.0
0.016666666666666666, 0.0, 0.0, 0.5, 0.0
0.0, 0.0, 0.0, 0.0, 0.0
0.016666666666666666, 0.0, 0.0, 0.5, 0.0
0.0, 0.0, 0.0, 0.0, 0.0
0.006666666666666667, 0.0, 0.0, 0.4, 0.0
0.0, 0.0, 0.0, 0.0, 0.0
0.025, 0.0, 0.0, 0.5, 0.0
0.006666666666666667, 0.0, 0.0, 0.4, 0.0
0.0, 0.0, 0.0, 0.0, 0.0
0.011111111111111112, 0.0, 0.0, 0.6666666666666667, 0.0
0.006666666666666667, 0.0, 0.0, 0.4, 0.0
0.008333333333333333, 0.0, 0.0, 0.5, 0.0
0.015000000000000001, 0.0, 0.0, 0.5, 0.0
0.008333333333333333, 0.0, 0.0, 0.5, 0.0
0.0, 0.0, 0.0, 0.0, 0.0
0.006666666666666667, 0.0, 0.0, 0.4, 0.0
0.0, 0.0, 0.0, 0.0, 0.0
0.0, 0.0, 0.0, 0.0, 0.0
0.030555555555555558, 0.0, 0.0, 0.6666666666666667, 0.0
0.006666666666666667, 0.0, 0.0, 0.4, 0.0
0.0, 0.0, 0.0, 0.0, 0.0
0.006666666666666667, 0.0, 0.0, 0.4, 0.0
0.0, 0.0, 0.0, 0.0, 0.0
0.008333333333333333, 0.0, 0.0, 0.5, 0.0
0.008333333333333333, 0.0, 0.0, 0.5, 0.0
0.016666666666666666, 0.0, 0.0, 0.5, 0.0
0.0, 0.0, 0.0, 0.0, 0.0
0.019444444444444445, 0.0, 0.0, 0.6666666666666667, 0.0
0.008333333333333333, 0.0, 0.0, 0.5, 0.0
0.013333333333333334, 0.0, 0.0, 0.4, 0.0
0.006666666666666667, 0.0, 0.0, 0.4, 0.0
0.006666666666666667, 0.0, 0.0, 0.4, 0.0
0.006666666666666667, 0.0, 0.0, 0.4, 0.0
0.0, 0.0, 0.0, 0.0, 0.0
0.0, 0.0, 0.0, 0.0, 0.0
0.006666666666666667, 0.0, 0.0, 0.4, 0.0
0.015000000000000001, 0.0, 0.0, 0.5, 0.0
0.015000000000000001, 0.0, 0.0, 0.5, 0.0
0.025, 0.0, 0.0, 0.5, 0.0
0.030000000000000002, 0.0, 0.0, 0.5, 0.0
0.008333333333333333, 0.0, 0.0, 0.5, 0.0
0.008333333333333333, 0.0, 0.0, 0.5, 0.0
0.006666666666666667, 0.0, 0.0, 0.4, 0.0
0.021666666666666667, 0.0, 0.0, 0.5, 0.0
0.006666666666666667, 0.0, 0.0, 0.4, 0.0
0.013333333333333334, 0.0, 0.0, 0.4, 0.0
