0.681358787907746, 0.75, 0.0, 0.8717948717948718, 0.0
0.7224854901710259, 0.7464285714285714, 0.4444444444444444, 0.8717948717948718, 0.0
0.6698600440177458, 0.6875, 0.4, 0.8387096774193549, 0.0
0.6369939323876043, 0.6666666666666667, 0.34782608695652173, 0.7804878048780488, 0.0
0.5991293955545741, 0.6120401337792643, 0.3076923076923077, 0.7619047619047619, 0.0
0.5766379618506038, 0.5833333333333333, 0.33333333333333337, 0.75, 0.0
0.5506032816373116, 0.5527272727272727, 0.2068965517241379, 0.7317073170731707, 0.0
0.5199999458434797, 0.5217391304347826, 0.2068965517241379, 0.7, 0.0
0.49375020519572205, 0.47619047619047616, 0.2068965517241379, 0.6857142857142857, 0.0
0.46214822160398134, 0.45307917888563054, 0.2068965517241379, 0.6451612903225806, 0.0
