0.6798223436877652, 0.736842105263158, 0.0, 0.8888888888888888, 0.0
0.6905239784340217, 0.7096774193548387, 0.4444444444444444, 0.8148148148148149, 0.0
0.635374582732661, 0.6666666666666667, 0.25, 0.7727272727272727, 0.0
0.5912757903085272, 0.6666666666666667, 0.25, 0.7333333333333334, 0.0
0.5567196256342242, 0.6086956521739131, 0.25, 0.7142857142857143, 0.0
0.5380077590926162, 0.5882352941176471, 0.25, 0.6666666666666667, 0.0
0.5119873660089161, 0.5454545454545454, 0.2727272727272727, 0.6666666666666667, 0.0
0.4937779911435485, 0.5, 0.2727272727272727, 0.65, 0.0
0.4821915681259894, 0.5, 0.2727272727272727, 0.6341463414634146, 0.0
0.4637223573774872, 0.47619047619047616, 0.2222222222222222, 0.6111111111111112, 0.0
