0.5901131276131277, 0.6, 0.0, 0.7777777777777778, 0.0
0.5128810078810081, 0.5714285714285714, 0.0, 0.7333333333333334, 0.0
0.44636150886150894, 0.5384615384615384, 0.0, 0.7333333333333334, 0.0
0.39424737299737317, 0.4641025641025641, 0.0, 0.7333333333333334, 0.0
0.3654763061013063, 0.4580419580419581, 0.0, 0.7333333333333334, 0.0
0.342616480741481, 0.4415584415584416, 0.0, 0.5714285714285714, 0.0
0.35362984237984263, 0.4666666666666667, 0.0, 0.5714285714285714, 0.0
0.3578354284604287, 0.46153846153846156, 0.0, 0.5714285714285714, 0.0
0.3562792069042071, 0.46153846153846156, 0.0, 0.5714285714285714, 0.0
0.3703268259518262, 0.4641025641025641, 0.0, 0.5714285714285714, 0.0
