0.5619835026085027, 0.5916666666666666, 0.0, 0.8, 0.0
0.5120172651422651, 0.5555555555555556, 0.0, 0.7333333333333334, 0.0
0.4912389231139232, 0.5454545454545454, 0.0, 0.7333333333333334, 0.0
0.49443621737739424, 0.5384615384615384, 0.0, 0.7333333333333334, 0.0
0.44122583435083473, 0.5, 0.0, 0.6875, 0.0
0.4028576747326751, 0.4580419580419581, 0.0, 0.6875, 0.0
0.3940756234506238, 0.46153846153846156, 0.0, 0.6875, 0.0
0.3649502580752583, 0.46153846153846156, 0.0, 0.5714285714285714, 0.0
0.3564490370740373, 0.46153846153846156, 0.0, 0.5714285714285714, 0.0
0.36346764346764376, 0.46153846153846156, 0.0, 0.5714285714285714, 0.0
