0.0, 0.0, 0.0, 0.0, 0.0
0.0, 0.0, 0.0, 0.0, 0.0
0.0, 0.0, 0.0, 0.0, 0.0
0.0, 0.0, 0.0, 0.0, 0.0
0.02469135802469136, 0.0, 0.0, 0.6666666666666667, 0.0
0.014285714285714287, 0.0, 0.0, 0.4, 0.0
0.0, 0.0, 0.0, 0.0, 0.0
0.0, 0.0, 0.0, 0.0, 0.0
0.02, 0.0, 0.0, 0.5, 0.0
0.02380952380952381, 0.0, 0.0, 0.6666666666666667, 0.0
0.0, 0.0, 0.0, 0.0, 0.0
0.0, 0.0, 0.0, 0.0, 0.0
0.02469135802469136, 0.0, 0.0, 0.6666666666666667, 0.0
0.0, 0.0, 0.0, 0.0, 0.0
0.018518518518518517, 0.0, 0.0, 0.5, 0.0
0.0, 0.0, 0.0, 0.0, 0.0
0.038095238095238106, 0.0, 0.0, 0.6666666666666667, 0.0
0.0, 0.0, 0.0, 0.0, 0.0
0.013793103448275864, 0.0, 0.0, 0.4, 0.0
0.0, 0.0, 0.0, 0.0, 0.0
0.0, 0.0, 0.0, 0.0, 0.0
0.0, 0.0, 0.0, 0.0, 0.0
0.0, 0.0, 0.0, 0.0, 0.0
0.0, 0.0, 0.0, 0.0, 0.0
0.0, 0.0, 0.0, 0.0, 0.0
0.0, 0.0, 0.0, 0.0, 0.0
0.0, 0.0, 0.0, 0.0, 0.0
0.0, 0.0, 0.0, 0.0, 0.0
0.02469135802469136, 0.0, 0.0, 0.6666666666666667, 0.0
0.0, 0.0, 0.0, 0.0, 0.0
0.0, 0.0, 0.0, 0.0, 0.0
0.0, 0.0, 0.0, 0.0, 0.0
0.0, 0.0, 0.0, 0.0, 0.0
0.0, 0.0, 0.0, 0.0, 0.0
0.0, 0.0, 0.0, 0.0, 0.0
0.0, 0.0, 0.0, 0.0, 0.0
0.017857142857142856, 0.0, 0.0, 0.5, 0.0
0.0, 0.0, 0.0, 0.0, 0.0
0.0, 0.0, 0.0, 0.0, 0.0
0.0, 0.0, 0.0, 0.0, 0.0
0.0, 0.0, 0.0, 0.0, 0.0
0.0, 0.0, 0.0, 0.0, 0.0
0.02, 0.0, 0.0, 0.5, 0.0
0.017241379310344827, 0.0, 0.0, 0.5, 0.0
0.02380952380952381, 0.0, 0.0, 0.6666666666666667, 0.0
0.02298850574712644, 0.0, 0.0, 0.6666666666666667, 0.0
0.022222222222222223, 0.0, 0.0, 0.6666666666666667, 0.0
0.0, 0.0, 0.0, 0.0, 0.0
0.0, 0.0, 0.0, 0.0, 0.0
0.016666666666666666, 0.0, 0.0, 0.5, 0.0
0.03571428571428571, 0.0, 0.0, 0.5, 0.0
0.0, 0.0, 0.0, 0.0, 0.0
0.0, 0.0, 0.0, 0.0, 0.0
0.0, 0.0, 0.0, 0.0, 0.0
0.0, 0.0, 0.0, 0.0, 0.0
0.02380952380952381, 0.0, 0.0, 0.6666666666666667, 0.0
0.0, 0.0, 0.0, 0.0, 0.0
0.02, 0.0, 0.0, 0.5, 0.0
0.0, 0.0, 0.0, 0.0, 0.0
0.0, 0.0, 0.0, 0.0, 0.0
0.0, 0.0, 0.0, 0.0, 0.0
0.017857142857142856, 0.0, 0.0, 0.5, 0.0
0.014285714285714287, 0.0, 0.0, 0.4, 0.0
0.0, 0.0, 0.0, 0.0, 0.0
0.0, 0.0, 0.0, 0.0, 0.0
0.0, 0.0, 0.0, 0.0, 0.0
0.0, 0.0, 0.0, 0.0, 0.0
0.0, 0.0, 0.0, 0.0, 0.0
0.0, 0.0, 0.0, 0.0, 0.0
0.0, 0.0, 0.0, 0.0, 0.0
0.0, 0.0, 0.0, 0.0, 0.0
0.0, 0.0, 0.0, 0.0, 0.0
0.0, 0.0, 0.0, 0.0, 0.0
0.017857142857142856, 0.0, 0.0, 0.5, 0.0
0.016666666666666666, 0.0, 0.0, 0.5, 0.0
0.0, 0.0, 0.0, 0.0, 0.0
0.0, 0.0, 0.0, 0.0, 0.0
0.0, 0.0, 0.0, 0.0, 0.0
0.0, 0.0, 0.0, 0.0, 0.0
0.0, 0.0, 0.0, 0.0, 0.0
0.036781609195402305, 0.0, 0.0, 0.6666666666666667, 0.0
0.0, 0.0, 0.0, 0.0, 0.0
0.0, 0.0, 0.0, 0.0, 0.0
0.0, 0.0, 0.0, 0.0, 0.0
0.04166666666666667, 0.0, 0.0, 0.6666666666666667, 0.0
0.0, 0.0, 0.0, 0.0, 0.0
0.0, 0.0, 0.0, 0.0, 0.0
0.017241379310344827, 0.0, 0.0, 0.5, 0.0
0.02777777777777778, 0.0, 0.0, 0.6666666666666667, 0.0
0.0, 0.0, 0.0, 0.0, 0.0
0.0, 0.0, 0.0, 0.0, 0.0
0.0, 0.0, 0.0, 0.0, 0.0
0.018518518518518517, 0.0, 0.0, 0.5, 0.0
0.0, 0.0, 0.0, 0.0, 0.0
0.0, 0.0, 0.0, 0.0, 0.0
0.0, 0.0, 0.0, 0.0, 0.0
0.060256410256410264, 0.0, 0.0, 0.6666666666666667, 0.0
0.018518518518518517, 0.0, 0.0, 0.5, 0.0
0.017857142857142856, 0.0, 0.0, 0.5, 0.0
0.017857142857142856, 0.0, 0.0, 0.5, 0.0
0.0, 0.0, 0.0, 0.0, 0.0
0.07051282051282051, 0.0, 0.0, 0.6666666666666667, 0.0
0.0, 0.0, 0.0, 0.0, 0.0
0.0, 0.0, 0.0, 0.0, 0.0
0.0, 0.0, 0.0, 0.0, 0.0
0.02469135802469136, 0.0, 0.0, 0.6666666666666667, 0.0
0.0, 0.0, 0.0, 0.0, 0.0
0.0, 0.0, 0.0, 0.0, 0.0
0.0, 0.0, 0.0, 0.0, 0.0
0.017241379310344827, 0.0, 0.0, 0.5, 0.0
0.0, 0.0, 0.0, 0.0, 0.0
0.02298850574712644, 0.0, 0.0, 0.6666666666666667, 0.0
0.0, 0.0, 0.0, 0.0, 0.0
0.0, 0.0, 0.0, 0.0, 0.0
0.040229885057471264, 0.0, 0.0, 0.6666666666666667, 0.0
0.0, 0.0, 0.0, 0.0, 0.0
0.0, 0.0, 0.0, 0.0, 0.0
0.02, 0.0, 0.0, 0.5, 0.0
0.0, 0.0, 0.0, 0.0, 0.0
0.0, 0.0, 0.0, 0.0, 0.0
0.0, 0.0, 0.0, 0.0, 0.0
0.02, 0.0, 0.0, 0.5, 0.0
0.019230769230769232, 0.0, 0.0, 0.5, 0.0
0.0, 0.0, 0.0, 0.0, 0.0
0.02380952380952381, 0.0, 0.0, 0.6666666666666667, 0.0
0.0, 0.0, 0.0, 0.0, 0.0
0.0, 0.0, 0.0, 0.0, 0.0
0.017241379310344827, 0.0, 0.0, 0.5, 0.0
0.0, 0.0, 0.0, 0.0, 0.0
0.0, 0.0, 0.0, 0.0, 0.0
0.0, 0.0, 0.0, 0.0, 0.0
0.0, 0.0, 0.0, 0.0, 0.0
0.022222222222222223, 0.0, 0.0, 0.6666666666666667, 0.0
0.0, 0.0, 0.0, 0.0, 0.0
0.0, 0.0, 0.0, 0.0, 0.0
0.0, 0.0, 0.0, 0.0, 0.0
0.0, 0.0, 0.0, 0.0, 0.0
0.0, 0.0, 0.0, 0.0, 0.0
0.0, 0.0, 0.0, 0.0, 0.0
0.03950617283950618, 0.0, 0.0, 0.6666666666666667, 0.0
0.0, 0.0, 0.0, 0.0, 0.0
0.0, 0.0, 0.0, 0.0, 0.0
0.022222222222222223, 0.0, 0.0, 0.6666666666666667, 0.0
0.016666666666666666, 0.0, 0.0, 0.5, 0.0
0.03888888888888889, 0.0, 0.0, 0.6666666666666667, 0.0
0.0, 0.0, 0.0, 0.0, 0.0
0.0, 0.0, 0.0, 0.0, 0.0
0.0, 0.0, 0.0, 0.0, 0.0
0.0, 0.0, 0.0, 0.0, 0.0
0.0, 0.0, 0.0, 0.0, 0.0
0.0, 0.0, 0.0, 0.0, 0.0
0.0, 0.0, 0.0, 0.0, 0.0
0.0, 0.0, 0.0, 0.0, 0.0
0.019230769230769232, 0.0, 0.0, 0.5, 0.0
0.02298850574712644, 0.0, 0.0, 0.6666666666666667, 0.0
0.0, 0.0, 0.0, 0.0, 0.0
0.0, 0.0, 0.0, 0.0, 0.0
0.0, 0.0, 0.0, 0.0, 0.0
0.02380952380952381, 0.0, 0.0, 0.6666666666666667, 0.0
0.0, 0.0, 0.0, 0.0, 0.0
0.017241379310344827, 0.0, 0.0, 0.5, 0.0
0.0, 0.0, 0.0, 0.0, 0.0
0.017241379310344827, 0.0, 0.0, 0.5, 0.0
0.02469135802469136, 0.0, 0.0, 0.6666666666666667, 0.0
0.0, 0.0, 0.0, 0.0, 0.0
0.0, 0.0, 0.0, 0.0, 0.0
0.018518518518518517, 0.0, 0.0, 0.5, 0.0
0.0, 0.0, 0.0, 0.0, 0.0
0.0, 0.0, 0.0, 0.0, 0.0
0.0, 0.0, 0.0, 0.0, 0.0
0.0, 0.0, 0.0, 0.0, 0.0
0.02469135802469136, 0.0, 0.0, 0.6666666666666667, 0.0
0.03888888888888889, 0.0, 0.0, 0.6666666666666667, 0.0
0.044444444444444446, 0.0, 0.0, 0.6666666666666667, 0.0
0.017857142857142856, 0.0, 0.0, 0.5, 0.0
0.0, 0.0, 0.0, 0.0, 0.0
0.0, 0.0, 0.0, 0.0, 0.0
0.0, 0.0, 0.0, 0.0, 0.0
0.0, 0.0, 0.0, 0.0, 0.0
0.0, 0.0, 0.0, 0.0, 0.0
0.0, 0.0, 0.0, 0.0, 0.0
0.0, 0.0, 0.0, 0.0, 0.0
0.0, 0.0, 0.0, 0.0, 0.0
0.0, 0.0, 0.0, 0.0, 0.0
0.0, 0.0, 0.0, 0.0, 0.0
0.02380952380952381, 0.0, 0.0, 0.6666666666666667, 0.0
0.07407407407407407, 0.0, 0.0, 0.6666666666666667, 0.0
0.0, 0.0, 0.0, 0.0, 0.0
0.0, 0.0, 0.0, 0.0, 0.0
0.013793103448275864, 0.0, 0.0, 0.4, 0.0
0.0, 0.0, 0.0, 0.0, 0.0
0.0, 0.0, 0.0, 0.0, 0.0
0.017857142857142856, 0.0, 0.0, 0.5, 0.0
0.0, 0.0, 0.0, 0.0, 0.0
0.0, 0.0, 0.0, 0.0, 0.0
0.0, 0.0, 0.0, 0.0, 0.0
0.015384615384615385, 0.0, 0.0, 0.4, 0.0
0.0, 0.0, 0.0, 0.0, 0.0
0.0, 0.0, 0.0, 0.0, 0.0
0.022222222222222223, 0.0, 0.0, 0.6666666666666667, 0.0
