0.32976190476190487, 0.25, 0.19999999999999996, 0.5714285714285714, 0.0
0.33800000000000013, 0.33333333333333337, 0.25, 0.5, 0.0
0.3574404761904763, 0.4, 0.19999999999999996, 0.5714285714285714, 0.0
0.3475274725274726, 0.33333333333333337, 0.25, 0.5714285714285714, 0.0
0.3488095238095239, 0.3666666666666667, 0.25, 0.5, 0.0
0.3073908730158731, 0.25, 0.19999999999999996, 0.5, 0.0
0.34166666666666673, 0.33333333333333337, 0.19999999999999996, 0.5714285714285714, 0.0
0.3680000000000001, 0.4, 0.19999999999999996, 0.5, 0.0
0.3656966490299824, 0.33333333333333337, 0.25, 0.6, 0.0
0.3238095238095238, 0.33333333333333337, 0.25, 0.5, 0.0
0.3360000000000001, 0.33333333333333337, 0.25, 0.5, 0.0
0.3536630036630038, 0.33333333333333337, 0.19999999999999996, 0.5714285714285714, 0.0
0.33260073260073264, 0.25, 0.19999999999999996, 0.5, 0.0
0.3496190476190477, 0.33333333333333337, 0.19999999999999996, 0.5714285714285714, 0.0
0.3506666666666668, 0.4, 0.25, 0.5, 0.0
0.3434523809523811, 0.33333333333333337, 0.19999999999999996, 0.5, 0.0
0.32414965986394567, 0.25, 0.19999999999999996, 0.5, 0.0
0.36737012987012996, 0.4, 0.19999999999999996, 0.5714285714285714, 0.0
0.34913419913419924, 0.33333333333333337, 0.19999999999999996, 0.5, 0.0
0.3426190476190477, 0.33333333333333337, 0.25, 0.5714285714285714, 0.0
0.36150793650793656, 0.33333333333333337, 0.19999999999999996, 0.6, 0.0
0.34172335600907033, 0.33333333333333337, 0.19999999999999996, 0.5714285714285714, 0.0
0.34545454545454557, 0.33333333333333337, 0.19999999999999996, 0.5, 0.0
0.3498095238095239, 0.33333333333333337, 0.25, 0.5, 0.0
0.3787698412698413, 0.3666666666666667, 0.19999999999999996, 0.5714285714285714, 0.0
0.31785714285714295, 0.30952380952380953, 0.19999999999999996, 0.5, 0.0
0.3604554865424431, 0.4, 0.25, 0.5, 0.0
0.3373015873015874, 0.33333333333333337, 0.25, 0.5714285714285714, 0.0
0.3416666666666668, 0.33333333333333337, 0.19999999999999996, 0.5, 0.0
0.33897707231040575, 0.33333333333333337, 0.19999999999999996, 0.5, 0.0
0.3253623188405798, 0.33333333333333337, 0.25, 0.5, 0.0
0.3148550724637682, 0.33333333333333337, 0.19999999999999996, 0.5, 0.0
0.3678571428571429, 0.4, 0.25, 0.6, 0.0
0.35912698412698424, 0.4, 0.25, 0.5714285714285714, 0.0
0.3725274725274726, 0.4, 0.25, 0.5, 0.0
0.32081128747795423, 0.33333333333333337, 0.19999999999999996, 0.5, 0.0
0.35158730158730167, 0.4, 0.25, 0.5, 0.0
0.3565934065934066, 0.33333333333333337, 0.25, 0.5714285714285714, 0.0
0.31416666666666676, 0.2916666666666667, 0.19999999999999996, 0.5714285714285714, 0.0
0.3376543209876544, 0.33333333333333337, 0.19999999999999996, 0.5714285714285714, 0.0
0.34728571428571436, 0.25, 0.25, 0.6, 0.0
0.3417142857142858, 0.33333333333333337, 0.25, 0.5714285714285714, 0.0
0.3094246031746032, 0.25, 0.19999999999999996, 0.5, 0.0
0.3385531135531136, 0.33333333333333337, 0.25, 0.5, 0.0
0.32422360248447213, 0.33333333333333337, 0.19999999999999996, 0.5, 0.0
0.33571428571428585, 0.33333333333333337, 0.25, 0.5, 0.0
0.3651785714285715, 0.33333333333333337, 0.25, 0.6, 0.0
0.29350649350649344, 0.25, 0.19999999999999996, 0.5714285714285714, 0.0
0.3389880952380954, 0.33333333333333337, 0.19999999999999996, 0.5, 0.0
0.34315476190476196, 0.3666666666666667, 0.19999999999999996, 0.5, 0.0
0.32686335403726724, 0.33333333333333337, 0.25, 0.5, 0.0
0.3263957307060756, 0.25, 0.25, 0.625, 0.0
0.34372294372294376, 0.2916666666666667, 0.19999999999999996, 0.5, 0.0
0.32369047619047625, 0.2916666666666667, 0.19999999999999996, 0.5, 0.0
0.39945436507936516, 0.4, 0.25, 0.6, 0.0
0.33313492063492073, 0.33333333333333337, 0.19999999999999996, 0.6666666666666667, 0.0
0.329089026915114, 0.25, 0.19999999999999996, 0.5, 0.0
0.3702898550724638, 0.4, 0.25, 0.5714285714285714, 0.0
0.32085714285714295, 0.33333333333333337, 0.19999999999999996, 0.5714285714285714, 0.0
0.321252204585538, 0.25, 0.25, 0.5, 0.0
0.32000000000000006, 0.2857142857142857, 0.25, 0.4285714285714286, 0.0
0.3536309523809524, 0.3875, 0.19999999999999996, 0.5, 0.0
0.3496825396825398, 0.33333333333333337, 0.25, 0.5714285714285714, 0.0
0.29934318555008216, 0.25, 0.19999999999999996, 0.5, 0.0
0.3685396825396826, 0.4, 0.19999999999999996, 0.5714285714285714, 0.0
0.31619047619047624, 0.25, 0.19999999999999996, 0.5, 0.0
0.3362857142857144, 0.33333333333333337, 0.19999999999999996, 0.6, 0.0
0.32904761904761914, 0.25, 0.19999999999999996, 0.5, 0.0
0.3329861111111112, 0.25, 0.19999999999999996, 0.625, 0.0
0.3559082892416227, 0.33333333333333337, 0.25, 0.5714285714285714, 0.0
0.3153846153846155, 0.25, 0.19999999999999996, 0.5, 0.0
0.3345648604269294, 0.33333333333333337, 0.19999999999999996, 0.6, 0.0
0.32923809523809533, 0.25, 0.25, 0.5714285714285714, 0.0
0.3209956709956711, 0.2916666666666667, 0.16666666666666663, 0.5, 0.0
0.35375457875457883, 0.3666666666666667, 0.25, 0.5, 0.0
0.3215238095238096, 0.25, 0.19999999999999996, 0.5714285714285714, 0.0
0.35352564102564116, 0.33333333333333337, 0.25, 0.5714285714285714, 0.0
0.36534391534391547, 0.4, 0.25, 0.5, 0.0
0.3289047619047621, 0.33333333333333337, 0.25, 0.5, 0.0
0.32123809523809527, 0.2857142857142857, 0.19999999999999996, 0.5714285714285714, 0.0
0.34037267080745354, 0.33333333333333337, 0.19999999999999996, 0.5, 0.0
0.34977324263038556, 0.33333333333333337, 0.25, 0.5, 0.0
0.30123809523809525, 0.25, 0.19999999999999996, 0.4285714285714286, 0.0
0.32202380952380966, 0.2916666666666667, 0.25, 0.5, 0.0
0.33375850340136065, 0.33333333333333337, 0.19999999999999996, 0.5714285714285714, 0.0
0.3386621315192744, 0.2857142857142857, 0.25, 0.5714285714285714, 0.0
0.349904761904762, 0.33333333333333337, 0.25, 0.5, 0.0
0.3360000000000001, 0.33333333333333337, 0.19999999999999996, 0.5, 0.0
0.3332380952380954, 0.33333333333333337, 0.19999999999999996, 0.5, 0.0
0.3356060606060607, 0.2916666666666667, 0.25, 0.5, 0.0
0.36266666666666675, 0.4, 0.19999999999999996, 0.5714285714285714, 0.0
0.3424242424242425, 0.33333333333333337, 0.25, 0.5714285714285714, 0.0
0.3448717948717949, 0.3666666666666667, 0.25, 0.5, 0.0
0.31692176870748306, 0.25, 0.19999999999999996, 0.5714285714285714, 0.0
0.3383597883597884, 0.33333333333333337, 0.25, 0.5, 0.0
0.3102564102564104, 0.25, 0.19999999999999996, 0.4, 0.0
0.31000000000000005, 0.2916666666666667, 0.25, 0.5, 0.0
0.3344322344322345, 0.33333333333333337, 0.19999999999999996, 0.5, 0.0
0.35223214285714305, 0.33333333333333337, 0.25, 0.5714285714285714, 0.0
0.32955665024630554, 0.33333333333333337, 0.16666666666666663, 0.5, 0.0
0.35347619047619055, 0.33333333333333337, 0.25, 0.5714285714285714, 0.0
0.3306277056277057, 0.2916666666666667, 0.25, 0.5, 0.0
0.3346611721611723, 0.33333333333333337, 0.19999999999999996, 0.5, 0.0
0.33250517598343693, 0.33333333333333337, 0.19999999999999996, 0.5, 0.0
0.3603896103896104, 0.3666666666666667, 0.25, 0.5714285714285714, 0.0
0.3580128205128207, 0.4, 0.19999999999999996, 0.5, 0.0
0.3244047619047619, 0.26785714285714285, 0.19999999999999996, 0.5, 0.0
0.32188644688644696, 0.30952380952380953, 0.19999999999999996, 0.5, 0.0
0.3827619047619048, 0.4, 0.25, 0.6, 0.0
0.37834249084249094, 0.4, 0.25, 0.5714285714285714, 0.0
0.31575091575091585, 0.26785714285714285, 0.19999999999999996, 0.4285714285714286, 0.0
0.2958095238095238, 0.25, 0.25, 0.5, 0.0
0.3387896825396826, 0.33333333333333337, 0.25, 0.5714285714285714, 0.0
0.3676807760141095, 0.33333333333333337, 0.19999999999999996, 0.625, 0.0
0.3332766439909298, 0.33333333333333337, 0.19999999999999996, 0.5, 0.0
0.3611721611721613, 0.3666666666666667, 0.19999999999999996, 0.5714285714285714, 0.0
0.35615942028985514, 0.33333333333333337, 0.19999999999999996, 0.6, 0.0
0.3322857142857144, 0.33333333333333337, 0.25, 0.4285714285714286, 0.0
0.34253246753246763, 0.3666666666666667, 0.19999999999999996, 0.5, 0.0
0.3161255411255412, 0.25, 0.19999999999999996, 0.5714285714285714, 0.0
0.3300476190476191, 0.33333333333333337, 0.19999999999999996, 0.5, 0.0
0.3365384615384616, 0.2916666666666667, 0.25, 0.5, 0.0
0.33964285714285725, 0.4, 0.19999999999999996, 0.5, 0.0
0.3328571428571429, 0.33333333333333337, 0.25, 0.5, 0.0
0.3552197802197803, 0.33333333333333337, 0.25, 0.5714285714285714, 0.0
0.31584249084249094, 0.25, 0.19999999999999996, 0.5, 0.0
0.3179089026915115, 0.25, 0.25, 0.5, 0.0
0.3522857142857144, 0.4, 0.25, 0.5714285714285714, 0.0
0.3536630036630038, 0.3666666666666667, 0.25, 0.5714285714285714, 0.0
0.338919413919414, 0.33333333333333337, 0.0, 0.5, 0.0
0.34981684981684985, 0.3666666666666667, 0.19999999999999996, 0.6, 0.0
0.3326666666666668, 0.25, 0.25, 0.5714285714285714, 0.0
0.3265714285714287, 0.25, 0.25, 0.5, 0.0
0.3455853174603176, 0.33333333333333337, 0.25, 0.6, 0.0
0.3396480331262941, 0.33333333333333337, 0.25, 0.5, 0.0
0.3365424430641823, 0.33333333333333337, 0.19999999999999996, 0.5, 0.0
0.3263975155279503, 0.25, 0.19999999999999996, 0.6, 0.0
0.30487012987012996, 0.25, 0.25, 0.4285714285714286, 0.0
0.3287784679089028, 0.33333333333333337, 0.19999999999999996, 0.5, 0.0
0.34560439560439565, 0.33333333333333337, 0.25, 0.5, 0.0
0.3190476190476191, 0.25, 0.19999999999999996, 0.5, 0.0
0.34578754578754595, 0.33333333333333337, 0.19999999999999996, 0.5, 0.0
0.3093333333333334, 0.25, 0.25, 0.5, 0.0
0.35180952380952396, 0.4, 0.19999999999999996, 0.5714285714285714, 0.0
0.3491228070175439, 0.4, 0.19999999999999996, 0.5, 0.0
0.32901234567901244, 0.33333333333333337, 0.25, 0.5, 0.0
0.32037037037037036, 0.33333333333333337, 0.25, 0.5714285714285714, 0.0
0.34995039682539697, 0.33333333333333337, 0.25, 0.5, 0.0
0.296952380952381, 0.25, 0.19999999999999996, 0.4285714285714286, 0.0
0.37847222222222227, 0.4, 0.19999999999999996, 0.5714285714285714, 0.0
0.3394179894179895, 0.33333333333333337, 0.19999999999999996, 0.5714285714285714, 0.0
0.3331428571428573, 0.33333333333333337, 0.19999999999999996, 0.5, 0.0
0.3068571428571429, 0.25, 0.25, 0.5714285714285714, 0.0
0.3531428571428573, 0.33333333333333337, 0.25, 0.5, 0.0
0.3213435374149661, 0.33333333333333337, 0.19999999999999996, 0.4285714285714286, 0.0
0.33112874779541457, 0.33333333333333337, 0.25, 0.5, 0.0
0.36067019400352746, 0.4, 0.25, 0.5, 0.0
0.34575569358178065, 0.4, 0.25, 0.4285714285714286, 0.0
0.35273368606701955, 0.33333333333333337, 0.19999999999999996, 0.5, 0.0
0.3232380952380953, 0.25, 0.19999999999999996, 0.5, 0.0
0.346376811594203, 0.4, 0.25, 0.5, 0.0
0.36097308488612845, 0.4, 0.19999999999999996, 0.5714285714285714, 0.0
0.3367494824016564, 0.33333333333333337, 0.25, 0.5, 0.0
0.32251082251082264, 0.25, 0.25, 0.5, 0.0
0.3324016563146999, 0.33333333333333337, 0.19999999999999996, 0.5714285714285714, 0.0
0.33747412008281585, 0.33333333333333337, 0.25, 0.5714285714285714, 0.0
0.35131124913733613, 0.4, 0.25, 0.5, 0.0
0.3285173160173161, 0.30952380952380953, 0.25, 0.5714285714285714, 0.0
0.3204761904761906, 0.33333333333333337, 0.16666666666666663, 0.6, 0.0
0.33104761904761915, 0.25, 0.19999999999999996, 0.5, 0.0
0.352838827838828, 0.4, 0.19999999999999996, 0.5, 0.0
0.3294871794871796, 0.33333333333333337, 0.19999999999999996, 0.5, 0.0
0.3179089026915115, 0.25, 0.19999999999999996, 0.5, 0.0
0.31359558316080066, 0.25, 0.19999999999999996, 0.5555555555555556, 0.0
0.3652014652014653, 0.33333333333333337, 0.19999999999999996, 0.6, 0.0
0.35543478260869577, 0.375, 0.25, 0.6, 0.0
0.35465838509316777, 0.4, 0.25, 0.5, 0.0
0.34489795918367355, 0.33333333333333337, 0.25, 0.5, 0.0
0.32342857142857157, 0.2857142857142857, 0.19999999999999996, 0.5714285714285714, 0.0
0.35238095238095246, 0.33333333333333337, 0.25, 0.5714285714285714, 0.0
0.31614906832298145, 0.25, 0.19999999999999996, 0.5714285714285714, 0.0
0.3480158730158731, 0.3666666666666667, 0.25, 0.5, 0.0
0.3263392857142858, 0.2916666666666667, 0.25, 0.5, 0.0
0.32184265010351976, 0.33333333333333337, 0.19999999999999996, 0.5, 0.0
0.323913043478261, 0.33333333333333337, 0.25, 0.5, 0.0
0.3302277432712216, 0.25, 0.19999999999999996, 0.5714285714285714, 0.0
0.36471306471306486, 0.4, 0.19999999999999996, 0.6666666666666667, 0.0
0.32452380952380966, 0.33333333333333337, 0.19999999999999996, 0.4285714285714286, 0.0
0.331926406926407, 0.33333333333333337, 0.25, 0.5, 0.0
0.35209523809523824, 0.4, 0.19999999999999996, 0.5, 0.0
0.3420289855072465, 0.33333333333333337, 0.19999999999999996, 0.5714285714285714, 0.0
0.3622294372294373, 0.33333333333333337, 0.25, 0.5714285714285714, 0.0
0.3328231292517007, 0.2916666666666667, 0.25, 0.5, 0.0
0.36016865079365085, 0.4, 0.25, 0.5, 0.0
0.3466873706004142, 0.4, 0.25, 0.5, 0.0
0.33924603174603185, 0.33333333333333337, 0.19999999999999996, 0.5, 0.0
0.34203296703296715, 0.33333333333333337, 0.19999999999999996, 0.5, 0.0
0.34910714285714306, 0.33333333333333337, 0.25, 0.5, 0.0
0.3333959899749374, 0.33333333333333337, 0.19999999999999996, 0.5, 0.0
0.32123809523809527, 0.25, 0.19999999999999996, 0.5, 0.0
