0.5988100788100786, 0.6, 0.25, 0.7692307692307692, 0.0
0.5416352166352164, 0.5555555555555556, 0.19999999999999996, 0.7333333333333334, 0.0
0.4994555444555443, 0.5192307692307692, 0.19999999999999996, 0.7142857142857143, 0.0
0.4849622599622599, 0.5, 0.19999999999999996, 0.7142857142857143, 0.0
0.4668475968475968, 0.5, 0.19999999999999996, 0.7142857142857143, 0.0
0.4395521145521145, 0.4580419580419581, 0.19999999999999996, 0.7142857142857143, 0.0
0.4395787545787545, 0.4641025641025641, 0.19999999999999996, 0.7142857142857143, 0.0
0.4444200244200244, 0.4641025641025641, 0.19999999999999996, 0.7142857142857143, 0.0
0.4421733821733821, 0.4666666666666667, 0.19999999999999996, 0.7142857142857143, 0.0
0.4448462648462648, 0.4666666666666667, 0.19999999999999996, 0.7142857142857143, 0.0
0.426036741036741, 0.48333333333333334, 0.19999999999999996, 0.6666666666666667, 0.0
0.4303296703296703, 0.5, 0.19999999999999996, 0.6666666666666667, 0.0
0.43438949938949933, 0.5, 0.19999999999999996, 0.6666666666666667, 0.0
0.4096153846153846, 0.48333333333333334, 0.0, 0.5384615384615384, 0.0
0.4073931623931624, 0.48333333333333334, 0.0, 0.5384615384615384, 0.0
0.40611111111111114, 0.48333333333333334, 0.0, 0.5384615384615384, 0.0
0.4124358974358975, 0.48333333333333334, 0.0, 0.5333333333333333, 0.0
0.4133882783882784, 0.5, 0.0, 0.5333333333333333, 0.0
0.41484126984126984, 0.5, 0.0, 0.5384615384615384, 0.0
0.4208852258852259, 0.5, 0.0, 0.5714285714285714, 0.0
0.42437728937728936, 0.5, 0.0, 0.5714285714285714, 0.0
0.42072649572649573, 0.5, 0.0, 0.5384615384615384, 0.0
0.4181623931623932, 0.5, 0.0, 0.5384615384615384, 0.0
0.4192735042735043, 0.5, 0.0, 0.5384615384615384, 0.0
0.4237179487179487, 0.5, 0.0, 0.5384615384615384, 0.0
0.4263247863247864, 0.5, 0.0, 0.5384615384615384, 0.0
0.42619810744810743, 0.5, 0.0, 0.5625, 0.0
0.4240079365079365, 0.5, 0.0, 0.5625, 0.0
0.42161477411477416, 0.5, 0.0, 0.5625, 0.0
0.4203327228327228, 0.5, 0.0, 0.5625, 0.0
0.42299145299145297, 0.5, 0.0, 0.5714285714285714, 0.0
0.42537240537240534, 0.5, 0.0, 0.5714285714285714, 0.0
0.4207936507936508, 0.5, 0.0, 0.5714285714285714, 0.0
0.4160317460317461, 0.46153846153846156, 0.0, 0.5714285714285714, 0.0
0.41522588522588527, 0.4450549450549451, 0.0, 0.5714285714285714, 0.0
0.4104639804639805, 0.4285714285714286, 0.0, 0.5714285714285714, 0.0
0.40490842490842494, 0.4285714285714286, 0.0, 0.5714285714285714, 0.0
0.4036263736263737, 0.4285714285714286, 0.0, 0.5714285714285714, 0.0
0.40490842490842494, 0.4285714285714286, 0.0, 0.5714285714285714, 0.0
0.40490842490842494, 0.4285714285714286, 0.0, 0.5714285714285714, 0.0
0.40490842490842494, 0.4285714285714286, 0.0, 0.5714285714285714, 0.0
0.4010622710622711, 0.4285714285714286, 0.0, 0.5714285714285714, 0.0
0.39849816849816855, 0.4285714285714286, 0.0, 0.5714285714285714, 0.0
0.39630036630036636, 0.4285714285714286, 0.0, 0.5, 0.0
0.393919413919414, 0.4285714285714286, 0.0, 0.5, 0.0
0.3928205128205129, 0.4285714285714286, 0.0, 0.5, 0.0
0.3953846153846155, 0.4285714285714286, 0.0, 0.5, 0.0
0.3942857142857144, 0.4285714285714286, 0.0, 0.5, 0.0
0.3884126984126985, 0.4285714285714286, 0.0, 0.5, 0.0
0.38476190476190486, 0.4285714285714286, 0.0, 0.5, 0.0
0.38714285714285723, 0.4285714285714286, 0.0, 0.5, 0.0
0.38476190476190486, 0.4285714285714286, 0.0, 0.5, 0.0
0.3792063492063493, 0.4285714285714286, 0.0, 0.5, 0.0
0.3792063492063493, 0.4285714285714286, 0.0, 0.5, 0.0
0.3792063492063493, 0.4285714285714286, 0.0, 0.5, 0.0
0.3792063492063493, 0.4285714285714286, 0.0, 0.5, 0.0
0.3815873015873017, 0.4285714285714286, 0.0, 0.5, 0.0
0.38285714285714295, 0.4285714285714286, 0.0, 0.5, 0.0
0.3780952380952382, 0.4285714285714286, 0.0, 0.5, 0.0
0.3780952380952382, 0.4285714285714286, 0.0, 0.5, 0.0
0.3780952380952382, 0.4285714285714286, 0.0, 0.5, 0.0
0.3804761904761906, 0.4285714285714286, 0.0, 0.5, 0.0
0.3804761904761906, 0.4285714285714286, 0.0, 0.5, 0.0
0.3804761904761906, 0.4285714285714286, 0.0, 0.5, 0.0
0.3804761904761906, 0.4285714285714286, 0.0, 0.5, 0.0
0.3804761904761906, 0.4285714285714286, 0.0, 0.5, 0.0
0.3804761904761906, 0.4285714285714286, 0.0, 0.5, 0.0
0.39285714285714296, 0.4285714285714286, 0.0, 0.5, 0.0
0.3952380952380954, 0.4285714285714286, 0.0, 0.5, 0.0
0.40000000000000013, 0.4285714285714286, 0.0, 0.5, 0.0
0.40238095238095245, 0.4285714285714286, 0.0, 0.5, 0.0
0.40873015873015883, 0.4285714285714286, 0.0, 0.5, 0.0
0.4111111111111112, 0.4285714285714286, 0.0, 0.5, 0.0
0.4134920634920636, 0.4642857142857143, 0.0, 0.5, 0.0
0.41587301587301595, 0.5, 0.0, 0.5, 0.0
0.4182539682539683, 0.5, 0.0, 0.5, 0.0
0.4206349206349207, 0.5, 0.0, 0.5, 0.0
0.4206349206349207, 0.5, 0.0, 0.5, 0.0
0.4206349206349207, 0.5, 0.0, 0.5, 0.0
0.4206349206349207, 0.5, 0.0, 0.5, 0.0
0.4206349206349207, 0.5, 0.0, 0.5, 0.0
0.4206349206349207, 0.5, 0.0, 0.5, 0.0
0.4206349206349207, 0.5, 0.0, 0.5, 0.0
0.4206349206349207, 0.5, 0.0, 0.5, 0.0
0.4206349206349207, 0.5, 0.0, 0.5, 0.0
0.4206349206349207, 0.5, 0.0, 0.5, 0.0
0.4206349206349207, 0.5, 0.0, 0.5, 0.0
0.4206349206349207, 0.5, 0.0, 0.5, 0.0
0.4206349206349207, 0.5, 0.0, 0.5, 0.0
0.4206349206349207, 0.5, 0.0, 0.5, 0.0
0.4206349206349207, 0.5, 0.0, 0.5, 0.0
0.4206349206349207, 0.5, 0.0, 0.5, 0.0
0.4206349206349207, 0.5, 0.0, 0.5, 0.0
0.4161904761904763, 0.5, 0.0, 0.5, 0.0
0.4161904761904763, 0.5, 0.0, 0.5, 0.0
0.41857142857142854, 0.5, 0.0, 0.5, 0.0
0.41857142857142854, 0.5, 0.0, 0.5, 0.0
0.420952380952381, 0.5, 0.0, 0.5, 0.0
0.420952380952381, 0.5, 0.0, 0.5, 0.0
0.420952380952381, 0.5, 0.0, 0.5, 0.0
0.420952380952381, 0.5, 0.0, 0.5, 0.0
0.420952380952381, 0.5, 0.0, 0.5, 0.0
0.420952380952381, 0.5, 0.0, 0.5, 0.0
0.420952380952381, 0.5, 0.0, 0.5, 0.0
0.420952380952381, 0.5, 0.0, 0.5, 0.0
0.420952380952381, 0.5, 0.0, 0.5, 0.0
0.420952380952381, 0.5, 0.0, 0.5, 0.0
0.420952380952381, 0.5, 0.0, 0.5, 0.0
0.420952380952381, 0.5, 0.0, 0.5, 0.0
0.420952380952381, 0.5, 0.0, 0.5, 0.0
0.420952380952381, 0.5, 0.0, 0.5, 0.0
0.420952380952381, 0.5, 0.0, 0.5, 0.0
0.420952380952381, 0.5, 0.0, 0.5, 0.0
0.420952380952381, 0.5, 0.0, 0.5, 0.0
0.420952380952381, 0.5, 0.0, 0.5, 0.0
0.420952380952381, 0.5, 0.0, 0.5, 0.0
0.420952380952381, 0.5, 0.0, 0.5, 0.0
0.420952380952381, 0.5, 0.0, 0.5, 0.0
0.420952380952381, 0.5, 0.0, 0.5, 0.0
0.420952380952381, 0.5, 0.0, 0.5, 0.0
0.420952380952381, 0.5, 0.0, 0.5, 0.0
0.420952380952381, 0.5, 0.0, 0.5, 0.0
0.420952380952381, 0.5, 0.0, 0.5, 0.0
0.420952380952381, 0.5, 0.0, 0.5, 0.0
0.4142857142857143, 0.5, 0.0, 0.5, 0.0
0.4142857142857143, 0.5, 0.0, 0.5, 0.0
0.4166666666666667, 0.5, 0.0, 0.5, 0.0
0.4166666666666667, 0.5, 0.0, 0.5, 0.0
0.4166666666666667, 0.5, 0.0, 0.5, 0.0
0.4222222222222223, 0.5, 0.0, 0.5, 0.0
0.4222222222222223, 0.5, 0.0, 0.5, 0.0
0.4222222222222223, 0.5, 0.0, 0.5, 0.0
0.4222222222222223, 0.5, 0.0, 0.5, 0.0
0.4222222222222223, 0.5, 0.0, 0.5, 0.0
0.4222222222222223, 0.5, 0.0, 0.5, 0.0
0.4222222222222223, 0.5, 0.0, 0.5, 0.0
0.4222222222222223, 0.5, 0.0, 0.5, 0.0
0.4222222222222223, 0.5, 0.0, 0.5, 0.0
0.4222222222222223, 0.5, 0.0, 0.5, 0.0
0.4222222222222223, 0.5, 0.0, 0.5, 0.0
0.4222222222222223, 0.5, 0.0, 0.5, 0.0
0.4222222222222223, 0.5, 0.0, 0.5, 0.0
0.4222222222222223, 0.5, 0.0, 0.5, 0.0
0.4222222222222223, 0.5, 0.0, 0.5, 0.0
0.4222222222222223, 0.5, 0.0, 0.5, 0.0
0.4222222222222223, 0.5, 0.0, 0.5, 0.0
0.4365079365079365, 0.5, 0.0, 0.5, 0.0
0.4365079365079365, 0.5, 0.0, 0.5, 0.0
0.4365079365079365, 0.5, 0.0, 0.5, 0.0
0.4365079365079365, 0.5, 0.0, 0.5, 0.0
0.45079365079365086, 0.5, 0.16666666666666663, 0.5, 0.0
0.45079365079365086, 0.5, 0.16666666666666663, 0.5, 0.0
0.45079365079365086, 0.5, 0.16666666666666663, 0.5, 0.0
0.45079365079365086, 0.5, 0.16666666666666663, 0.5, 0.0
0.45079365079365086, 0.5, 0.16666666666666663, 0.5, 0.0
0.45079365079365086, 0.5, 0.16666666666666663, 0.5, 0.0
0.45079365079365086, 0.5, 0.16666666666666663, 0.5, 0.0
0.45079365079365086, 0.5, 0.16666666666666663, 0.5, 0.0
0.45079365079365086, 0.5, 0.16666666666666663, 0.5, 0.0
0.45079365079365086, 0.5, 0.16666666666666663, 0.5, 0.0
0.45079365079365086, 0.5, 0.16666666666666663, 0.5, 0.0
0.45079365079365086, 0.5, 0.16666666666666663, 0.5, 0.0
0.45079365079365086, 0.5, 0.16666666666666663, 0.5, 0.0
0.4463492063492064, 0.5, 0.16666666666666663, 0.5, 0.0
0.4463492063492064, 0.5, 0.16666666666666663, 0.5, 0.0
0.4463492063492064, 0.5, 0.16666666666666663, 0.5, 0.0
0.4463492063492064, 0.5, 0.16666666666666663, 0.5, 0.0
0.4463492063492064, 0.5, 0.16666666666666663, 0.5, 0.0
0.4463492063492064, 0.5, 0.16666666666666663, 0.5, 0.0
0.4463492063492064, 0.5, 0.16666666666666663, 0.5, 0.0
0.4463492063492064, 0.5, 0.16666666666666663, 0.5, 0.0
0.4463492063492064, 0.5, 0.16666666666666663, 0.5, 0.0
0.4463492063492064, 0.5, 0.16666666666666663, 0.5, 0.0
0.4463492063492064, 0.5, 0.16666666666666663, 0.5, 0.0
0.4463492063492064, 0.5, 0.16666666666666663, 0.5, 0.0
0.4463492063492064, 0.5, 0.16666666666666663, 0.5, 0.0
0.4463492063492064, 0.5, 0.16666666666666663, 0.5, 0.0
0.4463492063492064, 0.5, 0.16666666666666663, 0.5, 0.0
0.4463492063492064, 0.5, 0.16666666666666663, 0.5, 0.0
0.4463492063492064, 0.5, 0.16666666666666663, 0.5, 0.0
0.4463492063492064, 0.5, 0.16666666666666663, 0.5, 0.0
0.4463492063492064, 0.5, 0.16666666666666663, 0.5, 0.0
0.4463492063492064, 0.5, 0.16666666666666663, 0.5, 0.0
0.4463492063492064, 0.5, 0.16666666666666663, 0.5, 0.0
0.4463492063492064, 0.5, 0.16666666666666663, 0.5, 0.0
0.4463492063492064, 0.5, 0.16666666666666663, 0.5, 0.0
0.4463492063492064, 0.5, 0.16666666666666663, 0.5, 0.0
0.4463492063492064, 0.5, 0.16666666666666663, 0.5, 0.0
0.4463492063492064, 0.5, 0.16666666666666663, 0.5, 0.0
0.4463492063492064, 0.5, 0.16666666666666663, 0.5, 0.0
0.4463492063492064, 0.5, 0.16666666666666663, 0.5, 0.0
0.4463492063492064, 0.5, 0.16666666666666663, 0.5, 0.0
0.4463492063492064, 0.5, 0.16666666666666663, 0.5, 0.0
0.4463492063492064, 0.5, 0.16666666666666663, 0.5, 0.0
0.4463492063492064, 0.5, 0.16666666666666663, 0.5, 0.0
0.4463492063492064, 0.5, 0.16666666666666663, 0.5, 0.0
0.4463492063492064, 0.5, 0.16666666666666663, 0.5, 0.0
0.4463492063492064, 0.5, 0.16666666666666663, 0.5, 0.0
0.4463492063492064, 0.5, 0.16666666666666663, 0.5, 0.0
0.4463492063492064, 0.5, 0.16666666666666663, 0.5, 0.0
