0.3782661782661783, 0.5, 0.0, 0.7692307692307692, 0.0
0.5003418803418804, 0.5, 0.0, 0.7692307692307692, 0.0
0.5084848484848487, 0.6666666666666667, 0.0, 0.7272727272727273, 0.0
0.40920634920634935, 0.5714285714285714, 0.0, 0.6666666666666667, 0.0
0.4203418803418804, 0.6, 0.0, 0.7692307692307692, 0.0
0.4584126984126985, 0.5, 0.0, 0.6666666666666667, 0.0
0.4354689754689756, 0.5, 0.0, 0.7272727272727273, 0.0
0.49174603174603176, 0.5714285714285714, 0.0, 0.6666666666666667, 0.0
0.35809523809523813, 0.4, 0.0, 0.6666666666666667, 0.0
0.4627705627705628, 0.5714285714285714, 0.0, 0.7272727272727273, 0.0
0.5247619047619049, 0.6, 0.0, 0.6666666666666667, 0.0
0.45636141636141647, 0.5714285714285714, 0.0, 0.7692307692307692, 0.0
0.5395959595959597, 0.6666666666666667, 0.0, 0.8, 0.0
0.4243578643578644, 0.5, 0.0, 0.7272727272727273, 0.0
0.41018315018315016, 0.5, 0.0, 0.7692307692307692, 0.0
0.42715506715506724, 0.5, 0.0, 0.7692307692307692, 0.0
0.45142857142857146, 0.5714285714285714, 0.0, 0.6666666666666667, 0.0
0.4692063492063493, 0.6, 0.0, 0.6666666666666667, 0.0
0.34031746031746035, 0.4, 0.0, 0.6666666666666667, 0.0
0.45809523809523817, 0.6, 0.0, 0.6666666666666667, 0.0
0.4387301587301588, 0.5714285714285714, 0.0, 0.6666666666666667, 0.0
0.5472871572871575, 0.6666666666666667, 0.0, 0.75, 0.0
0.42747252747252756, 0.5714285714285714, 0.0, 0.7692307692307692, 0.0
0.5554689754689756, 0.6, 0.0, 0.8, 0.0
0.4218181818181819, 0.5, 0.0, 0.7272727272727273, 0.0
0.5980952380952382, 0.6666666666666667, 0.0, 0.6666666666666667, 0.0
0.48444444444444457, 0.6, 0.0, 0.6666666666666667, 0.0
0.5495238095238096, 0.6, 0.0, 0.6666666666666667, 0.0
0.5292063492063493, 0.6, 0.0, 0.6666666666666667, 0.0
0.44920634920634933, 0.5714285714285714, 0.0, 0.6666666666666667, 0.0
0.5224531024531026, 0.5714285714285714, 0.0, 0.75, 0.0
0.49737373737373747, 0.5, 0.0, 0.7272727272727273, 0.0
0.4465800865800867, 0.5, 0.0, 0.7272727272727273, 0.0
0.4466666666666668, 0.6, 0.0, 0.6666666666666667, 0.0
0.5386557886557888, 0.6666666666666667, 0.0, 0.7692307692307692, 0.0
0.33102453102453105, 0.4, 0.0, 0.7272727272727273, 0.0
0.5043578643578643, 0.5, 0.33333333333333337, 0.7272727272727273, 0.0
0.5023065823065823, 0.6, 0.0, 0.7692307692307692, 0.0
0.47636141636141643, 0.5714285714285714, 0.0, 0.7692307692307692, 0.0
0.42444444444444457, 0.6, 0.0, 0.6666666666666667, 0.0
0.5284848484848486, 0.6, 0.0, 0.7272727272727273, 0.0
0.42271062271062276, 0.5, 0.0, 0.7692307692307692, 0.0
0.4520634920634921, 0.5714285714285714, 0.0, 0.6666666666666667, 0.0
0.4377777777777779, 0.5, 0.0, 0.6666666666666667, 0.0
0.4957264957264958, 0.5, 0.0, 0.7692307692307692, 0.0
0.4739926739926741, 0.6666666666666667, 0.0, 0.7692307692307692, 0.0
0.4627106227106228, 0.5714285714285714, 0.0, 0.7692307692307692, 0.0
0.4024531024531025, 0.5, 0.0, 0.7272727272727273, 0.0
0.5142568542568544, 0.6666666666666667, 0.0, 0.7272727272727273, 0.0
0.5464335664335667, 0.6666666666666667, 0.0, 0.7692307692307692, 0.0
0.5489732489732491, 0.6666666666666667, 0.0, 0.7692307692307692, 0.0
0.4440404040404041, 0.4, 0.0, 0.7272727272727273, 0.0
0.4421356421356422, 0.5, 0.0, 0.7272727272727273, 0.0
0.47809523809523824, 0.6, 0.0, 0.6666666666666667, 0.0
0.4795093795093796, 0.6, 0.0, 0.7272727272727273, 0.0
0.44715506715506714, 0.5, 0.0, 0.7692307692307692, 0.0
0.4447619047619049, 0.6, 0.0, 0.6666666666666667, 0.0
0.4219891219891221, 0.6666666666666667, 0.0, 0.7692307692307692, 0.0
0.5914285714285715, 0.6, 0.33333333333333337, 0.8, 0.0
0.5517460317460318, 0.6, 0.0, 0.6666666666666667, 0.0
0.4136507936507937, 0.5, 0.0, 0.6666666666666667, 0.0
0.5273015873015875, 0.5714285714285714, 0.0, 0.6666666666666667, 0.0
0.5453968253968253, 0.6, 0.0, 0.6666666666666667, 0.0
0.517777777777778, 0.6666666666666667, 0.0, 0.6666666666666667, 0.0
0.45991341991342, 0.5714285714285714, 0.0, 0.7272727272727273, 0.0
0.4135042735042736, 0.5, 0.0, 0.7692307692307692, 0.0
0.4498412698412698, 0.5, 0.0, 0.6666666666666667, 0.0
0.4970085470085471, 0.6, 0.0, 0.7692307692307692, 0.0
0.5491197691197692, 0.6, 0.0, 0.7272727272727273, 0.0
0.4867510267510268, 0.5714285714285714, 0.0, 0.7692307692307692, 0.0
0.5135642135642137, 0.5714285714285714, 0.0, 0.7272727272727273, 0.0
0.4984126984126985, 0.5714285714285714, 0.0, 0.8, 0.0
0.5095482295482295, 0.6, 0.0, 0.7692307692307692, 0.0
0.657862137862138, 0.6666666666666667, 0.5714285714285714, 0.7692307692307692, 0.0
0.46000000000000013, 0.6, 0.0, 0.6666666666666667, 0.0
0.4836507936507938, 0.5714285714285714, 0.0, 0.75, 0.0
0.5493772893772895, 0.6, 0.0, 0.7692307692307692, 0.0
0.38905982905982917, 0.4, 0.0, 0.7692307692307692, 0.0
0.5625396825396827, 0.6666666666666667, 0.0, 0.6666666666666667, 0.0
0.5350649350649352, 0.6, 0.0, 0.7272727272727273, 0.0
0.420952380952381, 0.5714285714285714, 0.0, 0.6666666666666667, 0.0
0.5247619047619049, 0.6, 0.0, 0.6666666666666667, 0.0
0.4664335664335665, 0.5, 0.0, 0.7692307692307692, 0.0
0.38937728937728944, 0.5, 0.0, 0.7692307692307692, 0.0
0.4711111111111112, 0.6, 0.0, 0.6666666666666667, 0.0
0.5250793650793651, 0.6, 0.0, 0.6666666666666667, 0.0
0.35880230880230884, 0.5, 0.0, 0.75, 0.0
0.4620490620490621, 0.5, 0.0, 0.7272727272727273, 0.0
0.4755555555555556, 0.5, 0.0, 0.6666666666666667, 0.0
0.5335642135642137, 0.6666666666666667, 0.0, 0.7272727272727273, 0.0
0.4691197691197692, 0.6666666666666667, 0.0, 0.7272727272727273, 0.0
0.3597668997668998, 0.4, 0.0, 0.7692307692307692, 0.0
0.5374580974580975, 0.6, 0.0, 0.7692307692307692, 0.0
0.5106349206349207, 0.5714285714285714, 0.0, 0.75, 0.0
0.4800000000000001, 0.5, 0.0, 0.6666666666666667, 0.0
0.5327228327228327, 0.5714285714285714, 0.0, 0.7692307692307692, 0.0
0.5560439560439562, 0.6, 0.0, 0.7692307692307692, 0.0
0.5971428571428571, 0.6, 0.4, 0.6666666666666667, 0.0
0.5457387057387056, 0.5714285714285714, 0.0, 0.7692307692307692, 0.0
0.5572871572871574, 0.6666666666666667, 0.0, 0.7272727272727273, 0.0
0.42764346764346767, 0.5, 0.0, 0.7692307692307692, 0.0
0.5111954711954713, 0.5714285714285714, 0.0, 0.7692307692307692, 0.0
0.5160439560439561, 0.6, 0.0, 0.7692307692307692, 0.0
0.4028571428571429, 0.5, 0.0, 0.6666666666666667, 0.0
0.42063492063492075, 0.5714285714285714, 0.0, 0.6666666666666667, 0.0
0.6396803196803198, 0.6666666666666667, 0.4, 0.8, 0.0
0.4738217338217339, 0.6666666666666667, 0.0, 0.7692307692307692, 0.0
0.5088023088023089, 0.6, 0.0, 0.7272727272727273, 0.0
0.47284271284271295, 0.5714285714285714, 0.0, 0.7272727272727273, 0.0
0.5223065823065824, 0.6, 0.0, 0.7692307692307692, 0.0
0.4710245310245311, 0.6, 0.0, 0.7272727272727273, 0.0
0.4711954711954713, 0.6666666666666667, 0.0, 0.7692307692307692, 0.0
0.5320634920634922, 0.6, 0.0, 0.6666666666666667, 0.0
0.5221356421356422, 0.6, 0.0, 0.7272727272727273, 0.0
0.560952380952381, 0.6, 0.0, 0.6666666666666667, 0.0
0.45549339549339557, 0.6, 0.0, 0.7692307692307692, 0.0
0.4627106227106228, 0.5714285714285714, 0.0, 0.7692307692307692, 0.0
0.46017094017094023, 0.5, 0.0, 0.7692307692307692, 0.0
0.3862626262626263, 0.4, 0.0, 0.7272727272727273, 0.0
0.39142857142857146, 0.5, 0.0, 0.6666666666666667, 0.0
0.42467532467532476, 0.5714285714285714, 0.0, 0.7272727272727273, 0.0
0.3533333333333334, 0.4, 0.0, 0.6666666666666667, 0.0
0.37253968253968256, 0.5714285714285714, 0.0, 0.75, 0.0
0.5182661782661784, 0.5714285714285714, 0.0, 0.7692307692307692, 0.0
0.4960439560439562, 0.6, 0.0, 0.7692307692307692, 0.0
0.58986568986569, 0.6666666666666667, 0.0, 0.7692307692307692, 0.0
0.5264335664335665, 0.6666666666666667, 0.0, 0.7692307692307692, 0.0
0.5453968253968254, 0.6666666666666667, 0.0, 0.6666666666666667, 0.0
0.5406593406593406, 0.6, 0.0, 0.7692307692307692, 0.0
0.5397668997668998, 0.6666666666666667, 0.0, 0.7692307692307692, 0.0
0.4427106227106228, 0.5, 0.0, 0.7692307692307692, 0.0
0.33578643578643586, 0.4, 0.0, 0.7272727272727273, 0.0
0.432063492063492, 0.5, 0.0, 0.6666666666666667, 0.0
0.43333333333333346, 0.6, 0.0, 0.6666666666666667, 0.0
0.4580086580086581, 0.5714285714285714, 0.0, 0.7272727272727273, 0.0
0.461036741036741, 0.5714285714285714, 0.0, 0.7692307692307692, 0.0
0.47341769341769346, 0.5, 0.0, 0.7692307692307692, 0.0
0.5540404040404041, 0.6666666666666667, 0.0, 0.75, 0.0
0.42253968253968266, 0.5714285714285714, 0.0, 0.6666666666666667, 0.0
0.4004884004884005, 0.4, 0.0, 0.7692307692307692, 0.0
0.4980952380952381, 0.5, 0.0, 0.8, 0.0
0.3773737373737374, 0.4, 0.0, 0.7272727272727273, 0.0
0.38476190476190486, 0.4, 0.0, 0.6666666666666667, 0.0
0.568802308802309, 0.6, 0.33333333333333337, 0.7272727272727273, 0.0
0.4400000000000001, 0.6, 0.0, 0.6666666666666667, 0.0
0.5153823953823955, 0.6666666666666667, 0.0, 0.8, 0.0
0.41128205128205136, 0.5, 0.0, 0.7692307692307692, 0.0
0.5150649350649351, 0.5, 0.0, 0.7272727272727273, 0.0
0.5244444444444445, 0.6, 0.0, 0.6666666666666667, 0.0
0.5804884004884007, 0.6666666666666667, 0.0, 0.7692307692307692, 0.0
0.4960439560439561, 0.6, 0.0, 0.7692307692307692, 0.0
0.45515151515151525, 0.6, 0.0, 0.7272727272727273, 0.0
0.4664335664335665, 0.5, 0.0, 0.7692307692307692, 0.0
0.4488023088023089, 0.6, 0.0, 0.7272727272727273, 0.0
0.49070485070485076, 0.5714285714285714, 0.0, 0.7692307692307692, 0.0
0.5284226884226885, 0.6, 0.0, 0.7692307692307692, 0.0
0.43111111111111117, 0.5, 0.0, 0.6666666666666667, 0.0
0.5799134199134202, 0.6666666666666667, 0.33333333333333337, 0.7272727272727273, 0.0
0.39111111111111113, 0.5, 0.0, 0.6666666666666667, 0.0
0.5172871572871575, 0.6, 0.0, 0.7272727272727273, 0.0
0.46198912198912206, 0.6, 0.0, 0.7692307692307692, 0.0
0.5365800865800866, 0.6666666666666667, 0.0, 0.75, 0.0
0.5597668997669, 0.6666666666666667, 0.0, 0.7692307692307692, 0.0
0.5968831168831169, 0.6666666666666667, 0.33333333333333337, 0.7272727272727273, 0.0
0.45626262626262637, 0.6, 0.0, 0.75, 0.0
0.4406349206349207, 0.5714285714285714, 0.0, 0.6666666666666667, 0.0
0.4980086580086581, 0.6, 0.0, 0.7272727272727273, 0.0
0.5515995115995118, 0.6666666666666667, 0.0, 0.7692307692307692, 0.0
0.40444444444444455, 0.4, 0.0, 0.6666666666666667, 0.0
0.5055555555555556, 0.5, 0.33333333333333337, 0.75, 0.0
0.5823065823065825, 0.6666666666666667, 0.0, 0.7692307692307692, 0.0
0.3763614163614164, 0.5, 0.0, 0.7692307692307692, 0.0
0.5024531024531026, 0.6, 0.0, 0.7272727272727273, 0.0
0.3625396825396826, 0.4, 0.0, 0.6666666666666667, 0.0
0.535957375957376, 0.6666666666666667, 0.0, 0.7692307692307692, 0.0
0.453968253968254, 0.5714285714285714, 0.0, 0.6666666666666667, 0.0
0.5679942279942282, 0.6666666666666667, 0.0, 0.7272727272727273, 0.0
0.49619047619047624, 0.5714285714285714, 0.0, 0.6666666666666667, 0.0
0.40080586080586084, 0.5714285714285714, 0.0, 0.7692307692307692, 0.0
0.39476190476190476, 0.5, 0.0, 0.75, 0.0
0.5284848484848487, 0.6, 0.0, 0.7272727272727273, 0.0
0.5768975468975469, 0.6666666666666667, 0.0, 0.75, 0.0
0.45350427350427364, 0.5, 0.0, 0.7692307692307692, 0.0
0.48683760683760696, 0.6, 0.0, 0.7692307692307692, 0.0
0.42617604617604626, 0.6, 0.0, 0.7272727272727273, 0.0
0.37396825396825395, 0.4, 0.0, 0.6666666666666667, 0.0
0.5452503052503052, 0.5714285714285714, 0.0, 0.7692307692307692, 0.0
0.4907070707070708, 0.6, 0.0, 0.7272727272727273, 0.0
0.25396825396825395, 0.0, 0.0, 0.6666666666666667, 0.0
0.42626262626262634, 0.5, 0.0, 0.7272727272727273, 0.0
0.5252503052503052, 0.5714285714285714, 0.0, 0.7692307692307692, 0.0
0.5490598290598292, 0.6666666666666667, 0.0, 0.7692307692307692, 0.0
0.45777777777777795, 0.6, 0.0, 0.6666666666666667, 0.0
0.5103030303030305, 0.6666666666666667, 0.0, 0.7272727272727273, 0.0
0.581902541902542, 0.6666666666666667, 0.0, 0.7692307692307692, 0.0
0.5720879120879122, 0.6666666666666667, 0.0, 0.7692307692307692, 0.0
0.4957864357864359, 0.5714285714285714, 0.0, 0.7272727272727273, 0.0
0.504932844932845, 0.5714285714285714, 0.0, 0.7692307692307692, 0.0
0.500937950937951, 0.5714285714285714, 0.0, 0.75, 0.0
0.5006349206349208, 0.6, 0.0, 0.6666666666666667, 0.0
0.543807303807304, 0.6666666666666667, 0.0, 0.7692307692307692, 0.0
0.5762626262626263, 0.6, 0.33333333333333337, 0.75, 0.0
0.5782661782661783, 0.6, 0.4, 0.7692307692307692, 0.0
0.5035042735042736, 0.6, 0.0, 0.7692307692307692, 0.0
0.4854811854811855, 0.5714285714285714, 0.0, 0.7692307692307692, 0.0
0.515873015873016, 0.6666666666666667, 0.0, 0.6666666666666667, 0.0
0.41087801087801096, 0.5, 0.0, 0.7692307692307692, 0.0
0.4804884004884006, 0.5714285714285714, 0.0, 0.7692307692307692, 0.0
0.615957375957376, 0.6666666666666667, 0.33333333333333337, 0.7692307692307692, 0.0
0.4492063492063493, 0.5, 0.0, 0.6666666666666667, 0.0
0.4488023088023089, 0.6, 0.0, 0.7272727272727273, 0.0
0.2288888888888889, 0.0, 0.0, 0.6666666666666667, 0.0
0.47515151515151516, 0.5, 0.0, 0.7272727272727273, 0.0
0.39777777777777784, 0.5, 0.0, 0.6666666666666667, 0.0
0.40952380952380957, 0.5, 0.0, 0.6666666666666667, 0.0
0.4047619047619048, 0.5, 0.0, 0.6666666666666667, 0.0
0.4471794871794872, 0.5, 0.0, 0.7692307692307692, 0.0
0.46239316239316247, 0.5, 0.0, 0.7692307692307692, 0.0
0.4380952380952382, 0.5, 0.0, 0.6666666666666667, 0.0
0.6112820512820515, 0.6666666666666667, 0.4, 0.7692307692307692, 0.0
0.49809523809523815, 0.6, 0.0, 0.6666666666666667, 0.0
0.4138217338217338, 0.4, 0.0, 0.7692307692307692, 0.0
0.5752503052503053, 0.5714285714285714, 0.4, 0.7692307692307692, 0.0
0.49292929292929305, 0.6, 0.0, 0.7272727272727273, 0.0
0.5031746031746033, 0.5714285714285714, 0.0, 0.6666666666666667, 0.0
0.5332467532467534, 0.6, 0.0, 0.7272727272727273, 0.0
0.5017316017316019, 0.6666666666666667, 0.0, 0.7272727272727273, 0.0
0.5215850815850817, 0.6, 0.0, 0.7692307692307692, 0.0
0.5682661782661784, 0.6666666666666667, 0.0, 0.8, 0.0
0.4000000000000001, 0.5, 0.0, 0.6666666666666667, 0.0
0.5646153846153846, 0.6, 0.33333333333333337, 0.7692307692307692, 0.0
0.432929292929293, 0.5, 0.0, 0.7272727272727273, 0.0
0.5421356421356421, 0.6, 0.0, 0.7272727272727273, 0.0
0.5050793650793651, 0.5714285714285714, 0.0, 0.6666666666666667, 0.0
0.4611233211233212, 0.5714285714285714, 0.0, 0.7692307692307692, 0.0
0.4903152403152404, 0.5714285714285714, 0.0, 0.7692307692307692, 0.0
0.5425396825396827, 0.6666666666666667, 0.0, 0.6666666666666667, 0.0
0.4438217338217339, 0.5, 0.0, 0.7692307692307692, 0.0
0.5703030303030304, 0.6666666666666667, 0.0, 0.7272727272727273, 0.0
0.3950793650793651, 0.5714285714285714, 0.0, 0.75, 0.0
0.4378621378621379, 0.5, 0.0, 0.7692307692307692, 0.0
0.4738217338217339, 0.6, 0.0, 0.7692307692307692, 0.0
0.486984126984127, 0.6, 0.0, 0.8, 0.0
0.4713419913419914, 0.5714285714285714, 0.0, 0.7272727272727273, 0.0
0.4553823953823954, 0.5, 0.0, 0.7272727272727273, 0.0
0.4867510267510269, 0.6, 0.0, 0.7692307692307692, 0.0
0.5308302808302809, 0.6666666666666667, 0.0, 0.7692307692307692, 0.0
0.44730158730158737, 0.6, 0.0, 0.6666666666666667, 0.0
0.43388167388167387, 0.5, 0.0, 0.7272727272727273, 0.0
0.3773715173715174, 0.5, 0.0, 0.7692307692307692, 0.0
0.5536507936507938, 0.6666666666666667, 0.33333333333333337, 0.6666666666666667, 0.0
0.5484126984126986, 0.6666666666666667, 0.0, 0.75, 0.0
0.47333333333333344, 0.6, 0.0, 0.6666666666666667, 0.0
0.34285714285714286, 0.4, 0.0, 0.6666666666666667, 0.0
0.40222222222222226, 0.4, 0.0, 0.6666666666666667, 0.0
0.47111111111111126, 0.6666666666666667, 0.0, 0.6666666666666667, 0.0
0.4960439560439562, 0.5714285714285714, 0.0, 0.7692307692307692, 0.0
0.4472150072150073, 0.5714285714285714, 0.0, 0.7272727272727273, 0.0
0.5088023088023089, 0.6, 0.0, 0.7272727272727273, 0.0
0.4560439560439561, 0.5, 0.0, 0.8, 0.0
0.4539682539682541, 0.5714285714285714, 0.0, 0.6666666666666667, 0.0
0.5092063492063493, 0.6, 0.0, 0.6666666666666667, 0.0
0.45959595959595967, 0.5, 0.0, 0.7272727272727273, 0.0
0.4553968253968253, 0.5714285714285714, 0.0, 0.75, 0.0
0.4915995115995117, 0.5714285714285714, 0.0, 0.7692307692307692, 0.0
0.5018181818181819, 0.6, 0.0, 0.7272727272727273, 0.0
0.43991341991342003, 0.5, 0.0, 0.7272727272727273, 0.0
0.5320634920634921, 0.5714285714285714, 0.0, 0.6666666666666667, 0.0
0.4018181818181819, 0.5, 0.0, 0.7272727272727273, 0.0
0.4404884004884006, 0.5, 0.0, 0.7692307692307692, 0.0
0.5502164502164503, 0.6666666666666667, 0.0, 0.7272727272727273, 0.0
0.5492907092907093, 0.6666666666666667, 0.0, 0.7692307692307692, 0.0
0.40213564213564224, 0.5714285714285714, 0.0, 0.7272727272727273, 0.0
0.37811965811965814, 0.4, 0.0, 0.7692307692307692, 0.0
0.4465800865800866, 0.5, 0.0, 0.8333333333333334, 0.0
0.42054834054834056, 0.5, 0.0, 0.7272727272727273, 0.0
0.4895238095238096, 0.5714285714285714, 0.0, 0.6666666666666667, 0.0
0.5040404040404042, 0.5, 0.0, 0.7272727272727273, 0.0
0.4780952380952382, 0.5714285714285714, 0.0, 0.6666666666666667, 0.0
0.4166666666666668, 0.6, 0.0, 0.75, 0.0
0.5184371184371186, 0.6666666666666667, 0.0, 0.7692307692307692, 0.0
0.6288023088023088, 0.6666666666666667, 0.5, 0.7272727272727273, 0.0
0.4517460317460318, 0.5714285714285714, 0.0, 0.6666666666666667, 0.0
0.44239316239316245, 0.5, 0.0, 0.7692307692307692, 0.0
0.49151293151293163, 0.6, 0.0, 0.7692307692307692, 0.0
0.5288888888888891, 0.6666666666666667, 0.0, 0.6666666666666667, 0.0
0.5112820512820514, 0.6, 0.0, 0.7692307692307692, 0.0
0.504932844932845, 0.5, 0.0, 0.7692307692307692, 0.0
0.43070707070707076, 0.5, 0.0, 0.7272727272727273, 0.0
0.4361904761904763, 0.5714285714285714, 0.0, 0.6666666666666667, 0.0
0.4354689754689756, 0.5714285714285714, 0.0, 0.7272727272727273, 0.0
0.3801709401709402, 0.5, 0.0, 0.7692307692307692, 0.0
0.5269841269841271, 0.6666666666666667, 0.0, 0.6666666666666667, 0.0
0.5025396825396826, 0.6, 0.0, 0.6666666666666667, 0.0
0.46929070929070943, 0.5714285714285714, 0.0, 0.7692307692307692, 0.0
0.4547474747474748, 0.5, 0.0, 0.7272727272727273, 0.0
0.5313664113664115, 0.6, 0.0, 0.7692307692307692, 0.0
0.49841269841269853, 0.6666666666666667, 0.0, 0.6666666666666667, 0.0
0.3707070707070708, 0.33333333333333337, 0.0, 0.7272727272727273, 0.0
0.46239316239316247, 0.5, 0.0, 0.7692307692307692, 0.0
0.5155555555555557, 0.6666666666666667, 0.0, 0.6666666666666667, 0.0
0.35619047619047617, 0.5, 0.0, 0.6, 0.0
0.5111954711954713, 0.6, 0.0, 0.7692307692307692, 0.0
0.515873015873016, 0.6, 0.0, 0.6666666666666667, 0.0
0.4573737373737375, 0.6, 0.0, 0.7272727272727273, 0.0
0.4614285714285715, 0.5714285714285714, 0.0, 0.75, 0.0
0.5271550671550673, 0.6666666666666667, 0.0, 0.7692307692307692, 0.0
0.39341769341769345, 0.4, 0.0, 0.7692307692307692, 0.0
0.3955555555555556, 0.6, 0.0, 0.6666666666666667, 0.0
0.5854689754689756, 0.6666666666666667, 0.33333333333333337, 0.75, 0.0
0.3932467532467533, 0.5, 0.0, 0.7272727272727273, 0.0
0.5098412698412699, 0.5, 0.0, 0.6666666666666667, 0.0
0.5006593406593407, 0.5714285714285714, 0.0, 0.7692307692307692, 0.0
0.5933333333333335, 0.6666666666666667, 0.33333333333333337, 0.8, 0.0
0.4673015873015874, 0.5714285714285714, 0.0, 0.6666666666666667, 0.0
0.4517316017316018, 0.6, 0.0, 0.75, 0.0
0.44285714285714284, 0.5, 0.0, 0.6666666666666667, 0.0
0.5118303918303919, 0.5714285714285714, 0.0, 0.7692307692307692, 0.0
0.5711088911088912, 0.5714285714285714, 0.33333333333333337, 0.7692307692307692, 0.0
0.3468376068376069, 0.5, 0.0, 0.7692307692307692, 0.0
0.4317460317460318, 0.5, 0.0, 0.6666666666666667, 0.0
0.5125252525252526, 0.6, 0.0, 0.7272727272727273, 0.0
0.4671550671550672, 0.5714285714285714, 0.0, 0.7692307692307692, 0.0
0.5554689754689756, 0.6, 0.0, 0.7272727272727273, 0.0
0.5870085470085471, 0.6666666666666667, 0.0, 0.7692307692307692, 0.0
0.5741247641247642, 0.6666666666666667, 0.0, 0.7692307692307692, 0.0
0.5310245310245312, 0.6666666666666667, 0.0, 0.7272727272727273, 0.0
0.4577777777777779, 0.5, 0.0, 0.8, 0.0
0.5647619047619049, 0.6666666666666667, 0.0, 0.6666666666666667, 0.0
0.4750649350649352, 0.6666666666666667, 0.0, 0.7272727272727273, 0.0
0.5165079365079366, 0.5714285714285714, 0.0, 0.6666666666666667, 0.0
0.5330136530136531, 0.6, 0.0, 0.7692307692307692, 0.0
0.546984126984127, 0.5714285714285714, 0.33333333333333337, 0.6666666666666667, 0.0
0.602941502941503, 0.6, 0.4, 0.7692307692307692, 0.0
0.40777777777777785, 0.5, 0.0, 0.75, 0.0
0.34213564213564224, 0.33333333333333337, 0.0, 0.7272727272727273, 0.0
0.41238095238095246, 0.5714285714285714, 0.0, 0.6666666666666667, 0.0
0.4623931623931625, 0.6666666666666667, 0.0, 0.7692307692307692, 0.0
0.4072150072150073, 0.5714285714285714, 0.0, 0.7272727272727273, 0.0
0.4995959595959597, 0.6666666666666667, 0.0, 0.7272727272727273, 0.0
0.5001709401709402, 0.6666666666666667, 0.0, 0.8333333333333334, 0.0
0.5117460317460317, 0.5714285714285714, 0.0, 0.6666666666666667, 0.0
0.5222222222222224, 0.6666666666666667, 0.0, 0.6666666666666667, 0.0
0.43587301587301597, 0.5714285714285714, 0.0, 0.6666666666666667, 0.0
0.4715995115995117, 0.5714285714285714, 0.0, 0.7692307692307692, 0.0
0.610791430791431, 0.6666666666666667, 0.0, 0.7692307692307692, 0.0
0.4936507936507938, 0.6666666666666667, 0.0, 0.6666666666666667, 0.0
0.4873015873015874, 0.6, 0.0, 0.6666666666666667, 0.0
0.43809523809523815, 0.5, 0.0, 0.6666666666666667, 0.0
0.47333333333333344, 0.6, 0.0, 0.75, 0.0
0.5473015873015874, 0.5714285714285714, 0.0, 0.6666666666666667, 0.0
0.5088023088023089, 0.6, 0.0, 0.7272727272727273, 0.0
0.47991341991342, 0.5714285714285714, 0.0, 0.7272727272727273, 0.0
0.6042113442113445, 0.6666666666666667, 0.0, 0.7692307692307692, 0.0
0.508973248973249, 0.5714285714285714, 0.0, 0.7692307692307692, 0.0
0.43636141636141645, 0.5714285714285714, 0.0, 0.7692307692307692, 0.0
0.48317460317460326, 0.5714285714285714, 0.0, 0.6666666666666667, 0.0
0.4573737373737375, 0.5, 0.0, 0.7272727272727273, 0.0
0.43572649572649574, 0.4, 0.0, 0.7692307692307692, 0.0
0.4055677655677655, 0.5, 0.0, 0.7692307692307692, 0.0
0.5465800865800866, 0.6666666666666667, 0.0, 0.7272727272727273, 0.0
0.5335042735042737, 0.6, 0.0, 0.7692307692307692, 0.0
0.6972494172494176, 0.6666666666666667, 0.6, 0.7692307692307692, 0.0
0.43040182040182046, 0.5714285714285714, 0.0, 0.7692307692307692, 0.0
0.49572649572649585, 0.6666666666666667, 0.0, 0.7692307692307692, 0.0
0.5841391941391942, 0.6666666666666667, 0.0, 0.7692307692307692, 0.0
0.4665800865800867, 0.5714285714285714, 0.0, 0.7272727272727273, 0.0
0.5188267288267289, 0.6666666666666667, 0.0, 0.7692307692307692, 0.0
0.4892063492063493, 0.5714285714285714, 0.0, 0.6666666666666667, 0.0
0.47350427350427354, 0.6, 0.0, 0.8, 0.0
0.5033455433455434, 0.5714285714285714, 0.0, 0.7692307692307692, 0.0
0.5891197691197692, 0.6666666666666667, 0.4, 0.7272727272727273, 0.0
0.44245310245310254, 0.5, 0.0, 0.7272727272727273, 0.0
0.530937950937951, 0.6, 0.0, 0.7272727272727273, 0.0
0.37809523809523815, 0.5, 0.0, 0.6666666666666667, 0.0
0.526043956043956, 0.6, 0.0, 0.7692307692307692, 0.0
0.4517460317460318, 0.5714285714285714, 0.0, 0.6666666666666667, 0.0
0.39587301587301593, 0.5, 0.0, 0.6666666666666667, 0.0
0.5561904761904762, 0.6, 0.0, 0.6666666666666667, 0.0
0.5442712842712844, 0.6, 0.0, 0.7272727272727273, 0.0
0.45555555555555566, 0.6, 0.0, 0.6666666666666667, 0.0
0.538008658008658, 0.5714285714285714, 0.0, 0.7272727272727273, 0.0
0.5077899877899879, 0.5714285714285714, 0.0, 0.7692307692307692, 0.0
0.40811965811965817, 0.5, 0.0, 0.7692307692307692, 0.0
0.4492063492063493, 0.5, 0.0, 0.6666666666666667, 0.0
0.45159951159951167, 0.4, 0.0, 0.7692307692307692, 0.0
0.4693772893772895, 0.6, 0.0, 0.7692307692307692, 0.0
0.41578643578643587, 0.5714285714285714, 0.0, 0.7272727272727273, 0.0
0.4047863247863248, 0.5, 0.0, 0.7692307692307692, 0.0
0.4668376068376069, 0.6, 0.0, 0.7692307692307692, 0.0
0.5114285714285716, 0.6, 0.0, 0.6666666666666667, 0.0
0.4568498168498168, 0.5714285714285714, 0.0, 0.7692307692307692, 0.0
0.46658008658008665, 0.6, 0.0, 0.7272727272727273, 0.0
0.49696969696969706, 0.6, 0.0, 0.7272727272727273, 0.0
0.43365079365079373, 0.5, 0.0, 0.6666666666666667, 0.0
0.5695482295482297, 0.6666666666666667, 0.0, 0.7692307692307692, 0.0
0.4920634920634922, 0.5714285714285714, 0.0, 0.6666666666666667, 0.0
0.4096947496947497, 0.5, 0.0, 0.7692307692307692, 0.0
0.46946164946164953, 0.5714285714285714, 0.0, 0.7692307692307692, 0.0
0.5409523809523811, 0.5714285714285714, 0.0, 0.6666666666666667, 0.0
