0.5160931022999988, 0.5454545454545454, 0.0, 0.6666666666666667, 0.0
0.5574615199615198, 0.5634920634920635, 0.4, 0.75, 0.0
0.5464659825770936, 0.5714285714285714, 0.375, 0.7, 0.0
0.5059817754262198, 0.5454545454545454, 0.0, 0.6363636363636364, 0.0
0.5070147285664528, 0.5, 0.0, 0.6666666666666667, 0.0
0.5090643073401693, 0.5384615384615384, 0.0, 0.6666666666666667, 0.0
0.5212726757369615, 0.5357142857142857, 0.25, 0.6666666666666667, 0.0
0.5542613140827426, 0.5714285714285714, 0.4, 0.7, 0.0
0.5257027951472395, 0.5555555555555556, 0.33333333333333337, 0.6666666666666667, 0.0
0.5316602122157676, 0.5555555555555556, 0.0, 0.6923076923076923, 0.0
0.5117821833339075, 0.5555555555555556, 0.0, 0.6666666666666667, 0.0
0.5138605838605838, 0.5454545454545454, 0.0, 0.6428571428571428, 0.0
0.5225448419892863, 0.5454545454545454, 0.33333333333333337, 0.6666666666666667, 0.0
0.48441171923314774, 0.5, 0.0, 0.6666666666666667, 0.0
0.4909212810998524, 0.5454545454545454, 0.0, 0.7, 0.0
0.4850344100344099, 0.5454545454545454, 0.0, 0.7, 0.0
0.50565442787665, 0.5454545454545454, 0.25, 0.7, 0.0
0.5240075059040575, 0.5, 0.33333333333333337, 0.7272727272727273, 0.0
0.49614978275692545, 0.5419580419580419, 0.0, 0.6666666666666667, 0.0
0.5412030562030561, 0.5714285714285714, 0.25, 0.7, 0.0
0.5099182426768633, 0.5454545454545454, 0.0, 0.7692307692307692, 0.0
0.4998434105576962, 0.5227272727272727, 0.0, 0.6666666666666667, 0.0
0.45813257623602444, 0.5, 0.0, 0.7, 0.0
0.5446858696858695, 0.5714285714285714, 0.0, 0.6923076923076923, 0.0
0.5028533432379585, 0.5, 0.25, 0.7, 0.0
0.5148610010678976, 0.5, 0.25, 0.7272727272727273, 0.0
0.5313230830472209, 0.5555555555555556, 0.33333333333333337, 0.6666666666666667, 0.0
0.5219090928912357, 0.5505050505050505, 0.0, 0.7, 0.0
0.493031202513961, 0.5, 0.0, 0.6666666666666667, 0.0
0.5220580186097427, 0.5555555555555556, 0.19999999999999996, 0.6666666666666667, 0.0
0.5605753300197742, 0.5714285714285714, 0.33333333333333337, 0.7, 0.0
0.5154476933323087, 0.5584415584415584, 0.0, 0.7272727272727273, 0.0
0.5569543551686407, 0.5833333333333333, 0.33333333333333337, 0.75, 0.0
0.511742424242424, 0.5454545454545454, 0.0, 0.7, 0.0
0.492194682711924, 0.5454545454545454, 0.0, 0.8, 0.0
0.5035779354744871, 0.5714285714285714, 0.0, 0.7, 0.0
0.4651020789909679, 0.5454545454545454, 0.0, 0.625, 0.0
0.4561177328418707, 0.5, 0.0, 0.7, 0.0
0.5347533876380028, 0.5505050505050505, 0.25, 0.6666666666666667, 0.0
0.5005411255411254, 0.5, 0.0, 0.7, 0.0
0.4809336753781197, 0.5454545454545454, 0.0, 0.6363636363636364, 0.0
0.5214317428603141, 0.5505050505050505, 0.0, 0.7272727272727273, 0.0
0.45624098124098117, 0.5, 0.0, 0.625, 0.0
0.513537491315269, 0.5, 0.25, 0.7, 0.0
0.47098447529482007, 0.5, 0.0, 0.7, 0.0
0.49940676607343265, 0.5454545454545454, 0.0, 0.6666666666666667, 0.0
0.4814728921871777, 0.5454545454545454, 0.0, 0.6666666666666667, 0.0
0.4972353501199654, 0.5454545454545454, 0.0, 0.6666666666666667, 0.0
0.5206429585739929, 0.5454545454545454, 0.0, 0.7, 0.0
0.5532333921222808, 0.5555555555555556, 0.25, 0.7, 0.0
0.5244329425363908, 0.5384615384615384, 0.4, 0.6363636363636364, 0.0
0.47654924440638713, 0.5227272727272727, 0.0, 0.7, 0.0
0.5138401413401412, 0.5634920634920635, 0.19999999999999996, 0.7, 0.0
0.5190172922315778, 0.5584415584415584, 0.25, 0.6666666666666667, 0.0
0.5282712842712841, 0.5555555555555556, 0.25, 0.6666666666666667, 0.0
0.43278834260977117, 0.5, 0.0, 0.625, 0.0
0.5134506697006695, 0.5555555555555556, 0.0, 0.6666666666666667, 0.0
0.5014263514263513, 0.5384615384615384, 0.0, 0.7, 0.0
0.5147312563979229, 0.5555555555555556, 0.0, 0.6666666666666667, 0.0
0.49432129173508477, 0.5, 0.0, 0.6666666666666667, 0.0
0.48980399230399224, 0.5, 0.0, 0.6363636363636364, 0.0
0.5308992731406523, 0.5454545454545454, 0.33333333333333337, 0.7142857142857143, 0.0
0.44785145410145394, 0.5, 0.0, 0.6666666666666667, 0.0
0.5039269262483547, 0.5584415584415584, 0.0, 0.6666666666666667, 0.0
0.4786969974469974, 0.5, 0.0, 0.7, 0.0
0.5302766677766676, 0.5714285714285714, 0.0, 0.7, 0.0
0.528, 0.5, 0.25, 0.7, 0.0
0.4972911017553873, 0.5505050505050505, 0.0, 0.7, 0.0
0.4613056586270871, 0.5, 0.0, 0.7, 0.0
0.49946421890866327, 0.5, 0.0, 0.6666666666666667, 0.0
0.486893166357452, 0.5227272727272727, 0.0, 0.6666666666666667, 0.0
0.5295939692491416, 0.5454545454545454, 0.25, 0.7, 0.0
0.47657570603999166, 0.5227272727272727, 0.0, 0.6666666666666667, 0.0
0.47853908543563706, 0.5454545454545454, 0.0, 0.6666666666666667, 0.0
0.5020973279593968, 0.5, 0.0, 0.6923076923076923, 0.0
0.4677767602767603, 0.5, 0.0, 0.625, 0.0
0.5311711106353962, 0.5454545454545454, 0.25, 0.6923076923076923, 0.0
0.4770195616349461, 0.5, 0.33333333333333337, 0.6923076923076923, 0.0
0.5156785601230045, 0.5, 0.25, 0.6666666666666667, 0.0
0.508636630858853, 0.5, 0.25, 0.6666666666666667, 0.0
0.5212394087394085, 0.5555555555555556, 0.0, 0.6923076923076923, 0.0
0.5255251159097312, 0.5555555555555556, 0.33333333333333337, 0.7, 0.0
0.48790012669323, 0.5454545454545454, 0.0, 0.7272727272727273, 0.0
0.528138528138528, 0.5584415584415584, 0.0, 0.7, 0.0
0.5179453262786595, 0.5, 0.4, 0.6666666666666667, 0.0
0.5275529034457606, 0.5227272727272727, 0.4, 0.6428571428571428, 0.0
0.5105407045062217, 0.5, 0.25, 0.6666666666666667, 0.0
0.5343896103896103, 0.5555555555555556, 0.25, 0.625, 0.0
0.531802148468815, 0.5454545454545454, 0.25, 0.6666666666666667, 0.0
0.5088011347626732, 0.5454545454545454, 0.0, 0.6666666666666667, 0.0
0.5296293744569606, 0.5454545454545454, 0.0, 0.7272727272727273, 0.0
0.5602586897229752, 0.5555555555555556, 0.4, 0.7, 0.0
0.5110134118754807, 0.5454545454545454, 0.0, 0.7142857142857143, 0.0
0.5554077148904734, 0.5833333333333333, 0.33333333333333337, 0.7, 0.0
0.46883116883116877, 0.5, 0.0, 0.6428571428571428, 0.0
0.4670534198311976, 0.5555555555555556, 0.0, 0.6666666666666667, 0.0
0.4612463391309544, 0.5, 0.0, 0.6666666666666667, 0.0
0.5399278499278498, 0.5555555555555556, 0.25, 0.7, 0.0
0.5397901172901172, 0.5634920634920635, 0.0, 0.7142857142857143, 0.0
0.5342395382395381, 0.5454545454545454, 0.25, 0.75, 0.0
0.48299591355146904, 0.5, 0.0, 0.6666666666666667, 0.0
0.46992198622633397, 0.5, 0.0, 0.625, 0.0
0.5251713564213564, 0.5, 0.0, 0.7, 0.0
0.49673371073371064, 0.5, 0.0, 0.6666666666666667, 0.0
0.5276632555478709, 0.5555555555555556, 0.25, 0.6363636363636364, 0.0
0.5328974266474266, 0.5634920634920635, 0.25, 0.7333333333333334, 0.0
0.5242063492063491, 0.5714285714285714, 0.0, 0.7, 0.0
0.5281184864518196, 0.5714285714285714, 0.0, 0.6666666666666667, 0.0
0.5199259999259999, 0.5, 0.25, 0.7, 0.0
0.54030634116841, 0.5454545454545454, 0.33333333333333337, 0.6666666666666667, 0.0
0.47468820861677996, 0.5, 0.25, 0.6666666666666667, 0.0
0.5278542568542567, 0.5, 0.33333333333333337, 0.7272727272727273, 0.0
0.5077123273551843, 0.5454545454545454, 0.0, 0.7, 0.0
0.5104386992318026, 0.5555555555555556, 0.0, 0.6666666666666667, 0.0
0.5501768530614684, 0.5714285714285714, 0.33333333333333337, 0.6666666666666667, 0.0
0.508370641703975, 0.5555555555555556, 0.25, 0.625, 0.0
0.5507989034774747, 0.5634920634920635, 0.33333333333333337, 0.7272727272727273, 0.0
0.490635418221625, 0.5454545454545454, 0.0, 0.7, 0.0
0.49788544788544786, 0.5, 0.0, 0.6666666666666667, 0.0
0.48854297043952205, 0.5454545454545454, 0.0, 0.6363636363636364, 0.0
0.4843573093573093, 0.5, 0.0, 0.6363636363636364, 0.0
0.5107014017728302, 0.5227272727272727, 0.25, 0.7, 0.0
0.49599497724497715, 0.5, 0.25, 0.6666666666666667, 0.0
0.5101385281385281, 0.5, 0.25, 0.6666666666666667, 0.0
0.5107429607429607, 0.5555555555555556, 0.0, 0.6666666666666667, 0.0
0.5393618726952059, 0.5714285714285714, 0.25, 0.6666666666666667, 0.0
0.5268424990647212, 0.5454545454545454, 0.25, 0.6666666666666667, 0.0
0.5267741187384043, 0.5714285714285714, 0.0, 0.7, 0.0
0.4551269841269841, 0.5, 0.0, 0.625, 0.0
0.5433447504876074, 0.5555555555555556, 0.25, 0.7142857142857143, 0.0
0.5387071775960665, 0.5833333333333333, 0.0, 0.6666666666666667, 0.0
0.5002356770213912, 0.5505050505050505, 0.0, 0.6666666666666667, 0.0
0.5010056411842124, 0.5470085470085471, 0.0, 0.7272727272727273, 0.0
0.48484570984570985, 0.5, 0.25, 0.6666666666666667, 0.0
0.4914638043948388, 0.5454545454545454, 0.25, 0.625, 0.0
0.5263772933415789, 0.5634920634920635, 0.0, 0.7, 0.0
0.4983833039388593, 0.5714285714285714, 0.0, 0.75, 0.0
0.48980712773816215, 0.5, 0.0, 0.7, 0.0
0.5228058647701505, 0.5505050505050505, 0.33333333333333337, 0.6666666666666667, 0.0
0.548189567634012, 0.5714285714285714, 0.33333333333333337, 0.6428571428571428, 0.0
0.46808354480768266, 0.5, 0.0, 0.6666666666666667, 0.0
0.5112230681196198, 0.5, 0.0, 0.7, 0.0
0.5016494999253619, 0.5454545454545454, 0.0, 0.7, 0.0
0.5213396685618907, 0.5, 0.25, 0.7, 0.0
0.4811939053010481, 0.5, 0.0, 0.6666666666666667, 0.0
0.5468359226979915, 0.5555555555555556, 0.33333333333333337, 0.7272727272727273, 0.0
0.514732298352988, 0.5, 0.25, 0.6666666666666667, 0.0
0.472994893994894, 0.5, 0.0, 0.6666666666666667, 0.0
0.5463991769547324, 0.5714285714285714, 0.33333333333333337, 0.6666666666666667, 0.0
0.5038114663114662, 0.5505050505050505, 0.0, 0.6666666666666667, 0.0
0.4805976430976431, 0.5, 0.0, 0.7, 0.0
0.565430634180634, 0.6, 0.0, 0.7, 0.0
0.5093260648816204, 0.5555555555555556, 0.25, 0.7, 0.0
0.5603889628889628, 0.5714285714285714, 0.33333333333333337, 0.7, 0.0
0.5616633366633366, 0.5714285714285714, 0.25, 0.6666666666666667, 0.0
0.4932111539254396, 0.5, 0.0, 0.6923076923076923, 0.0
0.49041950113378674, 0.5, 0.0, 0.6666666666666667, 0.0
0.47783910533910523, 0.5, 0.0, 0.7142857142857143, 0.0
0.456427798392084, 0.5227272727272727, 0.0, 0.625, 0.0
0.5179138321995465, 0.5634920634920635, 0.0, 0.6428571428571428, 0.0
0.48871366728509574, 0.5227272727272727, 0.0, 0.6666666666666667, 0.0
0.5066133271490413, 0.5, 0.25, 0.7, 0.0
0.5243033786137233, 0.5555555555555556, 0.0, 0.6428571428571428, 0.0
0.4794084516306738, 0.5, 0.0, 0.7, 0.0
0.5025045391116819, 0.5454545454545454, 0.0, 0.6666666666666667, 0.0
0.5184463684463684, 0.5555555555555556, 0.25, 0.6666666666666667, 0.0
0.5172052154195012, 0.5, 0.33333333333333337, 0.7, 0.0
0.514105041783613, 0.5454545454545454, 0.25, 0.6923076923076923, 0.0
0.4932893238448793, 0.5714285714285714, 0.0, 0.7, 0.0
0.4577188137532964, 0.5, 0.0, 0.6666666666666667, 0.0
0.51994618629234, 0.5505050505050505, 0.25, 0.7, 0.0
0.522133422133422, 0.5454545454545454, 0.25, 0.6666666666666667, 0.0
0.46710349037935234, 0.5, 0.0, 0.6666666666666667, 0.0
0.5291927421237765, 0.5714285714285714, 0.25, 0.6666666666666667, 0.0
0.5236593763379477, 0.5714285714285714, 0.25, 0.6666666666666667, 0.0
0.549163614163614, 0.5634920634920635, 0.25, 0.7272727272727273, 0.0
0.48512025012025006, 0.5, 0.0, 0.7, 0.0
0.4969422552755884, 0.5454545454545454, 0.0, 0.7, 0.0
0.5252190196634641, 0.5454545454545454, 0.25, 0.6666666666666667, 0.0
0.5546304806304806, 0.5714285714285714, 0.33333333333333337, 0.75, 0.0
0.5255608588941921, 0.5, 0.25, 0.6923076923076923, 0.0
0.5541392515530447, 0.5714285714285714, 0.4, 0.6666666666666667, 0.0
0.5180629041740152, 0.5555555555555556, 0.25, 0.6666666666666667, 0.0
0.5248814677386104, 0.5, 0.4, 0.7, 0.0
0.4432397959183674, 0.5, 0.0, 0.6666666666666667, 0.0
0.4869229535896202, 0.5, 0.0, 0.6666666666666667, 0.0
0.5408973742307074, 0.5714285714285714, 0.33333333333333337, 0.6923076923076923, 0.0
0.5304279054279053, 0.5555555555555556, 0.0, 0.7, 0.0
0.522569989534275, 0.5357142857142857, 0.0, 0.7, 0.0
0.5041254380540093, 0.5505050505050505, 0.0, 0.6666666666666667, 0.0
0.4869534786201452, 0.5, 0.0, 0.6666666666666667, 0.0
0.5042717818579887, 0.5, 0.0, 0.6666666666666667, 0.0
0.4730544257329971, 0.5227272727272727, 0.0, 0.7, 0.0
0.46171725100296523, 0.5277777777777778, 0.0, 0.6666666666666667, 0.0
0.42970323327466176, 0.5, 0.0, 0.7, 0.0
0.49143911643911625, 0.5454545454545454, 0.0, 0.7, 0.0
0.5096388286043457, 0.5, 0.25, 0.6666666666666667, 0.0
0.48579373301595513, 0.5, 0.0, 0.6666666666666667, 0.0
0.5517906423078835, 0.5833333333333333, 0.25, 0.6666666666666667, 0.0
0.5227633477633477, 0.5555555555555556, 0.19999999999999996, 0.7, 0.0
