0.03555555555555556, 0.0, 0.0, 0.6666666666666667, 0.0
0.0, 0.0, 0.0, 0.0, 0.0
0.0, 0.0, 0.0, 0.0, 0.0
0.0, 0.0, 0.0, 0.0, 0.0
0.0, 0.0, 0.0, 0.0, 0.0
0.0, 0.0, 0.0, 0.0, 0.0
0.0, 0.0, 0.0, 0.0, 0.0
0.016666666666666666, 0.0, 0.0, 0.5, 0.0
0.0, 0.0, 0.0, 0.0, 0.0
0.0, 0.0, 0.0, 0.0, 0.0
0.0, 0.0, 0.0, 0.0, 0.0
0.0, 0.0, 0.0, 0.0, 0.0
0.0, 0.0, 0.0, 0.0, 0.0
0.0, 0.0, 0.0, 0.0, 0.0
0.02666666666666667, 0.0, 0.0, 0.8, 0.0
0.03333333333333333, 0.0, 0.0, 0.5, 0.0
0.017241379310344827, 0.0, 0.0, 0.5, 0.0
0.0, 0.0, 0.0, 0.0, 0.0
0.0, 0.0, 0.0, 0.0, 0.0
0.0, 0.0, 0.0, 0.0, 0.0
0.0, 0.0, 0.0, 0.0, 0.0
0.0, 0.0, 0.0, 0.0, 0.0
0.0, 0.0, 0.0, 0.0, 0.0
0.0, 0.0, 0.0, 0.0, 0.0
0.016666666666666666, 0.0, 0.0, 0.5, 0.0
0.0, 0.0, 0.0, 0.0, 0.0
0.0, 0.0, 0.0, 0.0, 0.0
0.016666666666666666, 0.0, 0.0, 0.5, 0.0
0.0, 0.0, 0.0, 0.0, 0.0
0.0, 0.0, 0.0, 0.0, 0.0
0.0, 0.0, 0.0, 0.0, 0.0
0.0, 0.0, 0.0, 0.0, 0.0
0.0, 0.0, 0.0, 0.0, 0.0
0.013333333333333334, 0.0, 0.0, 0.4, 0.0
0.0, 0.0, 0.0, 0.0, 0.0
0.0, 0.0, 0.0, 0.0, 0.0
0.05172413793103448, 0.0, 0.0, 0.5, 0.0
0.03333333333333333, 0.0, 0.0, 0.5, 0.0
0.0, 0.0, 0.0, 0.0, 0.0
0.0, 0.0, 0.0, 0.0, 0.0
0.0, 0.0, 0.0, 0.0, 0.0
0.03888888888888889, 0.0, 0.0, 0.6666666666666667, 0.0
0.0, 0.0, 0.0, 0.0, 0.0
0.016666666666666666, 0.0, 0.0, 0.5, 0.0
0.0, 0.0, 0.0, 0.0, 0.0
0.0, 0.0, 0.0, 0.0, 0.0
0.0, 0.0, 0.0, 0.0, 0.0
0.0, 0.0, 0.0, 0.0, 0.0
0.016666666666666666, 0.0, 0.0, 0.5, 0.0
0.0, 0.0, 0.0, 0.0, 0.0
0.0, 0.0, 0.0, 0.0, 0.0
0.016666666666666666, 0.0, 0.0, 0.5, 0.0
0.017241379310344827, 0.0, 0.0, 0.5, 0.0
0.0, 0.0, 0.0, 0.0, 0.0
0.0, 0.0, 0.0, 0.0, 0.0
0.0, 0.0, 0.0, 0.0, 0.0
0.016666666666666666, 0.0, 0.0, 0.5, 0.0
0.0, 0.0, 0.0, 0.0, 0.0
0.0, 0.0, 0.0, 0.0, 0.0
0.0, 0.0, 0.0, 0.0, 0.0
0.0, 0.0, 0.0, 0.0, 0.0
0.0, 0.0, 0.0, 0.0, 0.0
0.0, 0.0, 0.0, 0.0, 0.0
0.0, 0.0, 0.0, 0.0, 0.0
0.0, 0.0, 0.0, 0.0, 0.0
0.016666666666666666, 0.0, 0.0, 0.5, 0.0
0.0, 0.0, 0.0, 0.0, 0.0
0.017241379310344827, 0.0, 0.0, 0.5, 0.0
0.0, 0.0, 0.0, 0.0, 0.0
0.0, 0.0, 0.0, 0.0, 0.0
0.017241379310344827, 0.0, 0.0, 0.5, 0.0
0.0, 0.0, 0.0, 0.0, 0.0
0.0, 0.0, 0.0, 0.0, 0.0
0.030000000000000002, 0.0, 0.0, 0.5, 0.0
0.0, 0.0, 0.0, 0.0, 0.0
0.0, 0.0, 0.0, 0.0, 0.0
0.016666666666666666, 0.0, 0.0, 0.5, 0.0
0.0, 0.0, 0.0, 0.0, 0.0
0.016666666666666666, 0.0, 0.0, 0.5, 0.0
0.0, 0.0, 0.0, 0.0, 0.0
0.016666666666666666, 0.0, 0.0, 0.5, 0.0
0.03333333333333333, 0.0, 0.0, 0.5, 0.0
0.0, 0.0, 0.0, 0.0, 0.0
0.016666666666666666, 0.0, 0.0, 0.5, 0.0
0.017241379310344827, 0.0, 0.0, 0.5, 0.0
0.016666666666666666, 0.0, 0.0, 0.5, 0.0
0.0, 0.0, 0.0, 0.0, 0.0
0.016666666666666666, 0.0, 0.0, 0.5, 0.0
0.016666666666666666, 0.0, 0.0, 0.5, 0.0
0.0, 0.0, 0.0, 0.0, 0.0
0.0, 0.0, 0.0, 0.0, 0.0
0.017241379310344827, 0.0, 0.0, 0.5, 0.0
0.0, 0.0, 0.0, 0.0, 0.0
0.0, 0.0, 0.0, 0.0, 0.0
0.0, 0.0, 0.0, 0.0, 0.0
0.0, 0.0, 0.0, 0.0, 0.0
0.0, 0.0, 0.0, 0.0, 0.0
0.0, 0.0, 0.0, 0.0, 0.0
0.0, 0.0, 0.0, 0.0, 0.0
0.017241379310344827, 0.0, 0.0, 0.5, 0.0
0.0, 0.0, 0.0, 0.0, 0.0
0.03333333333333333, 0.0, 0.0, 0.5, 0.0
0.016666666666666666, 0.0, 0.0, 0.5, 0.0
0.016666666666666666, 0.0, 0.0, 0.5, 0.0
0.0, 0.0, 0.0, 0.0, 0.0
0.0, 0.0, 0.0, 0.0, 0.0
0.0, 0.0, 0.0, 0.0, 0.0
0.0, 0.0, 0.0, 0.0, 0.0
0.0, 0.0, 0.0, 0.0, 0.0
0.016666666666666666, 0.0, 0.0, 0.5, 0.0
0.016666666666666666, 0.0, 0.0, 0.5, 0.0
0.016666666666666666, 0.0, 0.0, 0.5, 0.0
0.0, 0.0, 0.0, 0.0, 0.0
0.0, 0.0, 0.0, 0.0, 0.0
0.03148148148148148, 0.0, 0.0, 0.5, 0.0
0.0, 0.0, 0.0, 0.0, 0.0
0.016666666666666666, 0.0, 0.0, 0.5, 0.0
0.0, 0.0, 0.0, 0.0, 0.0
0.0, 0.0, 0.0, 0.0, 0.0
0.0, 0.0, 0.0, 0.0, 0.0
0.03333333333333333, 0.0, 0.0, 0.5, 0.0
0.016666666666666666, 0.0, 0.0, 0.5, 0.0
0.0, 0.0, 0.0, 0.0, 0.0
0.0, 0.0, 0.0, 0.0, 0.0
0.0, 0.0, 0.0, 0.0, 0.0
0.0, 0.0, 0.0, 0.0, 0.0
0.016666666666666666, 0.0, 0.0, 0.5, 0.0
0.016666666666666666, 0.0, 0.0, 0.5, 0.0
0.016666666666666666, 0.0, 0.0, 0.5, 0.0
0.0, 0.0, 0.0, 0.0, 0.0
0.034482758620689655, 0.0, 0.0, 0.5, 0.0
0.0, 0.0, 0.0, 0.0, 0.0
0.0, 0.0, 0.0, 0.0, 0.0
0.013333333333333334, 0.0, 0.0, 0.4, 0.0
0.0, 0.0, 0.0, 0.0, 0.0
0.0, 0.0, 0.0, 0.0, 0.0
0.0, 0.0, 0.0, 0.0, 0.0
0.0, 0.0, 0.0, 0.0, 0.0
0.0, 0.0, 0.0, 0.0, 0.0
0.0, 0.0, 0.0, 0.0, 0.0
0.0, 0.0, 0.0, 0.0, 0.0
0.017241379310344827, 0.0, 0.0, 0.5, 0.0
0.0, 0.0, 0.0, 0.0, 0.0
0.017241379310344827, 0.0, 0.0, 0.5, 0.0
0.03333333333333333, 0.0, 0.0, 0.5, 0.0
0.0, 0.0, 0.0, 0.0, 0.0
0.016666666666666666, 0.0, 0.0, 0.5, 0.0
0.0, 0.0, 0.0, 0.0, 0.0
0.016666666666666666, 0.0, 0.0, 0.5, 0.0
0.0, 0.0, 0.0, 0.0, 0.0
0.0, 0.0, 0.0, 0.0, 0.0
0.016666666666666666, 0.0, 0.0, 0.5, 0.0
0.03888888888888889, 0.0, 0.0, 0.6666666666666667, 0.0
0.0, 0.0, 0.0, 0.0, 0.0
0.0, 0.0, 0.0, 0.0, 0.0
0.0, 0.0, 0.0, 0.0, 0.0
0.0, 0.0, 0.0, 0.0, 0.0
0.0, 0.0, 0.0, 0.0, 0.0
0.0, 0.0, 0.0, 0.0, 0.0
0.016666666666666666, 0.0, 0.0, 0.5, 0.0
0.0, 0.0, 0.0, 0.0, 0.0
0.0, 0.0, 0.0, 0.0, 0.0
0.0, 0.0, 0.0, 0.0, 0.0
0.016666666666666666, 0.0, 0.0, 0.5, 0.0
0.0, 0.0, 0.0, 0.0, 0.0
0.0, 0.0, 0.0, 0.0, 0.0
0.0, 0.0, 0.0, 0.0, 0.0
0.016666666666666666, 0.0, 0.0, 0.5, 0.0
0.03333333333333333, 0.0, 0.0, 0.5, 0.0
0.016666666666666666, 0.0, 0.0, 0.5, 0.0
0.03333333333333333, 0.0, 0.0, 0.5, 0.0
0.0, 0.0, 0.0, 0.0, 0.0
0.0, 0.0, 0.0, 0.0, 0.0
0.0, 0.0, 0.0, 0.0, 0.0
0.016666666666666666, 0.0, 0.0, 0.5, 0.0
0.0, 0.0, 0.0, 0.0, 0.0
0.013333333333333334, 0.0, 0.0, 0.4, 0.0
0.013333333333333334, 0.0, 0.0, 0.4, 0.0
0.0, 0.0, 0.0, 0.0, 0.0
0.0, 0.0, 0.0, 0.0, 0.0
0.016666666666666666, 0.0, 0.0, 0.5, 0.0
0.0, 0.0, 0.0, 0.0, 0.0
0.013333333333333334, 0.0, 0.0, 0.4, 0.0
0.013333333333333334, 0.0, 0.0, 0.4, 0.0
0.0, 0.0, 0.0, 0.0, 0.0
0.0, 0.0, 0.0, 0.0, 0.0
0.016666666666666666, 0.0, 0.0, 0.5, 0.0
0.016666666666666666, 0.0, 0.0, 0.5, 0.0
0.016666666666666666, 0.0, 0.0, 0.5, 0.0
0.0, 0.0, 0.0, 0.0, 0.0
0.016666666666666666, 0.0, 0.0, 0.5, 0.0
0.0, 0.0, 0.0, 0.0, 0.0
0.0, 0.0, 0.0, 0.0, 0.0
0.0, 0.0, 0.0, 0.0, 0.0
0.03333333333333333, 0.0, 0.0, 0.5, 0.0
0.0, 0.0, 0.0, 0.0, 0.0
0.03333333333333333, 0.0, 0.0, 0.5, 0.0
0.0, 0.0, 0.0, 0.0, 0.0
0.0, 0.0, 0.0, 0.0, 0.0
0.0, 0.0, 0.0, 0.0, 0.0
