0.0848039923039923, 0.0, 0.0, 0.5, 0.0
0.1761423761423762, 0.19999999999999996, 0.0, 0.4444444444444444, 0.0
0.1651010101010101, 0.19999999999999996, 0.0, 0.5, 0.0
0.1576936026936027, 0.19999999999999996, 0.0, 0.5, 0.0
0.17690235690235692, 0.19999999999999996, 0.0, 0.36363636363636365, 0.0
0.1675084175084175, 0.19999999999999996, 0.0, 0.36363636363636365, 0.0
0.1516835016835017, 0.19999999999999996, 0.0, 0.36363636363636365, 0.0
0.13016835016835018, 0.19999999999999996, 0.0, 0.36363636363636365, 0.0
0.12336700336700339, 0.19999999999999996, 0.0, 0.36363636363636365, 0.0
0.1034680134680135, 0.09999999999999998, 0.0, 0.36363636363636365, 0.0
