0.28055555555555556, 0.3955555555555556, 0.5231481481481481, 0.38796296296296295, 0.43518518518518523, 0.5075925925925926, 0.5568518518518519, 0.37870370370370376, 0.4087037037037036, 0.5064814814814815,        
0.49703703703703705, 0.33722222222222226, 0.38333333333333336, 0.4861111111111111, 0.42907407407407405, 0.41370370370370374, 0.5185185185185185, 0.38351851851851854, 0.39166666666666666, 0.5211111111111112,        
0.37321428571428567, 0.3794444444444445, 0.4825925925925925, 0.37851851851851853, 0.41037037037037033, 0.41925925925925916, 0.46611111111111114, 0.42018518518518516, 0.3983333333333334, 0.44314814814814807,        
0.3174074074074074, 0.405, 0.4901851851851851, 0.4218518518518518, 0.5385185185185185, 0.3737037037037037, 0.36370370370370364, 0.4537037037037038, 0.45518518518518525, 0.43962962962962965,        
0.42185185185185187, 0.40296296296296297, 0.45666666666666667, 0.37018518518518523, 0.36925925925925923, 0.39537037037037037, 0.45185185185185184, 0.4005555555555555, 0.34888888888888886, 0.38907407407407407,        
0.4166666666666667, 0.42092592592592587, 0.44037037037037036, 0.3444444444444444, 0.3716666666666667, 0.4407407407407408, 0.3753703703703704, 0.3903703703703704, 0.43388888888888894, 0.42103174603174603,        
0.47500000000000003, 0.4548148148148148, 0.45148148148148154, 0.4477777777777778, 0.39018518518518525, 0.4898148148148148, 0.405, 0.3950000000000001, 0.41148148148148145, 0.43740740740740747,        
0.562962962962963, 0.37648148148148153, 0.44537037037037036, 0.4655555555555555, 0.36259259259259263, 0.41405723905723907, 0.44833333333333336, 0.4588888888888889, 0.4005952380952381, 0.4811111111111111,        
0.38925925925925925, 0.3781481481481482, 0.49592592592592594, 0.3648148148148148, 0.4605555555555555, 0.4335185185185185, 0.4694444444444444, 0.492962962962963, 0.4346296296296296, 0.38814814814814813,        
0.40277777777777773, 0.4627777777777778, 0.4192592592592593, 0.4411111111111111, 0.477962962962963, 0.42814814814814817, 0.5646296296296297, 0.471031746031746, 0.44518518518518513, 0.42444444444444446,        
0.4257407407407408, 0.41111111111111115, 0.40925925925925927, 0.4257407407407408, 0.3298148148148148, 0.28814814814814815, 0.49314814814814817, 0.4746296296296296, 0.5703703703703705, 0.40129629629629626,        
0.4935185185185185, 0.4890740740740741, 0.444074074074074, 0.4651851851851852, 0.36037037037037045, 0.39702380952380956, 0.44666666666666666, 0.4331481481481481, 0.4368518518518519, 0.45574074074074067,        
0.5338888888888889, 0.4233333333333333, 0.46611111111111114, 0.38814814814814813, 0.5546296296296297, 0.4934523809523809, 0.37981481481481477, 0.47907407407407404, 0.5427777777777777, 0.4488888888888889,        
0.3859259259259259, 0.3777777777777778, 0.3459259259259259, 0.5035185185185185, 0.2687037037037037, 0.4777777777777778, 0.3831481481481481, 0.5235185185185185, 0.4398148148148148, 0.3946296296296296,        
0.4390740740740741, 0.3637037037037037, 0.34740740740740744, 0.3675925925925926, 0.4403703703703704, 0.3075925925925926, 0.45, 0.36277777777777775, 0.49370370370370364, 0.46481481481481485,        
0.47407407407407404, 0.5661111111111111, 0.4890740740740741, 0.4431481481481481, 0.4411111111111111, 0.42814814814814817, 0.36037037037037045, 0.38666666666666666, 0.47185185185185186, 0.45777777777777773,        
0.4690740740740741, 0.417962962962963, 0.45425925925925925, 0.445, 0.39629629629629626, 0.3764814814814815, 0.4148148148148148, 0.3814814814814815, 0.45092592592592595, 0.5433333333333333,        
0.42351851851851846, 0.32870370370370366, 0.4972222222222223, 0.4410714285714286, 0.33740740740740743, 0.45055555555555554, 0.5107407407407407, 0.5373015873015873, 0.4261111111111111, 0.4351851851851852,        
0.31425925925925924, 0.5098148148148148, 0.4735185185185185, 0.40740740740740744, 0.4125925925925926, 0.477037037037037, 0.3794444444444444, 0.45376984126984127, 0.45331649831649834, 0.36925925925925923,        
0.5201851851851853, 0.312962962962963, 0.49018518518518517, 0.457936507936508, 0.49111111111111116, 0.42611111111111105, 0.5014814814814815, 0.4188888888888889, 0.4822222222222222, 0.39027777777777783,        
0.4642592592592593, 0.36537037037037035, 0.42759259259259264, 0.4881481481481481, 0.48814814814814816, 0.41314814814814815, 0.4662962962962963, 0.3598148148148148, 0.36444444444444446, 0.38407407407407407,        
0.4637037037037038, 0.45777777777777773, 0.3707407407407407, 0.5407407407407407, 0.40351851851851855, 0.45148148148148154, 0.41870370370370374, 0.5378968253968254, 0.4311111111111111, 0.5192592592592592,        
0.4772222222222222, 0.43296296296296294, 0.4418518518518519, 0.4143162393162394, 0.542962962962963, 0.44629629629629636, 0.405982905982906, 0.4562962962962963, 0.3877777777777778, 0.34092592592592585,        
0.38055555555555554, 0.3566666666666667, 0.4396296296296296, 0.3385185185185185, 0.49666666666666665, 0.46833333333333343, 0.4583333333333333, 0.5813492063492064, 0.4225925925925926, 0.480925925925926,        
0.48111111111111116, 0.4542592592592592, 0.4662962962962964, 0.42, 0.41759259259259257, 0.47127946127946135, 0.46129629629629626, 0.4444444444444445, 0.40629629629629627, 0.42857142857142855,        
0.4250000000000001, 0.41185185185185186, 0.538888888888889, 0.33, 0.47055555555555556, 0.45722222222222225, 0.35813492063492064, 0.4, 0.44111111111111106, 0.36092592592592593,        
0.4412962962962963, 0.46740740740740744, 0.4564814814814815, 0.45462962962962966, 0.43907407407407406, 0.3990079365079365, 0.47185185185185186, 0.5007407407407407, 0.3022222222222222, 0.40574074074074074,        
0.33444444444444443, 0.4155555555555555, 0.49981481481481477, 0.38629629629629636, 0.4212962962962964, 0.39666666666666667, 0.3637037037037037, 0.4101683501683502, 0.3927777777777778, 0.42925925925925923,        
0.46925925925925926, 0.35203703703703704, 0.4146296296296296, 0.42055555555555557, 0.30999999999999994, 0.4474074074074074, 0.35148148148148145, 0.4388888888888889, 0.4363095238095238, 0.38166666666666665,        
0.3787037037037037, 0.44722222222222224, 0.4053703703703704, 0.43833333333333335, 0.41611111111111115, 0.3653703703703704, 0.32740740740740737, 0.4090740740740741, 0.4744444444444445, 0.46592592592592585,        
0.42685185185185187, 0.3592592592592592, 0.46944444444444444, 0.4140740740740741, 0.482962962962963, 0.452962962962963, 0.4325925925925926, 0.4272222222222223, 0.4477777777777778, 0.5140740740740741,        
0.4224074074074074, 0.4842592592592593, 0.3446296296296296, 0.4461111111111112, 0.4164814814814815, 0.4424074074074074, 0.4831481481481482, 0.4548148148148148, 0.4729629629629629, 0.415,        
0.38351851851851854, 0.4116666666666667, 0.3812962962962963, 0.452037037037037, 0.3597222222222222, 0.47314814814814815, 0.41777777777777775, 0.452946127946128, 0.4405555555555555, 0.40740740740740744,        
0.4766666666666667, 0.48833333333333334, 0.4037037037037037, 0.41962962962962963, 0.4996296296296297, 0.47314814814814815, 0.40277777777777773, 0.352962962962963, 0.41777777777777775, 0.46981481481481485,        
0.38185185185185183, 0.31425925925925924, 0.4312962962962963, 0.4601851851851852, 0.4675925925925926, 0.3337037037037038, 0.43333333333333335, 0.39962962962962967, 0.4342592592592593, 0.47261904761904766,        
0.3614814814814815, 0.4140740740740741, 0.45666666666666667, 0.40703703703703703, 0.3707407407407407, 0.4120370370370371, 0.4161111111111111, 0.5925925925925927, 0.4614814814814815, 0.43690476190476185,        
0.37370370370370376, 0.3961111111111111, 0.41370370370370374, 0.3838888888888889, 0.4668518518518519, 0.4368518518518519, 0.4614814814814815, 0.4144444444444444, 0.43769841269841275, 0.4474074074074074,        
0.475, 0.32685185185185184, 0.3725925925925926, 0.4248148148148148, 0.4957407407407407, 0.5601851851851852, 0.39481481481481484, 0.5088888888888888, 0.43074074074074076, 0.32000000000000006,        
0.5035185185185185, 0.48462962962962963, 0.4225925925925926, 0.37462962962962965, 0.4388888888888889, 0.4725925925925926, 0.4042592592592592, 0.4179629629629629, 0.5125925925925926, 0.41925925925925933,        
0.46925925925925926, 0.3444444444444445, 0.37925925925925924, 0.535, 0.452962962962963, 0.5253703703703704, 0.46425925925925937, 0.42777777777777776, 0.5025925925925926, 0.46388888888888885,        
0.5181481481481482, 0.4305555555555556, 0.41018518518518515, 0.39111111111111113, 0.45259259259259266, 0.5488888888888889, 0.387037037037037, 0.3892592592592593, 0.38425925925925924, 0.43537037037037035,        
0.3903703703703704, 0.43722222222222223, 0.4505555555555556, 0.4259259259259259, 0.3766666666666667, 0.4690740740740741, 0.3287037037037038, 0.3812962962962963, 0.4411111111111111, 0.46626984126984133,        
0.4133333333333334, 0.35111111111111115, 0.4295634920634921, 0.3896296296296296, 0.3577777777777778, 0.41444444444444445, 0.38814814814814813, 0.39629629629629637, 0.3907407407407408, 0.3875925925925926,        
0.46222222222222226, 0.5561111111111112, 0.34543650793650793, 0.47851851851851845, 0.43968253968253973, 0.5181481481481482, 0.42043650793650794, 0.4418518518518519, 0.4381481481481481, 0.48500000000000004,        
0.39648148148148155, 0.44037037037037036, 0.3479629629629629, 0.3922053872053872, 0.38277777777777783, 0.2849206349206349, 0.4027777777777778, 0.352962962962963, 0.457037037037037, 0.2607407407407408,        
0.39851851851851855, 0.5059259259259259, 0.45222222222222225, 0.3957407407407407, 0.3872222222222222, 0.4746296296296297, 0.435, 0.4707407407407408, 0.4318518518518519, 0.527020202020202,        
0.49047619047619045, 0.45296296296296296, 0.48666666666666664, 0.4983333333333333, 0.43203703703703705, 0.444074074074074, 0.4218518518518518, 0.3125925925925926, 0.380925925925926, 0.47537037037037044,        
0.4264814814814815, 0.3011111111111111, 0.5087037037037037, 0.30000000000000004, 0.4198148148148148, 0.32685185185185184, 0.5235016835016836, 0.4666666666666667, 0.45685185185185184, 0.48148148148148145,        
0.46092592592592596, 0.435, 0.4488888888888889, 0.5131481481481481, 0.5151851851851853, 0.4664814814814814, 0.45666666666666667, 0.5316666666666666, 0.325, 0.3944444444444445,        
0.32000000000000006, 0.37074074074074076, 0.38518518518518524, 0.4737037037037037, 0.4294444444444444, 0.39333333333333337, 0.4948148148148148, 0.37000000000000005, 0.3764814814814815, 0.437962962962963,        
0.5231481481481483, 0.45462962962962966, 0.41166666666666674, 0.3994444444444445, 0.3343253968253968, 0.4035185185185185, 0.44277777777777777, 0.41370370370370363, 0.4109259259259259, 0.392037037037037,        
0.40074074074074073, 0.39444444444444443, 0.4538888888888889, 0.44074074074074077, 0.46555555555555567, 0.4861111111111111, 0.4157407407407407, 0.5729629629629629, 0.48407407407407405, 0.48148148148148145,        
0.4003703703703704, 0.4072222222222222, 0.44074074074074077, 0.4583333333333333, 0.4498148148148148, 0.3988888888888889, 0.3027777777777778, 0.415, 0.3316666666666668, 0.47555555555555556,        
0.46092592592592596, 0.53, 0.475, 0.5287037037037037, 0.4172222222222222, 0.43833333333333335, 0.46018518518518525, 0.4305555555555555, 0.4348148148148148, 0.3605555555555556,        
0.4116666666666667, 0.3966666666666666, 0.45129629629629625, 0.417063492063492, 0.33685185185185185, 0.47240740740740744, 0.3655555555555556, 0.4114814814814815, 0.48518518518518516, 0.43833333333333335,        
0.44703703703703707, 0.3894444444444444, 0.4185185185185185, 0.44851851851851854, 0.5185185185185186, 0.4224074074074074, 0.49777777777777776, 0.34314814814814815, 0.41425925925925927, 0.4846296296296296,        
0.4968518518518518, 0.3794444444444444, 0.4822222222222223, 0.47944444444444445, 0.37981481481481477, 0.43499999999999994, 0.397037037037037, 0.49388888888888893, 0.40074074074074073, 0.4140740740740741,        
0.3781481481481481, 0.31150793650793646, 0.3881481481481482, 0.4633333333333333, 0.45370370370370366, 0.3548148148148148, 0.3259259259259259, 0.38925925925925925, 0.515, 0.4738720538720539,        
0.4322222222222223, 0.385, 0.35111111111111115, 0.437962962962963, 0.44481481481481483, 0.4337037037037037, 0.37722222222222224, 0.3437037037037037, 0.31018518518518523, 0.5016666666666667,        
0.46796296296296297, 0.4440740740740741, 0.36516835016835014, 0.4385185185185185, 0.2914814814814815, 0.3446296296296296, 0.4401851851851852, 0.4403703703703704, 0.3605555555555556, 0.4096296296296296,        
0.35148148148148145, 0.2935185185185185, 0.3427609427609427, 0.5468518518518518, 0.3068518518518519, 0.29037037037037033, 0.4438888888888889, 0.375, 0.500925925925926, 0.4011904761904762,        
0.4183333333333333, 0.45740740740740743, 0.42648148148148146, 0.5044444444444445, 0.4053703703703704, 0.35962962962962963, 0.4577777777777778, 0.39185185185185184, 0.5033333333333333, 0.4618518518518519,        
0.4248148148148148, 0.39092592592592595, 0.4792592592592593, 0.453968253968254, 0.46370370370370373, 0.46166666666666667, 0.4592592592592593, 0.3024074074074074, 0.3922222222222222, 0.43481481481481477,        
0.44037037037037036, 0.4740740740740741, 0.5218518518518518, 0.4044444444444445, 0.5312962962962963, 0.4477777777777778, 0.4869047619047619, 0.43333333333333335, 0.4381481481481482, 0.4753703703703704,        
0.4881481481481481, 0.38888888888888895, 0.3577777777777778, 0.42592592592592593, 0.44370370370370366, 0.39499999999999996, 0.41555555555555557, 0.45092592592592595, 0.3896296296296296, 0.4692592592592593,        
0.5370370370370371, 0.43907407407407406, 0.3825925925925926, 0.3433333333333334, 0.354563492063492, 0.4819444444444444, 0.33452380952380956, 0.3933333333333334, 0.3924074074074075, 0.43907407407407406,        
0.40888888888888886, 0.5196296296296297, 0.5331481481481481, 0.48055555555555546, 0.4611111111111111, 0.31666666666666665, 0.39055555555555554, 0.37962962962962965, 0.37537037037037035, 0.4842592592592592,        
0.4777777777777778, 0.4568518518518519, 0.5275925925925925, 0.44611111111111107, 0.4592592592592593, 0.4799999999999999, 0.4568518518518518, 0.40611111111111114, 0.34870370370370374, 0.42314814814814816,        
0.4633333333333333, 0.4490740740740741, 0.47703703703703704, 0.38814814814814813, 0.4457407407407407, 0.3831481481481481, 0.544074074074074, 0.5192592592592592, 0.45777777777777773, 0.5070370370370371,        
0.4614814814814815, 0.36333333333333334, 0.4527777777777778, 0.4081481481481481, 0.4572222222222223, 0.3842592592592593, 0.5246296296296297, 0.4164814814814815, 0.42857142857142855, 0.5166666666666667,        
0.45962962962962967, 0.46462962962962967, 0.47907407407407404, 0.46055555555555555, 0.45351851851851854, 0.4142592592592592, 0.3888888888888889, 0.44111111111111106, 0.4220238095238095, 0.42129629629629634,        
0.44888888888888895, 0.41814814814814816, 0.41000000000000003, 0.3843253968253969, 0.4192592592592593, 0.47037037037037044, 0.3774074074074074, 0.30814814814814817, 0.3548148148148148, 0.3675925925925926,        
0.4168518518518518, 0.42592592592592593, 0.435, 0.3798148148148149, 0.42, 0.3775925925925926, 0.37000000000000005, 0.40685185185185185, 0.48074074074074075, 0.43592592592592594,        
0.5614814814814815, 0.4759090909090909, 0.38333333333333336, 0.4918518518518519, 0.46370370370370373, 0.41129629629629627, 0.4401851851851853, 0.42037037037037034, 0.41759259259259257, 0.38703703703703696,        
0.4296296296296296, 0.4594444444444444, 0.4533333333333333, 0.42424242424242425, 0.4037037037037037, 0.42277777777777775, 0.4046296296296296, 0.46370370370370373, 0.4144444444444444, 0.49629629629629624,        
0.40685185185185185, 0.4116666666666667, 0.3727777777777778, 0.5525925925925925, 0.4224074074074074, 0.34464285714285714, 0.37518518518518523, 0.5296296296296296, 0.437037037037037, 0.37537037037037035,        
0.4440740740740741, 0.32981481481481484, 0.4694444444444444, 0.47685185185185186, 0.38999999999999996, 0.41000000000000003, 0.43666666666666665, 0.3791666666666667, 0.4401851851851852, 0.4766666666666667,        
0.4683333333333334, 0.4020370370370371, 0.37277777777777776, 0.45444444444444443, 0.4231481481481481, 0.3634920634920635, 0.4455555555555556, 0.36962962962962964, 0.38703703703703707, 0.35259259259259257,        
0.5583333333333333, 0.42648148148148146, 0.4853703703703704, 0.360925925925926, 0.36648148148148146, 0.3248148148148148, 0.33981481481481485, 0.4222222222222223, 0.4746296296296296, 0.4982142857142858,        
0.45462962962962966, 0.34370370370370373, 0.4729629629629629, 0.4825925925925926, 0.4151851851851852, 0.45702020202020205, 0.2984126984126984, 0.39796296296296296, 0.4222222222222223, 0.3862962962962963,        
0.39740740740740743, 0.43962962962962965, 0.5268518518518518, 0.41944444444444445, 0.5551851851851853, 0.509920634920635, 0.4327777777777778, 0.41814814814814816, 0.5344444444444445, 0.5105555555555555,        
0.34814814814814815, 0.4609126984126985, 0.46507936507936504, 0.33995726495726497, 0.4264814814814815, 0.5533333333333333, 0.40753968253968254, 0.29740740740740734, 0.4042592592592592, 0.417962962962963,        
0.4170370370370371, 0.4753703703703704, 0.515, 0.3929629629629629, 0.3869047619047619, 0.4077777777777778, 0.47574074074074074, 0.41777777777777775, 0.43555555555555553, 0.425,        
0.5063492063492063, 0.4557239057239057, 0.46351851851851855, 0.5222222222222221, 0.30092592592592593, 0.5146296296296297, 0.4583333333333333, 0.4653703703703703, 0.385, 0.4161111111111111,        
0.5016666666666667, 0.37092592592592594, 0.47314814814814815, 0.4907407407407407, 0.355925925925926, 0.47740740740740745, 0.4385185185185186, 0.4792592592592593, 0.4525925925925926, 0.4414814814814815,        
0.36905723905723914, 0.4316666666666667, 0.3987037037037037, 0.5194444444444445, 0.5185185185185185, 0.362962962962963, 0.4633333333333333, 0.3768518518518518, 0.4262962962962963, 0.43722222222222223,        
0.48908730158730157, 0.597037037037037, 0.42559523809523814, 0.44574074074074066, 0.47425925925925927, 0.46907407407407403, 0.5174074074074074, 0.32063492063492066, 0.36686507936507934, 0.41722222222222227,        
0.35888888888888887, 0.45851851851851855, 0.5181481481481481, 0.4048148148148148, 0.37703703703703706, 0.4735185185185185, 0.4311111111111111, 0.5044444444444445, 0.41537037037037033, 0.46148148148148144,        
0.3818518518518518, 0.4381481481481481, 0.4444444444444444, 0.3811111111111111, 0.4888888888888889, 0.4294444444444444, 0.37370370370370376, 0.38518518518518513, 0.40296296296296297, 0.4935185185185186,        
0.5037037037037038, 0.46370370370370373, 0.42479797979797973, 0.45777777777777773, 0.46370370370370373, 0.39462962962962966, 0.36166666666666664, 0.4635185185185185, 0.36370370370370364, 0.4207407407407408,        
0.3688888888888889, 0.4151851851851852, 0.31277777777777777, 0.4516666666666666, 0.5850000000000001, 0.49759259259259264, 0.49314814814814817, 0.5155555555555555, 0.46796296296296297, 0.37962962962962965,        
0.4231481481481482, 0.2983333333333333, 0.405, 0.3642592592592592, 0.37037037037037035, 0.48518518518518516, 0.42129629629629634, 0.4822222222222222, 0.48277777777777775, 0.39370370370370367,        
0.4644444444444445, 0.4635185185185185, 0.43962962962962965, 0.3225925925925926, 0.4003703703703704, 0.4703703703703704, 0.36333333333333334, 0.5070370370370371, 0.4768518518518519, 0.4709259259259259,        
0.5035185185185186, 0.42055555555555557, 0.3567460317460317, 0.4009259259259259, 0.4683333333333334, 0.4083333333333333, 0.365925925925926, 0.4251851851851852, 0.42962962962962964, 0.4209259259259259,        
0.38037037037037036, 0.44851851851851854, 0.4168518518518518, 0.467037037037037, 0.41018518518518515, 0.5509259259259259, 0.39518518518518514, 0.3190740740740741, 0.37462962962962965, 0.4272222222222222,        
0.42666666666666664, 0.31703703703703706, 0.3781481481481481, 0.39259259259259255, 0.43555555555555553, 0.39239057239057235, 0.365, 0.4298148148148148, 0.3527777777777778, 0.4555555555555556,        
0.3175925925925926, 0.3875925925925926, 0.3896296296296296, 0.3603703703703704, 0.3766666666666667, 0.4712962962962963, 0.34425925925925926, 0.3490740740740741, 0.4887037037037037, 0.48234126984126985,        
0.45722222222222225, 0.41833333333333333, 0.41018518518518515, 0.3018518518518519, 0.5685185185185185, 0.41722222222222227, 0.2848148148148148, 0.4340740740740741, 0.5142592592592592, 0.45185185185185184,        
0.3844444444444444, 0.42462962962962963, 0.4309259259259259, 0.4033333333333334, 0.3983333333333334, 0.4107407407407407, 0.3807407407407407, 0.4148148148148148, 0.5411111111111111, 0.40074074074074073,        
0.39055555555555554, 0.3627777777777778, 0.4075925925925926, 0.4472222222222222, 0.37629629629629624, 0.46259259259259256, 0.4825925925925926, 0.40259259259259256, 0.3977777777777778, 0.5087037037037037,        
0.4679629629629629, 0.537962962962963, 0.3416666666666667, 0.4286868686868687, 0.3799603174603175, 0.4814814814814815, 0.4235185185185185, 0.3244444444444444, 0.41370370370370374, 0.3962962962962963,        
0.36726190476190473, 0.4972222222222222, 0.4338888888888889, 0.46351851851851855, 0.567962962962963, 0.4242592592592593, 0.4462962962962963, 0.4894444444444444, 0.477037037037037, 0.4337037037037037,        
0.43777777777777777, 0.36333333333333334, 0.48351851851851857, 0.4805555555555555, 0.45666666666666667, 0.32740740740740737, 0.31092592592592594, 0.4485185185185185, 0.4042592592592593, 0.4046296296296296,        
0.33629629629629626, 0.4240740740740741, 0.5, 0.38833333333333336, 0.44203703703703706, 0.4657407407407408, 0.46314814814814814, 0.442962962962963, 0.45611111111111113, 0.4024074074074074,        
0.47055555555555556, 0.4266666666666667, 0.33055555555555555, 0.5435185185185186, 0.4753703703703704, 0.40535353535353535, 0.492962962962963, 0.43555555555555553, 0.37111111111111117, 0.42796296296296293,        
0.4222222222222223, 0.43425925925925923, 0.3722222222222222, 0.4053703703703703, 0.422962962962963, 0.46222222222222226, 0.43, 0.4003703703703704, 0.472962962962963, 0.46796296296296297,        
0.3946296296296296, 0.38018518518518524, 0.3740740740740741, 0.45944444444444443, 0.4018518518518519, 0.45296296296296296, 0.3592592592592592, 0.4287037037037037, 0.37555555555555564, 0.39682539682539686,        
0.5214814814814814, 0.3812962962962963, 0.3911111111111111, 0.475, 0.3747979797979798, 0.4295634920634921, 0.3301851851851852, 0.5164814814814815, 0.4353703703703704, 0.4722222222222222,        
0.47611111111111104, 0.3925925925925926, 0.4255555555555556, 0.467962962962963, 0.40296296296296297, 0.3781481481481482, 0.4081481481481481, 0.4793650793650794, 0.3922222222222222, 0.5444444444444444,        
0.3535714285714286, 0.4975925925925927, 0.5148148148148148, 0.4744444444444445, 0.4905555555555555, 0.31537037037037036, 0.5053703703703704, 0.4061111111111112, 0.40129629629629626, 0.46129629629629626,        
0.4613095238095239, 0.48574074074074075, 0.470925925925926, 0.4488888888888889, 0.40259259259259256, 0.37203703703703705, 0.4868518518518518, 0.49537037037037035, 0.41833333333333333, 0.4288888888888888,        
0.43277777777777776, 0.44481481481481483, 0.39722222222222225, 0.4442592592592593, 0.42537037037037034, 0.4683333333333333, 0.4194444444444444, 0.4214814814814815, 0.5027777777777778, 0.407946127946128,        
0.3372222222222222, 0.45796296296296296, 0.4774074074074074, 0.5185185185185185, 0.5264814814814814, 0.387037037037037, 0.4066666666666666, 0.42796296296296293, 0.5322222222222223, 0.3966666666666666,        
0.39481481481481484, 0.4890873015873015, 0.4553703703703704, 0.3642592592592592, 0.41907407407407404, 0.5420370370370371, 0.38666666666666666, 0.4142592592592592, 0.48018518518518516, 0.4361111111111111,        
0.44037037037037036, 0.3874074074074075, 0.5307407407407408, 0.45537037037037037, 0.41777777777777786, 0.4240740740740741, 0.38611111111111107, 0.47240740740740733, 0.4683333333333334, 0.31444444444444447,        
0.43296296296296294, 0.4375925925925926, 0.4810942760942761, 0.3624074074074074, 0.49166666666666664, 0.40092592592592596, 0.4548148148148148, 0.46370370370370373, 0.4140740740740741, 0.42814814814814817,        
0.4668518518518519, 0.46481481481481474, 0.3637037037037037, 0.4738888888888889, 0.4538888888888889, 0.42481481481481487, 0.4224074074074074, 0.505, 0.34666666666666673, 0.46888888888888886,        
0.41833333333333333, 0.3790740740740741, 0.35129629629629633, 0.41000000000000003, 0.44759259259259265, 0.4527777777777778, 0.39740740740740743, 0.38240740740740736, 0.5042592592592593, 0.4335185185185185,        
0.4525925925925926, 0.445, 0.44055555555555553, 0.38333333333333336, 0.44462962962962965, 0.4948148148148148, 0.3835185185185185, 0.4231481481481481, 0.35055555555555556, 0.4353703703703704,        
0.43592592592592594, 0.5670370370370371, 0.4477777777777778, 0.3103703703703704, 0.4040740740740741, 0.37259259259259264, 0.4475925925925926, 0.41203703703703703, 0.41425925925925927, 0.4038888888888889,        
0.3938888888888889, 0.39148148148148143, 0.4507407407407407, 0.4151851851851852, 0.34314814814814815, 0.4, 0.4437037037037037, 0.4811111111111111, 0.45666666666666667, 0.36185185185185187,        
0.3561111111111111, 0.43273809523809526, 0.4681481481481482, 0.43555555555555553, 0.35129629629629633, 0.45129629629629625, 0.45111111111111113, 0.3618518518518518, 0.49166666666666664, 0.39648148148148155,        
0.3479629629629629, 0.4525925925925926, 0.3816666666666667, 0.4568518518518519, 0.482962962962963, 0.38685185185185184, 0.4124074074074074, 0.48833333333333334, 0.4718518518518519, 0.4316666666666667,        
0.42896825396825394, 0.5516666666666666, 0.45351851851851854, 0.5622222222222223, 0.43074074074074076, 0.4053703703703704, 0.47796296296296303, 0.362946127946128, 0.41277777777777774, 0.38311965811965815,        
0.4368518518518518, 0.4187037037037037, 0.4966666666666667, 0.5037037037037038, 0.40925925925925927, 0.5305555555555557, 0.40518518518518515, 0.3351851851851852, 0.4440740740740741, 0.3857407407407408,        
0.3801851851851852, 0.4361111111111111, 0.4062962962962963, 0.43018518518518517, 0.4512962962962963, 0.4227609427609428, 0.46296296296296297, 0.46018518518518525, 0.5624074074074075, 0.40703703703703703,        
0.36944444444444446, 0.43368686868686873, 0.3624074074074074, 0.42185185185185187, 0.44925925925925925, 0.4083333333333333, 0.4290740740740741, 0.452037037037037, 0.4411111111111111, 0.502037037037037,        
0.3642592592592592, 0.4848148148148148, 0.44592592592592595, 0.47333333333333333, 0.46277777777777784, 0.5516666666666666, 0.48574074074074075, 0.3837037037037037, 0.41018518518518515, 0.46703703703703703,        
0.5113095238095238, 0.397037037037037, 0.46185185185185185, 0.39129629629629636, 0.4361111111111111, 0.39870370370370367, 0.44814814814814813, 0.3883333333333333, 0.5069444444444445, 0.42103174603174603,        
0.46555555555555556, 0.38055555555555554, 0.5107407407407407, 0.46703703703703703, 0.3581481481481481, 0.4614814814814815, 0.4574074074074074, 0.4570370370370371, 0.4662962962962964, 0.38222222222222224,        
0.4113095238095238, 0.32999999999999996, 0.44611111111111107, 0.389074074074074, 0.4685185185185185, 0.43166666666666664, 0.47740740740740745, 0.4353703703703704, 0.5074074074074074, 0.44296296296296295,        
0.44563492063492066, 0.3864814814814814, 0.43388888888888894, 0.4762962962962963, 0.36740740740740746, 0.37851851851851853, 0.3764814814814815, 0.5914814814814815, 0.45092592592592595, 0.37425925925925924,        
0.4205555555555555, 0.5294444444444444, 0.41611111111111115, 0.4014814814814815, 0.4127777777777778, 0.47629629629629633, 0.49129629629629634, 0.3988888888888889, 0.4924074074074074, 0.36259259259259263,        
0.3835185185185185, 0.4381481481481481, 0.5111111111111112, 0.38388888888888884, 0.5311111111111111, 0.3975925925925926, 0.4316666666666667, 0.4570370370370371, 0.43166666666666664, 0.38037037037037036,        
0.5387037037037037, 0.3635185185185185, 0.5007407407407407, 0.37333333333333335, 0.5185185185185186, 0.4998148148148148, 0.4716666666666667, 0.42574074074074075, 0.32296296296296295, 0.4651851851851852,        
0.4583333333333333, 0.3755555555555556, 0.3698148148148148, 0.4296296296296297, 0.4311111111111111, 0.4690740740740741, 0.4009920634920635, 0.3688888888888889, 0.42481481481481487, 0.42407407407407405,        
0.4125925925925926, 0.5246296296296297, 0.4685185185185185, 0.4957407407407407, 0.4787037037037037, 0.3087037037037037, 0.5422222222222222, 0.4898148148148148, 0.44555555555555554, 0.5027777777777778,        
0.47685185185185186, 0.35351851851851845, 0.5361111111111111, 0.4738888888888889, 0.4353703703703704, 0.4709259259259259, 0.38796296296296295, 0.3446296296296296, 0.45148148148148154, 0.4033333333333333,        
0.4514814814814815, 0.3474074074074075, 0.4853703703703704, 0.3687037037037037, 0.5243589743589744, 0.437962962962963, 0.4527777777777777, 0.42648148148148146, 0.4524074074074074, 0.47203703703703703,        
0.4309259259259259, 0.425, 0.35907407407407405, 0.33351851851851855, 0.47055555555555556, 0.305925925925926, 0.395436507936508, 0.4707407407407408, 0.3490740740740741, 0.3944444444444445,        
0.39518518518518514, 0.40074074074074073, 0.375, 0.4553703703703703, 0.42203703703703704, 0.40796296296296297, 0.4679629629629629, 0.5153703703703704, 0.4975925925925926, 0.4972222222222223,        
0.4424074074074074, 0.45277777777777783, 0.43388888888888894, 0.3861111111111111, 0.3353703703703704, 0.5714814814814815, 0.4603703703703703, 0.5375925925925926, 0.44703703703703707, 0.3296296296296296,        
0.42203703703703704, 0.40462962962962956, 0.48351851851851857, 0.42259259259259263, 0.40037037037037043, 0.3935185185185185, 0.44629629629629636, 0.41, 0.39222222222222225, 0.45185185185185184,        
0.4516666666666667, 0.41296296296296303, 0.3305555555555556, 0.4811111111111111, 0.47962962962962963, 0.48981481481481487, 0.43129629629629634, 0.4066666666666667, 0.4740079365079365, 0.37444444444444447,        
0.4492063492063492, 0.5751851851851852, 0.36907407407407417, 0.39166666666666666, 0.43796296296296294, 0.4100000000000001, 0.5353174603174604, 0.46148148148148144, 0.4183333333333333, 0.4661111111111111,        
0.3990740740740741, 0.4185185185185185, 0.5638888888888889, 0.4251851851851852, 0.38074074074074077, 0.4653703703703703, 0.47962962962962963, 0.5053571428571428, 0.3857407407407407, 0.4837037037037037,        
0.42370370370370375, 0.4185185185185185, 0.4711111111111111, 0.42777777777777776, 0.4501851851851852, 0.5653703703703704, 0.4055555555555556, 0.5101851851851852, 0.420925925925926, 0.4559259259259259,        
0.42537037037037034, 0.4407407407407407, 0.45185185185185184, 0.4055555555555556, 0.35500000000000004, 0.3859259259259259, 0.4175925925925926, 0.31685185185185183, 0.4235185185185185, 0.46091269841269844,        
0.45888888888888885, 0.4938888888888889, 0.4898148148148148, 0.5136868686868686, 0.46388888888888885, 0.4485185185185185, 0.4459259259259259, 0.4105555555555556, 0.4598148148148148, 0.46796296296296297,        
0.40703703703703703, 0.45537037037037037, 0.4696296296296296, 0.36870370370370364, 0.43333333333333335, 0.45777777777777773, 0.36666666666666664, 0.3861111111111111, 0.4572222222222223, 0.4503703703703703,        
0.4501851851851852, 0.362962962962963, 0.4887037037037037, 0.4172222222222222, 0.5244444444444444, 0.5337301587301588, 0.3457407407407408, 0.5024074074074074, 0.44166666666666665, 0.4018518518518519,        
0.4777777777777778, 0.4072222222222222, 0.41648148148148145, 0.38981481481481484, 0.4188888888888889, 0.46944444444444444, 0.38796296296296295, 0.37962962962962965, 0.5166666666666667, 0.44703703703703707,        
0.4679629629629629, 0.4068518518518519, 0.3690740740740741, 0.40037037037037043, 0.39351851851851855, 0.3066666666666667, 0.45240740740740737, 0.3925925925925926, 0.385, 0.49814814814814823,        
0.33018518518518525, 0.4718518518518519, 0.4553703703703703, 0.3587037037037037, 0.387037037037037, 0.5816666666666667, 0.3735185185185185, 0.4594444444444445, 0.4842592592592593, 0.6101851851851853,        
0.498015873015873, 0.5035185185185185, 0.33296296296296296, 0.3716269841269841, 0.42129629629629634, 0.41055555555555556, 0.5561111111111111, 0.427037037037037, 0.41000000000000003, 0.3522222222222222,        
0.405, 0.3940740740740741, 0.5407407407407407, 0.37111111111111117, 0.4203703703703704, 0.4175925925925926, 0.49925925925925924, 0.5390740740740741, 0.3562962962962964, 0.48685185185185187,        
0.5062962962962962, 0.41925925925925933, 0.42281746031746037, 0.38851851851851854, 0.4527777777777778, 0.28351851851851856, 0.43555555555555553, 0.44351851851851853, 0.4398148148148148, 0.4075925925925926,        
0.49, 0.41777777777777775, 0.4285185185185185, 0.48407407407407416, 0.32611111111111113, 0.4264814814814815, 0.5188888888888888, 0.4233333333333334, 0.3885185185185185, 0.4614814814814815,        
0.42833333333333334, 0.3237037037037037, 0.5777777777777777, 0.4014814814814815, 0.5514814814814815, 0.5016666666666666, 0.3357407407407408, 0.3188888888888889, 0.397962962962963, 0.3861111111111111,        
0.5174074074074074, 0.48833333333333334, 0.5126984126984128, 0.42592592592592593, 0.4800000000000001, 0.4087037037037036, 0.3775925925925926, 0.38833333333333336, 0.4712962962962963, 0.3816666666666667,        
0.4477777777777778, 0.5170370370370371, 0.38222222222222224, 0.42259259259259263, 0.3857407407407408, 0.41648148148148145, 0.41000000000000003, 0.3942460317460318, 0.3531481481481481, 0.36833333333333335,        
0.4205555555555556, 0.38240740740740736, 0.4574074074074074, 0.4494047619047619, 0.43185185185185193, 0.4494047619047619, 0.4564814814814815, 0.5746127946127946, 0.4924074074074074, 0.4218518518518518,        
0.43015873015873013, 0.5224074074074074, 0.4864814814814815, 0.44814814814814824, 0.49407407407407405, 0.36703703703703705, 0.4494444444444445, 0.3990740740740741, 0.36037037037037034, 0.5153703703703705,        
0.3637037037037037, 0.44000000000000006, 0.46925925925925926, 0.32092592592592595, 0.3095238095238096, 0.4153703703703704, 0.45648148148148154, 0.5361111111111111, 0.37425925925925924, 0.41444444444444445,        
0.4592592592592593, 0.43018518518518517, 0.35907407407407405, 0.47018518518518515, 0.41425925925925927, 0.46074074074074073, 0.5124074074074074, 0.38, 0.3161111111111111, 0.49222222222222217,        
0.40703703703703703, 0.4594444444444445, 0.44129629629629635, 0.4792592592592592, 0.3101851851851852, 0.2977777777777778, 0.36276094276094273, 0.3946296296296296, 0.3316666666666667, 0.4875925925925925,        
0.4048148148148148, 0.44481481481481483, 0.4707407407407408, 0.5255555555555556, 0.4714814814814815, 0.5024074074074074, 0.5074074074074074, 0.5048148148148148, 0.3946296296296296, 0.4766666666666667,        
0.3433333333333334, 0.3819444444444445, 0.3925925925925926, 0.42277777777777775, 0.4172222222222222, 0.42462962962962963, 0.39925925925925926, 0.4424074074074074, 0.4892592592592592, 0.4325396825396825,        
0.5372222222222223, 0.3868518518518519, 0.3379629629629629, 0.47351851851851845, 0.39, 0.3840740740740741, 0.4305555555555556, 0.4736111111111111, 0.31555555555555553, 0.47851851851851845,        
0.39796296296296296, 0.465, 0.32185185185185183, 0.39781746031746035, 0.42907407407407405, 0.45351851851851854, 0.4659259259259259, 0.4324074074074074, 0.34981481481481486, 0.48018518518518516,        
0.40259259259259256, 0.45555555555555555, 0.4049603174603175, 0.5287037037037037, 0.3874074074074075, 0.44333333333333336, 0.43018518518518517, 0.482962962962963, 0.4403703703703704, 0.5101851851851852,        
0.37740740740740736, 0.5214285714285715, 0.4442592592592593, 0.4283333333333334, 0.38092592592592595, 0.47574074074074074, 0.4559259259259259, 0.4712962962962963, 0.5244444444444445, 0.4235185185185185,        
0.3416666666666667, 0.43833333333333335, 0.36925925925925923, 0.3162962962962963, 0.37962962962962965, 0.4411111111111111, 0.4272222222222223, 0.42148148148148146, 0.4681481481481482, 0.47261904761904766,        
0.3161111111111111, 0.4596296296296296, 0.5044444444444445, 0.415, 0.365, 0.4411111111111111, 0.4312962962962963, 0.46, 0.3605555555555556, 0.4462962962962963,        
0.39796296296296296, 0.4683333333333333, 0.4203703703703704, 0.4090740740740741, 0.44037037037037036, 0.5261111111111112, 0.4105555555555556, 0.3807407407407408, 0.47537037037037033, 0.49907407407407406,        
0.42648148148148146, 0.5181481481481481, 0.44648148148148153, 0.47148148148148145, 0.39900793650793653, 0.39777777777777773, 0.47851851851851845, 0.4087037037037037, 0.44907407407407407, 0.44092592592592594,        
0.35907407407407405, 0.4148148148148148, 0.5061111111111112, 0.37092592592592594, 0.4914814814814815, 0.42203703703703704, 0.47777777777777775, 0.4398148148148148, 0.3596296296296296, 0.3637037037037037,        
0.3814814814814815, 0.43907407407407406, 0.4603703703703704, 0.325, 0.437962962962963, 0.4907407407407407, 0.3703703703703704, 0.4424074074074074, 0.37037037037037035, 0.43555555555555553,        
0.397962962962963, 0.4614814814814815, 0.37370370370370376, 0.35574074074074075, 0.4609126984126984, 0.405, 0.4951851851851851, 0.3281481481481482, 0.48814814814814816, 0.4938888888888889,        
0.43444444444444447, 0.39851851851851855, 0.3896296296296296, 0.4912962962962963, 0.41203703703703703, 0.4522222222222222, 0.4218518518518518, 0.5187037037037038, 0.46111111111111114, 0.3837037037037037,        
0.47370370370370374, 0.3668518518518518, 0.3914814814814815, 0.3857407407407408, 0.31740740740740747, 0.4424074074074074, 0.5142592592592592, 0.42203703703703704, 0.41091269841269845, 0.4107407407407407,        
0.31055555555555553, 0.3416666666666667, 0.41333333333333333, 0.4824074074074074, 0.4701851851851852, 0.38666666666666666, 0.4031481481481481, 0.3624074074074074, 0.38166666666666665, 0.31981481481481483,        
0.4375925925925926, 0.4761111111111111, 0.4266666666666667, 0.4587037037037037, 0.3475925925925926, 0.4216666666666667, 0.38796296296296295, 0.4162962962962963, 0.39185185185185184, 0.4011111111111111,        
0.3487037037037037, 0.47333333333333333, 0.5794444444444445, 0.3277777777777777, 0.48174603174603176, 0.4455555555555556, 0.4148148148148148, 0.4455555555555556, 0.4622222222222223, 0.5222222222222221,        
0.46129629629629637, 0.4551851851851853, 0.46425925925925926, 0.4011111111111111, 0.38095238095238093, 0.500925925925926, 0.4772222222222222, 0.45499999999999996, 0.45518518518518525, 0.47018518518518515,        
0.47555555555555556, 0.3922222222222222, 0.43925925925925924, 0.3118518518518518, 0.37574074074074076, 0.39555555555555555, 0.4759259259259259, 0.42981481481481487, 0.2787037037037037, 0.45814814814814814,        
0.3783730158730159, 0.5392592592592592, 0.38666666666666666, 0.44148148148148153, 0.3274074074074074, 0.42703703703703705, 0.405, 0.4240740740740741, 0.4570370370370371, 0.3112962962962963,        
0.458531746031746, 0.4392592592592593, 0.3670370370370371, 0.31666666666666665, 0.42962962962962964, 0.4846296296296297, 0.33611111111111114, 0.37685185185185177, 0.3061111111111111, 0.49037037037037035,        
0.4594444444444445, 0.41444444444444445, 0.44537037037037036, 0.5257407407407407, 0.4798148148148148, 0.4381481481481482, 0.4638888888888889, 0.3755555555555556, 0.28611111111111115, 0.5031481481481481,        
0.4541666666666667, 0.36148148148148146, 0.37407407407407406, 0.5077777777777778, 0.3772222222222223, 0.4296296296296297, 0.4781481481481481, 0.4162962962962963, 0.46166666666666667, 0.41611111111111115,        
0.38555555555555554, 0.41, 0.48648148148148157, 0.4887037037037037, 0.47018518518518515, 0.392037037037037, 0.4198148148148148, 0.37962962962962965, 0.352962962962963, 0.4924074074074074,        
0.4955555555555556, 0.4401851851851852, 0.34370370370370373, 0.49314814814814806, 0.4744444444444445, 0.3922222222222222, 0.37777777777777777, 0.48870370370370375, 0.38740740740740737, 0.37559523809523815,        
0.45722222222222214, 0.44186507936507935, 0.5372222222222223, 0.4938888888888889, 0.45722222222222225, 0.42896825396825394, 0.49203703703703705, 0.4538888888888889, 0.4403703703703704, 0.3924074074074074,        
0.29111111111111115, 0.4768518518518519, 0.45555555555555555, 0.432037037037037, 0.39499999999999996, 0.4457407407407407, 0.3411111111111111, 0.5083333333333334, 0.522962962962963, 0.40703703703703703,        
0.3551587301587302, 0.43314814814814817, 0.4255555555555555, 0.3994444444444445, 0.33240740740740743, 0.4625925925925926, 0.3437037037037037, 0.41814814814814816, 0.42203703703703704, 0.36444444444444446,        
0.41203703703703703, 0.442962962962963, 0.46055555555555555, 0.3875925925925926, 0.4655555555555555, 0.3337301587301587, 0.46722222222222226, 0.4255555555555556, 0.39388888888888896, 0.44222222222222224,        
0.4351851851851852, 0.5148148148148148, 0.3575925925925926, 0.46925925925925926, 0.3624074074074074, 0.4018518518518518, 0.402962962962963, 0.5398148148148149, 0.43518518518518523, 0.4109126984126984,        
0.46518518518518526, 0.46981481481481485, 0.33944444444444444, 0.44682539682539685, 0.44796296296296295, 0.3501851851851852, 0.3988888888888889, 0.4470370370370371, 0.3288888888888889, 0.3664814814814816,        
0.4640740740740741, 0.3938888888888889, 0.43777777777777777, 0.5042592592592593, 0.4020370370370371, 0.47351851851851845, 0.46462962962962967, 0.3655555555555556, 0.4590740740740741, 0.44796296296296295,        
0.49962962962962965, 0.460515873015873, 0.5688888888888889, 0.46351851851851855, 0.46592592592592597, 0.4285185185185185, 0.360925925925926, 0.475, 0.4488888888888889, 0.4014814814814815,        
0.40740740740740744, 0.4507407407407407, 0.428888888888889, 0.40555555555555556, 0.4646296296296296, 0.5174074074074074, 0.3751851851851852, 0.4570370370370371, 0.517962962962963, 0.4675925925925926,        
0.5127777777777778, 0.44796296296296295, 0.40444444444444444, 0.41500000000000004, 0.45555555555555555, 0.37444444444444447, 0.4857407407407407, 0.4646296296296296, 0.3862962962962963, 0.4303703703703704,        
0.4292592592592593, 0.5074074074074074, 0.4335185185185185, 0.42185185185185187, 0.32296296296296295, 0.3938888888888889, 0.48351851851851857, 0.44907407407407407, 0.45407407407407413, 0.42759259259259264,        
0.48518518518518516, 0.34055555555555556, 0.47907407407407404, 0.3477777777777778, 0.44703703703703707, 0.43703703703703706, 0.4972222222222222, 0.49129629629629634, 0.473015873015873, 0.5248148148148147,        
0.3033730158730159, 0.3957407407407407, 0.4205555555555555, 0.46648148148148144, 0.34537037037037044, 0.47648148148148145, 0.4383164983164983, 0.3587037037037037, 0.37629629629629624, 0.5374074074074073,        
0.5016666666666667, 0.4083333333333333, 0.46, 0.4138888888888889, 0.42462962962962963, 0.3683333333333333, 0.4727777777777778, 0.425, 0.4292592592592593, 0.3651851851851852,        
0.46981481481481485, 0.4162962962962963, 0.4387037037037037, 0.3785185185185185, 0.44888888888888895, 0.3367063492063492, 0.4575925925925926, 0.4296296296296296, 0.3251851851851853, 0.4505555555555556,        
0.4316666666666667, 0.3733333333333333, 0.49870370370370376, 0.46962962962962956, 0.4729629629629629, 0.4464814814814815, 0.5244444444444444, 0.45425925925925925, 0.5066666666666667, 0.3788888888888889,        
0.4444444444444445, 0.36185185185185187, 0.4753703703703704, 0.4433333333333333, 0.3727777777777778, 0.37000000000000005, 0.3775793650793651, 0.5016666666666667, 0.35351851851851845, 0.4940740740740741,        
0.48518518518518516, 0.40416666666666673, 0.35666666666666663, 0.442962962962963, 0.4092592592592592, 0.4387037037037037, 0.3801851851851852, 0.4872053872053872, 0.45376984126984127, 0.4744444444444445,        
0.4311111111111111, 0.4162698412698413, 0.4483333333333333, 0.3635185185185185, 0.44962962962962966, 0.477037037037037, 0.5537037037037038, 0.29462962962962963, 0.46499999999999997, 0.4720238095238095,        
0.3877777777777778, 0.4461111111111112, 0.46309523809523817, 0.5120370370370371, 0.4351851851851852, 0.48351851851851857, 0.5, 0.48703703703703705, 0.4870370370370371, 0.513888888888889,        
0.5111111111111112, 0.41000000000000003, 0.5090740740740741, 0.3874074074074075, 0.4748148148148148, 0.44037037037037036, 0.45185185185185184, 0.4690740740740741, 0.3137037037037037, 0.4551851851851852,        
0.4948412698412698, 0.43222222222222223, 0.580925925925926, 0.4755555555555555, 0.55, 0.43194444444444446, 0.3562962962962963, 0.455, 0.447962962962963, 0.4436507936507937,        
0.4144444444444445, 0.3612962962962963, 0.44537037037037036, 0.500925925925926, 0.4468518518518519, 0.42481481481481487, 0.3692592592592593, 0.41805555555555557, 0.31222222222222223, 0.47129629629629627,        
0.389484126984127, 0.4712962962962963, 0.4825925925925925, 0.4066666666666666, 0.4657407407407408, 0.3964814814814815, 0.5083333333333333, 0.3164814814814815, 0.5203703703703704, 0.44794612794612804,        
0.4712962962962963, 0.4035185185185185, 0.49314814814814817, 0.39092592592592595, 0.45092592592592595, 0.4646296296296296, 0.4077777777777778, 0.40777777777777774, 0.44833333333333336, 0.4227777777777778,        
0.5137037037037037, 0.46370370370370373, 0.46481481481481485, 0.46333333333333326, 0.5176587301587301, 0.4805555555555555, 0.47037037037037044, 0.45396825396825397, 0.5303703703703704, 0.3735185185185185,        
0.42888888888888893, 0.3244444444444445, 0.3694444444444444, 0.3625925925925927, 0.4211111111111111, 0.3938888888888889, 0.4398148148148149, 0.34740740740740744, 0.4522222222222222, 0.4274074074074074,        
0.4051851851851852, 0.46666666666666673, 0.3938888888888889, 0.39870370370370367, 0.3542592592592593, 0.31462962962962965, 0.4224074074074074, 0.4438888888888889, 0.47111111111111115, 0.40259259259259256,        
0.572037037037037, 0.38277777777777783, 0.37129629629629624, 0.4192592592592593, 0.5153535353535353, 0.4505555555555556, 0.4766666666666666, 0.43111111111111106, 0.4707407407407408, 0.37833333333333324,        
0.35722222222222216, 0.4633333333333333, 0.5148148148148147, 0.47833333333333333, 0.4325925925925926, 0.4822222222222222, 0.36018518518518516, 0.4464814814814815, 0.3568518518518518, 0.4338888888888889,        
0.45185185185185184, 0.35853174603174603, 0.357962962962963, 0.3885185185185185, 0.3712962962962963, 0.4488888888888889, 0.4696296296296296, 0.32981481481481484, 0.3496296296296296, 0.45851851851851855,        
0.5144276094276095, 0.3716666666666667, 0.45444444444444443, 0.38777777777777783, 0.49072390572390573, 0.4240740740740741, 0.4635016835016835, 0.45203703703703707, 0.3448412698412699, 0.4675925925925926,        
0.3587037037037037, 0.5631481481481482, 0.48944444444444446, 0.40129629629629626, 0.4729629629629629, 0.44203703703703706, 0.4287037037037037, 0.4242592592592593, 0.43555555555555553, 0.43666666666666665,        
0.45814814814814814, 0.4753703703703704, 0.4316666666666667, 0.4796296296296296, 0.3603703703703704, 0.452037037037037, 0.43185185185185193, 0.362962962962963, 0.4512962962962963, 0.3885185185185185,        
0.4651851851851852, 0.40611111111111114, 0.45944444444444443, 0.5785185185185185, 0.37018518518518523, 0.4001851851851852, 0.41555555555555557, 0.42277777777777775, 0.4657407407407408, 0.4424074074074074,        
0.4446296296296296, 0.44611111111111107, 0.33592592592592596, 0.48777777777777775, 0.4203703703703704, 0.40907407407407415, 0.4040740740740741, 0.32185185185185183, 0.4464814814814814, 0.5535185185185185,        
0.39222222222222225, 0.3498015873015873, 0.35240740740740745, 0.37000000000000005, 0.42796296296296293, 0.40111111111111114, 0.4122222222222222, 0.38037037037037036, 0.38074074074074077, 0.47003968253968254,        
0.4038888888888889, 0.4494444444444445, 0.328968253968254, 0.45240740740740737, 0.45796296296296296, 0.4214814814814815, 0.42277777777777786, 0.3977777777777778, 0.45370370370370366, 0.43444444444444447,        
0.4772222222222222, 0.5124074074074074, 0.4446296296296296, 0.49777777777777776, 0.5383333333333334, 0.5137037037037037, 0.4012962962962963, 0.36000000000000004, 0.4055555555555556, 0.4381481481481481,        
0.4877777777777778, 0.4898148148148148, 0.4437037037037037, 0.40703703703703703, 0.35000000000000003, 0.4851851851851851, 0.5227777777777778, 0.44722222222222224, 0.5505555555555556, 0.43015873015873013,        
0.3087037037037037, 0.4101851851851851, 0.4162962962962963, 0.4377777777777779, 0.47685185185185186, 0.442962962962963, 0.5118518518518518, 0.47333333333333333, 0.3762962962962963, 0.4537037037037038,        
0.31222222222222223, 0.43574074074074076, 0.43574074074074076, 0.5094444444444445, 0.47481481481481486, 0.41277777777777774, 0.5503703703703704, 0.3994444444444445, 0.4194444444444444, 0.5200396825396826,        
0.4898148148148148, 0.4946296296296297, 0.4598148148148148, 0.3946296296296296, 0.43148148148148147, 0.487962962962963, 0.52, 0.4788888888888889, 0.5062962962962962, 0.5018518518518519,        
0.4590740740740741, 0.4598148148148148, 0.5692592592592594, 0.3370370370370371, 0.49796296296296294, 0.3727777777777777, 0.44518518518518524, 0.4312962962962963, 0.45416666666666666, 0.35555555555555557,        
0.36648148148148146, 0.41388888888888886, 0.5105555555555557, 0.4166666666666667, 0.3396825396825397, 0.35907407407407416, 0.4838888888888889, 0.5453703703703704, 0.4535185185185185, 0.45740740740740743,        
0.49703703703703705, 0.44129629629629624, 0.42314814814814816, 0.5386904761904762, 0.4251851851851852, 0.4175925925925926, 0.39796296296296296, 0.4222222222222223, 0.5348148148148149, 0.41825396825396827,        
0.42611111111111116, 0.4800000000000001, 0.5048148148148148, 0.49537037037037035, 0.5101851851851852, 0.4242592592592593, 0.45777777777777773, 0.5287037037037037, 0.4746296296296296, 0.49574074074074076,        
0.3644444444444444, 0.3575925925925926, 0.4444444444444445, 0.4759259259259259, 0.5314814814814814, 0.3612962962962963, 0.442962962962963, 0.41611111111111115, 0.37925925925925924, 0.4896296296296297,        
0.4033333333333333, 0.5461111111111111, 0.4462962962962963, 0.45444444444444443, 0.3564814814814815, 0.4838888888888889, 0.5183333333333333, 0.5070370370370371, 0.37722222222222224, 0.4166666666666667,        
0.4235185185185185, 0.3244444444444445, 0.36981481481481476, 0.48444444444444446, 0.3794444444444444, 0.4251851851851851, 0.41130952380952385, 0.4033333333333333, 0.44555555555555554, 0.4327777777777778,        
0.3611111111111111, 0.48407407407407405, 0.5037037037037038, 0.4642592592592593, 0.40425925925925926, 0.42962962962962964, 0.4081481481481481, 0.4788888888888889, 0.40351851851851855, 0.4087037037037037,        
0.39203703703703696, 0.4488888888888889, 0.3875925925925926, 0.38833333333333336, 0.4077777777777778, 0.46055555555555555, 0.5824074074074074, 0.4392592592592593, 0.4374074074074074, 0.4475925925925926,        
0.5216666666666666, 0.3848148148148149, 0.47148148148148156, 0.5222222222222223, 0.43925925925925924, 0.3712962962962963, 0.4090740740740741, 0.3522222222222222, 0.4211111111111111, 0.4424074074074074,        
0.6050000000000001, 0.5101851851851852, 0.43777777777777777, 0.4664814814814815, 0.3996296296296296, 0.4644444444444444, 0.45611111111111113, 0.5031481481481481, 0.4283333333333334, 0.5187037037037038,        
0.43796296296296305, 0.5470370370370371, 0.3894444444444444, 0.4146296296296297, 0.4096296296296296, 0.49240740740740735, 0.4224074074074074, 0.4425925925925926, 0.4592592592592593, 0.3831481481481482,        
0.34925925925925927, 0.4381481481481481, 0.44703703703703707, 0.4640740740740741, 0.5044444444444445, 0.4575925925925926, 0.43425925925925923, 0.4114814814814815, 0.5698148148148149, 0.4237037037037037,        
0.42777777777777776, 0.4427777777777777, 0.4642592592592593, 0.36648148148148146, 0.4287037037037037, 0.37296296296296294, 0.399074074074074, 0.3883333333333334, 0.405, 0.45185185185185184,        
0.3987037037037037, 0.3368518518518519, 0.36703703703703705, 0.46276094276094276, 0.4218253968253968, 0.31537037037037036, 0.4775925925925926, 0.3333333333333333, 0.37333333333333335, 0.5005555555555555,        
0.48407407407407416, 0.4187037037037037, 0.4335185185185185, 0.3883333333333333, 0.3927777777777778, 0.5387037037037037, 0.4353703703703704, 0.38185185185185183, 0.43777777777777777, 0.45555555555555555,        
0.4861111111111111, 0.4294444444444444, 0.4431481481481481, 0.39444444444444443, 0.3898148148148149, 0.5662698412698414, 0.407962962962963, 0.47777777777777775, 0.2788888888888889, 0.48685185185185187,        
0.4962962962962963, 0.4692592592592593, 0.4122222222222222, 0.44425925925925924, 0.38055555555555554, 0.5088888888888888, 0.4746296296296297, 0.43, 0.41388888888888886, 0.47185185185185186,        
0.4894444444444445, 0.40925925925925927, 0.4318518518518519, 0.3722222222222223, 0.5287037037037037, 0.38074074074074077, 0.41166666666666674, 0.49018518518518517, 0.41448412698412695, 0.5366666666666667,        
0.477962962962963, 0.3588888888888889, 0.41444444444444445, 0.4548148148148148, 0.3346296296296296, 0.47555555555555556, 0.46703703703703703, 0.4609259259259259, 0.35000000000000003, 0.40185185185185185,        
0.46499999999999997, 0.49944444444444447, 0.4090740740740741, 0.40925925925925927, 0.4905555555555556, 0.4287698412698413, 0.40166666666666667, 0.34888888888888897, 0.4886904761904762, 0.46703703703703703,        
0.397962962962963, 0.3859259259259259, 0.4081481481481482, 0.37037037037037035, 0.3561111111111111, 0.36333333333333334, 0.4561111111111112, 0.4201851851851852, 0.35407407407407404, 0.4744444444444444,        
0.4455555555555556, 0.42, 0.4064814814814815, 0.41370370370370374, 0.43555555555555553, 0.49203703703703705, 0.42976190476190473, 0.39888888888888885, 0.5040740740740741, 0.372962962962963,        
0.49148148148148146, 0.3535185185185186, 0.4885185185185185, 0.43629629629629635, 0.3935185185185185, 0.4261111111111111, 0.4640740740740741, 0.3988888888888889, 0.47111111111111115, 0.4438888888888889,        
0.34246031746031746, 0.4827777777777778, 0.4348148148148148, 0.39925925925925926, 0.45833333333333326, 0.4064814814814815, 0.4148148148148148, 0.41425925925925927, 0.4151851851851852, 0.4592592592592592,        
0.47092592592592586, 0.4659259259259259, 0.3861111111111111, 0.4435185185185186, 0.45037037037037037, 0.46130952380952384, 0.42777777777777776, 0.5170370370370371, 0.3516666666666667, 0.4346296296296297,        
0.4090740740740741, 0.3901851851851852, 0.42944444444444446, 0.48185185185185186, 0.500925925925926, 0.35912698412698413, 0.5025925925925926, 0.3635185185185186, 0.5114814814814815, 0.3296296296296296,        
0.5031481481481481, 0.5014814814814815, 0.3848148148148149, 0.52, 0.4303703703703704, 0.3092592592592593, 0.48074074074074075, 0.5701851851851851, 0.3822222222222223, 0.41777777777777775,        
0.38074074074074077, 0.41203703703703703, 0.46796296296296297, 0.4535714285714286, 0.405, 0.3864814814814815, 0.2592592592592593, 0.4851851851851852, 0.4070370370370371, 0.38222222222222224,        
0.4201851851851852, 0.5712962962962963, 0.4414814814814815, 0.4781481481481482, 0.39055555555555554, 0.3949999999999999, 0.4627777777777778, 0.41592592592592587, 0.41703703703703704, 0.3824074074074074,        
0.45777777777777773, 0.4068518518518518, 0.48388888888888887, 0.4627777777777778, 0.4807407407407408, 0.45185185185185184, 0.4033333333333333, 0.475925925925926, 0.4029761904761905, 0.45518518518518525,        
0.35740740740740745, 0.39166666666666666, 0.3924074074074075, 0.5098148148148148, 0.40629629629629627, 0.46648148148148144, 0.4905555555555556, 0.43722222222222223, 0.33611111111111114, 0.41185185185185186,        
0.5081481481481482, 0.37976190476190474, 0.36796296296296294, 0.5001984126984127, 0.4137037037037038, 0.42574074074074075, 0.48166666666666663, 0.42037037037037034, 0.44055555555555564, 0.5400000000000001,        
0.4488095238095238, 0.3605555555555556, 0.47222222222222227, 0.37481481481481477, 0.49314814814814806, 0.3764814814814815, 0.32944444444444443, 0.3938492063492064, 0.41092592592592597, 0.3887037037037037,        
0.44518518518518513, 0.4775925925925926, 0.3864814814814815, 0.3577777777777778, 0.40425925925925926, 0.4242063492063492, 0.5533333333333333, 0.3959090909090909, 0.4027777777777778, 0.4938492063492063,        
0.47962962962962963, 0.4005555555555555, 0.4942592592592593, 0.394074074074074, 0.4653703703703704, 0.3592592592592592, 0.3724074074074074, 0.3588888888888889, 0.37407407407407406, 0.3929629629629629,        
0.4385185185185186, 0.3875925925925926, 0.5824074074074074, 0.4646296296296296, 0.5142592592592592, 0.32837301587301587, 0.5029629629629631, 0.35740740740740745, 0.4255555555555556, 0.46091269841269833,        
0.43074074074074076, 0.4948148148148148, 0.39814814814814814, 0.49833333333333335, 0.5033333333333334, 0.3632936507936508, 0.49166666666666675, 0.37425925925925924, 0.3637037037037037, 0.3412962962962963,        
0.40370370370370373, 0.4314814814814814, 0.4318518518518519, 0.45814814814814814, 0.3781481481481482, 0.4198148148148148, 0.46074074074074073, 0.4872222222222223, 0.4364814814814815, 0.4831481481481481,        
0.42148148148148146, 0.3483333333333334, 0.437037037037037, 0.4096296296296297, 0.3634920634920635, 0.4307407407407408, 0.4540740740740741, 0.43592592592592594, 0.4974074074074074, 0.46351851851851855,        
0.3762962962962963, 0.37962962962962965, 0.4527777777777778, 0.4012962962962963, 0.3212962962962963, 0.3877777777777778, 0.507962962962963, 0.5075925925925926, 0.4546296296296296, 0.4188888888888889,        
0.45148148148148154, 0.43444444444444436, 0.35944444444444446, 0.4864814814814815, 0.43611111111111106, 0.39925925925925926, 0.5322222222222223, 0.3844444444444445, 0.5087037037037038, 0.3768518518518518,        
0.3992592592592593, 0.44703703703703707, 0.41148148148148145, 0.4462962962962963, 0.45981481481481473, 0.4512962962962963, 0.455, 0.3764814814814815, 0.47055555555555556, 0.4116666666666667,        
0.4738888888888889, 0.5038888888888889, 0.4437037037037037, 0.4570370370370371, 0.32481481481481483, 0.4487037037037037, 0.5020370370370371, 0.4564814814814815, 0.39166666666666666, 0.41944444444444445,        
0.41500000000000004, 0.3777777777777779, 0.48685185185185187, 0.3805555555555556, 0.3718518518518518, 0.4440740740740741, 0.39166666666666666, 0.3794444444444445, 0.4053703703703704, 0.3838888888888889,        
0.5351851851851852, 0.4653703703703704, 0.41777777777777775, 0.3670370370370371, 0.4077777777777778, 0.42444444444444446, 0.44296296296296295, 0.48481481481481487, 0.4272222222222222, 0.4255555555555555,        
0.5166666666666667, 0.4065476190476191, 0.4348148148148149, 0.37370370370370376, 0.37277777777777776, 0.45055555555555554, 0.4348148148148148, 0.390925925925926, 0.5376984126984128, 0.4138888888888889,        
0.42129629629629634, 0.44666666666666666, 0.38796296296296295, 0.3985016835016835, 0.4677777777777778, 0.49981481481481477, 0.4624074074074074, 0.402962962962963, 0.35907407407407405, 0.4096296296296296,        
0.35666666666666663, 0.37907407407407406, 0.452037037037037, 0.465, 0.4274074074074074, 0.5168518518518519, 0.48148148148148157, 0.4133333333333334, 0.4866666666666667, 0.3957407407407407,        
0.44759259259259265, 0.36833333333333335, 0.4818518518518519, 0.40240740740740744, 0.4620370370370371, 0.44962962962962966, 0.4051851851851852, 0.47074074074074074, 0.4631481481481481, 0.4462962962962963,        
0.4961111111111111, 0.3461111111111111, 0.49265873015873024, 0.5035185185185185, 0.3787037037037037, 0.48611111111111105, 0.3864814814814814, 0.41944444444444445, 0.462037037037037, 0.43462962962962964,        
0.4911111111111112, 0.5190740740740741, 0.45462962962962966, 0.32111111111111107, 0.38148148148148153, 0.3594444444444445, 0.3812962962962963, 0.4309259259259259, 0.4788888888888889, 0.47388888888888886,        
0.46944444444444444, 0.36092592592592593, 0.31984126984126987, 0.4614814814814815, 0.33574074074074073, 0.4934523809523809, 0.43018518518518517, 0.5105555555555555, 0.39814814814814814, 0.42833333333333334,        
0.472962962962963, 0.3416666666666667, 0.4658730158730159, 0.4216666666666667, 0.3892857142857143, 0.36074074074074075, 0.4812962962962963, 0.4442592592592593, 0.49925925925925924, 0.5055555555555555,        
0.47685185185185186, 0.5427777777777778, 0.47407407407407404, 0.4255555555555556, 0.4781481481481482, 0.4151851851851852, 0.31, 0.45629629629629626, 0.46129629629629626, 0.38999999999999996,        
0.4805555555555555, 0.4501851851851852, 0.48888888888888893, 0.475, 0.4638888888888889, 0.3924074074074074, 0.4259259259259259, 0.42518518518518517, 0.5383333333333333, 0.5107407407407407,        
0.502962962962963, 0.455, 0.33592592592592596, 0.3842592592592593, 0.4861111111111111, 0.43037037037037046, 0.33722222222222226, 0.4759259259259259, 0.40796296296296297, 0.5207407407407407,        
0.3853703703703704, 0.48703703703703705, 0.4103703703703704, 0.5348148148148149, 0.4768350168350169, 0.45796296296296296, 0.42314814814814816, 0.5168518518518519, 0.4418518518518519, 0.47796296296296303,        
0.3348148148148148, 0.5274074074074074, 0.3787698412698412, 0.41074074074074074, 0.477037037037037, 0.36888888888888893, 0.4611111111111111, 0.4583333333333333, 0.45296296296296296, 0.39666666666666667,        
0.444074074074074, 0.41388888888888886, 0.4735185185185185, 0.42182539682539677, 0.43833333333333335, 0.44851851851851854, 0.4225925925925926, 0.4242592592592593, 0.3761111111111111, 0.3037037037037037,        
0.4462962962962963, 0.4031313131313131, 0.40685185185185185, 0.397962962962963, 0.5085185185185185, 0.4762962962962963, 0.47981481481481486, 0.4209259259259259, 0.41884920634920636, 0.3625,        
0.462037037037037, 0.40166666666666667, 0.4166666666666667, 0.40444444444444444, 0.41962962962962963, 0.45888888888888885, 0.38666666666666666, 0.44370370370370366, 0.40611111111111114, 0.429074074074074,        
0.3543650793650794, 0.3926587301587302, 0.4005555555555556, 0.3561111111111111, 0.3275925925925926, 0.35648148148148157, 0.5707407407407408, 0.35685185185185186, 0.4381481481481481, 0.4527777777777778,        
0.44907407407407407, 0.4477777777777778, 0.37833333333333335, 0.4012962962962963, 0.3613095238095238, 0.38814814814814813, 0.43, 0.43388888888888894, 0.4732142857142857, 0.4524074074074075,        
0.4766666666666667, 0.6003703703703704, 0.3, 0.45111111111111113, 0.48129629629629633, 0.43166666666666664, 0.47425925925925927, 0.43444444444444447, 0.45999999999999996, 0.3646296296296297,        
0.34111111111111114, 0.4694444444444445, 0.44203703703703706, 0.36185185185185187, 0.3427777777777778, 0.4692592592592593, 0.4116666666666667, 0.4676587301587301, 0.4722222222222222, 0.4177777777777777,        
0.5109259259259259, 0.3814814814814815, 0.4313492063492063, 0.30962962962962964, 0.4583333333333333, 0.4431481481481482, 0.5461111111111112, 0.4072222222222222, 0.4451851851851852, 0.3783333333333333,        
0.44833333333333336, 0.3824074074074074, 0.30314814814814817, 0.3948148148148149, 0.4614814814814815, 0.47407407407407404, 0.5392592592592592, 0.3485185185185185, 0.545, 0.42638888888888893,        
0.24481481481481485, 0.46944444444444444, 0.39499999999999996, 0.40296296296296297, 0.37851851851851853, 0.3761111111111112, 0.3790740740740741, 0.47851851851851845, 0.36907407407407405, 0.5398148148148147,        
0.4961111111111112, 0.4351683501683502, 0.38518518518518524, 0.38277777777777783, 0.392962962962963, 0.4918518518518518, 0.40714285714285714, 0.42876984126984125, 0.4316666666666667, 0.45314814814814813,        
0.35814814814814816, 0.4464646464646465, 0.4322222222222222, 0.4333333333333334, 0.3764814814814815, 0.3777777777777777, 0.40018518518518514, 0.4266666666666667, 0.33129629629629626, 0.38296296296296295,        
0.40555555555555556, 0.3642592592592593, 0.41962962962962963, 0.5557539682539683, 0.4664814814814815, 0.5196296296296297, 0.38055555555555554, 0.49, 0.39925925925925926, 0.44462962962962965,        
0.4896296296296296, 0.48555555555555563, 0.5301851851851852, 0.46833333333333343, 0.524074074074074, 0.49259259259259264, 0.4285185185185185, 0.41944444444444445, 0.3740740740740741, 0.4322222222222223,        
0.44555555555555554, 0.45796296296296296, 0.41777777777777775, 0.4751851851851852, 0.3731481481481482, 0.44481481481481483, 0.3996296296296296, 0.35388888888888886, 0.4690740740740741, 0.44203703703703706,        
0.35500000000000004, 0.5372222222222223, 0.40444444444444444, 0.47407407407407404, 0.42703703703703705, 0.37462962962962965, 0.46462962962962967, 0.39055555555555554, 0.532962962962963, 0.4455555555555556,        
0.45185185185185184, 0.4825925925925926, 0.4287037037037037, 0.4812962962962963, 0.36587301587301585, 0.3766666666666667, 0.4346296296296297, 0.3787037037037037, 0.44055555555555553, 0.4896296296296297,        
0.4853703703703704, 0.39277777777777784, 0.4727777777777778, 0.45370370370370366, 0.467962962962963, 0.4788888888888889, 0.372037037037037, 0.47222222222222227, 0.4294444444444444, 0.37796296296296295,        
0.40092592592592596, 0.5011111111111111, 0.4388888888888889, 0.43388888888888894, 0.45351851851851854, 0.43018518518518517, 0.4012962962962963, 0.4492592592592592, 0.35907407407407405, 0.4937037037037037,        
0.30694444444444446, 0.5394444444444446, 0.49481481481481476, 0.4477777777777778, 0.5318518518518518, 0.4438888888888889, 0.3388888888888889, 0.3622222222222222, 0.34, 0.4796296296296297,        
0.4651851851851852, 0.4017857142857143, 0.38037037037037036, 0.4159259259259259, 0.4109259259259259, 0.4353703703703704, 0.47685185185185186, 0.3722222222222223, 0.44925925925925925, 0.45952380952380956,        
0.5257936507936508, 0.40888888888888886, 0.3918518518518519, 0.44796296296296295, 0.4061111111111112, 0.4981481481481482, 0.41370370370370374, 0.5116666666666667, 0.41757575757575766, 0.477962962962963,        
0.3424074074074074, 0.48685185185185187, 0.4883333333333334, 0.42814814814814817, 0.4490740740740741, 0.3755555555555556, 0.4066666666666666, 0.4998148148148148, 0.35833333333333334, 0.48037037037037045,        
0.42814814814814817, 0.40388888888888885, 0.4275925925925926, 0.45944444444444443, 0.47185185185185186, 0.4696296296296296, 0.4357407407407407, 0.4294444444444444, 0.5277777777777778, 0.4727777777777778,        
0.46351851851851855, 0.3951851851851852, 0.49703703703703705, 0.3542592592592593, 0.4148148148148148, 0.3883333333333333, 0.4755555555555556, 0.36407407407407416, 0.4381481481481482, 0.39814814814814814,        
0.4017857142857143, 0.4188888888888889, 0.4232142857142857, 0.41150793650793654, 0.44222222222222224, 0.44925925925925925, 0.446111111111111, 0.39666666666666667, 0.45425925925925925, 0.5487037037037037,        
0.37425925925925924, 0.4275925925925926, 0.46703703703703703, 0.45851851851851855, 0.39425925925925925, 0.3996296296296296, 0.3475925925925926, 0.5062962962962964, 0.4305555555555555, 0.4190740740740741,        
0.4251851851851852, 0.4744444444444444, 0.4007407407407408, 0.44203703703703706, 0.4133333333333333, 0.45018518518518513, 0.5227777777777778, 0.4579629629629629, 0.30407407407407405, 0.39222222222222225,        
0.3955555555555556, 0.4087037037037036, 0.4133333333333334, 0.3598148148148148, 0.4823412698412698, 0.4231481481481481, 0.40555555555555556, 0.41685185185185186, 0.3755555555555556, 0.5297619047619048,        
0.36500000000000005, 0.4305555555555556, 0.5162962962962963, 0.38, 0.48833333333333334, 0.4792592592592593, 0.44203703703703706, 0.4633333333333333, 0.39055555555555554, 0.39425925925925925,        
0.44296296296296306, 0.47129629629629627, 0.3805555555555556, 0.43388888888888894, 0.4451851851851852, 0.5405555555555556, 0.44518518518518513, 0.41351851851851856, 0.4796296296296296, 0.5103703703703704,        
0.48462962962962963, 0.4053703703703704, 0.44481481481481483, 0.40555555555555556, 0.4327777777777778, 0.48888888888888893, 0.4846296296296297, 0.3914814814814815, 0.37722222222222224, 0.43407407407407406,        
0.3627777777777778, 0.5222222222222223, 0.41370370370370374, 0.42574074074074075, 0.4985185185185185, 0.45611111111111113, 0.49259259259259264, 0.40481481481481485, 0.4314814814814814, 0.49087301587301585,        
0.4531481481481482, 0.3888888888888889, 0.3527777777777778, 0.435925925925926, 0.4309259259259259, 0.4287037037037037, 0.5074074074074074, 0.4742592592592593, 0.36185185185185187, 0.42777777777777787,        
0.48296296296296304, 0.4516666666666667, 0.3288888888888889, 0.3968518518518519, 0.5844444444444445, 0.41925925925925933, 0.38185185185185183, 0.39870370370370367, 0.44484126984126976, 0.5048148148148148,        
0.4153703703703704, 0.3622222222222222, 0.5442592592592592, 0.4555555555555556, 0.4570370370370371, 0.3605555555555556, 0.35376984126984123, 0.3957407407407407, 0.5177777777777777, 0.4848148148148148,        
0.3951851851851852, 0.3640740740740741, 0.3535185185185185, 0.39592592592592596, 0.432037037037037, 0.4122222222222222, 0.39388888888888896, 0.40722222222222215, 0.31259259259259253, 0.41074074074074074,        
0.4281481481481481, 0.47, 0.42518518518518517, 0.5087037037037037, 0.40425925925925926, 0.45111111111111113, 0.4768518518518519, 0.4551851851851852, 0.4018518518518519, 0.43296296296296294,        
0.39981481481481485, 0.3388888888888889, 0.435, 0.37648148148148153, 0.399074074074074, 0.4577380952380953, 0.36703703703703705, 0.4814814814814815, 0.43018518518518517, 0.4685185185185185,        
0.3585185185185185, 0.3988888888888889, 0.5009259259259259, 0.6124074074074076, 0.46314814814814825, 0.42944444444444446, 0.4594444444444445, 0.4505555555555556, 0.4363095238095238, 0.4603703703703703,        
0.3861111111111111, 0.40240740740740744, 0.4251984126984127, 0.47611111111111115, 0.4503703703703704, 0.3103703703703704, 0.35351851851851845, 0.3803703703703703, 0.42962962962962964, 0.41425925925925927,        
0.46, 0.33222222222222225, 0.46092592592592596, 0.495, 0.47185185185185186, 0.3068518518518519, 0.46611111111111114, 0.4533333333333333, 0.3263888888888889, 0.4738888888888889,        
0.3525925925925926, 0.45370370370370366, 0.39666666666666667, 0.3844444444444444, 0.28472222222222227, 0.5231481481481481, 0.3844444444444445, 0.49981481481481477, 0.4590740740740741, 0.3766666666666667,        
0.37518518518518523, 0.4295634920634921, 0.5168518518518518, 0.4129629629629629, 0.4503703703703703, 0.4081313131313132, 0.46444444444444444, 0.46092592592592596, 0.38703703703703707, 0.35129629629629633,        
0.40240740740740744, 0.5591269841269841, 0.47740740740740745, 0.4525925925925926, 0.4138888888888889, 0.46407407407407403, 0.3731481481481482, 0.4064814814814815, 0.3955555555555556, 0.33129629629629626,        
0.557962962962963, 0.4451851851851852, 0.4198148148148148, 0.3546296296296296, 0.39925925925925926, 0.4918518518518518, 0.40634920634920635, 0.3483333333333334, 0.44351851851851853, 0.485,        
0.4188888888888889, 0.38907407407407407, 0.4583333333333333, 0.4285185185185185, 0.3553571428571428, 0.49944444444444447, 0.4588888888888889, 0.4799603174603174, 0.41703703703703704, 0.47722222222222227,        
0.49925925925925935, 0.4505555555555556, 0.3685185185185185, 0.5381481481481482, 0.5385185185185186, 0.4751851851851852, 0.44462962962962965, 0.4588888888888889, 0.39592592592592596, 0.41981481481481475,        
0.47222222222222227, 0.3857407407407408, 0.4861111111111111, 0.437962962962963, 0.3485185185185185, 0.4516666666666667, 0.4538888888888889, 0.5161111111111112, 0.34759259259259256, 0.3846296296296297,        
0.34481481481481485, 0.3855555555555556, 0.4361111111111111, 0.49462962962962964, 0.41333333333333333, 0.4609259259259259, 0.4046296296296296, 0.37722222222222224, 0.42638888888888893, 0.39129629629629636,        
0.3244444444444445, 0.4211111111111111, 0.4785185185185186, 0.42537037037037045, 0.5137037037037037, 0.4083333333333333, 0.4762962962962964, 0.3655555555555555, 0.3875925925925926, 0.4587037037037037,        
0.462037037037037, 0.38740740740740737, 0.4298148148148148, 0.48185185185185186, 0.3738888888888889, 0.4207407407407408, 0.5318518518518519, 0.3935185185185185, 0.3340740740740741, 0.39925925925925926,        
0.42481481481481487, 0.5090740740740741, 0.47944444444444445, 0.3857407407407408, 0.43037037037037024, 0.4335185185185185, 0.45777777777777773, 0.3635185185185186, 0.4525925925925926, 0.44314814814814807,        
0.49592592592592594, 0.5462962962962963, 0.3555555555555555, 0.46074074074074073, 0.4362962962962963, 0.48240740740740745, 0.3888888888888889, 0.3433333333333334, 0.46, 0.4546296296296296,        
0.38481481481481483, 0.41444444444444445, 0.38074074074074077, 0.42037037037037034, 0.4448148148148148, 0.46370370370370373, 0.49388888888888893, 0.42000000000000004, 0.46370370370370373, 0.4985185185185185,        
0.4014814814814815, 0.3005555555555556, 0.48259259259259263, 0.4785185185185185, 0.44277777777777777, 0.4557539682539683, 0.4298148148148148, 0.3781481481481482, 0.4551851851851852, 0.5083333333333333,        
0.4357407407407407, 0.4718518518518519, 0.5142592592592592, 0.4653703703703704, 0.43222222222222223, 0.5011111111111111, 0.48907407407407416, 0.305, 0.44166666666666676, 0.4266666666666667,        
0.4077777777777777, 0.36537037037037035, 0.39499999999999996, 0.46407407407407403, 0.35500000000000004, 0.3398148148148149, 0.37592592592592594, 0.4338888888888889, 0.4962962962962963, 0.41759259259259257,        
0.42296296296296293, 0.42703703703703705, 0.42314814814814816, 0.31150793650793646, 0.3503703703703704, 0.3722222222222223, 0.372962962962963, 0.3761111111111112, 0.396031746031746, 0.3987037037037037,        
0.4083333333333334, 0.3440740740740741, 0.4038888888888889, 0.597037037037037, 0.5233333333333333, 0.35462962962962963, 0.39067460317460323, 0.4351851851851852, 0.41444444444444445, 0.45425925925925925,        
0.46, 0.44370370370370366, 0.4644444444444444, 0.415, 0.4311111111111111, 0.5027777777777778, 0.38388888888888884, 0.4440740740740741, 0.47759259259259257, 0.535925925925926,        
0.3863095238095238, 0.3933333333333333, 0.40166666666666667, 0.36129629629629634, 0.437962962962963, 0.41370370370370374, 0.42648148148148146, 0.479563492063492, 0.4103703703703704, 0.3768518518518518,        
0.3887037037037037, 0.49518518518518523, 0.49166666666666664, 0.34574074074074074, 0.47259259259259256, 0.37888888888888894, 0.3994444444444445, 0.4096296296296297, 0.3872222222222222, 0.4438888888888889,        
0.47500000000000003, 0.49092592592592593, 0.3205555555555556, 0.3587037037037037, 0.4298148148148148, 0.46111111111111114, 0.45629629629629626, 0.4007936507936508, 0.4712962962962963, 0.4059259259259259,        
0.43574074074074076, 0.4912962962962963, 0.33222222222222225, 0.517962962962963, 0.48518518518518516, 0.47740740740740745, 0.4653703703703703, 0.34555555555555556, 0.5207407407407408, 0.4944444444444444,        
0.36814814814814817, 0.3688888888888889, 0.41166666666666674, 0.5422222222222223, 0.42388888888888887, 0.5038888888888889, 0.3672222222222222, 0.4140740740740741, 0.3648809523809525, 0.3883164983164983,        
0.47222222222222227, 0.38481481481481483, 0.4631481481481482, 0.4251851851851852, 0.4242063492063492, 0.3818518518518518, 0.4013888888888889, 0.4324074074074074, 0.3901851851851852, 0.4583333333333333,        
0.3657407407407407, 0.47259259259259256, 0.36018518518518516, 0.4011111111111111, 0.3307407407407407, 0.42314814814814816, 0.4022222222222222, 0.4642592592592593, 0.4944444444444444, 0.46481481481481474,        
0.44518518518518513, 0.49777777777777776, 0.5116666666666667, 0.42370370370370375, 0.3831481481481481, 0.4533333333333333, 0.4927777777777778, 0.37166666666666665, 0.3703703703703704, 0.43129629629629634,        
0.4025925925925925, 0.4772222222222222, 0.4759259259259259, 0.4716666666666667, 0.4524074074074074, 0.47111111111111115, 0.4690740740740741, 0.3212962962962963, 0.4448148148148148, 0.3490740740740741,        
0.4588888888888889, 0.38888888888888895, 0.475925925925926, 0.4168518518518518, 0.37537037037037035, 0.4337037037037037, 0.4096296296296297, 0.40111111111111114, 0.38185185185185183, 0.34111111111111114,        
0.3983164983164984, 0.524814814814815, 0.42962962962962964, 0.4094444444444444, 0.43888888888888894, 0.3718518518518518, 0.4118518518518518, 0.4711111111111111, 0.4646296296296296, 0.3414814814814815,        
0.4068518518518519, 0.46148148148148144, 0.447962962962963, 0.43351851851851847, 0.40444444444444444, 0.3987037037037037, 0.39, 0.4762962962962963, 0.4716666666666667, 0.3238095238095239,        
0.5127777777777778, 0.34481481481481485, 0.3853703703703704, 0.5003968253968254, 0.4090740740740741, 0.47574074074074074, 0.39462962962962966, 0.48037037037037045, 0.35907407407407405, 0.4455555555555556,        
0.4903703703703704, 0.49333333333333335, 0.4514814814814815, 0.36500000000000005, 0.4657407407407408, 0.4611111111111111, 0.3553703703703704, 0.5403703703703704, 0.4020370370370371, 0.518888888888889,        
0.4797619047619047, 0.5090740740740741, 0.4009259259259259, 0.4598148148148148, 0.405, 0.49037037037037035, 0.4668518518518519, 0.42796296296296293, 0.45759259259259255, 0.4375925925925926,        
0.5253703703703704, 0.3309259259259259, 0.3720238095238096, 0.4225925925925926, 0.3214814814814815, 0.48111111111111116, 0.44592592592592595, 0.3894444444444444, 0.4498148148148148, 0.5438492063492063,        
0.45796296296296296, 0.3892857142857143, 0.38685185185185184, 0.4551851851851852, 0.38277777777777783, 0.48000000000000004, 0.5120370370370371, 0.3785185185185185, 0.48981481481481487, 0.4272222222222222,        
0.4666666666666667, 0.44351851851851853, 0.4118518518518518, 0.38629629629629625, 0.437962962962963, 0.4361111111111111, 0.513888888888889, 0.4557407407407407, 0.4424603174603174, 0.5075925925925926,        
0.3288888888888889, 0.44277777777777777, 0.375, 0.36537037037037035, 0.37518518518518523, 0.46888888888888897, 0.5542592592592592, 0.42400793650793656, 0.575925925925926, 0.4516666666666667,        
0.48500000000000004, 0.45370370370370366, 0.4472222222222222, 0.40629629629629627, 0.4803703703703704, 0.40555555555555556, 0.42259259259259263, 0.5194444444444445, 0.4090740740740741, 0.41309523809523807,        
0.3777777777777778, 0.47407407407407404, 0.4287698412698413, 0.44537037037037036, 0.4861111111111111, 0.49944444444444447, 0.5212962962962963, 0.45018518518518513, 0.43462962962962964, 0.4396296296296296,        
0.33777777777777784, 0.5031481481481481, 0.4844444444444445, 0.3248015873015873, 0.3257407407407407, 0.4203703703703704, 0.5257407407407407, 0.4094444444444444, 0.38511904761904764, 0.5057407407407407,        
0.42703703703703705, 0.44351851851851853, 0.47370370370370374, 0.38240740740740736, 0.4096296296296296, 0.3875925925925926, 0.4162962962962963, 0.41703703703703704, 0.4090740740740741, 0.3798148148148149,        
0.4042592592592593, 0.45722222222222214, 0.5005555555555555, 0.33259259259259255, 0.4309523809523809, 0.4829629629629629, 0.3538888888888889, 0.42629629629629634, 0.3203703703703704, 0.49740740740740746,        
0.49111111111111116, 0.44203703703703706, 0.48759259259259263, 0.23888888888888887, 0.49222222222222217, 0.4381481481481481, 0.45592592592592585, 0.42074074074074075, 0.4160714285714286, 0.41444444444444445,        
0.46740740740740744, 0.4075925925925926, 0.3862962962962963, 0.5505555555555557, 0.5228174603174602, 0.46055555555555555, 0.3781481481481482, 0.5572222222222223, 0.312037037037037, 0.3375925925925926,        
0.46185185185185185, 0.30629629629629634, 0.5081481481481481, 0.29222222222222227, 0.3785185185185186, 0.48296296296296304, 0.5381481481481482, 0.42000000000000004, 0.41962962962962963, 0.4801851851851852,        
0.36444444444444446, 0.4933333333333333, 0.41018518518518526, 0.3577777777777778, 0.4988888888888889, 0.4703703703703704, 0.5620370370370371, 0.4096127946127946, 0.4218518518518518, 0.43629629629629624,        
0.3388888888888889, 0.4920634920634921, 0.32148148148148153, 0.5033333333333334, 0.3348148148148148, 0.337037037037037, 0.5570370370370371, 0.43962962962962965, 0.4725925925925926, 0.4985185185185185,        
0.4444444444444445, 0.442962962962963, 0.447962962962963, 0.45611111111111113, 0.46166666666666667, 0.4472053872053872, 0.4198412698412698, 0.39222222222222225, 0.3737037037037037, 0.46870370370370373,        
0.3924074074074074, 0.5090740740740741, 0.38425925925925924, 0.45000000000000007, 0.43154761904761907, 0.4368518518518519, 0.38018518518518524, 0.38037037037037036, 0.4298148148148148, 0.4475925925925926,        
0.3588888888888889, 0.4364814814814815, 0.3092592592592593, 0.4412962962962963, 0.36092592592592593, 0.5016666666666667, 0.5183333333333333, 0.4633333333333333, 0.5007407407407407, 0.5188888888888888,        
0.4277777777777778, 0.3605555555555556, 0.49574074074074076, 0.4022222222222222, 0.43444444444444436, 0.38, 0.435925925925926, 0.3851851851851852, 0.38333333333333336, 0.44074074074074077,        
0.43537037037037035, 0.4335185185185185, 0.4257407407407408, 0.405, 0.3983333333333333, 0.39759259259259255, 0.49462962962962964, 0.4905555555555556, 0.4318518518518519, 0.48944444444444446,        
0.4744444444444445, 0.4874074074074074, 0.4337037037037037, 0.4383333333333333, 0.3812962962962963, 0.3998148148148148, 0.4766666666666667, 0.3390740740740741, 0.4027777777777778, 0.4085185185185185,        
0.5064814814814815, 0.4888888888888889, 0.4772222222222222, 0.29703703703703704, 0.39962962962962956, 0.44611111111111107, 0.41999999999999993, 0.5287037037037038, 0.4738888888888889, 0.397037037037037,        
0.3940740740740741, 0.4064814814814815, 0.472962962962963, 0.41444444444444445, 0.41777777777777786, 0.43296296296296294, 0.40722222222222226, 0.48555555555555563, 0.45518518518518525, 0.5144444444444445,        
0.4811111111111111, 0.4090740740740741, 0.4474074074074074, 0.43907407407407406, 0.44537037037037036, 0.43666666666666665, 0.3942592592592593, 0.47981481481481486, 0.47203703703703703, 0.29703703703703704,        
0.36611111111111116, 0.5040740740740741, 0.39851851851851855, 0.38333333333333336, 0.47111111111111104, 0.434920634920635, 0.465, 0.42796296296296293, 0.4855555555555556, 0.48214285714285715,        
0.42111111111111116, 0.43203703703703705, 0.4490740740740741, 0.41333333333333333, 0.5344444444444445, 0.4155555555555555, 0.5659259259259259, 0.40351851851851855, 0.49648148148148147, 0.41074074074074074,        
0.4324074074074075, 0.4072222222222222, 0.42537037037037034, 0.42999999999999994, 0.41962962962962963, 0.4692592592592593, 0.5224074074074074, 0.4181481481481481, 0.4348148148148148, 0.4401851851851852,        
0.4765873015873016, 0.385, 0.38222222222222224, 0.41000000000000003, 0.38129629629629636, 0.3798148148148147, 0.5148148148148148, 0.4124074074074074, 0.5357142857142857, 0.42351851851851846,        
0.4966666666666667, 0.41018518518518515, 0.37277777777777776, 0.4327777777777778, 0.4351851851851852, 0.49592592592592594, 0.43777777777777777, 0.4237037037037037, 0.4235185185185185, 0.39925925925925926,        
0.5132936507936507, 0.5427777777777778, 0.42074074074074075, 0.4362962962962963, 0.3365079365079366, 0.36111111111111105, 0.35240740740740745, 0.48500000000000004, 0.44907407407407407, 0.49018518518518517,        
0.4842592592592592, 0.3612962962962963, 0.4522222222222222, 0.42648148148148146, 0.4755555555555555, 0.42462962962962963, 0.4538888888888889, 0.3340740740740741, 0.4925925925925926, 0.37629629629629624,        
