0.5064814814814815, 0.5555555555555556, 0.11111111111111116, 0.75, 0.0
0.5211111111111112, 0.5, 0.2222222222222222, 0.75, 0.0
0.44314814814814807, 0.5, 0.11111111111111116, 0.75, 0.0
0.43962962962962965, 0.4, 0.0, 0.8888888888888888, 0.0
0.38907407407407407, 0.30000000000000004, 0.19999999999999996, 0.75, 0.0
0.42103174603174603, 0.4444444444444444, 0.2222222222222222, 0.625, 0.0
0.43740740740740747, 0.4, 0.0, 0.75, 0.0
0.4811111111111111, 0.4444444444444444, 0.19999999999999996, 0.75, 0.0
0.38814814814814813, 0.33333333333333337, 0.0, 0.75, 0.0
0.42444444444444446, 0.4444444444444444, 0.11111111111111116, 0.75, 0.0
0.40129629629629626, 0.4, 0.0, 0.8888888888888888, 0.0
0.45574074074074067, 0.5, 0.0, 0.7777777777777778, 0.0
0.4488888888888889, 0.33333333333333337, 0.11111111111111116, 0.7777777777777778, 0.0
0.3946296296296296, 0.375, 0.0, 0.75, 0.0
0.46481481481481485, 0.4444444444444444, 0.2222222222222222, 0.7777777777777778, 0.0
0.45777777777777773, 0.5555555555555556, 0.11111111111111116, 0.7777777777777778, 0.0
0.5433333333333333, 0.625, 0.0, 0.7777777777777778, 0.0
0.4351851851851852, 0.4444444444444444, 0.2222222222222222, 0.75, 0.0
0.36925925925925923, 0.4444444444444444, 0.0, 0.8, 0.0
0.39027777777777783, 0.4722222222222222, 0.0, 0.7, 0.0
0.38407407407407407, 0.33333333333333337, 0.11111111111111116, 0.75, 0.0
0.5192592592592592, 0.5, 0.19999999999999996, 0.7777777777777778, 0.0
0.34092592592592585, 0.4, 0.0, 0.6, 0.0
0.480925925925926, 0.4444444444444444, 0.11111111111111116, 0.7777777777777778, 0.0
0.42857142857142855, 0.4166666666666667, 0.19999999999999996, 0.8888888888888888, 0.0
0.36092592592592593, 0.33333333333333337, 0.0, 0.6666666666666667, 0.0
0.40574074074074074, 0.5, 0.0, 0.75, 0.0
0.42925925925925923, 0.5, 0.11111111111111116, 0.75, 0.0
0.38166666666666665, 0.33333333333333337, 0.11111111111111116, 0.7777777777777778, 0.0
0.46592592592592585, 0.4444444444444444, 0.19999999999999996, 0.7777777777777778, 0.0
0.5140740740740741, 0.6666666666666667, 0.11111111111111116, 0.75, 0.0
0.415, 0.4, 0.0, 0.8, 0.0
0.40740740740740744, 0.33333333333333337, 0.0, 0.75, 0.0
0.46981481481481485, 0.4444444444444444, 0.19999999999999996, 0.75, 0.0
0.47261904761904766, 0.45, 0.2222222222222222, 0.75, 0.0
0.43690476190476185, 0.5, 0.0, 0.7777777777777778, 0.0
0.4474074074074074, 0.4444444444444444, 0.11111111111111116, 0.75, 0.0
0.32000000000000006, 0.33333333333333337, 0.0, 0.5, 0.0
0.41925925925925933, 0.4444444444444444, 0.11111111111111116, 0.75, 0.0
0.46388888888888885, 0.4444444444444444, 0.11111111111111116, 0.7777777777777778, 0.0
0.43537037037037035, 0.5, 0.0, 0.8888888888888888, 0.0
0.46626984126984133, 0.4222222222222222, 0.19999999999999996, 0.75, 0.0
0.3875925925925926, 0.25, 0.125, 0.7777777777777778, 0.0
0.48500000000000004, 0.4444444444444444, 0.11111111111111116, 0.8888888888888888, 0.0
0.2607407407407408, 0.25, 0.0, 0.75, 0.0
0.527020202020202, 0.5555555555555556, 0.2222222222222222, 0.75, 0.0
0.47537037037037044, 0.4444444444444444, 0.30000000000000004, 0.7, 0.0
0.48148148148148145, 0.5, 0.19999999999999996, 0.8, 0.0
0.3944444444444445, 0.33333333333333337, 0.0, 0.75, 0.0
0.437962962962963, 0.4444444444444444, 0.19999999999999996, 0.7777777777777778, 0.0
0.392037037037037, 0.375, 0.11111111111111116, 0.75, 0.0
0.48148148148148145, 0.5, 0.0, 0.8888888888888888, 0.0
0.47555555555555556, 0.4444444444444444, 0.0, 0.6666666666666667, 0.0
0.3605555555555556, 0.33333333333333337, 0.0, 0.75, 0.0
0.43833333333333335, 0.4, 0.19999999999999996, 0.75, 0.0
0.4846296296296296, 0.5555555555555556, 0.0, 0.75, 0.0
0.4140740740740741, 0.33333333333333337, 0.11111111111111116, 0.7777777777777778, 0.0
0.4738720538720539, 0.4444444444444444, 0.19999999999999996, 0.7777777777777778, 0.0
0.5016666666666667, 0.5555555555555556, 0.125, 0.7777777777777778, 0.0
0.4096296296296296, 0.4444444444444444, 0.11111111111111116, 0.75, 0.0
0.4011904761904762, 0.4444444444444444, 0.0, 0.75, 0.0
0.4618518518518519, 0.4444444444444444, 0.11111111111111116, 0.75, 0.0
0.43481481481481477, 0.4, 0.125, 0.7777777777777778, 0.0
0.4753703703703704, 0.5, 0.11111111111111116, 0.75, 0.0
0.4692592592592593, 0.5, 0.11111111111111116, 0.8888888888888888, 0.0
0.43907407407407406, 0.4, 0.0, 0.75, 0.0
0.4842592592592592, 0.5, 0.19999999999999996, 0.75, 0.0
0.42314814814814816, 0.4, 0.125, 0.7777777777777778, 0.0
0.5070370370370371, 0.4444444444444444, 0.19999999999999996, 0.8888888888888888, 0.0
0.5166666666666667, 0.5, 0.11111111111111116, 0.75, 0.0
0.42129629629629634, 0.4444444444444444, 0.11111111111111116, 0.7777777777777778, 0.0
0.3675925925925926, 0.375, 0.11111111111111116, 0.5555555555555556, 0.0
0.43592592592592594, 0.4, 0.0, 0.8, 0.0
0.38703703703703696, 0.4, 0.11111111111111116, 0.75, 0.0
0.49629629629629624, 0.4444444444444444, 0.19999999999999996, 0.7777777777777778, 0.0
0.37537037037037035, 0.4444444444444444, 0.0, 0.75, 0.0
0.4766666666666667, 0.5, 0.11111111111111116, 0.8888888888888888, 0.0
0.35259259259259257, 0.375, 0.0, 0.625, 0.0
0.4982142857142858, 0.5, 0.0, 0.7777777777777778, 0.0
0.3862962962962963, 0.375, 0.11111111111111116, 0.625, 0.0
0.5105555555555555, 0.5, 0.25, 0.7777777777777778, 0.0
0.417962962962963, 0.4444444444444444, 0.0, 0.75, 0.0
0.425, 0.4444444444444444, 0.0, 0.7777777777777778, 0.0
0.4161111111111111, 0.4444444444444444, 0.0, 0.75, 0.0
0.4414814814814815, 0.4, 0.11111111111111116, 0.8888888888888888, 0.0
0.43722222222222223, 0.5, 0.0, 0.75, 0.0
0.41722222222222227, 0.33333333333333337, 0.0, 0.7777777777777778, 0.0
0.46148148148148144, 0.4444444444444444, 0.19999999999999996, 0.75, 0.0
0.4935185185185186, 0.5, 0.11111111111111116, 0.75, 0.0
0.4207407407407408, 0.4444444444444444, 0.0, 0.6666666666666667, 0.0
0.37962962962962965, 0.33333333333333337, 0.125, 0.75, 0.0
0.39370370370370367, 0.4444444444444444, 0.0, 0.7777777777777778, 0.0
0.4709259259259259, 0.5555555555555556, 0.0, 0.7777777777777778, 0.0
0.4209259259259259, 0.5, 0.19999999999999996, 0.625, 0.0
0.4272222222222222, 0.4, 0.0, 0.7777777777777778, 0.0
0.4555555555555556, 0.5555555555555556, 0.11111111111111116, 0.75, 0.0
0.48234126984126985, 0.5, 0.125, 0.7777777777777778, 0.0
0.45185185185185184, 0.5, 0.2222222222222222, 0.6666666666666667, 0.0
0.40074074074074073, 0.4, 0.0, 0.7777777777777778, 0.0
0.5087037037037037, 0.5555555555555556, 0.19999999999999996, 0.7777777777777778, 0.0
0.3962962962962963, 0.30000000000000004, 0.11111111111111116, 0.7777777777777778, 0.0
0.4337037037037037, 0.4444444444444444, 0.11111111111111116, 0.7777777777777778, 0.0
0.4046296296296296, 0.30000000000000004, 0.11111111111111116, 0.8888888888888888, 0.0
0.4024074074074074, 0.33333333333333337, 0.19999999999999996, 0.7777777777777778, 0.0
0.42796296296296293, 0.4444444444444444, 0.11111111111111116, 0.7777777777777778, 0.0
0.46796296296296297, 0.5, 0.11111111111111116, 0.7777777777777778, 0.0
0.39682539682539686, 0.375, 0.11111111111111116, 0.6666666666666667, 0.0
0.4722222222222222, 0.5555555555555556, 0.11111111111111116, 0.75, 0.0
0.5444444444444444, 0.5555555555555556, 0.2222222222222222, 0.7777777777777778, 0.0
0.46129629629629626, 0.5, 0.0, 0.6666666666666667, 0.0
0.4288888888888888, 0.4, 0.19999999999999996, 0.7777777777777778, 0.0
0.407946127946128, 0.33333333333333337, 0.0, 0.7777777777777778, 0.0
0.3966666666666666, 0.33333333333333337, 0.11111111111111116, 0.8888888888888888, 0.0
0.4361111111111111, 0.4444444444444444, 0.0, 0.7777777777777778, 0.0
0.31444444444444447, 0.25, 0.0, 0.7777777777777778, 0.0
0.42814814814814817, 0.4444444444444444, 0.0, 0.8888888888888888, 0.0
0.46888888888888886, 0.5, 0.0, 0.7777777777777778, 0.0
0.4335185185185185, 0.5, 0.0, 0.75, 0.0
0.4353703703703704, 0.4444444444444444, 0.0, 0.7777777777777778, 0.0
0.4038888888888889, 0.4, 0.11111111111111116, 0.7777777777777778, 0.0
0.36185185185185187, 0.375, 0.0, 0.75, 0.0
0.39648148148148155, 0.4, 0.19999999999999996, 0.6666666666666667, 0.0
0.4316666666666667, 0.4444444444444444, 0.11111111111111116, 0.75, 0.0
0.38311965811965815, 0.4, 0.2222222222222222, 0.625, 0.0
0.3857407407407408, 0.30000000000000004, 0.0, 0.7777777777777778, 0.0
0.40703703703703703, 0.4444444444444444, 0.0, 0.7, 0.0
0.502037037037037, 0.5, 0.11111111111111116, 0.75, 0.0
0.46703703703703703, 0.5, 0.0, 0.75, 0.0
0.42103174603174603, 0.375, 0.19999999999999996, 0.7777777777777778, 0.0
0.38222222222222224, 0.33333333333333337, 0.19999999999999996, 0.7777777777777778, 0.0
0.44296296296296295, 0.4444444444444444, 0.0, 0.8888888888888888, 0.0
0.37425925925925924, 0.30000000000000004, 0.0, 0.75, 0.0
0.36259259259259263, 0.33333333333333337, 0.11111111111111116, 0.625, 0.0
0.38037037037037036, 0.375, 0.0, 0.75, 0.0
0.4651851851851852, 0.5, 0.11111111111111116, 0.7777777777777778, 0.0
0.42407407407407405, 0.375, 0.11111111111111116, 0.7777777777777778, 0.0
0.5027777777777778, 0.5555555555555556, 0.125, 0.75, 0.0
0.4033333333333333, 0.375, 0.11111111111111116, 0.625, 0.0
0.47203703703703703, 0.5, 0.0, 0.75, 0.0
0.3944444444444445, 0.4, 0.0, 0.6666666666666667, 0.0
0.4972222222222223, 0.5, 0.2222222222222222, 0.75, 0.0
0.3296296296296296, 0.25, 0.0, 0.75, 0.0
0.45185185185185184, 0.4444444444444444, 0.11111111111111116, 0.75, 0.0
0.37444444444444447, 0.33333333333333337, 0.11111111111111116, 0.75, 0.0
0.4661111111111111, 0.5, 0.19999999999999996, 0.75, 0.0
0.4837037037037037, 0.4444444444444444, 0.19999999999999996, 0.7777777777777778, 0.0
0.4559259259259259, 0.5, 0.11111111111111116, 0.7777777777777778, 0.0
0.46091269841269844, 0.4777777777777778, 0.11111111111111116, 0.75, 0.0
0.46796296296296297, 0.5, 0.0, 0.75, 0.0
0.4503703703703703, 0.4444444444444444, 0.19999999999999996, 0.75, 0.0
0.4018518518518519, 0.33333333333333337, 0.0, 0.7777777777777778, 0.0
0.44703703703703707, 0.4, 0.11111111111111116, 0.8888888888888888, 0.0
0.49814814814814823, 0.5555555555555556, 0.0, 0.75, 0.0
0.6101851851851853, 0.625, 0.2222222222222222, 0.8888888888888888, 0.0
0.3522222222222222, 0.375, 0.11111111111111116, 0.625, 0.0
0.48685185185185187, 0.5, 0.11111111111111116, 0.6666666666666667, 0.0
0.4075925925925926, 0.33333333333333337, 0.11111111111111116, 0.75, 0.0
0.4614814814814815, 0.5, 0.2222222222222222, 0.7, 0.0
0.3861111111111111, 0.4, 0.0, 0.7777777777777778, 0.0
0.3816666666666667, 0.4, 0.0, 0.75, 0.0
0.36833333333333335, 0.30000000000000004, 0.0, 0.6666666666666667, 0.0
0.4218518518518518, 0.4, 0.0, 0.75, 0.0
0.5153703703703705, 0.5, 0.125, 0.7777777777777778, 0.0
0.41444444444444445, 0.375, 0.19999999999999996, 0.7777777777777778, 0.0
0.49222222222222217, 0.5555555555555556, 0.125, 0.8, 0.0
0.4875925925925925, 0.5, 0.11111111111111116, 0.8888888888888888, 0.0
0.4766666666666667, 0.4444444444444444, 0.11111111111111116, 0.7777777777777778, 0.0
0.4325396825396825, 0.3888888888888889, 0.11111111111111116, 0.8888888888888888, 0.0
0.47851851851851845, 0.5, 0.11111111111111116, 0.8888888888888888, 0.0
0.48018518518518516, 0.5, 0.19999999999999996, 0.7777777777777778, 0.0
0.5101851851851852, 0.625, 0.125, 0.8888888888888888, 0.0
0.4235185185185185, 0.4444444444444444, 0.0, 0.75, 0.0
0.47261904761904766, 0.5277777777777778, 0.11111111111111116, 0.75, 0.0
0.4462962962962963, 0.4, 0.19999999999999996, 0.8888888888888888, 0.0
0.49907407407407406, 0.5555555555555556, 0.0, 0.7777777777777778, 0.0
0.44092592592592594, 0.5, 0.0, 0.75, 0.0
0.3637037037037037, 0.25, 0.0, 0.7777777777777778, 0.0
0.43555555555555553, 0.4, 0.11111111111111116, 0.75, 0.0
0.4938888888888889, 0.5, 0.125, 0.8888888888888888, 0.0
0.3837037037037037, 0.25, 0.11111111111111116, 0.75, 0.0
0.4107407407407407, 0.4444444444444444, 0.0, 0.75, 0.0
0.31981481481481483, 0.25, 0.0, 0.75, 0.0
0.4011111111111111, 0.4444444444444444, 0.0, 0.75, 0.0
0.5222222222222221, 0.5, 0.19999999999999996, 0.8888888888888888, 0.0
0.47018518518518515, 0.4444444444444444, 0.19999999999999996, 0.75, 0.0
0.45814814814814814, 0.5, 0.19999999999999996, 0.75, 0.0
0.3112962962962963, 0.2222222222222222, 0.11111111111111116, 0.625, 0.0
0.49037037037037035, 0.5, 0.11111111111111116, 0.7777777777777778, 0.0
0.5031481481481481, 0.5, 0.125, 0.75, 0.0
0.41611111111111115, 0.4444444444444444, 0.0, 0.75, 0.0
0.4924074074074074, 0.5555555555555556, 0.0, 0.75, 0.0
0.37559523809523815, 0.3166666666666667, 0.0, 0.7777777777777778, 0.0
0.3924074074074074, 0.4, 0.0, 0.75, 0.0
0.40703703703703703, 0.4, 0.11111111111111116, 0.75, 0.0
0.36444444444444446, 0.375, 0.0, 0.6666666666666667, 0.0
0.44222222222222224, 0.4, 0.11111111111111116, 0.75, 0.0
0.4109126984126984, 0.4097222222222222, 0.19999999999999996, 0.75, 0.0
0.3664814814814816, 0.33333333333333337, 0.11111111111111116, 0.75, 0.0
0.44796296296296295, 0.5, 0.125, 0.75, 0.0
0.4014814814814815, 0.4, 0.19999999999999996, 0.75, 0.0
0.4675925925925926, 0.6, 0.11111111111111116, 0.8, 0.0
0.4303703703703704, 0.4, 0.11111111111111116, 0.75, 0.0
0.42759259259259264, 0.33333333333333337, 0.11111111111111116, 0.75, 0.0
0.5248148148148147, 0.5, 0.11111111111111116, 0.75, 0.0
0.5374074074074073, 0.6, 0.11111111111111116, 0.75, 0.0
0.3651851851851852, 0.33333333333333337, 0.0, 0.75, 0.0
0.4505555555555556, 0.4444444444444444, 0.125, 0.75, 0.0
0.3788888888888889, 0.375, 0.11111111111111116, 0.75, 0.0
0.4940740740740741, 0.4444444444444444, 0.11111111111111116, 0.8, 0.0
0.4744444444444445, 0.5, 0.11111111111111116, 0.7777777777777778, 0.0
0.4720238095238095, 0.4722222222222222, 0.19999999999999996, 0.75, 0.0
0.513888888888889, 0.5277777777777778, 0.11111111111111116, 0.7777777777777778, 0.0
0.4551851851851852, 0.5, 0.11111111111111116, 0.75, 0.0
0.4436507936507937, 0.4222222222222222, 0.19999999999999996, 0.75, 0.0
0.47129629629629627, 0.5, 0.19999999999999996, 0.75, 0.0
0.44794612794612804, 0.4444444444444444, 0.11111111111111116, 0.75, 0.0
0.4227777777777778, 0.4, 0.0, 0.75, 0.0
0.3735185185185185, 0.33333333333333337, 0.19999999999999996, 0.8888888888888888, 0.0
0.4274074074074074, 0.5, 0.11111111111111116, 0.75, 0.0
0.40259259259259256, 0.4444444444444444, 0.11111111111111116, 0.75, 0.0
0.37833333333333324, 0.33333333333333337, 0.0, 0.75, 0.0
0.4338888888888889, 0.4, 0.0, 0.8888888888888888, 0.0
0.45851851851851855, 0.5, 0.19999999999999996, 0.75, 0.0
0.4675925925925926, 0.5, 0.11111111111111116, 0.75, 0.0
0.43666666666666665, 0.4, 0.0, 0.7777777777777778, 0.0
0.3885185185185185, 0.30000000000000004, 0.19999999999999996, 0.8888888888888888, 0.0
0.4424074074074074, 0.4444444444444444, 0.11111111111111116, 0.7777777777777778, 0.0
0.5535185185185185, 0.625, 0.25, 0.7777777777777778, 0.0
0.47003968253968254, 0.45, 0.11111111111111116, 0.7777777777777778, 0.0
0.43444444444444447, 0.4444444444444444, 0.0, 0.75, 0.0
0.4381481481481481, 0.5, 0.11111111111111116, 0.7777777777777778, 0.0
0.43015873015873013, 0.4375, 0.0, 0.75, 0.0
0.4537037037037038, 0.4444444444444444, 0.11111111111111116, 0.7777777777777778, 0.0
0.5200396825396826, 0.5555555555555556, 0.19999999999999996, 0.7777777777777778, 0.0
0.5018518518518519, 0.5555555555555556, 0.0, 0.7777777777777778, 0.0
0.35555555555555557, 0.33333333333333337, 0.0, 0.6666666666666667, 0.0
0.45740740740740743, 0.375, 0.19999999999999996, 0.75, 0.0
0.41825396825396827, 0.3541666666666667, 0.19999999999999996, 0.7777777777777778, 0.0
0.49574074074074076, 0.5555555555555556, 0.11111111111111116, 0.8888888888888888, 0.0
0.4896296296296297, 0.4444444444444444, 0.11111111111111116, 0.8888888888888888, 0.0
0.4166666666666667, 0.375, 0.0, 0.7777777777777778, 0.0
0.4327777777777778, 0.4444444444444444, 0.0, 0.8888888888888888, 0.0
0.4087037037037037, 0.375, 0.0, 0.75, 0.0
0.4475925925925926, 0.4, 0.0, 0.7777777777777778, 0.0
0.4424074074074074, 0.4444444444444444, 0.11111111111111116, 0.7777777777777778, 0.0
0.5187037037037038, 0.5555555555555556, 0.11111111111111116, 0.8, 0.0
0.3831481481481482, 0.4, 0.0, 0.7777777777777778, 0.0
0.4237037037037037, 0.4, 0.0, 0.75, 0.0
0.45185185185185184, 0.4444444444444444, 0.19999999999999996, 0.7777777777777778, 0.0
0.5005555555555555, 0.5, 0.11111111111111116, 0.75, 0.0
0.45555555555555555, 0.5, 0.0, 0.7777777777777778, 0.0
0.48685185185185187, 0.5, 0.0, 0.75, 0.0
0.47185185185185186, 0.4444444444444444, 0.0, 0.75, 0.0
0.5366666666666667, 0.625, 0.2222222222222222, 0.7777777777777778, 0.0
0.40185185185185185, 0.375, 0.125, 0.6666666666666667, 0.0
0.46703703703703703, 0.5, 0.0, 0.75, 0.0
0.4744444444444444, 0.5, 0.0, 0.75, 0.0
0.372962962962963, 0.33333333333333337, 0.0, 0.6666666666666667, 0.0
0.4438888888888889, 0.375, 0.19999999999999996, 0.7777777777777778, 0.0
0.4592592592592592, 0.4444444444444444, 0.11111111111111116, 0.75, 0.0
0.4346296296296297, 0.375, 0.125, 0.8888888888888888, 0.0
0.3296296296296296, 0.375, 0.0, 0.6, 0.0
0.41777777777777775, 0.5, 0.0, 0.75, 0.0
0.38222222222222224, 0.30000000000000004, 0.11111111111111116, 0.7777777777777778, 0.0
0.3824074074074074, 0.33333333333333337, 0.0, 0.7777777777777778, 0.0
0.45518518518518525, 0.4, 0.19999999999999996, 0.75, 0.0
0.41185185185185186, 0.4444444444444444, 0.0, 0.75, 0.0
0.5400000000000001, 0.625, 0.2222222222222222, 0.75, 0.0
0.3887037037037037, 0.33333333333333337, 0.0, 0.7777777777777778, 0.0
0.4938492063492063, 0.5277777777777778, 0.19999999999999996, 0.7777777777777778, 0.0
0.3929629629629629, 0.33333333333333337, 0.0, 0.7777777777777778, 0.0
0.46091269841269833, 0.4722222222222222, 0.125, 0.7777777777777778, 0.0
0.3412962962962963, 0.30000000000000004, 0.0, 0.7777777777777778, 0.0
0.4831481481481481, 0.5, 0.125, 0.7777777777777778, 0.0
0.46351851851851855, 0.4444444444444444, 0.11111111111111116, 0.75, 0.0
0.4188888888888889, 0.4444444444444444, 0.11111111111111116, 0.6666666666666667, 0.0
0.3768518518518518, 0.375, 0.11111111111111116, 0.75, 0.0
0.4116666666666667, 0.4444444444444444, 0.0, 0.75, 0.0
0.41944444444444445, 0.33333333333333337, 0.11111111111111116, 0.7777777777777778, 0.0
0.3838888888888889, 0.375, 0.11111111111111116, 0.75, 0.0
0.4255555555555555, 0.4444444444444444, 0.0, 0.8888888888888888, 0.0
0.4138888888888889, 0.4444444444444444, 0.11111111111111116, 0.6666666666666667, 0.0
0.4096296296296296, 0.375, 0.125, 0.7777777777777778, 0.0
0.3957407407407407, 0.30000000000000004, 0.11111111111111116, 0.75, 0.0
0.4462962962962963, 0.4, 0.19999999999999996, 0.7777777777777778, 0.0
0.43462962962962964, 0.4444444444444444, 0.11111111111111116, 0.7777777777777778, 0.0
0.47388888888888886, 0.5555555555555556, 0.0, 0.75, 0.0
0.42833333333333334, 0.4, 0.0, 0.75, 0.0
0.5055555555555555, 0.5, 0.11111111111111116, 0.7777777777777778, 0.0
0.38999999999999996, 0.33333333333333337, 0.0, 0.75, 0.0
0.5107407407407407, 0.4444444444444444, 0.19999999999999996, 0.7777777777777778, 0.0
0.5207407407407407, 0.5555555555555556, 0.11111111111111116, 0.7777777777777778, 0.0
0.47796296296296303, 0.5, 0.0, 0.75, 0.0
0.39666666666666667, 0.375, 0.0, 0.7777777777777778, 0.0
0.3037037037037037, 0.2222222222222222, 0.0, 0.7777777777777778, 0.0
0.3625, 0.3541666666666667, 0.0, 0.7777777777777778, 0.0
0.429074074074074, 0.4, 0.11111111111111116, 0.8888888888888888, 0.0
0.4527777777777778, 0.4444444444444444, 0.0, 0.7777777777777778, 0.0
0.4524074074074075, 0.33333333333333337, 0.2222222222222222, 0.7777777777777778, 0.0
0.3646296296296297, 0.33333333333333337, 0.0, 0.75, 0.0
0.4177777777777777, 0.4444444444444444, 0.0, 0.8888888888888888, 0.0
0.3783333333333333, 0.33333333333333337, 0.0, 0.75, 0.0
0.42638888888888893, 0.3375, 0.11111111111111116, 0.7777777777777778, 0.0
0.5398148148148147, 0.5555555555555556, 0.19999999999999996, 0.75, 0.0
0.45314814814814813, 0.4444444444444444, 0.19999999999999996, 0.7777777777777778, 0.0
0.38296296296296295, 0.33333333333333337, 0.11111111111111116, 0.7777777777777778, 0.0
0.44462962962962965, 0.4444444444444444, 0.2222222222222222, 0.7777777777777778, 0.0
0.4322222222222223, 0.4444444444444444, 0.0, 0.75, 0.0
0.44203703703703706, 0.5, 0.0, 0.75, 0.0
0.4455555555555556, 0.4, 0.25, 0.75, 0.0
0.4896296296296297, 0.5, 0.11111111111111116, 0.75, 0.0
0.37796296296296295, 0.30000000000000004, 0.11111111111111116, 0.7777777777777778, 0.0
0.4937037037037037, 0.5555555555555556, 0.19999999999999996, 0.7777777777777778, 0.0
0.4796296296296297, 0.4444444444444444, 0.2222222222222222, 0.75, 0.0
0.45952380952380956, 0.5277777777777778, 0.0, 0.625, 0.0
0.477962962962963, 0.4444444444444444, 0.19999999999999996, 0.7777777777777778, 0.0
0.48037037037037045, 0.4444444444444444, 0.11111111111111116, 0.7777777777777778, 0.0
0.4727777777777778, 0.4444444444444444, 0.19999999999999996, 0.8, 0.0
0.39814814814814814, 0.4444444444444444, 0.0, 0.75, 0.0
0.5487037037037037, 0.5, 0.19999999999999996, 0.8888888888888888, 0.0
0.4190740740740741, 0.375, 0.0, 0.8888888888888888, 0.0
0.39222222222222225, 0.33333333333333337, 0.11111111111111116, 0.75, 0.0
0.5297619047619048, 0.55, 0.11111111111111116, 0.7777777777777778, 0.0
0.39425925925925925, 0.33333333333333337, 0.0, 0.7777777777777778, 0.0
0.5103703703703704, 0.5, 0.19999999999999996, 0.7777777777777778, 0.0
0.43407407407407406, 0.4444444444444444, 0.0, 0.75, 0.0
0.49087301587301585, 0.4722222222222222, 0.125, 0.7777777777777778, 0.0
0.42777777777777787, 0.33333333333333337, 0.0, 0.75, 0.0
0.5048148148148148, 0.5, 0.25, 0.75, 0.0
0.4848148148148148, 0.4444444444444444, 0.125, 0.8888888888888888, 0.0
0.41074074074074074, 0.33333333333333337, 0.11111111111111116, 0.75, 0.0
0.43296296296296294, 0.4, 0.0, 0.75, 0.0
0.4685185185185185, 0.5, 0.11111111111111116, 0.7777777777777778, 0.0
0.4603703703703703, 0.5555555555555556, 0.11111111111111116, 0.75, 0.0
0.41425925925925927, 0.4444444444444444, 0.0, 0.6666666666666667, 0.0
0.4738888888888889, 0.5, 0.11111111111111116, 0.75, 0.0
0.3766666666666667, 0.33333333333333337, 0.0, 0.75, 0.0
0.35129629629629633, 0.30000000000000004, 0.0, 0.6666666666666667, 0.0
0.33129629629629626, 0.30000000000000004, 0.0, 0.625, 0.0
0.485, 0.5555555555555556, 0.11111111111111116, 0.7777777777777778, 0.0
0.47722222222222227, 0.5555555555555556, 0.11111111111111116, 0.8, 0.0
0.41981481481481475, 0.4444444444444444, 0.11111111111111116, 0.7777777777777778, 0.0
0.3846296296296297, 0.33333333333333337, 0.0, 0.6666666666666667, 0.0
0.39129629629629636, 0.375, 0.0, 0.75, 0.0
0.4587037037037037, 0.5, 0.0, 0.75, 0.0
0.39925925925925926, 0.375, 0.0, 0.7777777777777778, 0.0
0.44314814814814807, 0.5, 0.11111111111111116, 0.625, 0.0
0.4546296296296296, 0.4, 0.11111111111111116, 0.7777777777777778, 0.0
0.4985185185185185, 0.4444444444444444, 0.125, 0.7777777777777778, 0.0
0.5083333333333333, 0.5555555555555556, 0.11111111111111116, 0.7777777777777778, 0.0
0.4266666666666667, 0.4, 0.19999999999999996, 0.75, 0.0
0.41759259259259257, 0.4, 0.0, 0.75, 0.0
0.3987037037037037, 0.33333333333333337, 0.125, 0.75, 0.0
0.45425925925925925, 0.375, 0.19999999999999996, 0.7777777777777778, 0.0
0.535925925925926, 0.5, 0.11111111111111116, 0.8888888888888888, 0.0
0.3768518518518518, 0.375, 0.0, 0.625, 0.0
0.4438888888888889, 0.375, 0.11111111111111116, 0.75, 0.0
0.4059259259259259, 0.4444444444444444, 0.0, 0.75, 0.0
0.4944444444444444, 0.5, 0.11111111111111116, 0.7777777777777778, 0.0
0.3883164983164983, 0.375, 0.0, 0.75, 0.0
0.4583333333333333, 0.4444444444444444, 0.0, 0.8888888888888888, 0.0
0.46481481481481474, 0.4, 0.19999999999999996, 0.8888888888888888, 0.0
0.43129629629629634, 0.375, 0.0, 0.8888888888888888, 0.0
0.3490740740740741, 0.30000000000000004, 0.0, 0.7777777777777778, 0.0
0.34111111111111114, 0.25, 0.11111111111111116, 0.6666666666666667, 0.0
0.3414814814814815, 0.30000000000000004, 0.0, 0.75, 0.0
0.3238095238095239, 0.33333333333333337, 0.0, 0.7777777777777778, 0.0
0.4455555555555556, 0.4444444444444444, 0.0, 0.75, 0.0
0.518888888888889, 0.5, 0.30000000000000004, 0.75, 0.0
0.4375925925925926, 0.4444444444444444, 0.125, 0.75, 0.0
0.5438492063492063, 0.6458333333333334, 0.0, 0.8888888888888888, 0.0
0.4272222222222222, 0.33333333333333337, 0.11111111111111116, 0.75, 0.0
0.5075925925925926, 0.5555555555555556, 0.11111111111111116, 0.75, 0.0
0.4516666666666667, 0.5555555555555556, 0.0, 0.8888888888888888, 0.0
0.41309523809523807, 0.3875, 0.0, 0.7777777777777778, 0.0
0.4396296296296296, 0.4444444444444444, 0.0, 0.75, 0.0
0.5057407407407407, 0.5555555555555556, 0.19999999999999996, 0.7777777777777778, 0.0
0.3798148148148149, 0.4444444444444444, 0.0, 0.75, 0.0
0.49740740740740746, 0.6, 0.0, 0.8888888888888888, 0.0
0.41444444444444445, 0.33333333333333337, 0.11111111111111116, 0.7777777777777778, 0.0
0.3375925925925926, 0.30000000000000004, 0.11111111111111116, 0.6666666666666667, 0.0
0.4801851851851852, 0.625, 0.11111111111111116, 0.7777777777777778, 0.0
0.43629629629629624, 0.4, 0.19999999999999996, 0.8, 0.0
0.4985185185185185, 0.5555555555555556, 0.125, 0.7777777777777778, 0.0
0.46870370370370373, 0.5, 0.11111111111111116, 0.75, 0.0
0.4475925925925926, 0.4444444444444444, 0.0, 0.7777777777777778, 0.0
0.5188888888888888, 0.5, 0.19999999999999996, 0.8888888888888888, 0.0
0.44074074074074077, 0.5, 0.0, 0.75, 0.0
0.48944444444444446, 0.4, 0.30000000000000004, 0.75, 0.0
0.4085185185185185, 0.4, 0.0, 0.7777777777777778, 0.0
0.397037037037037, 0.375, 0.19999999999999996, 0.75, 0.0
0.5144444444444445, 0.5555555555555556, 0.11111111111111116, 0.75, 0.0
0.29703703703703704, 0.33333333333333337, 0.0, 0.7777777777777778, 0.0
0.48214285714285715, 0.4652777777777778, 0.11111111111111116, 0.8, 0.0
0.41074074074074074, 0.33333333333333337, 0.0, 0.7777777777777778, 0.0
0.4401851851851852, 0.5, 0.0, 0.7777777777777778, 0.0
0.42351851851851846, 0.5, 0.11111111111111116, 0.6666666666666667, 0.0
0.39925925925925926, 0.4, 0.11111111111111116, 0.7, 0.0
0.49018518518518517, 0.5, 0.11111111111111116, 0.7777777777777778, 0.0
0.37629629629629624, 0.4444444444444444, 0.0, 0.75, 0.0
