0.13608465608465609, 0.19999999999999996, 0.0, 0.33333333333333337, 0.0
0.13624338624338622, 0.2222222222222222, 0.0, 0.33333333333333337, 0.0
0.12222222222222223, 0.0, 0.0, 0.33333333333333337, 0.0
0.10222222222222221, 0.0, 0.0, 0.33333333333333337, 0.0
0.15238095238095237, 0.19999999999999996, 0.0, 0.33333333333333337, 0.0
0.1174074074074074, 0.0, 0.0, 0.33333333333333337, 0.0
0.07037037037037037, 0.0, 0.0, 0.33333333333333337, 0.0
0.09841269841269841, 0.0, 0.0, 0.4, 0.0
0.0926984126984127, 0.0, 0.0, 0.33333333333333337, 0.0
0.07682539682539682, 0.0, 0.0, 0.33333333333333337, 0.0
0.2277777777777778, 0.0, 0.0, 0.6666666666666667, 0.0
0.06052910052910052, 0.0, 0.0, 0.2857142857142857, 0.0
0.10777777777777778, 0.0, 0.0, 0.5, 0.0
0.11386243386243386, 0.0, 0.0, 0.5, 0.0
0.1562962962962963, 0.0, 0.0, 0.5, 0.0
0.12238095238095235, 0.0, 0.0, 0.5, 0.0
0.08518518518518518, 0.0, 0.0, 0.33333333333333337, 0.0
0.056296296296296296, 0.0, 0.0, 0.4, 0.0
0.16535353535353536, 0.0, 0.0, 0.6666666666666667, 0.0
0.1037037037037037, 0.0, 0.0, 0.5, 0.0
0.11571428571428571, 0.0, 0.0, 0.5, 0.0
0.10952380952380952, 0.0, 0.0, 0.2857142857142857, 0.0
0.06793650793650793, 0.0, 0.0, 0.33333333333333337, 0.0
0.05037037037037037, 0.0, 0.0, 0.33333333333333337, 0.0
0.08814814814814813, 0.0, 0.0, 0.5, 0.0
0.10111111111111111, 0.0, 0.0, 0.4, 0.0
0.044814814814814814, 0.0, 0.0, 0.25, 0.0
0.04867724867724867, 0.0, 0.0, 0.2857142857142857, 0.0
0.07142857142857142, 0.0, 0.0, 0.5, 0.0
0.16052910052910055, 0.0, 0.0, 0.6666666666666667, 0.0
0.09777777777777776, 0.0, 0.0, 0.4, 0.0
0.1, 0.0, 0.0, 0.5, 0.0
0.12164021164021163, 0.0, 0.0, 0.6666666666666667, 0.0
0.07682539682539682, 0.0, 0.0, 0.2857142857142857, 0.0
0.10592592592592594, 0.0, 0.0, 0.6666666666666667, 0.0
0.09142857142857143, 0.0, 0.0, 0.4, 0.0
0.16921768707482993, 0.22499999999999998, 0.0, 0.4, 0.0
0.1486243386243386, 0.19999999999999996, 0.0, 0.5, 0.0
0.014814814814814814, 0.0, 0.0, 0.2222222222222222, 0.0
0.05476190476190476, 0.0, 0.0, 0.2857142857142857, 0.0
0.10740740740740741, 0.0, 0.0, 0.33333333333333337, 0.0
0.08, 0.0, 0.0, 0.33333333333333337, 0.0
0.11571428571428571, 0.0, 0.0, 0.33333333333333337, 0.0
0.08994708994708996, 0.0, 0.0, 0.33333333333333337, 0.0
0.08423280423280423, 0.0, 0.0, 0.33333333333333337, 0.0
0.05052910052910053, 0.0, 0.0, 0.2857142857142857, 0.0
0.15148148148148144, 0.19999999999999996, 0.0, 0.4, 0.0
0.13999999999999999, 0.0, 0.0, 0.6666666666666667, 0.0
0.11703703703703704, 0.0, 0.0, 0.5, 0.0
0.0857142857142857, 0.0, 0.0, 0.33333333333333337, 0.0
0.07275132275132276, 0.0, 0.0, 0.33333333333333337, 0.0
0.1705291005291005, 0.19999999999999996, 0.0, 0.6666666666666667, 0.0
0.08201058201058202, 0.0, 0.0, 0.2857142857142857, 0.0
0.16846560846560846, 0.19999999999999996, 0.0, 0.4, 0.0
0.0980952380952381, 0.0, 0.0, 0.5, 0.0
0.12529100529100526, 0.0, 0.0, 0.4, 0.0
0.08253968253968254, 0.0, 0.0, 0.2857142857142857, 0.0
0.1471957671957672, 0.0, 0.0, 0.6666666666666667, 0.0
0.0905291005291005, 0.0, 0.0, 0.2857142857142857, 0.0
0.06624338624338624, 0.0, 0.0, 0.2857142857142857, 0.0
0.15164021164021163, 0.0, 0.0, 0.6666666666666667, 0.0
0.08275132275132276, 0.0, 0.0, 0.33333333333333337, 0.0
0.1457142857142857, 0.0, 0.0, 0.5, 0.0
0.04904761904761904, 0.0, 0.0, 0.2857142857142857, 0.0
0.08518518518518518, 0.0, 0.0, 0.33333333333333337, 0.0
0.11698412698412698, 0.0, 0.0, 0.4, 0.0
0.08904761904761903, 0.0, 0.0, 0.2857142857142857, 0.0
0.13735449735449734, 0.19999999999999996, 0.0, 0.2857142857142857, 0.0
0.12444444444444444, 0.0, 0.0, 0.5, 0.0
0.11984126984126983, 0.09999999999999998, 0.0, 0.33333333333333337, 0.0
0.13922902494331063, 0.09999999999999998, 0.0, 0.4, 0.0
0.1068253968253968, 0.0, 0.0, 0.2857142857142857, 0.0
0.04904761904761904, 0.0, 0.0, 0.2857142857142857, 0.0
0.11941798941798941, 0.0, 0.0, 0.33333333333333337, 0.0
0.1322222222222222, 0.19999999999999996, 0.0, 0.33333333333333337, 0.0
0.14365079365079367, 0.0, 0.0, 0.6666666666666667, 0.0
0.11481481481481483, 0.0, 0.0, 0.6666666666666667, 0.0
0.08201058201058202, 0.0, 0.0, 0.2857142857142857, 0.0
0.035555555555555556, 0.0, 0.0, 0.33333333333333337, 0.0
0.08275132275132276, 0.0, 0.0, 0.33333333333333337, 0.0
0.10814814814814815, 0.0, 0.0, 0.5, 0.0
0.06370370370370369, 0.0, 0.0, 0.33333333333333337, 0.0
0.06052910052910052, 0.0, 0.0, 0.2857142857142857, 0.0
0.11481481481481479, 0.0, 0.0, 0.4, 0.0
0.06555555555555555, 0.0, 0.0, 0.33333333333333337, 0.0
0.13037037037037036, 0.0, 0.0, 0.6666666666666667, 0.0
0.14223356009070295, 0.19999999999999996, 0.0, 0.33333333333333337, 0.0
0.06888888888888887, 0.0, 0.0, 0.5, 0.0
0.07719576719576719, 0.0, 0.0, 0.2857142857142857, 0.0
0.10661375661375662, 0.0, 0.0, 0.33333333333333337, 0.0
0.03148148148148148, 0.0, 0.0, 0.25, 0.0
0.1306878306878307, 0.0, 0.0, 0.33333333333333337, 0.0
0.09052910052910053, 0.0, 0.0, 0.4, 0.0
0.047195767195767194, 0.0, 0.0, 0.2857142857142857, 0.0
0.12185185185185186, 0.19999999999999996, 0.0, 0.33333333333333337, 0.0
0.07037037037037037, 0.0, 0.0, 0.33333333333333337, 0.0
0.08925925925925927, 0.0, 0.0, 0.6666666666666667, 0.0
0.11513227513227514, 0.0, 0.0, 0.4, 0.0
0.09497354497354497, 0.0, 0.0, 0.6666666666666667, 0.0
0.10386243386243385, 0.0, 0.0, 0.4, 0.0
0.10481481481481479, 0.0, 0.0, 0.5, 0.0
0.11111111111111112, 0.0, 0.0, 0.5, 0.0
0.1255026455026455, 0.0, 0.0, 0.6666666666666667, 0.0
0.03148148148148148, 0.0, 0.0, 0.25, 0.0
0.06999999999999999, 0.0, 0.0, 0.4, 0.0
0.11185185185185184, 0.0, 0.0, 0.33333333333333337, 0.0
0.035555555555555556, 0.0, 0.0, 0.33333333333333337, 0.0
0.08, 0.0, 0.0, 0.5, 0.0
0.11814814814814814, 0.0, 0.0, 0.5, 0.0
0.12925925925925924, 0.0, 0.0, 0.4, 0.0
0.07444444444444445, 0.0, 0.0, 0.25, 0.0
0.0838095238095238, 0.0, 0.0, 0.4, 0.0
0.05238095238095238, 0.0, 0.0, 0.2857142857142857, 0.0
0.1071957671957672, 0.0, 0.0, 0.5, 0.0
0.10481481481481482, 0.0, 0.0, 0.5, 0.0
0.09238095238095238, 0.0, 0.0, 0.4, 0.0
0.18481481481481482, 0.2222222222222222, 0.0, 0.4, 0.0
0.014814814814814814, 0.0, 0.0, 0.2222222222222222, 0.0
0.10830687830687831, 0.0, 0.0, 0.2857142857142857, 0.0
0.09201058201058201, 0.0, 0.0, 0.4, 0.0
0.12296296296296295, 0.0, 0.0, 0.5, 0.0
0.044444444444444446, 0.0, 0.0, 0.33333333333333337, 0.0
0.11052910052910052, 0.0, 0.0, 0.4, 0.0
0.06666666666666667, 0.0, 0.0, 0.25, 0.0
0.11291005291005289, 0.0, 0.0, 0.2857142857142857, 0.0
0.14507936507936506, 0.0, 0.0, 0.5, 0.0
0.142010582010582, 0.0, 0.0, 0.5, 0.0
0.09957671957671958, 0.0, 0.0, 0.5, 0.0
0.16706349206349205, 0.1111111111111111, 0.0, 0.4, 0.0
0.08052910052910052, 0.0, 0.0, 0.2857142857142857, 0.0
0.08201058201058202, 0.0, 0.0, 0.2857142857142857, 0.0
0.062380952380952384, 0.0, 0.0, 0.4, 0.0
0.06386243386243386, 0.0, 0.0, 0.2857142857142857, 0.0
0.09851851851851852, 0.0, 0.0, 0.33333333333333337, 0.0
0.11444444444444442, 0.0, 0.0, 0.4, 0.0
0.12555555555555556, 0.0, 0.0, 0.5, 0.0
0.07888888888888887, 0.0, 0.0, 0.33333333333333337, 0.0
0.014814814814814814, 0.0, 0.0, 0.2222222222222222, 0.0
0.09941798941798942, 0.0, 0.0, 0.33333333333333337, 0.0
0.06571428571428571, 0.0, 0.0, 0.2857142857142857, 0.0
0.05142857142857142, 0.0, 0.0, 0.2857142857142857, 0.0
0.05999999999999999, 0.0, 0.0, 0.5, 0.0
0.12037037037037036, 0.0, 0.0, 0.4, 0.0
0.12182539682539682, 0.0, 0.0, 0.5, 0.0
0.1174074074074074, 0.0, 0.0, 0.33333333333333337, 0.0
0.1292063492063492, 0.0, 0.0, 0.33333333333333337, 0.0
0.08962962962962964, 0.0, 0.0, 0.5, 0.0
0.1068253968253968, 0.0, 0.0, 0.2857142857142857, 0.0
0.04296296296296296, 0.0, 0.0, 0.2222222222222222, 0.0
0.15105820105820103, 0.19999999999999996, 0.0, 0.4, 0.0
0.06624338624338624, 0.0, 0.0, 0.2857142857142857, 0.0
0.07666666666666666, 0.0, 0.0, 0.4, 0.0
0.07386243386243385, 0.0, 0.0, 0.2857142857142857, 0.0
0.047195767195767194, 0.0, 0.0, 0.2857142857142857, 0.0
0.14031746031746029, 0.19999999999999996, 0.0, 0.4, 0.0
0.12291005291005289, 0.0, 0.0, 0.4, 0.0
0.02666666666666667, 0.0, 0.0, 0.4, 0.0
0.16275132275132273, 0.19999999999999996, 0.0, 0.5, 0.0
0.1408994708994709, 0.19999999999999996, 0.0, 0.33333333333333337, 0.0
0.028148148148148144, 0.0, 0.0, 0.2222222222222222, 0.0
0.10037037037037037, 0.0, 0.0, 0.5, 0.0
0.044814814814814814, 0.0, 0.0, 0.25, 0.0
0.09957671957671958, 0.0, 0.0, 0.2857142857142857, 0.0
0.06809523809523808, 0.0, 0.0, 0.2857142857142857, 0.0
0.08740740740740739, 0.0, 0.0, 0.2222222222222222, 0.0
0.11195767195767195, 0.0, 0.0, 0.2857142857142857, 0.0
0.11386243386243387, 0.0, 0.0, 0.33333333333333337, 0.0
0.10238095238095238, 0.0, 0.0, 0.5, 0.0
0.12349206349206347, 0.19999999999999996, 0.0, 0.2857142857142857, 0.0
0.13608465608465609, 0.0, 0.0, 0.4, 0.0
0.10851851851851851, 0.0, 0.0, 0.4, 0.0
0.07333333333333333, 0.0, 0.0, 0.5, 0.0
0.12439153439153436, 0.19999999999999996, 0.0, 0.2857142857142857, 0.0
0.14015873015873012, 0.19999999999999996, 0.0, 0.5, 0.0
0.11994708994708994, 0.0, 0.0, 0.33333333333333337, 0.0
0.05481481481481481, 0.0, 0.0, 0.4, 0.0
0.0971957671957672, 0.0, 0.0, 0.5, 0.0
0.12185185185185184, 0.0, 0.0, 0.4, 0.0
0.05037037037037037, 0.0, 0.0, 0.33333333333333337, 0.0
0.05629629629629629, 0.0, 0.0, 0.2222222222222222, 0.0
0.09087301587301587, 0.0, 0.0, 0.4, 0.0
0.12481481481481481, 0.0, 0.0, 0.5, 0.0
0.06703703703703703, 0.0, 0.0, 0.33333333333333337, 0.0
0.18185185185185182, 0.19999999999999996, 0.0, 0.5, 0.0
0.06962962962962962, 0.0, 0.0, 0.4, 0.0
0.12777777777777777, 0.19999999999999996, 0.0, 0.25, 0.0
0.05999999999999999, 0.0, 0.0, 0.25, 0.0
0.09185185185185185, 0.0, 0.0, 0.33333333333333337, 0.0
0.06624338624338624, 0.0, 0.0, 0.2857142857142857, 0.0
0.06238095238095238, 0.0, 0.0, 0.2857142857142857, 0.0
0.09201058201058201, 0.0, 0.0, 0.2857142857142857, 0.0
0.06814814814814814, 0.0, 0.0, 0.4, 0.0
0.15015873015873013, 0.2222222222222222, 0.0, 0.4, 0.0
0.13185185185185186, 0.0, 0.0, 0.4, 0.0
0.202010582010582, 0.2222222222222222, 0.0, 0.6666666666666667, 0.0
0.05904761904761904, 0.0, 0.0, 0.4, 0.0
0.07444444444444445, 0.0, 0.0, 0.25, 0.0
0.07296296296296295, 0.0, 0.0, 0.25, 0.0
0.06555555555555555, 0.0, 0.0, 0.33333333333333337, 0.0
0.1480952380952381, 0.2222222222222222, 0.0, 0.4, 0.0
0.13518518518518519, 0.0, 0.0, 0.4, 0.0
0.07333333333333332, 0.0, 0.0, 0.5, 0.0
0.09703703703703705, 0.0, 0.0, 0.4, 0.0
0.07001133786848072, 0.0, 0.0, 0.2857142857142857, 0.0
0.12481481481481478, 0.19999999999999996, 0.0, 0.4, 0.0
0.08222222222222222, 0.0, 0.0, 0.33333333333333337, 0.0
0.11423280423280424, 0.0, 0.0, 0.33333333333333337, 0.0
0.046296296296296294, 0.0, 0.0, 0.25, 0.0
0.14386243386243389, 0.0, 0.0, 0.6666666666666667, 0.0
0.13333333333333333, 0.09999999999999998, 0.0, 0.5, 0.0
0.07333333333333332, 0.0, 0.0, 0.5, 0.0
0.07682539682539682, 0.0, 0.0, 0.2857142857142857, 0.0
0.07555555555555556, 0.0, 0.0, 0.4, 0.0
0.12497354497354497, 0.0, 0.0, 0.33333333333333337, 0.0
0.06814814814814814, 0.0, 0.0, 0.2222222222222222, 0.0
0.1386243386243386, 0.0, 0.0, 0.4, 0.0
0.0671957671957672, 0.0, 0.0, 0.2857142857142857, 0.0
0.11275132275132274, 0.0, 0.0, 0.4, 0.0
0.16417989417989415, 0.19999999999999996, 0.0, 0.4, 0.0
0.08201058201058202, 0.0, 0.0, 0.5, 0.0
0.04814814814814815, 0.0, 0.0, 0.25, 0.0
0.1308994708994709, 0.19999999999999996, 0.0, 0.33333333333333337, 0.0
0.10629629629629629, 0.0, 0.0, 0.25, 0.0
0.07658730158730157, 0.0, 0.0, 0.25, 0.0
0.15164021164021163, 0.0, 0.0, 0.6666666666666667, 0.0
0.06534391534391534, 0.0, 0.0, 0.2857142857142857, 0.0
0.10238095238095238, 0.0, 0.0, 0.4, 0.0
0.10259259259259258, 0.0, 0.0, 0.6666666666666667, 0.0
0.06814814814814814, 0.0, 0.0, 0.2222222222222222, 0.0
0.05481481481481481, 0.0, 0.0, 0.4, 0.0
0.11148148148148149, 0.0, 0.0, 0.6666666666666667, 0.0
0.08222222222222222, 0.0, 0.0, 0.5, 0.0
0.11296296296296295, 0.0, 0.0, 0.4, 0.0
0.09703703703703705, 0.0, 0.0, 0.33333333333333337, 0.0
0.05, 0.0, 0.0, 0.5, 0.0
0.08270975056689342, 0.0, 0.0, 0.4, 0.0
0.14756613756613757, 0.19999999999999996, 0.0, 0.5, 0.0
0.0685185185185185, 0.0, 0.0, 0.33333333333333337, 0.0
0.11957671957671957, 0.0, 0.0, 0.5, 0.0
0.11068783068783068, 0.0, 0.0, 0.33333333333333337, 0.0
0.09851851851851852, 0.0, 0.0, 0.33333333333333337, 0.0
0.09624338624338623, 0.0, 0.0, 0.2857142857142857, 0.0
0.11666666666666667, 0.0, 0.0, 0.4, 0.0
0.054603174603174605, 0.0, 0.0, 0.33333333333333337, 0.0
0.10105820105820106, 0.0, 0.0, 0.2857142857142857, 0.0
0.13767195767195767, 0.19999999999999996, 0.0, 0.2857142857142857, 0.0
0.05925925925925926, 0.0, 0.0, 0.33333333333333337, 0.0
0.1208994708994709, 0.0, 0.0, 0.5, 0.0
0.09238095238095238, 0.0, 0.0, 0.4, 0.0
0.10052910052910052, 0.0, 0.0, 0.4, 0.0
0.15888888888888886, 0.19999999999999996, 0.0, 0.6666666666666667, 0.0
0.0757142857142857, 0.0, 0.0, 0.2857142857142857, 0.0
0.12417989417989418, 0.0, 0.0, 0.33333333333333337, 0.0
0.06587301587301587, 0.0, 0.0, 0.25, 0.0
0.0876984126984127, 0.0, 0.0, 0.33333333333333337, 0.0
0.13582766439909297, 0.09999999999999998, 0.0, 0.4, 0.0
0.09714285714285713, 0.0, 0.0, 0.4, 0.0
0.09608465608465606, 0.0, 0.0, 0.4, 0.0
0.1468253968253968, 0.19999999999999996, 0.0, 0.4, 0.0
0.12052910052910051, 0.0, 0.0, 0.5, 0.0
0.06349206349206349, 0.0, 0.0, 0.2857142857142857, 0.0
0.04904761904761904, 0.0, 0.0, 0.2857142857142857, 0.0
0.04571428571428571, 0.0, 0.0, 0.2857142857142857, 0.0
0.08439153439153439, 0.0, 0.0, 0.2857142857142857, 0.0
0.04814814814814815, 0.0, 0.0, 0.25, 0.0
0.10793650793650793, 0.0, 0.0, 0.33333333333333337, 0.0
0.11164021164021162, 0.0, 0.0, 0.2857142857142857, 0.0
0.10814814814814815, 0.0, 0.0, 0.4, 0.0
0.13497354497354497, 0.0, 0.0, 0.6666666666666667, 0.0
0.06962962962962962, 0.0, 0.0, 0.4, 0.0
0.0685185185185185, 0.0, 0.0, 0.33333333333333337, 0.0
0.11476190476190476, 0.0, 0.0, 0.5, 0.0
0.06296296296296296, 0.0, 0.0, 0.25, 0.0
0.035555555555555556, 0.0, 0.0, 0.33333333333333337, 0.0
0.11015873015873015, 0.0, 0.0, 0.5, 0.0
0.05629629629629629, 0.0, 0.0, 0.2222222222222222, 0.0
0.12052910052910051, 0.0, 0.0, 0.4, 0.0
0.11534391534391535, 0.0, 0.0, 0.6666666666666667, 0.0
0.1484126984126984, 0.0, 0.0, 0.5, 0.0
0.02666666666666666, 0.0, 0.0, 0.19999999999999996, 0.0
0.09238095238095238, 0.0, 0.0, 0.5, 0.0
0.09206349206349207, 0.0, 0.0, 0.6666666666666667, 0.0
0.04571428571428571, 0.0, 0.0, 0.2857142857142857, 0.0
0.1733333333333333, 0.0, 0.0, 0.6666666666666667, 0.0
0.08608465608465607, 0.0, 0.0, 0.33333333333333337, 0.0
0.12148148148148148, 0.0, 0.0, 0.6666666666666667, 0.0
0.08037037037037037, 0.0, 0.0, 0.33333333333333337, 0.0
0.154021164021164, 0.19999999999999996, 0.0, 0.33333333333333337, 0.0
0.09222222222222222, 0.0, 0.0, 0.4, 0.0
0.1264550264550265, 0.0, 0.0, 0.33333333333333337, 0.0
0.11253968253968255, 0.0, 0.0, 0.33333333333333337, 0.0
0.1308994708994709, 0.19999999999999996, 0.0, 0.33333333333333337, 0.0
0.09756613756613758, 0.0, 0.0, 0.4, 0.0
0.07719576719576719, 0.0, 0.0, 0.2857142857142857, 0.0
0.06349206349206349, 0.0, 0.0, 0.2857142857142857, 0.0
0.11984126984126983, 0.0, 0.0, 0.5, 0.0
0.1151851851851852, 0.0, 0.0, 0.5, 0.0
0.11925925925925927, 0.0, 0.0, 0.33333333333333337, 0.0
0.030158730158730156, 0.0, 0.0, 0.2222222222222222, 0.0
0.14386243386243389, 0.19999999999999996, 0.0, 0.33333333333333337, 0.0
0.06296296296296296, 0.0, 0.0, 0.25, 0.0
0.13941798941798939, 0.19999999999999996, 0.0, 0.4, 0.0
0.03333333333333333, 0.0, 0.0, 0.25, 0.0
0.12518518518518518, 0.0, 0.0, 0.5, 0.0
0.0957142857142857, 0.0, 0.0, 0.2857142857142857, 0.0
0.12407407407407407, 0.0, 0.0, 0.5, 0.0
0.0548148148148148, 0.0, 0.0, 0.2222222222222222, 0.0
0.04148148148148148, 0.0, 0.0, 0.4, 0.0
0.04333333333333333, 0.0, 0.0, 0.25, 0.0
0.14074074074074078, 0.0, 0.0, 0.6666666666666667, 0.0
0.11698412698412698, 0.0, 0.0, 0.4, 0.0
0.12179894179894181, 0.0, 0.0, 0.33333333333333337, 0.0
0.09629629629629628, 0.0, 0.0, 0.4, 0.0
0.06666666666666667, 0.0, 0.0, 0.4, 0.0
0.10793650793650794, 0.0, 0.0, 0.6666666666666667, 0.0
0.09090909090909091, 0.0, 0.0, 0.36363636363636365, 0.0
0.11052910052910052, 0.0, 0.0, 0.2857142857142857, 0.0
0.1317989417989418, 0.0, 0.0, 0.4, 0.0
0.1374074074074074, 0.0, 0.0, 0.6666666666666667, 0.0
0.11126984126984125, 0.0, 0.0, 0.4, 0.0
0.10179894179894179, 0.0, 0.0, 0.4, 0.0
0.04148148148148147, 0.0, 0.0, 0.2222222222222222, 0.0
0.09481481481481481, 0.0, 0.0, 0.5, 0.0
0.09201058201058201, 0.0, 0.0, 0.2857142857142857, 0.0
0.07698412698412697, 0.0, 0.0, 0.33333333333333337, 0.0
0.08777777777777776, 0.0, 0.0, 0.25, 0.0
0.12296296296296295, 0.0, 0.0, 0.6666666666666667, 0.0
0.09052910052910053, 0.0, 0.0, 0.4, 0.0
0.11564625850340136, 0.0, 0.0, 0.33333333333333337, 0.0
0.226984126984127, 0.25, 0.0, 0.6666666666666667, 0.0
0.11185185185185184, 0.0, 0.0, 0.33333333333333337, 0.0
0.09259259259259259, 0.0, 0.0, 0.25, 0.0
0.18962962962962965, 0.2222222222222222, 0.0, 0.5, 0.0
0.09223356009070294, 0.0, 0.0, 0.33333333333333337, 0.0
0.053703703703703705, 0.0, 0.0, 0.33333333333333337, 0.0
0.11859410430839001, 0.0, 0.0, 0.33333333333333337, 0.0
0.1758730158730159, 0.19999999999999996, 0.0, 0.6666666666666667, 0.0
0.044444444444444446, 0.0, 0.0, 0.33333333333333337, 0.0
0.10365079365079363, 0.0, 0.0, 0.4, 0.0
0.06703703703703703, 0.0, 0.0, 0.33333333333333337, 0.0
0.05142857142857142, 0.0, 0.0, 0.2857142857142857, 0.0
0.13941798941798939, 0.19999999999999996, 0.0, 0.4, 0.0
0.04296296296296296, 0.0, 0.0, 0.2222222222222222, 0.0
0.1257936507936508, 0.0, 0.0, 0.6666666666666667, 0.0
0.12253968253968252, 0.0, 0.0, 0.4, 0.0
0.0837037037037037, 0.0, 0.0, 0.33333333333333337, 0.0
0.0637037037037037, 0.0, 0.0, 0.4, 0.0
0.16592592592592592, 0.19999999999999996, 0.0, 0.5, 0.0
0.06793650793650793, 0.0, 0.0, 0.33333333333333337, 0.0
0.09851851851851852, 0.0, 0.0, 0.5, 0.0
0.07256235827664399, 0.0, 0.0, 0.2857142857142857, 0.0
0.06666666666666667, 0.0, 0.0, 0.33333333333333337, 0.0
0.09342403628117912, 0.0, 0.0, 0.2857142857142857, 0.0
0.13629629629629628, 0.0, 0.0, 0.5, 0.0
0.07386243386243385, 0.0, 0.0, 0.2857142857142857, 0.0
0.08439153439153439, 0.0, 0.0, 0.2857142857142857, 0.0
0.09941798941798942, 0.0, 0.0, 0.33333333333333337, 0.0
0.10365079365079363, 0.0, 0.0, 0.33333333333333337, 0.0
0.05222222222222222, 0.0, 0.0, 0.33333333333333337, 0.0
0.07499999999999998, 0.0, 0.0, 0.4, 0.0
0.0971957671957672, 0.0, 0.0, 0.5, 0.0
0.03571428571428571, 0.0, 0.0, 0.2857142857142857, 0.0
0.1277248677248677, 0.19999999999999996, 0.0, 0.2857142857142857, 0.0
0.11534391534391535, 0.0, 0.0, 0.33333333333333337, 0.0
0.12253968253968252, 0.19999999999999996, 0.0, 0.2857142857142857, 0.0
0.14052910052910053, 0.0, 0.0, 0.5, 0.0
0.03238095238095238, 0.0, 0.0, 0.2857142857142857, 0.0
0.13185185185185186, 0.19999999999999996, 0.0, 0.4, 0.0
0.07333333333333333, 0.0, 0.0, 0.4, 0.0
0.10111111111111111, 0.0, 0.0, 0.33333333333333337, 0.0
0.1916402116402116, 0.19999999999999996, 0.0, 0.6666666666666667, 0.0
0.08148148148148149, 0.0, 0.0, 0.4, 0.0
0.11462585034013606, 0.0, 0.0, 0.33333333333333337, 0.0
0.02666666666666667, 0.0, 0.0, 0.4, 0.0
0.09074074074074075, 0.0, 0.0, 0.33333333333333337, 0.0
0.05962962962962962, 0.0, 0.0, 0.25, 0.0
0.1297052154195011, 0.09999999999999998, 0.0, 0.4, 0.0
0.20703703703703707, 0.19999999999999996, 0.0, 0.6666666666666667, 0.0
0.11777777777777777, 0.0, 0.0, 0.4, 0.0
0.04444444444444444, 0.0, 0.0, 0.2222222222222222, 0.0
0.11423280423280424, 0.0, 0.0, 0.33333333333333337, 0.0
0.15105820105820106, 0.0, 0.0, 0.6666666666666667, 0.0
0.053703703703703705, 0.0, 0.0, 0.33333333333333337, 0.0
0.05, 0.0, 0.0, 0.25, 0.0
0.11142857142857142, 0.0, 0.0, 0.4, 0.0
0.029629629629629627, 0.0, 0.0, 0.2222222222222222, 0.0
0.14777777777777779, 0.0, 0.0, 0.6666666666666667, 0.0
0.047195767195767194, 0.0, 0.0, 0.2857142857142857, 0.0
0.04904761904761904, 0.0, 0.0, 0.2857142857142857, 0.0
0.13629629629629628, 0.0, 0.0, 0.5, 0.0
0.13015873015873017, 0.0, 0.0, 0.5, 0.0
0.04867724867724867, 0.0, 0.0, 0.2857142857142857, 0.0
0.043333333333333335, 0.0, 0.0, 0.4, 0.0
0.07126984126984127, 0.0, 0.0, 0.33333333333333337, 0.0
0.09608465608465606, 0.0, 0.0, 0.33333333333333337, 0.0
0.09756613756613758, 0.0, 0.0, 0.4, 0.0
0.06802721088435375, 0.0, 0.0, 0.6666666666666667, 0.0
0.05629629629629629, 0.0, 0.0, 0.2222222222222222, 0.0
0.13444444444444445, 0.0, 0.0, 0.6666666666666667, 0.0
0.06703703703703703, 0.0, 0.0, 0.33333333333333337, 0.0
