0.13386243386243385, 0.0, 0.0, 0.5, 0.0
0.12444444444444444, 0.0, 0.0, 0.6666666666666667, 0.0
0.11423280423280424, 0.0, 0.0, 0.4, 0.0
0.08222222222222222, 0.0, 0.0, 0.5, 0.0
0.06624338624338624, 0.0, 0.0, 0.2857142857142857, 0.0
0.08756613756613757, 0.0, 0.0, 0.33333333333333337, 0.0
0.0917989417989418, 0.0, 0.0, 0.33333333333333337, 0.0
0.0757142857142857, 0.0, 0.0, 0.4, 0.0
0.09666666666666666, 0.0, 0.0, 0.5, 0.0
0.1162962962962963, 0.0, 0.0, 0.4, 0.0
0.1683068783068783, 0.19999999999999996, 0.0, 0.6666666666666667, 0.0
0.10349206349206348, 0.0, 0.0, 0.4, 0.0
0.11291005291005289, 0.0, 0.0, 0.2857142857142857, 0.0
0.06476190476190476, 0.0, 0.0, 0.2857142857142857, 0.0
0.06962962962962962, 0.0, 0.0, 0.4, 0.0
0.06772486772486772, 0.0, 0.0, 0.2857142857142857, 0.0
0.13492063492063489, 0.2222222222222222, 0.0, 0.2857142857142857, 0.0
0.03386243386243386, 0.0, 0.0, 0.2857142857142857, 0.0
0.0548148148148148, 0.0, 0.0, 0.2222222222222222, 0.0
0.1414814814814815, 0.0, 0.0, 0.6666666666666667, 0.0
0.06370370370370369, 0.0, 0.0, 0.33333333333333337, 0.0
0.05814814814814814, 0.0, 0.0, 0.25, 0.0
0.07155067155067155, 0.0, 0.0, 0.2857142857142857, 0.0
0.05481481481481481, 0.0, 0.0, 0.4, 0.0
0.11068783068783068, 0.0, 0.0, 0.33333333333333337, 0.0
0.08174603174603175, 0.0, 0.0, 0.25, 0.0
0.15555555555555556, 0.0, 0.0, 0.6666666666666667, 0.0
0.11941798941798941, 0.0, 0.0, 0.5, 0.0
0.09867724867724868, 0.0, 0.0, 0.2857142857142857, 0.0
0.07814814814814813, 0.0, 0.0, 0.25, 0.0
0.13645502645502644, 0.0, 0.0, 0.4, 0.0
0.15253968253968253, 0.0, 0.0, 0.6666666666666667, 0.0
0.1211111111111111, 0.19999999999999996, 0.0, 0.25, 0.0
0.09497354497354496, 0.0, 0.0, 0.2857142857142857, 0.0
0.1626984126984127, 0.2222222222222222, 0.0, 0.33333333333333337, 0.0
0.06571428571428571, 0.0, 0.0, 0.5, 0.0
0.11999999999999998, 0.0, 0.0, 0.4, 0.0
0.13582010582010579, 0.19999999999999996, 0.0, 0.2857142857142857, 0.0
0.13179894179894178, 0.19999999999999996, 0.0, 0.33333333333333337, 0.0
0.1029100529100529, 0.0, 0.0, 0.2857142857142857, 0.0
0.1234920634920635, 0.0, 0.0, 0.6666666666666667, 0.0
0.11423280423280424, 0.0, 0.0, 0.33333333333333337, 0.0
0.13777777777777775, 0.19999999999999996, 0.0, 0.4, 0.0
0.17732426303854876, 0.19999999999999996, 0.0, 0.6666666666666667, 0.0
0.15052910052910048, 0.19999999999999996, 0.0, 0.5, 0.0
0.06666666666666667, 0.0, 0.0, 0.5, 0.0
0.09185185185185185, 0.0, 0.0, 0.33333333333333337, 0.0
0.14106782106782106, 0.0, 0.0, 0.4, 0.0
0.09349206349206349, 0.0, 0.0, 0.2857142857142857, 0.0
0.1029100529100529, 0.0, 0.0, 0.5, 0.0
0.09386243386243386, 0.0, 0.0, 0.2857142857142857, 0.0
0.0685185185185185, 0.0, 0.0, 0.33333333333333337, 0.0
0.09349206349206349, 0.0, 0.0, 0.2857142857142857, 0.0
0.046296296296296294, 0.0, 0.0, 0.25, 0.0
0.10296296296296295, 0.0, 0.0, 0.5, 0.0
0.0837037037037037, 0.0, 0.0, 0.5, 0.0
0.044814814814814814, 0.0, 0.0, 0.25, 0.0
0.08962962962962963, 0.0, 0.0, 0.5, 0.0
0.13195767195767194, 0.0, 0.0, 0.5, 0.0
0.03238095238095238, 0.0, 0.0, 0.2857142857142857, 0.0
0.18423280423280422, 0.2222222222222222, 0.0, 0.6666666666666667, 0.0
0.09111111111111111, 0.0, 0.0, 0.6666666666666667, 0.0
0.06111111111111111, 0.0, 0.0, 0.25, 0.0
0.11150793650793653, 0.0, 0.0, 0.33333333333333337, 0.0
0.10111111111111111, 0.0, 0.0, 0.4, 0.0
0.10017006802721087, 0.0, 0.0, 0.2857142857142857, 0.0
0.06238095238095238, 0.0, 0.0, 0.2857142857142857, 0.0
0.12603174603174602, 0.0, 0.0, 0.5, 0.0
0.19386243386243387, 0.0, 0.0, 0.6666666666666667, 0.0
0.03703703703703704, 0.0, 0.0, 0.33333333333333337, 0.0
0.09015873015873013, 0.0, 0.0, 0.2857142857142857, 0.0
0.14185185185185184, 0.19999999999999996, 0.0, 0.5, 0.0
0.06052910052910053, 0.0, 0.0, 0.4, 0.0
0.17185185185185184, 0.19999999999999996, 0.0, 0.6666666666666667, 0.0
0.1137037037037037, 0.0, 0.0, 0.5, 0.0
0.09925925925925926, 0.0, 0.0, 0.6666666666666667, 0.0
0.09349206349206349, 0.0, 0.0, 0.33333333333333337, 0.0
0.09587301587301586, 0.0, 0.0, 0.2857142857142857, 0.0
0.08962962962962963, 0.0, 0.0, 0.25, 0.0
0.09223356009070294, 0.0, 0.0, 0.33333333333333337, 0.0
0.1532275132275132, 0.19999999999999996, 0.0, 0.4, 0.0
0.07658730158730157, 0.0, 0.0, 0.25, 0.0
0.06386243386243386, 0.0, 0.0, 0.2857142857142857, 0.0
0.11084656084656083, 0.0, 0.0, 0.33333333333333337, 0.0
0.08962962962962964, 0.0, 0.0, 0.5, 0.0
0.1277248677248677, 0.0, 0.0, 0.5, 0.0
0.09201058201058201, 0.0, 0.0, 0.2857142857142857, 0.0
0.1262433862433862, 0.19999999999999996, 0.0, 0.2857142857142857, 0.0
0.10682539682539684, 0.0, 0.0, 0.6666666666666667, 0.0
0.06814814814814814, 0.0, 0.0, 0.2222222222222222, 0.0
0.014814814814814814, 0.0, 0.0, 0.2222222222222222, 0.0
0.13291005291005292, 0.0, 0.0, 0.5, 0.0
0.06052910052910052, 0.0, 0.0, 0.2857142857142857, 0.0
0.10296296296296295, 0.0, 0.0, 0.25, 0.0
0.14481481481481484, 0.0, 0.0, 0.6666666666666667, 0.0
0.029999999999999995, 0.0, 0.0, 0.25, 0.0
0.06148148148148148, 0.0, 0.0, 0.25, 0.0
0.1005291005291005, 0.0, 0.0, 0.2857142857142857, 0.0
0.1379365079365079, 0.0, 0.0, 0.6666666666666667, 0.0
0.1941798941798942, 0.2222222222222222, 0.0, 0.6666666666666667, 0.0
0.09201058201058201, 0.0, 0.0, 0.2857142857142857, 0.0
0.08201058201058202, 0.0, 0.0, 0.2857142857142857, 0.0
0.0548148148148148, 0.0, 0.0, 0.2222222222222222, 0.0
0.05037037037037037, 0.0, 0.0, 0.33333333333333337, 0.0
0.08629629629629629, 0.0, 0.0, 0.4, 0.0
0.07904761904761903, 0.0, 0.0, 0.2857142857142857, 0.0
0.11825396825396825, 0.0, 0.0, 0.2857142857142857, 0.0
0.09756613756613758, 0.0, 0.0, 0.33333333333333337, 0.0
0.07703703703703703, 0.0, 0.0, 0.33333333333333337, 0.0
0.09126984126984126, 0.0, 0.0, 0.5, 0.0
0.10222222222222221, 0.0, 0.0, 0.33333333333333337, 0.0
0.11859410430839001, 0.0, 0.0, 0.33333333333333337, 0.0
0.10222222222222221, 0.0, 0.0, 0.6666666666666667, 0.0
0.10962962962962962, 0.0, 0.0, 0.5, 0.0
0.09814814814814815, 0.0, 0.0, 0.5, 0.0
0.11846560846560845, 0.0, 0.0, 0.33333333333333337, 0.0
0.08793650793650794, 0.0, 0.0, 0.33333333333333337, 0.0
0.09624338624338623, 0.0, 0.0, 0.2857142857142857, 0.0
0.08756613756613757, 0.0, 0.0, 0.33333333333333337, 0.0
0.053703703703703705, 0.0, 0.0, 0.33333333333333337, 0.0
0.05333333333333333, 0.0, 0.0, 0.4, 0.0
0.1322222222222222, 0.0, 0.0, 0.5, 0.0
0.06571428571428571, 0.0, 0.0, 0.5, 0.0
0.15444444444444444, 0.19999999999999996, 0.0, 0.5, 0.0
0.10814814814814815, 0.0, 0.0, 0.33333333333333337, 0.0
0.10052910052910052, 0.0, 0.0, 0.4, 0.0
0.028148148148148144, 0.0, 0.0, 0.2222222222222222, 0.0
0.12571428571428572, 0.0, 0.0, 0.5, 0.0
0.0685185185185185, 0.0, 0.0, 0.33333333333333337, 0.0
0.06555555555555555, 0.0, 0.0, 0.33333333333333337, 0.0
0.11608465608465608, 0.0, 0.0, 0.4, 0.0
0.05999999999999999, 0.0, 0.0, 0.25, 0.0
0.11994708994708994, 0.0, 0.0, 0.33333333333333337, 0.0
0.08481481481481482, 0.0, 0.0, 0.4, 0.0
0.09148148148148148, 0.0, 0.0, 0.5, 0.0
0.06746031746031746, 0.0, 0.0, 0.25, 0.0
0.054603174603174605, 0.0, 0.0, 0.33333333333333337, 0.0
0.07333333333333332, 0.0, 0.0, 0.25, 0.0
0.08846560846560846, 0.0, 0.0, 0.33333333333333337, 0.0
0.0719954648526077, 0.0, 0.0, 0.5, 0.0
0.08222222222222222, 0.0, 0.0, 0.33333333333333337, 0.0
0.1294179894179894, 0.0, 0.0, 0.4, 0.0
0.12105820105820105, 0.0, 0.0, 0.4, 0.0
0.1111111111111111, 0.0, 0.0, 0.4, 0.0
0.11150793650793651, 0.0, 0.0, 0.6666666666666667, 0.0
0.18164021164021166, 0.0, 0.0, 0.6666666666666667, 0.0
0.13349206349206347, 0.19999999999999996, 0.0, 0.4, 0.0
0.1171957671957672, 0.0, 0.0, 0.4, 0.0
0.09587301587301589, 0.0, 0.0, 0.33333333333333337, 0.0
0.06624338624338624, 0.0, 0.0, 0.2857142857142857, 0.0
0.1306878306878307, 0.0, 0.0, 0.6666666666666667, 0.0
0.044814814814814814, 0.0, 0.0, 0.25, 0.0
0.13407407407407407, 0.19999999999999996, 0.0, 0.33333333333333337, 0.0
0.059259259259259255, 0.0, 0.0, 0.2222222222222222, 0.0
0.06222222222222222, 0.0, 0.0, 0.4, 0.0
0.1471957671957672, 0.0, 0.0, 0.6666666666666667, 0.0
0.08222222222222222, 0.0, 0.0, 0.33333333333333337, 0.0
0.11941798941798941, 0.0, 0.0, 0.33333333333333337, 0.0
0.07142857142857142, 0.0, 0.0, 0.2857142857142857, 0.0
0.08941798941798942, 0.0, 0.0, 0.5, 0.0
0.04571428571428571, 0.0, 0.0, 0.2857142857142857, 0.0
0.13074074074074074, 0.0, 0.0, 0.4, 0.0
0.09608465608465606, 0.0, 0.0, 0.4, 0.0
0.0829100529100529, 0.0, 0.0, 0.2857142857142857, 0.0
0.07534391534391534, 0.0, 0.0, 0.4, 0.0
0.1314381914381914, 0.19999999999999996, 0.0, 0.36363636363636365, 0.0
0.1488888888888889, 0.0, 0.0, 0.5, 0.0
0.04904761904761904, 0.0, 0.0, 0.2857142857142857, 0.0
0.07444444444444445, 0.0, 0.0, 0.25, 0.0
0.0962962962962963, 0.0, 0.0, 0.5, 0.0
0.11793650793650794, 0.0, 0.0, 0.5, 0.0
0.01333333333333333, 0.0, 0.0, 0.19999999999999996, 0.0
0.1783068783068783, 0.19999999999999996, 0.0, 0.5, 0.0
0.13010582010582009, 0.19999999999999996, 0.0, 0.2857142857142857, 0.0
0.07333333333333333, 0.0, 0.0, 0.4, 0.0
0.14925925925925926, 0.0, 0.0, 0.6666666666666667, 0.0
0.0694179894179894, 0.0, 0.0, 0.33333333333333337, 0.0
0.044814814814814814, 0.0, 0.0, 0.25, 0.0
0.14555555555555555, 0.0, 0.0, 0.5, 0.0
0.16201058201058202, 0.19999999999999996, 0.0, 0.6666666666666667, 0.0
0.13476190476190475, 0.0, 0.0, 0.6666666666666667, 0.0
0.06052910052910052, 0.0, 0.0, 0.2857142857142857, 0.0
0.08962962962962963, 0.0, 0.0, 0.5, 0.0
0.047195767195767194, 0.0, 0.0, 0.2857142857142857, 0.0
0.08037037037037038, 0.0, 0.0, 0.4, 0.0
0.07698412698412697, 0.0, 0.0, 0.33333333333333337, 0.0
0.08962962962962963, 0.0, 0.0, 0.5, 0.0
0.13423280423280423, 0.19999999999999996, 0.0, 0.33333333333333337, 0.0
0.10513227513227515, 0.0, 0.0, 0.33333333333333337, 0.0
0.15962962962962965, 0.19999999999999996, 0.0, 0.5, 0.0
0.10089947089947089, 0.0, 0.0, 0.33333333333333337, 0.0
0.09319727891156461, 0.0, 0.0, 0.33333333333333337, 0.0
0.04, 0.0, 0.0, 0.4, 0.0
0.10126984126984126, 0.0, 0.0, 0.33333333333333337, 0.0
0.06386243386243386, 0.0, 0.0, 0.2857142857142857, 0.0
0.10444444444444446, 0.0, 0.0, 0.4, 0.0
0.08962962962962963, 0.0, 0.0, 0.25, 0.0
0.10957671957671958, 0.0, 0.0, 0.4, 0.0
0.07148148148148148, 0.0, 0.0, 0.4, 0.0
0.1071957671957672, 0.0, 0.0, 0.4, 0.0
0.07682539682539682, 0.0, 0.0, 0.2857142857142857, 0.0
0.13343915343915344, 0.0, 0.0, 0.5, 0.0
0.12386243386243387, 0.0, 0.0, 0.5, 0.0
0.10603174603174605, 0.0, 0.0, 0.4, 0.0
0.09683501683501686, 0.0, 0.0, 0.36363636363636365, 0.0
0.06957671957671957, 0.0, 0.0, 0.2857142857142857, 0.0
0.14275132275132274, 0.19999999999999996, 0.0, 0.5, 0.0
0.1646031746031746, 0.0, 0.0, 0.5, 0.0
0.031746031746031744, 0.0, 0.0, 0.2222222222222222, 0.0
0.09, 0.0, 0.0, 0.25, 0.0
0.22185185185185183, 0.2222222222222222, 0.0, 0.5, 0.0
0.1785185185185185, 0.2222222222222222, 0.0, 0.5, 0.0
0.09370370370370369, 0.0, 0.0, 0.4, 0.0
0.044814814814814814, 0.0, 0.0, 0.25, 0.0
0.0929100529100529, 0.0, 0.0, 0.2857142857142857, 0.0
0.019047619047619046, 0.0, 0.0, 0.2857142857142857, 0.0
0.12111111111111111, 0.0, 0.0, 0.6666666666666667, 0.0
0.13423280423280423, 0.19999999999999996, 0.0, 0.33333333333333337, 0.0
0.1412698412698413, 0.0, 0.0, 0.6666666666666667, 0.0
0.0671957671957672, 0.0, 0.0, 0.2857142857142857, 0.0
0.13052910052910052, 0.0, 0.0, 0.5, 0.0
0.09439153439153439, 0.0, 0.0, 0.2857142857142857, 0.0
0.08962962962962964, 0.0, 0.0, 0.4, 0.0
0.1281048581048581, 0.0, 0.0, 0.4, 0.0
0.11015873015873015, 0.0, 0.0, 0.6666666666666667, 0.0
0.1183068783068783, 0.0, 0.0, 0.4, 0.0
0.07814814814814813, 0.0, 0.0, 0.5, 0.0
0.09111111111111111, 0.0, 0.0, 0.5, 0.0
0.029999999999999995, 0.0, 0.0, 0.25, 0.0
0.06111111111111111, 0.0, 0.0, 0.25, 0.0
0.059259259259259255, 0.0, 0.0, 0.2222222222222222, 0.0
0.09867724867724868, 0.0, 0.0, 0.2857142857142857, 0.0
0.1294179894179894, 0.0, 0.0, 0.5, 0.0
0.0725925925925926, 0.0, 0.0, 0.33333333333333337, 0.0
0.11481481481481483, 0.0, 0.0, 0.6666666666666667, 0.0
0.17592592592592596, 0.2222222222222222, 0.0, 0.6666666666666667, 0.0
0.07851851851851852, 0.0, 0.0, 0.4, 0.0
0.03333333333333333, 0.0, 0.0, 0.25, 0.0
0.08, 0.0, 0.0, 0.5, 0.0
0.035555555555555556, 0.0, 0.0, 0.33333333333333337, 0.0
0.11148148148148147, 0.0, 0.0, 0.5, 0.0
0.1866780045351474, 0.21111111111111108, 0.0, 0.5, 0.0
0.04333333333333333, 0.0, 0.0, 0.25, 0.0
0.09037037037037038, 0.0, 0.0, 0.4, 0.0
0.06386243386243386, 0.0, 0.0, 0.2857142857142857, 0.0
0.07365079365079366, 0.0, 0.0, 0.33333333333333337, 0.0
0.14645502645502645, 0.19999999999999996, 0.0, 0.4, 0.0
0.17698412698412697, 0.19999999999999996, 0.0, 0.4, 0.0
0.18645502645502646, 0.19999999999999996, 0.0, 0.6666666666666667, 0.0
0.06814814814814814, 0.0, 0.0, 0.4, 0.0
0.029999999999999995, 0.0, 0.0, 0.25, 0.0
0.07111111111111111, 0.0, 0.0, 0.4, 0.0
0.08105820105820105, 0.0, 0.0, 0.2857142857142857, 0.0
0.12830687830687829, 0.0, 0.0, 0.5, 0.0
0.14661375661375659, 0.19999999999999996, 0.0, 0.4, 0.0
0.06703703703703703, 0.0, 0.0, 0.33333333333333337, 0.0
0.07888888888888888, 0.0, 0.0, 0.4, 0.0
0.11740362811791383, 0.0, 0.0, 0.4, 0.0
0.11719576719576716, 0.0, 0.0, 0.4, 0.0
0.08052910052910052, 0.0, 0.0, 0.2857142857142857, 0.0
0.08214285714285714, 0.0, 0.0, 0.25, 0.0
0.10666666666666667, 0.0, 0.0, 0.4, 0.0
0.04666666666666666, 0.0, 0.0, 0.25, 0.0
0.05238095238095238, 0.0, 0.0, 0.2857142857142857, 0.0
0.12608465608465608, 0.0, 0.0, 0.4, 0.0
0.08142857142857142, 0.0, 0.0, 0.2857142857142857, 0.0
0.09481481481481481, 0.0, 0.0, 0.5, 0.0
0.12047619047619046, 0.0, 0.0, 0.5, 0.0
0.0837037037037037, 0.0, 0.0, 0.33333333333333337, 0.0
0.19386243386243385, 0.19999999999999996, 0.0, 0.5, 0.0
0.13275132275132276, 0.19999999999999996, 0.0, 0.33333333333333337, 0.0
0.10867724867724868, 0.0, 0.0, 0.5, 0.0
0.08222222222222222, 0.0, 0.0, 0.5, 0.0
0.0637037037037037, 0.0, 0.0, 0.4, 0.0
0.0685185185185185, 0.0, 0.0, 0.33333333333333337, 0.0
0.10851851851851851, 0.0, 0.0, 0.4, 0.0
0.044814814814814814, 0.0, 0.0, 0.25, 0.0
0.07365079365079366, 0.0, 0.0, 0.33333333333333337, 0.0
0.05037037037037037, 0.0, 0.0, 0.33333333333333337, 0.0
0.06333333333333332, 0.0, 0.0, 0.25, 0.0
0.13444444444444445, 0.0, 0.0, 0.5, 0.0
0.1485185185185185, 0.19999999999999996, 0.0, 0.4, 0.0
0.1246031746031746, 0.0, 0.0, 0.5, 0.0
0.10105820105820106, 0.0, 0.0, 0.2857142857142857, 0.0
0.07904761904761903, 0.0, 0.0, 0.2857142857142857, 0.0
0.12000000000000002, 0.19999999999999996, 0.0, 0.33333333333333337, 0.0
0.142010582010582, 0.19999999999999996, 0.0, 0.5, 0.0
0.10682539682539684, 0.0, 0.0, 0.6666666666666667, 0.0
0.06238095238095238, 0.0, 0.0, 0.2857142857142857, 0.0
0.0977248677248677, 0.0, 0.0, 0.2857142857142857, 0.0
0.15814814814814815, 0.19999999999999996, 0.0, 0.5, 0.0
0.06814814814814814, 0.0, 0.0, 0.2222222222222222, 0.0
0.09439153439153439, 0.0, 0.0, 0.2857142857142857, 0.0
0.10592592592592594, 0.0, 0.0, 0.6666666666666667, 0.0
0.06888888888888887, 0.0, 0.0, 0.33333333333333337, 0.0
0.12201058201058199, 0.0, 0.0, 0.4, 0.0
0.10047619047619047, 0.0, 0.0, 0.2857142857142857, 0.0
0.08814814814814814, 0.0, 0.0, 0.5, 0.0
0.08148148148148149, 0.0, 0.0, 0.5, 0.0
0.1171957671957672, 0.0, 0.0, 0.4, 0.0
0.11423280423280424, 0.0, 0.0, 0.4, 0.0
0.053703703703703705, 0.0, 0.0, 0.33333333333333337, 0.0
0.046296296296296294, 0.0, 0.0, 0.25, 0.0
0.14851851851851852, 0.0, 0.0, 0.6666666666666667, 0.0
0.08888888888888889, 0.0, 0.0, 0.4, 0.0
0.05793650793650794, 0.0, 0.0, 0.33333333333333337, 0.0
0.05793650793650794, 0.0, 0.0, 0.33333333333333337, 0.0
0.05238095238095238, 0.0, 0.0, 0.2857142857142857, 0.0
0.07142857142857142, 0.0, 0.0, 0.2857142857142857, 0.0
0.08222222222222222, 0.0, 0.0, 0.33333333333333337, 0.0
0.05962962962962962, 0.0, 0.0, 0.25, 0.0
0.07037037037037037, 0.0, 0.0, 0.33333333333333337, 0.0
0.11386243386243385, 0.0, 0.0, 0.4, 0.0
0.04603174603174603, 0.0, 0.0, 0.2222222222222222, 0.0
0.13417989417989418, 0.19999999999999996, 0.0, 0.33333333333333337, 0.0
0.16957671957671955, 0.19999999999999996, 0.0, 0.5, 0.0
0.10851851851851851, 0.0, 0.0, 0.33333333333333337, 0.0
0.0711111111111111, 0.0, 0.0, 0.2222222222222222, 0.0
0.11105820105820105, 0.0, 0.0, 0.4, 0.0
0.11555555555555556, 0.0, 0.0, 0.33333333333333337, 0.0
0.05814814814814815, 0.0, 0.0, 0.4, 0.0
0.14751322751322749, 0.19999999999999996, 0.0, 0.4, 0.0
0.048979591836734684, 0.0, 0.0, 0.2857142857142857, 0.0
0.04, 0.0, 0.0, 0.4, 0.0
0.04333333333333333, 0.0, 0.0, 0.25, 0.0
0.12571428571428572, 0.0, 0.0, 0.6666666666666667, 0.0
0.07703703703703703, 0.0, 0.0, 0.4, 0.0
0.09867724867724868, 0.0, 0.0, 0.5, 0.0
0.11608465608465608, 0.0, 0.0, 0.33333333333333337, 0.0
0.13055555555555556, 0.19999999999999996, 0.0, 0.33333333333333337, 0.0
0.04904761904761904, 0.0, 0.0, 0.2857142857142857, 0.0
0.07386243386243387, 0.0, 0.0, 0.4, 0.0
0.03148148148148148, 0.0, 0.0, 0.25, 0.0
0.15920634920634918, 0.2222222222222222, 0.0, 0.4, 0.0
0.1068253968253968, 0.0, 0.0, 0.2857142857142857, 0.0
0.09534391534391533, 0.0, 0.0, 0.5, 0.0
0.0757142857142857, 0.0, 0.0, 0.4, 0.0
0.10534391534391532, 0.0, 0.0, 0.4, 0.0
0.044444444444444446, 0.0, 0.0, 0.33333333333333337, 0.0
0.04642857142857142, 0.0, 0.0, 0.25, 0.0
0.08756613756613757, 0.0, 0.0, 0.33333333333333337, 0.0
0.10703703703703704, 0.0, 0.0, 0.4, 0.0
0.122010582010582, 0.0, 0.0, 0.5, 0.0
0.09333333333333332, 0.0, 0.0, 0.5, 0.0
0.12185185185185184, 0.0, 0.0, 0.4, 0.0
0.13333333333333333, 0.0, 0.0, 0.5, 0.0
0.05037037037037037, 0.0, 0.0, 0.33333333333333337, 0.0
0.08529100529100528, 0.0, 0.0, 0.2857142857142857, 0.0
0.05777777777777778, 0.0, 0.0, 0.33333333333333337, 0.0
0.09460317460317459, 0.0, 0.0, 0.4, 0.0
0.12148148148148148, 0.0, 0.0, 0.6666666666666667, 0.0
0.12185185185185186, 0.19999999999999996, 0.0, 0.33333333333333337, 0.0
0.14296296296296296, 0.19999999999999996, 0.0, 0.5, 0.0
0.11604308390022676, 0.0, 0.0, 0.6666666666666667, 0.0
0.15068783068783068, 0.19999999999999996, 0.0, 0.33333333333333337, 0.0
0.07555555555555556, 0.0, 0.0, 0.33333333333333337, 0.0
0.10624338624338622, 0.0, 0.0, 0.4, 0.0
0.10703703703703704, 0.0, 0.0, 0.4, 0.0
0.20015873015873015, 0.25, 0.0, 0.5, 0.0
0.11386243386243386, 0.0, 0.0, 0.5, 0.0
0.1658730158730159, 0.19999999999999996, 0.0, 0.5, 0.0
0.09624338624338623, 0.0, 0.0, 0.2857142857142857, 0.0
0.17370370370370372, 0.0, 0.0, 0.6666666666666667, 0.0
0.03386243386243386, 0.0, 0.0, 0.2857142857142857, 0.0
0.09481481481481481, 0.0, 0.0, 0.5, 0.0
0.06555555555555555, 0.0, 0.0, 0.33333333333333337, 0.0
0.12957671957671957, 0.0, 0.0, 0.5, 0.0
0.10867724867724868, 0.0, 0.0, 0.4, 0.0
0.08148148148148147, 0.0, 0.0, 0.4, 0.0
0.1325925925925926, 0.0, 0.0, 0.5, 0.0
0.0746031746031746, 0.0, 0.0, 0.33333333333333337, 0.0
0.08015873015873017, 0.0, 0.0, 0.33333333333333337, 0.0
0.11296296296296296, 0.0, 0.0, 0.6666666666666667, 0.0
0.1583068783068783, 0.0, 0.0, 0.6666666666666667, 0.0
0.10185185185185185, 0.0, 0.0, 0.5, 0.0
0.15592592592592594, 0.0, 0.0, 0.6666666666666667, 0.0
0.14142857142857143, 0.0, 0.0, 0.5, 0.0
0.11386243386243386, 0.0, 0.0, 0.5, 0.0
0.07719576719576719, 0.0, 0.0, 0.2857142857142857, 0.0
0.12497354497354497, 0.0, 0.0, 0.5, 0.0
0.13518518518518519, 0.19999999999999996, 0.0, 0.4, 0.0
0.18386243386243387, 0.2222222222222222, 0.0, 0.4, 0.0
0.10571428571428572, 0.0, 0.0, 0.5, 0.0
0.054603174603174605, 0.0, 0.0, 0.33333333333333337, 0.0
0.10493197278911566, 0.0, 0.0, 0.4, 0.0
0.12000000000000002, 0.19999999999999996, 0.0, 0.33333333333333337, 0.0
0.11925925925925926, 0.0, 0.0, 0.6666666666666667, 0.0
0.10920634920634921, 0.0, 0.0, 0.6666666666666667, 0.0
0.06296296296296296, 0.0, 0.0, 0.5, 0.0
0.09756613756613758, 0.0, 0.0, 0.4, 0.0
0.06238095238095238, 0.0, 0.0, 0.2857142857142857, 0.0
0.10830687830687831, 0.0, 0.0, 0.6666666666666667, 0.0
0.06476190476190476, 0.0, 0.0, 0.2857142857142857, 0.0
0.12814814814814815, 0.0, 0.0, 0.4, 0.0
0.08571428571428572, 0.0, 0.0, 0.33333333333333337, 0.0
0.07444444444444445, 0.0, 0.0, 0.6666666666666667, 0.0
0.21386243386243386, 0.2222222222222222, 0.0, 0.6666666666666667, 0.0
0.0671957671957672, 0.0, 0.0, 0.2857142857142857, 0.0
0.07867724867724867, 0.0, 0.0, 0.2857142857142857, 0.0
0.08142857142857143, 0.0, 0.0, 0.4, 0.0
