0.08439153439153439, 0.0, 0.0, 0.2857142857142857, 0.0
0.06962962962962962, 0.0, 0.0, 0.2222222222222222, 0.0
0.09793650793650795, 0.0, 0.0, 0.4, 0.0
0.13037037037037036, 0.0, 0.0, 0.6666666666666667, 0.0
0.12296296296296295, 0.0, 0.0, 0.5, 0.0
0.1314285714285714, 0.0, 0.0, 0.5, 0.0
0.04148148148148147, 0.0, 0.0, 0.2222222222222222, 0.0
0.08105820105820105, 0.0, 0.0, 0.2857142857142857, 0.0
0.1188888888888889, 0.0, 0.0, 0.33333333333333337, 0.0
0.09481481481481481, 0.0, 0.0, 0.5, 0.0
0.07148148148148148, 0.0, 0.0, 0.4, 0.0
0.07629629629629629, 0.0, 0.0, 0.25, 0.0
0.09814814814814815, 0.0, 0.0, 0.5, 0.0
0.09386243386243386, 0.0, 0.0, 0.2857142857142857, 0.0
0.14682539682539683, 0.0, 0.0, 0.6666666666666667, 0.0
0.01333333333333333, 0.0, 0.0, 0.19999999999999996, 0.0
0.05037037037037037, 0.0, 0.0, 0.33333333333333337, 0.0
0.08814814814814813, 0.0, 0.0, 0.25, 0.0
0.06518518518518518, 0.0, 0.0, 0.33333333333333337, 0.0
0.11439153439153436, 0.0, 0.0, 0.2857142857142857, 0.0
0.09793650793650795, 0.0, 0.0, 0.33333333333333337, 0.0
0.14756613756613757, 0.0, 0.0, 0.5, 0.0
0.12682539682539684, 0.0, 0.0, 0.6666666666666667, 0.0
0.1612169312169312, 0.2222222222222222, 0.0, 0.33333333333333337, 0.0
0.028148148148148144, 0.0, 0.0, 0.2222222222222222, 0.0
0.11608465608465608, 0.0, 0.0, 0.33333333333333337, 0.0
0.17994708994708994, 0.2222222222222222, 0.0, 0.4, 0.0
0.1386243386243386, 0.0, 0.0, 0.4, 0.0
0.06703703703703703, 0.0, 0.0, 0.33333333333333337, 0.0
0.1273544973544974, 0.0, 0.0, 0.33333333333333337, 0.0
0.14698412698412697, 0.19999999999999996, 0.0, 0.4, 0.0
0.08015873015873015, 0.0, 0.0, 0.2857142857142857, 0.0
0.06643990929705215, 0.0, 0.0, 0.2857142857142857, 0.0
0.07830687830687831, 0.0, 0.0, 0.6666666666666667, 0.0
0.10867724867724868, 0.0, 0.0, 0.5, 0.0
0.06999999999999999, 0.0, 0.0, 0.25, 0.0
0.11333333333333334, 0.0, 0.0, 0.33333333333333337, 0.0
0.05185185185185185, 0.0, 0.0, 0.33333333333333337, 0.0
0.07481481481481482, 0.0, 0.0, 0.25, 0.0
0.10814814814814815, 0.0, 0.0, 0.4, 0.0
0.07148148148148148, 0.0, 0.0, 0.4, 0.0
0.12100529100529099, 0.0, 0.0, 0.2857142857142857, 0.0
0.07444444444444445, 0.0, 0.0, 0.25, 0.0
0.055952380952380955, 0.0, 0.0, 0.33333333333333337, 0.0
0.07904761904761903, 0.0, 0.0, 0.2857142857142857, 0.0
0.12074074074074075, 0.0, 0.0, 0.5, 0.0
0.12111111111111113, 0.0, 0.0, 0.33333333333333337, 0.0
0.10534391534391532, 0.0, 0.0, 0.4, 0.0
0.11814814814814814, 0.0, 0.0, 0.5, 0.0
0.06333333333333332, 0.0, 0.0, 0.25, 0.0
0.09999999999999999, 0.0, 0.0, 0.33333333333333337, 0.0
0.03333333333333333, 0.0, 0.0, 0.25, 0.0
0.08423280423280423, 0.0, 0.0, 0.33333333333333337, 0.0
0.08275132275132276, 0.0, 0.0, 0.33333333333333337, 0.0
0.0829100529100529, 0.0, 0.0, 0.2857142857142857, 0.0
0.07, 0.0, 0.0, 0.4, 0.0
0.08238095238095239, 0.0, 0.0, 0.5, 0.0
0.12259259259259259, 0.0, 0.0, 0.6666666666666667, 0.0
0.13703703703703704, 0.2222222222222222, 0.0, 0.33333333333333337, 0.0
0.04333333333333333, 0.0, 0.0, 0.25, 0.0
0.05962962962962962, 0.0, 0.0, 0.25, 0.0
0.12386243386243387, 0.0, 0.0, 0.5, 0.0
0.14703703703703705, 0.0, 0.0, 0.6666666666666667, 0.0
0.03888888888888889, 0.0, 0.0, 0.33333333333333337, 0.0
0.12645502645502646, 0.0, 0.0, 0.6666666666666667, 0.0
0.10555555555555556, 0.0, 0.0, 0.33333333333333337, 0.0
0.08333333333333333, 0.0, 0.0, 0.6666666666666667, 0.0
0.1983068783068783, 0.2222222222222222, 0.0, 0.5, 0.0
0.07867724867724867, 0.0, 0.0, 0.2857142857142857, 0.0
0.22719576719576723, 0.2222222222222222, 0.0, 0.6666666666666667, 0.0
0.06148148148148148, 0.0, 0.0, 0.25, 0.0
0.053703703703703705, 0.0, 0.0, 0.33333333333333337, 0.0
0.08222222222222222, 0.0, 0.0, 0.33333333333333337, 0.0
0.13925925925925925, 0.0, 0.0, 0.6666666666666667, 0.0
0.062010582010582, 0.0, 0.0, 0.2857142857142857, 0.0
0.1625396825396825, 0.2222222222222222, 0.0, 0.5, 0.0
0.09481481481481481, 0.0, 0.0, 0.5, 0.0
0.08608465608465607, 0.0, 0.0, 0.33333333333333337, 0.0
0.12031746031746031, 0.0, 0.0, 0.33333333333333337, 0.0
0.13444444444444445, 0.0, 0.0, 0.5, 0.0
0.09481481481481481, 0.0, 0.0, 0.4, 0.0
0.09534391534391533, 0.0, 0.0, 0.5, 0.0
0.12517006802721084, 0.09999999999999998, 0.0, 0.4, 0.0
0.11999999999999998, 0.0, 0.0, 0.4, 0.0
0.11201058201058199, 0.0, 0.0, 0.2857142857142857, 0.0
0.17296296296296293, 0.0, 0.0, 0.6666666666666667, 0.0
0.08994708994708996, 0.0, 0.0, 0.33333333333333337, 0.0
0.04444444444444444, 0.0, 0.0, 0.2222222222222222, 0.0
0.10349206349206348, 0.0, 0.0, 0.4, 0.0
0.11296296296296295, 0.0, 0.0, 0.4, 0.0
0.14941798941798942, 0.0, 0.0, 0.5, 0.0
0.12269841269841271, 0.0, 0.0, 0.4, 0.0
0.14275132275132274, 0.19999999999999996, 0.0, 0.5, 0.0
0.09037037037037038, 0.0, 0.0, 0.4, 0.0
0.08666666666666666, 0.0, 0.0, 0.4, 0.0
0.0917989417989418, 0.0, 0.0, 0.33333333333333337, 0.0
0.14105820105820102, 0.19999999999999996, 0.0, 0.4, 0.0
0.0685185185185185, 0.0, 0.0, 0.33333333333333337, 0.0
0.11275132275132274, 0.0, 0.0, 0.4, 0.0
0.1137037037037037, 0.0, 0.0, 0.5, 0.0
0.06071428571428571, 0.0, 0.0, 0.25, 0.0
0.14592592592592593, 0.0, 0.0, 0.6666666666666667, 0.0
0.09111111111111111, 0.0, 0.0, 0.25, 0.0
0.10148148148148148, 0.0, 0.0, 0.4, 0.0
0.12846560846560845, 0.0, 0.0, 0.4, 0.0
0.07904761904761903, 0.0, 0.0, 0.5, 0.0
0.07296296296296295, 0.0, 0.0, 0.25, 0.0
0.07715247715247715, 0.0, 0.0, 0.36363636363636365, 0.0
0.13185185185185186, 0.0, 0.0, 0.5, 0.0
0.08444444444444445, 0.0, 0.0, 0.6666666666666667, 0.0
0.12417989417989418, 0.0, 0.0, 0.33333333333333337, 0.0
0.14047619047619045, 0.19999999999999996, 0.0, 0.4, 0.0
0.12444444444444444, 0.0, 0.0, 0.5, 0.0
0.07830687830687831, 0.0, 0.0, 0.33333333333333337, 0.0
0.046296296296296294, 0.0, 0.0, 0.25, 0.0
0.028148148148148144, 0.0, 0.0, 0.2222222222222222, 0.0
0.08201058201058202, 0.0, 0.0, 0.5, 0.0
0.1137037037037037, 0.0, 0.0, 0.5, 0.0
0.12201058201058199, 0.0, 0.0, 0.4, 0.0
0.08867724867724866, 0.0, 0.0, 0.2857142857142857, 0.0
0.09481481481481481, 0.0, 0.0, 0.25, 0.0
0.07904761904761903, 0.0, 0.0, 0.2857142857142857, 0.0
0.04814814814814815, 0.0, 0.0, 0.5, 0.0
0.1149206349206349, 0.0, 0.0, 0.2857142857142857, 0.0
0.0837037037037037, 0.0, 0.0, 0.5, 0.0
0.05999999999999999, 0.0, 0.0, 0.25, 0.0
0.0980952380952381, 0.0, 0.0, 0.4, 0.0
0.11148148148148147, 0.0, 0.0, 0.4, 0.0
0.09476190476190476, 0.0, 0.0, 0.2857142857142857, 0.0
0.02666666666666666, 0.0, 0.0, 0.19999999999999996, 0.0
0.0694179894179894, 0.0, 0.0, 0.33333333333333337, 0.0
0.07296296296296295, 0.0, 0.0, 0.25, 0.0
0.08148148148148147, 0.0, 0.0, 0.4, 0.0
0.09497354497354497, 0.0, 0.0, 0.6666666666666667, 0.0
0.13941798941798947, 0.0, 0.0, 0.6666666666666667, 0.0
0.03386243386243386, 0.0, 0.0, 0.2857142857142857, 0.0
0.10497354497354498, 0.0, 0.0, 0.6666666666666667, 0.0
0.06703703703703703, 0.0, 0.0, 0.33333333333333337, 0.0
0.019230769230769232, 0.0, 0.0, 0.25, 0.0
0.07481481481481482, 0.0, 0.0, 0.5, 0.0
0.12814814814814815, 0.0, 0.0, 0.6666666666666667, 0.0
0.07481481481481482, 0.0, 0.0, 0.4, 0.0
0.05904761904761904, 0.0, 0.0, 0.4, 0.0
0.10238095238095238, 0.0, 0.0, 0.4, 0.0
0.028148148148148144, 0.0, 0.0, 0.2222222222222222, 0.0
0.10111111111111111, 0.0, 0.0, 0.25, 0.0
0.1532275132275132, 0.19999999999999996, 0.0, 0.4, 0.0
0.05052910052910053, 0.0, 0.0, 0.2857142857142857, 0.0
0.06666666666666667, 0.0, 0.0, 0.5, 0.0
0.09370370370370369, 0.0, 0.0, 0.4, 0.0
0.10460317460317461, 0.0, 0.0, 0.33333333333333337, 0.0
0.13666666666666666, 0.0, 0.0, 0.5, 0.0
0.046296296296296294, 0.0, 0.0, 0.25, 0.0
0.0725925925925926, 0.0, 0.0, 0.6666666666666667, 0.0
0.11185185185185184, 0.0, 0.0, 0.33333333333333337, 0.0
0.09666666666666665, 0.0, 0.0, 0.4, 0.0
0.07888888888888888, 0.0, 0.0, 0.4, 0.0
0.10534391534391532, 0.0, 0.0, 0.2857142857142857, 0.0
0.13148148148148148, 0.0, 0.0, 0.6666666666666667, 0.0
0.12312169312169312, 0.0, 0.0, 0.6666666666666667, 0.0
0.05814814814814814, 0.0, 0.0, 0.25, 0.0
0.11904761904761904, 0.0, 0.0, 0.4, 0.0
0.054603174603174605, 0.0, 0.0, 0.33333333333333337, 0.0
0.07278911564625849, 0.0, 0.0, 0.33333333333333337, 0.0
0.06571428571428571, 0.0, 0.0, 0.2857142857142857, 0.0
0.08481481481481482, 0.0, 0.0, 0.25, 0.0
0.06888888888888887, 0.0, 0.0, 0.33333333333333337, 0.0
0.05999999999999999, 0.0, 0.0, 0.25, 0.0
0.12291005291005289, 0.0, 0.0, 0.4, 0.0
0.13941798941798939, 0.19999999999999996, 0.0, 0.4, 0.0
0.09111111111111111, 0.0, 0.0, 0.33333333333333337, 0.0
0.11052910052910052, 0.0, 0.0, 0.5, 0.0
0.09608465608465606, 0.0, 0.0, 0.33333333333333337, 0.0
0.039999999999999994, 0.0, 0.0, 0.19999999999999996, 0.0
0.0757142857142857, 0.0, 0.0, 0.4, 0.0
0.12675736961451248, 0.09999999999999998, 0.0, 0.4, 0.0
0.10296296296296295, 0.0, 0.0, 0.4, 0.0
0.05037037037037037, 0.0, 0.0, 0.33333333333333337, 0.0
0.10294784580498864, 0.0, 0.0, 0.4, 0.0
0.0725925925925926, 0.0, 0.0, 0.33333333333333337, 0.0
0.11296296296296295, 0.0, 0.0, 0.4, 0.0
0.1548148148148148, 0.0, 0.0, 0.5, 0.0
0.11777777777777777, 0.0, 0.0, 0.5, 0.0
0.159297052154195, 0.1111111111111111, 0.0, 0.5, 0.0
0.07777777777777779, 0.0, 0.0, 0.33333333333333337, 0.0
0.15238095238095237, 0.0, 0.0, 0.5, 0.0
0.10111111111111111, 0.0, 0.0, 0.4, 0.0
0.14587301587301588, 0.0, 0.0, 0.6666666666666667, 0.0
0.09851851851851852, 0.0, 0.0, 0.33333333333333337, 0.0
0.08148148148148149, 0.0, 0.0, 0.4, 0.0
0.14164021164021162, 0.0, 0.0, 0.6666666666666667, 0.0
0.03238095238095238, 0.0, 0.0, 0.2857142857142857, 0.0
0.08608465608465607, 0.0, 0.0, 0.33333333333333337, 0.0
0.14052910052910053, 0.0, 0.0, 0.5, 0.0
0.06534391534391534, 0.0, 0.0, 0.2857142857142857, 0.0
0.13052910052910052, 0.0, 0.0, 0.6666666666666667, 0.0
0.1268253968253968, 0.0, 0.0, 0.5, 0.0
0.06703703703703703, 0.0, 0.0, 0.33333333333333337, 0.0
0.07703703703703703, 0.0, 0.0, 0.4, 0.0
0.08846560846560846, 0.0, 0.0, 0.33333333333333337, 0.0
0.13052910052910052, 0.0, 0.0, 0.5, 0.0
0.07481481481481482, 0.0, 0.0, 0.25, 0.0
0.10962962962962962, 0.0, 0.0, 0.33333333333333337, 0.0
0.07142857142857142, 0.0, 0.0, 0.2857142857142857, 0.0
0.10682539682539684, 0.0, 0.0, 0.4, 0.0
0.053703703703703705, 0.0, 0.0, 0.33333333333333337, 0.0
0.12867724867724867, 0.0, 0.0, 0.5, 0.0
0.10592592592592592, 0.0, 0.0, 0.5, 0.0
0.12333333333333334, 0.0, 0.0, 0.4, 0.0
0.1174074074074074, 0.0, 0.0, 0.33333333333333337, 0.0
0.171005291005291, 0.2222222222222222, 0.0, 0.5, 0.0
0.06148148148148148, 0.0, 0.0, 0.25, 0.0
0.1626984126984127, 0.0, 0.0, 0.5, 0.0
0.13015873015873017, 0.0, 0.0, 0.6666666666666667, 0.0
0.0757142857142857, 0.0, 0.0, 0.4, 0.0
0.1325925925925926, 0.0, 0.0, 0.5, 0.0
0.14978835978835978, 0.19999999999999996, 0.0, 0.4, 0.0
0.06326530612244897, 0.0, 0.0, 0.4, 0.0
0.03148148148148148, 0.0, 0.0, 0.25, 0.0
0.09333333333333332, 0.0, 0.0, 0.33333333333333337, 0.0
0.08202020202020203, 0.0, 0.0, 0.6666666666666667, 0.0
0.19666666666666666, 0.19999999999999996, 0.0, 0.5, 0.0
0.15074074074074073, 0.19999999999999996, 0.0, 0.5, 0.0
0.05757575757575758, 0.0, 0.0, 0.36363636363636365, 0.0
0.06703703703703703, 0.0, 0.0, 0.33333333333333337, 0.0
0.05814814814814814, 0.0, 0.0, 0.25, 0.0
0.06238095238095238, 0.0, 0.0, 0.2857142857142857, 0.0
0.028148148148148144, 0.0, 0.0, 0.2222222222222222, 0.0
0.10052910052910052, 0.0, 0.0, 0.2857142857142857, 0.0
0.06148148148148148, 0.0, 0.0, 0.25, 0.0
0.1601587301587302, 0.0, 0.0, 0.6666666666666667, 0.0
0.04801587301587301, 0.0, 0.0, 0.25, 0.0
0.09904761904761905, 0.0, 0.0, 0.5, 0.0
0.08666666666666666, 0.0, 0.0, 0.5, 0.0
0.03571428571428571, 0.0, 0.0, 0.2857142857142857, 0.0
0.06386243386243386, 0.0, 0.0, 0.2857142857142857, 0.0
0.12341269841269842, 0.09999999999999998, 0.0, 0.33333333333333337, 0.0
0.11238095238095237, 0.0, 0.0, 0.4, 0.0
0.1183068783068783, 0.0, 0.0, 0.4, 0.0
0.06571428571428571, 0.0, 0.0, 0.2857142857142857, 0.0
0.0785185185185185, 0.0, 0.0, 0.33333333333333337, 0.0
0.12333333333333334, 0.19999999999999996, 0.0, 0.33333333333333337, 0.0
0.07481481481481482, 0.0, 0.0, 0.4, 0.0
0.12015873015873015, 0.0, 0.0, 0.4, 0.0
0.07592592592592592, 0.0, 0.0, 0.6666666666666667, 0.0
0.09481481481481484, 0.0, 0.0, 0.33333333333333337, 0.0
0.06957671957671957, 0.0, 0.0, 0.2857142857142857, 0.0
0.08608465608465607, 0.0, 0.0, 0.33333333333333337, 0.0
0.044814814814814814, 0.0, 0.0, 0.25, 0.0
0.15493197278911564, 0.19999999999999996, 0.0, 0.5, 0.0
0.10497354497354495, 0.0, 0.0, 0.2857142857142857, 0.0
0.06148148148148148, 0.0, 0.0, 0.25, 0.0
0.06571428571428571, 0.0, 0.0, 0.2857142857142857, 0.0
0.028148148148148144, 0.0, 0.0, 0.2222222222222222, 0.0
0.07719576719576719, 0.0, 0.0, 0.2857142857142857, 0.0
0.05238095238095238, 0.0, 0.0, 0.2857142857142857, 0.0
0.08867724867724867, 0.0, 0.0, 0.4, 0.0
0.05052910052910053, 0.0, 0.0, 0.2857142857142857, 0.0
0.09777777777777778, 0.0, 0.0, 0.33333333333333337, 0.0
0.14904761904761904, 0.19999999999999996, 0.0, 0.5, 0.0
0.07037037037037037, 0.0, 0.0, 0.33333333333333337, 0.0
0.09370370370370369, 0.0, 0.0, 0.4, 0.0
0.10513227513227515, 0.0, 0.0, 0.33333333333333337, 0.0
0.1375132275132275, 0.19999999999999996, 0.0, 0.33333333333333337, 0.0
0.12179894179894181, 0.0, 0.0, 0.33333333333333337, 0.0
0.09439153439153439, 0.0, 0.0, 0.4, 0.0
0.15867724867724867, 0.19999999999999996, 0.0, 0.5, 0.0
0.09238095238095238, 0.0, 0.0, 0.5, 0.0
0.05777777777777778, 0.0, 0.0, 0.33333333333333337, 0.0
0.07814814814814813, 0.0, 0.0, 0.25, 0.0
0.10714285714285712, 0.0, 0.0, 0.2857142857142857, 0.0
0.035555555555555556, 0.0, 0.0, 0.33333333333333337, 0.0
0.10925925925925925, 0.0, 0.0, 0.6666666666666667, 0.0
0.07037037037037037, 0.0, 0.0, 0.33333333333333337, 0.0
0.10056689342403627, 0.0, 0.0, 0.5, 0.0
0.06703703703703703, 0.0, 0.0, 0.33333333333333337, 0.0
0.13608465608465609, 0.0, 0.0, 0.5, 0.0
0.08275132275132276, 0.0, 0.0, 0.33333333333333337, 0.0
0.11534391534391535, 0.0, 0.0, 0.2857142857142857, 0.0
0.12031746031746031, 0.0, 0.0, 0.33333333333333337, 0.0
0.07275132275132276, 0.0, 0.0, 0.33333333333333337, 0.0
0.06148148148148148, 0.0, 0.0, 0.25, 0.0
0.04867724867724867, 0.0, 0.0, 0.2857142857142857, 0.0
0.08142857142857142, 0.0, 0.0, 0.2857142857142857, 0.0
0.0685185185185185, 0.0, 0.0, 0.33333333333333337, 0.0
0.11296296296296296, 0.0, 0.0, 0.5, 0.0
0.04814814814814815, 0.0, 0.0, 0.25, 0.0
0.07148148148148147, 0.0, 0.0, 0.25, 0.0
0.15391156462585034, 0.125, 0.0, 0.5, 0.0
0.05904761904761904, 0.0, 0.0, 0.4, 0.0
0.04666666666666666, 0.0, 0.0, 0.25, 0.0
0.06624338624338624, 0.0, 0.0, 0.2857142857142857, 0.0
0.08773448773448772, 0.0, 0.0, 0.36363636363636365, 0.0
0.11698412698412698, 0.0, 0.0, 0.4, 0.0
0.11201058201058199, 0.0, 0.0, 0.5, 0.0
0.08888888888888888, 0.0, 0.0, 0.4, 0.0
0.1688888888888889, 0.19999999999999996, 0.0, 0.6666666666666667, 0.0
0.04571428571428571, 0.0, 0.0, 0.2857142857142857, 0.0
0.15158730158730158, 0.09999999999999998, 0.0, 0.5, 0.0
0.0725925925925926, 0.0, 0.0, 0.33333333333333337, 0.0
0.08814814814814814, 0.0, 0.0, 0.4, 0.0
0.028148148148148144, 0.0, 0.0, 0.2222222222222222, 0.0
0.09238095238095238, 0.0, 0.0, 0.5, 0.0
0.11534391534391532, 0.0, 0.0, 0.4, 0.0
0.10624338624338622, 0.0, 0.0, 0.4, 0.0
0.12481481481481481, 0.19999999999999996, 0.0, 0.25, 0.0
0.2225396825396825, 0.25, 0.0, 0.4, 0.0
0.11825396825396826, 0.0, 0.0, 0.6666666666666667, 0.0
0.0757142857142857, 0.0, 0.0, 0.2857142857142857, 0.0
0.04814814814814815, 0.0, 0.0, 0.25, 0.0
0.1374716553287982, 0.0, 0.0, 0.5, 0.0
0.11481481481481483, 0.0, 0.0, 0.6666666666666667, 0.0
0.09904761904761905, 0.0, 0.0, 0.33333333333333337, 0.0
0.11851851851851851, 0.0, 0.0, 0.5, 0.0
0.07904761904761903, 0.0, 0.0, 0.5, 0.0
0.10259259259259258, 0.0, 0.0, 0.4, 0.0
0.12994708994708992, 0.0, 0.0, 0.4, 0.0
0.13682539682539682, 0.0, 0.0, 0.5, 0.0
0.08608465608465607, 0.0, 0.0, 0.33333333333333337, 0.0
0.07719576719576719, 0.0, 0.0, 0.4, 0.0
0.048888888888888885, 0.0, 0.0, 0.33333333333333337, 0.0
0.11846560846560845, 0.0, 0.0, 0.33333333333333337, 0.0
0.11785714285714285, 0.0, 0.0, 0.5, 0.0
0.09624338624338623, 0.0, 0.0, 0.4, 0.0
0.14476190476190479, 0.0, 0.0, 0.4, 0.0
0.1797883597883598, 0.19999999999999996, 0.0, 0.6666666666666667, 0.0
0.05052910052910053, 0.0, 0.0, 0.2857142857142857, 0.0
0.03238095238095238, 0.0, 0.0, 0.2857142857142857, 0.0
0.14756613756613757, 0.0, 0.0, 0.5, 0.0
0.053703703703703705, 0.0, 0.0, 0.33333333333333337, 0.0
0.06555555555555555, 0.0, 0.0, 0.33333333333333337, 0.0
0.11846560846560845, 0.0, 0.0, 0.33333333333333337, 0.0
0.11666666666666667, 0.0, 0.0, 0.5, 0.0
0.0757142857142857, 0.0, 0.0, 0.4, 0.0
0.16756613756613756, 0.0, 0.0, 0.6666666666666667, 0.0
0.08941798941798942, 0.0, 0.0, 0.5, 0.0
0.06643990929705215, 0.0, 0.0, 0.2857142857142857, 0.0
0.06703703703703703, 0.0, 0.0, 0.33333333333333337, 0.0
0.09052910052910053, 0.0, 0.0, 0.4, 0.0
0.04444444444444444, 0.0, 0.0, 0.2222222222222222, 0.0
0.13032879818594104, 0.0, 0.0, 0.6666666666666667, 0.0
0.0637037037037037, 0.0, 0.0, 0.4, 0.0
0.04148148148148147, 0.0, 0.0, 0.2222222222222222, 0.0
0.07275132275132276, 0.0, 0.0, 0.33333333333333337, 0.0
0.05777777777777778, 0.0, 0.0, 0.33333333333333337, 0.0
0.13068783068783066, 0.2222222222222222, 0.0, 0.2857142857142857, 0.0
0.20312169312169318, 0.2222222222222222, 0.0, 0.6666666666666667, 0.0
0.09349206349206349, 0.0, 0.0, 0.33333333333333337, 0.0
0.12402116402116402, 0.0, 0.0, 0.33333333333333337, 0.0
0.14444444444444443, 0.19999999999999996, 0.0, 0.4, 0.0
0.04148148148148147, 0.0, 0.0, 0.2222222222222222, 0.0
0.12962962962962962, 0.19999999999999996, 0.0, 0.4, 0.0
0.07814814814814813, 0.0, 0.0, 0.25, 0.0
0.029999999999999995, 0.0, 0.0, 0.25, 0.0
0.1303703703703704, 0.0, 0.0, 0.5, 0.0
0.06624338624338624, 0.0, 0.0, 0.2857142857142857, 0.0
0.06624338624338624, 0.0, 0.0, 0.2857142857142857, 0.0
0.08439153439153439, 0.0, 0.0, 0.2857142857142857, 0.0
0.11275132275132274, 0.0, 0.0, 0.4, 0.0
0.0746031746031746, 0.0, 0.0, 0.33333333333333337, 0.0
0.1261904761904762, 0.09999999999999998, 0.0, 0.4, 0.0
0.07719576719576719, 0.0, 0.0, 0.2857142857142857, 0.0
0.08809523809523807, 0.0, 0.0, 0.2857142857142857, 0.0
0.09148148148148148, 0.0, 0.0, 0.5, 0.0
0.12608465608465608, 0.0, 0.0, 0.4, 0.0
0.07962962962962963, 0.0, 0.0, 0.5, 0.0
0.06386243386243386, 0.0, 0.0, 0.2857142857142857, 0.0
0.10534391534391532, 0.0, 0.0, 0.4, 0.0
0.13941798941798939, 0.0, 0.0, 0.4, 0.0
0.07444444444444445, 0.0, 0.0, 0.33333333333333337, 0.0
0.07629629629629629, 0.0, 0.0, 0.25, 0.0
0.1034920634920635, 0.0, 0.0, 0.6666666666666667, 0.0
0.10111111111111111, 0.0, 0.0, 0.4, 0.0
0.06571428571428571, 0.0, 0.0, 0.2857142857142857, 0.0
0.1394179894179894, 0.0, 0.0, 0.6666666666666667, 0.0
0.12793650793650793, 0.0, 0.0, 0.5, 0.0
0.10629629629629629, 0.0, 0.0, 0.25, 0.0
0.12148148148148147, 0.0, 0.0, 0.5, 0.0
0.03809523809523809, 0.0, 0.0, 0.33333333333333337, 0.0
0.1246031746031746, 0.0, 0.0, 0.6666666666666667, 0.0
0.05056689342403627, 0.0, 0.0, 0.2857142857142857, 0.0
0.07851851851851852, 0.0, 0.0, 0.4, 0.0
0.03888888888888889, 0.0, 0.0, 0.33333333333333337, 0.0
0.17089947089947094, 0.2222222222222222, 0.0, 0.6666666666666667, 0.0
0.10407407407407408, 0.0, 0.0, 0.33333333333333337, 0.0
0.10634920634920635, 0.0, 0.0, 0.4, 0.0
0.1437037037037037, 0.19999999999999996, 0.0, 0.5, 0.0
0.12571428571428572, 0.0, 0.0, 0.6666666666666667, 0.0
0.0785185185185185, 0.0, 0.0, 0.33333333333333337, 0.0
0.11534391534391532, 0.0, 0.0, 0.4, 0.0
0.06370370370370369, 0.0, 0.0, 0.33333333333333337, 0.0
0.15444444444444444, 0.19999999999999996, 0.0, 0.4, 0.0
0.13222222222222224, 0.0, 0.0, 0.6666666666666667, 0.0
0.13365079365079366, 0.19999999999999996, 0.0, 0.33333333333333337, 0.0
0.12015873015873016, 0.0, 0.0, 0.6666666666666667, 0.0
0.05814814814814814, 0.0, 0.0, 0.25, 0.0
0.14534391534391533, 0.2222222222222222, 0.0, 0.33333333333333337, 0.0
0.11089947089947089, 0.0, 0.0, 0.4, 0.0
0.1251700680272109, 0.0, 0.0, 0.4, 0.0
0.12312169312169312, 0.0, 0.0, 0.6666666666666667, 0.0
