0.7333333333333334, 0.7727272727272727, 0.7631578947368421, 0.6470588235294117, 0.7173913043478262, 0.7894736842105263, 0.7560975609756098, 0.6666666666666667, 0.75, 0.76,        
0.6764705882352942, 0.6764705882352942, 0.6521739130434783, 0.7037037037037037, 0.6956521739130435, 0.6578947368421053, 0.6666666666666667, 0.6538461538461539, 0.75, 0.6923076923076923,        
0.6470588235294117, 0.6764705882352942, 0.6521739130434783, 0.6923076923076923, 0.6363636363636364, 0.6578947368421053, 0.6470588235294117, 0.6538461538461539, 0.7317073170731707, 0.6923076923076923,        
0.6451612903225806, 0.6428571428571428, 0.65625, 0.6923076923076923, 0.6363636363636364, 0.6578947368421053, 0.6470588235294117, 0.6538461538461539, 0.6944444444444444, 0.6923076923076923,        
0.6451612903225806, 0.6428571428571428, 0.6756756756756757, 0.6923076923076923, 0.6363636363636364, 0.6578947368421053, 0.6470588235294117, 0.6538461538461539, 0.6666666666666667, 0.6923076923076923,        
0.6451612903225806, 0.6428571428571428, 0.6756756756756757, 0.6923076923076923, 0.6363636363636364, 0.6578947368421053, 0.6470588235294117, 0.6666666666666667, 0.6666666666666667, 0.6923076923076923,        
0.6451612903225806, 0.6428571428571428, 0.6756756756756757, 0.6923076923076923, 0.6363636363636364, 0.6571428571428571, 0.6470588235294117, 0.6666666666666667, 0.6578947368421053, 0.6923076923076923,        
0.6451612903225806, 0.6428571428571428, 0.6756756756756757, 0.6923076923076923, 0.6363636363636364, 0.6571428571428571, 0.6470588235294117, 0.6666666666666667, 0.6486486486486487, 0.6923076923076923,        
0.6451612903225806, 0.6428571428571428, 0.6756756756756757, 0.6923076923076923, 0.6060606060606061, 0.6571428571428571, 0.641025641025641, 0.6666666666666667, 0.6486486486486487, 0.6842105263157895,        
0.6451612903225806, 0.6428571428571428, 0.6756756756756757, 0.6666666666666667, 0.6060606060606061, 0.6571428571428571, 0.641025641025641, 0.6666666666666667, 0.6486486486486487, 0.6842105263157895,        
0.6451612903225806, 0.6428571428571428, 0.6756756756756757, 0.6666666666666667, 0.6060606060606061, 0.6571428571428571, 0.641025641025641, 0.6666666666666667, 0.6578947368421053, 0.6842105263157895,        
0.6451612903225806, 0.6428571428571428, 0.6578947368421053, 0.6666666666666667, 0.6060606060606061, 0.6571428571428571, 0.641025641025641, 0.6666666666666667, 0.6578947368421053, 0.6842105263157895,        
0.6451612903225806, 0.6428571428571428, 0.6486486486486487, 0.6666666666666667, 0.6060606060606061, 0.6571428571428571, 0.641025641025641, 0.6571428571428571, 0.6578947368421053, 0.6842105263157895,        
0.6451612903225806, 0.6428571428571428, 0.6486486486486487, 0.6666666666666667, 0.6060606060606061, 0.6571428571428571, 0.641025641025641, 0.6585365853658536, 0.6578947368421053, 0.6842105263157895,        
0.6578947368421053, 0.6428571428571428, 0.6486486486486487, 0.6666666666666667, 0.6060606060606061, 0.6571428571428571, 0.641025641025641, 0.6585365853658536, 0.6578947368421053, 0.675,        
0.6578947368421053, 0.6428571428571428, 0.6486486486486487, 0.6585365853658536, 0.6060606060606061, 0.6571428571428571, 0.641025641025641, 0.6585365853658536, 0.6666666666666667, 0.6578947368421053,        
0.6666666666666667, 0.6428571428571428, 0.6486486486486487, 0.6585365853658536, 0.6060606060606061, 0.6571428571428571, 0.641025641025641, 0.6585365853658536, 0.6585365853658536, 0.6578947368421053,        
0.6666666666666667, 0.6428571428571428, 0.6486486486486487, 0.65, 0.6060606060606061, 0.6571428571428571, 0.641025641025641, 0.6585365853658536, 0.6578947368421053, 0.6578947368421053,        
0.6666666666666667, 0.6428571428571428, 0.6486486486486487, 0.65, 0.631578947368421, 0.6571428571428571, 0.641025641025641, 0.6578947368421053, 0.6585365853658536, 0.6578947368421053,        
0.6666666666666667, 0.6428571428571428, 0.631578947368421, 0.65, 0.625, 0.6571428571428571, 0.641025641025641, 0.6511627906976745, 0.6585365853658536, 0.6578947368421053,        
0.6486486486486487, 0.6428571428571428, 0.631578947368421, 0.65, 0.625, 0.6571428571428571, 0.641025641025641, 0.6428571428571428, 0.625, 0.6666666666666667,        
0.6486486486486487, 0.6428571428571428, 0.6486486486486487, 0.6578947368421053, 0.625, 0.6571428571428571, 0.641025641025641, 0.6428571428571428, 0.631578947368421, 0.6666666666666667,        
0.6486486486486487, 0.6428571428571428, 0.6486486486486487, 0.6153846153846154, 0.625, 0.6571428571428571, 0.641025641025641, 0.6428571428571428, 0.631578947368421, 0.6585365853658536,        
0.6486486486486487, 0.6585365853658536, 0.6486486486486487, 0.6666666666666667, 0.625, 0.6486486486486487, 0.641025641025641, 0.6428571428571428, 0.631578947368421, 0.6585365853658536,        
0.6486486486486487, 0.6585365853658536, 0.6486486486486487, 0.6666666666666667, 0.625, 0.6486486486486487, 0.641025641025641, 0.6428571428571428, 0.631578947368421, 0.65,        
0.6486486486486487, 0.6585365853658536, 0.6486486486486487, 0.6666666666666667, 0.625, 0.6486486486486487, 0.641025641025641, 0.6341463414634146, 0.631578947368421, 0.65,        
0.65, 0.6428571428571428, 0.6486486486486487, 0.6666666666666667, 0.625, 0.6486486486486487, 0.641025641025641, 0.6341463414634146, 0.631578947368421, 0.65,        
0.6585365853658536, 0.6428571428571428, 0.6486486486486487, 0.6666666666666667, 0.625, 0.6486486486486487, 0.641025641025641, 0.6341463414634146, 0.625, 0.65,        
0.6585365853658536, 0.6428571428571428, 0.6486486486486487, 0.6666666666666667, 0.625, 0.6486486486486487, 0.641025641025641, 0.6341463414634146, 0.625, 0.65,        
0.6585365853658536, 0.6428571428571428, 0.6129032258064516, 0.6590909090909092, 0.625, 0.6486486486486487, 0.641025641025641, 0.6428571428571428, 0.625, 0.65,        
0.6585365853658536, 0.6428571428571428, 0.6129032258064516, 0.6590909090909092, 0.625, 0.6486486486486487, 0.641025641025641, 0.6428571428571428, 0.6341463414634146, 0.65,        
0.6585365853658536, 0.6428571428571428, 0.6129032258064516, 0.6590909090909092, 0.625, 0.6486486486486487, 0.641025641025641, 0.6341463414634146, 0.6341463414634146, 0.65,        
0.6585365853658536, 0.6341463414634146, 0.6129032258064516, 0.6590909090909092, 0.5897435897435898, 0.6486486486486487, 0.641025641025641, 0.6341463414634146, 0.6341463414634146, 0.6585365853658536,        
0.6585365853658536, 0.6341463414634146, 0.6129032258064516, 0.6590909090909092, 0.5897435897435898, 0.6486486486486487, 0.641025641025641, 0.6097560975609756, 0.6341463414634146, 0.6585365853658536,        
0.6585365853658536, 0.6341463414634146, 0.6129032258064516, 0.6590909090909092, 0.5897435897435898, 0.6486486486486487, 0.641025641025641, 0.6097560975609756, 0.6341463414634146, 0.6585365853658536,        
0.6585365853658536, 0.6341463414634146, 0.6129032258064516, 0.6590909090909092, 0.5897435897435898, 0.6486486486486487, 0.641025641025641, 0.6097560975609756, 0.6341463414634146, 0.6666666666666667,        
0.6585365853658536, 0.6341463414634146, 0.6129032258064516, 0.6578947368421053, 0.5897435897435898, 0.6486486486486487, 0.641025641025641, 0.6097560975609756, 0.6341463414634146, 0.6666666666666667,        
0.6585365853658536, 0.6341463414634146, 0.6129032258064516, 0.6578947368421053, 0.5897435897435898, 0.6486486486486487, 0.641025641025641, 0.6097560975609756, 0.6341463414634146, 0.6486486486486487,        
0.6585365853658536, 0.6341463414634146, 0.6129032258064516, 0.6444444444444444, 0.5897435897435898, 0.6486486486486487, 0.641025641025641, 0.6097560975609756, 0.6341463414634146, 0.6486486486486487,        
0.6585365853658536, 0.6341463414634146, 0.6129032258064516, 0.6444444444444444, 0.5897435897435898, 0.6486486486486487, 0.641025641025641, 0.6097560975609756, 0.6341463414634146, 0.6486486486486487,        
0.65, 0.6341463414634146, 0.6129032258064516, 0.6444444444444444, 0.5897435897435898, 0.6486486486486487, 0.641025641025641, 0.6097560975609756, 0.6341463414634146, 0.6486486486486487,        
0.65, 0.6341463414634146, 0.6129032258064516, 0.6444444444444444, 0.5897435897435898, 0.6486486486486487, 0.641025641025641, 0.6097560975609756, 0.641025641025641, 0.6486486486486487,        
0.65, 0.6341463414634146, 0.6129032258064516, 0.6444444444444444, 0.5897435897435898, 0.6486486486486487, 0.641025641025641, 0.6097560975609756, 0.641025641025641, 0.6486486486486487,        
0.65, 0.6341463414634146, 0.6129032258064516, 0.6444444444444444, 0.5897435897435898, 0.6486486486486487, 0.641025641025641, 0.6097560975609756, 0.641025641025641, 0.6486486486486487,        
0.65, 0.6341463414634146, 0.6129032258064516, 0.6444444444444444, 0.5897435897435898, 0.6486486486486487, 0.641025641025641, 0.6097560975609756, 0.641025641025641, 0.6428571428571428,        
0.65, 0.6341463414634146, 0.6129032258064516, 0.6444444444444444, 0.5897435897435898, 0.6153846153846154, 0.641025641025641, 0.6097560975609756, 0.641025641025641, 0.6428571428571428,        
0.65, 0.6341463414634146, 0.6129032258064516, 0.6444444444444444, 0.5897435897435898, 0.6153846153846154, 0.641025641025641, 0.6097560975609756, 0.641025641025641, 0.6428571428571428,        
0.65, 0.6341463414634146, 0.6129032258064516, 0.6444444444444444, 0.5897435897435898, 0.6153846153846154, 0.641025641025641, 0.6097560975609756, 0.641025641025641, 0.6428571428571428,        
0.641025641025641, 0.6341463414634146, 0.6129032258064516, 0.6444444444444444, 0.5897435897435898, 0.6153846153846154, 0.641025641025641, 0.6097560975609756, 0.641025641025641, 0.6428571428571428,        
0.641025641025641, 0.6341463414634146, 0.6129032258064516, 0.6444444444444444, 0.5897435897435898, 0.6153846153846154, 0.641025641025641, 0.6097560975609756, 0.641025641025641, 0.6428571428571428,        
0.641025641025641, 0.6341463414634146, 0.6129032258064516, 0.6444444444444444, 0.5897435897435898, 0.6153846153846154, 0.641025641025641, 0.6097560975609756, 0.641025641025641, 0.6428571428571428,        
0.641025641025641, 0.6341463414634146, 0.6129032258064516, 0.6444444444444444, 0.5897435897435898, 0.6153846153846154, 0.641025641025641, 0.6097560975609756, 0.641025641025641, 0.6428571428571428,        
0.641025641025641, 0.6341463414634146, 0.6129032258064516, 0.6444444444444444, 0.5897435897435898, 0.6153846153846154, 0.641025641025641, 0.6097560975609756, 0.641025641025641, 0.6428571428571428,        
0.641025641025641, 0.6341463414634146, 0.6129032258064516, 0.6444444444444444, 0.5897435897435898, 0.6153846153846154, 0.641025641025641, 0.6097560975609756, 0.6444444444444444, 0.6428571428571428,        
0.641025641025641, 0.6341463414634146, 0.6129032258064516, 0.6444444444444444, 0.5897435897435898, 0.6153846153846154, 0.641025641025641, 0.6097560975609756, 0.6444444444444444, 0.6428571428571428,        
0.641025641025641, 0.6341463414634146, 0.6129032258064516, 0.6444444444444444, 0.5897435897435898, 0.6153846153846154, 0.641025641025641, 0.6097560975609756, 0.6444444444444444, 0.6428571428571428,        
0.641025641025641, 0.6341463414634146, 0.6129032258064516, 0.6444444444444444, 0.5526315789473684, 0.6153846153846154, 0.641025641025641, 0.6097560975609756, 0.6444444444444444, 0.6428571428571428,        
0.6578947368421053, 0.6341463414634146, 0.6129032258064516, 0.6444444444444444, 0.5526315789473684, 0.6153846153846154, 0.641025641025641, 0.6097560975609756, 0.6444444444444444, 0.6428571428571428,        
0.65, 0.6341463414634146, 0.6129032258064516, 0.6388888888888888, 0.5526315789473684, 0.6153846153846154, 0.641025641025641, 0.6097560975609756, 0.6444444444444444, 0.6428571428571428,        
0.65, 0.6341463414634146, 0.6129032258064516, 0.6388888888888888, 0.5526315789473684, 0.6153846153846154, 0.641025641025641, 0.6097560975609756, 0.6444444444444444, 0.6428571428571428,        
0.65, 0.6341463414634146, 0.6129032258064516, 0.6388888888888888, 0.5526315789473684, 0.6153846153846154, 0.641025641025641, 0.6097560975609756, 0.6444444444444444, 0.6428571428571428,        
0.65, 0.6341463414634146, 0.6129032258064516, 0.6388888888888888, 0.5526315789473684, 0.6153846153846154, 0.641025641025641, 0.6097560975609756, 0.6444444444444444, 0.6428571428571428,        
0.65, 0.6341463414634146, 0.6129032258064516, 0.6388888888888888, 0.5526315789473684, 0.6153846153846154, 0.641025641025641, 0.6097560975609756, 0.6444444444444444, 0.6428571428571428,        
0.65, 0.6341463414634146, 0.6129032258064516, 0.6388888888888888, 0.5526315789473684, 0.6153846153846154, 0.641025641025641, 0.6097560975609756, 0.6444444444444444, 0.6428571428571428,        
0.65, 0.6341463414634146, 0.6129032258064516, 0.6388888888888888, 0.5789473684210527, 0.6153846153846154, 0.641025641025641, 0.6097560975609756, 0.6444444444444444, 0.6428571428571428,        
0.65, 0.6341463414634146, 0.6129032258064516, 0.627906976744186, 0.5789473684210527, 0.6153846153846154, 0.641025641025641, 0.6097560975609756, 0.6444444444444444, 0.6428571428571428,        
0.65, 0.6341463414634146, 0.6129032258064516, 0.627906976744186, 0.5789473684210527, 0.6153846153846154, 0.641025641025641, 0.6097560975609756, 0.6444444444444444, 0.6428571428571428,        
0.65, 0.6341463414634146, 0.6129032258064516, 0.627906976744186, 0.5897435897435898, 0.6153846153846154, 0.6216216216216216, 0.6097560975609756, 0.6444444444444444, 0.6428571428571428,        
0.6216216216216216, 0.6341463414634146, 0.6129032258064516, 0.627906976744186, 0.5897435897435898, 0.6153846153846154, 0.6216216216216216, 0.6097560975609756, 0.6444444444444444, 0.6428571428571428,        
0.6216216216216216, 0.6341463414634146, 0.6129032258064516, 0.627906976744186, 0.5897435897435898, 0.6153846153846154, 0.6216216216216216, 0.6097560975609756, 0.6444444444444444, 0.6428571428571428,        
0.6216216216216216, 0.6341463414634146, 0.6129032258064516, 0.627906976744186, 0.5897435897435898, 0.6153846153846154, 0.6216216216216216, 0.6097560975609756, 0.6444444444444444, 0.6428571428571428,        
0.6216216216216216, 0.6341463414634146, 0.6129032258064516, 0.627906976744186, 0.5897435897435898, 0.6153846153846154, 0.6216216216216216, 0.6097560975609756, 0.6444444444444444, 0.6428571428571428,        
0.6216216216216216, 0.6052631578947368, 0.6129032258064516, 0.627906976744186, 0.5897435897435898, 0.6153846153846154, 0.6216216216216216, 0.6097560975609756, 0.6444444444444444, 0.6428571428571428,        
0.6216216216216216, 0.6052631578947368, 0.6129032258064516, 0.627906976744186, 0.5897435897435898, 0.6153846153846154, 0.6216216216216216, 0.6097560975609756, 0.6444444444444444, 0.6428571428571428,        
0.6216216216216216, 0.6052631578947368, 0.6129032258064516, 0.627906976744186, 0.5897435897435898, 0.6153846153846154, 0.6216216216216216, 0.6097560975609756, 0.6444444444444444, 0.6428571428571428,        
0.6216216216216216, 0.6052631578947368, 0.6129032258064516, 0.627906976744186, 0.5897435897435898, 0.6153846153846154, 0.6216216216216216, 0.6097560975609756, 0.6444444444444444, 0.6428571428571428,        
0.6216216216216216, 0.6052631578947368, 0.6129032258064516, 0.627906976744186, 0.5897435897435898, 0.6153846153846154, 0.6216216216216216, 0.6097560975609756, 0.6444444444444444, 0.6428571428571428,        
0.6216216216216216, 0.6052631578947368, 0.6129032258064516, 0.627906976744186, 0.5897435897435898, 0.6153846153846154, 0.6216216216216216, 0.6097560975609756, 0.6444444444444444, 0.6428571428571428,        
0.6216216216216216, 0.6052631578947368, 0.6129032258064516, 0.627906976744186, 0.5897435897435898, 0.6153846153846154, 0.6216216216216216, 0.6097560975609756, 0.6444444444444444, 0.6428571428571428,        
0.6216216216216216, 0.6052631578947368, 0.6129032258064516, 0.627906976744186, 0.5897435897435898, 0.6153846153846154, 0.6216216216216216, 0.6097560975609756, 0.6136363636363636, 0.6428571428571428,        
0.6216216216216216, 0.6052631578947368, 0.6129032258064516, 0.627906976744186, 0.5897435897435898, 0.6153846153846154, 0.6216216216216216, 0.6097560975609756, 0.6136363636363636, 0.6428571428571428,        
0.6216216216216216, 0.6052631578947368, 0.6129032258064516, 0.627906976744186, 0.5897435897435898, 0.6153846153846154, 0.5897435897435898, 0.6097560975609756, 0.6136363636363636, 0.6428571428571428,        
0.6216216216216216, 0.6052631578947368, 0.6129032258064516, 0.627906976744186, 0.5789473684210527, 0.6153846153846154, 0.5897435897435898, 0.6097560975609756, 0.6136363636363636, 0.6428571428571428,        
0.6216216216216216, 0.6052631578947368, 0.6129032258064516, 0.627906976744186, 0.5789473684210527, 0.6153846153846154, 0.5897435897435898, 0.6097560975609756, 0.6136363636363636, 0.6428571428571428,        
0.6216216216216216, 0.6052631578947368, 0.6129032258064516, 0.627906976744186, 0.5789473684210527, 0.6153846153846154, 0.5897435897435898, 0.6097560975609756, 0.6136363636363636, 0.6428571428571428,        
0.6216216216216216, 0.6052631578947368, 0.6129032258064516, 0.627906976744186, 0.5789473684210527, 0.6153846153846154, 0.5897435897435898, 0.6097560975609756, 0.6136363636363636, 0.6428571428571428,        
0.6216216216216216, 0.6052631578947368, 0.6129032258064516, 0.627906976744186, 0.5789473684210527, 0.6153846153846154, 0.5897435897435898, 0.6097560975609756, 0.6136363636363636, 0.6428571428571428,        
0.6216216216216216, 0.6052631578947368, 0.6129032258064516, 0.627906976744186, 0.5789473684210527, 0.6153846153846154, 0.5897435897435898, 0.6097560975609756, 0.6136363636363636, 0.6428571428571428,        
0.6216216216216216, 0.6052631578947368, 0.6129032258064516, 0.627906976744186, 0.5789473684210527, 0.6153846153846154, 0.5897435897435898, 0.6097560975609756, 0.6136363636363636, 0.6428571428571428,        
0.6216216216216216, 0.6052631578947368, 0.6222222222222222, 0.627906976744186, 0.5789473684210527, 0.6153846153846154, 0.5897435897435898, 0.6097560975609756, 0.6136363636363636, 0.6428571428571428,        
0.6216216216216216, 0.6052631578947368, 0.6222222222222222, 0.627906976744186, 0.5789473684210527, 0.6153846153846154, 0.5897435897435898, 0.6097560975609756, 0.6136363636363636, 0.6428571428571428,        
0.6216216216216216, 0.6052631578947368, 0.6521739130434783, 0.627906976744186, 0.5789473684210527, 0.6153846153846154, 0.5897435897435898, 0.6097560975609756, 0.6136363636363636, 0.6428571428571428,        
0.6216216216216216, 0.6052631578947368, 0.6521739130434783, 0.627906976744186, 0.5789473684210527, 0.6153846153846154, 0.5897435897435898, 0.6097560975609756, 0.6136363636363636, 0.6428571428571428,        
0.6216216216216216, 0.6052631578947368, 0.6521739130434783, 0.627906976744186, 0.5789473684210527, 0.6153846153846154, 0.5897435897435898, 0.6097560975609756, 0.6136363636363636, 0.6428571428571428,        
0.6216216216216216, 0.6052631578947368, 0.6222222222222222, 0.627906976744186, 0.5789473684210527, 0.6153846153846154, 0.6216216216216216, 0.6097560975609756, 0.6136363636363636, 0.6428571428571428,        
0.6216216216216216, 0.6052631578947368, 0.6222222222222222, 0.627906976744186, 0.5789473684210527, 0.6153846153846154, 0.6216216216216216, 0.6097560975609756, 0.6136363636363636, 0.6428571428571428,        
0.6216216216216216, 0.6052631578947368, 0.6222222222222222, 0.627906976744186, 0.5789473684210527, 0.6153846153846154, 0.6, 0.6097560975609756, 0.6136363636363636, 0.6341463414634146,        
0.6216216216216216, 0.6052631578947368, 0.6222222222222222, 0.627906976744186, 0.5789473684210527, 0.6153846153846154, 0.6, 0.6097560975609756, 0.6136363636363636, 0.6341463414634146,        
0.6428571428571428, 0.6052631578947368, 0.6222222222222222, 0.627906976744186, 0.5789473684210527, 0.6153846153846154, 0.6, 0.6097560975609756, 0.6136363636363636, 0.6341463414634146,        
0.6428571428571428, 0.6052631578947368, 0.6222222222222222, 0.627906976744186, 0.5789473684210527, 0.6153846153846154, 0.6, 0.6097560975609756, 0.6136363636363636, 0.6341463414634146,        
0.6428571428571428, 0.6052631578947368, 0.6222222222222222, 0.627906976744186, 0.5789473684210527, 0.6153846153846154, 0.6, 0.6097560975609756, 0.6136363636363636, 0.6341463414634146,        
0.6428571428571428, 0.6052631578947368, 0.6222222222222222, 0.627906976744186, 0.5789473684210527, 0.6153846153846154, 0.6, 0.6097560975609756, 0.6136363636363636, 0.6341463414634146,        
0.6428571428571428, 0.6052631578947368, 0.6222222222222222, 0.627906976744186, 0.5789473684210527, 0.6153846153846154, 0.6, 0.6097560975609756, 0.6136363636363636, 0.6341463414634146,        
0.6428571428571428, 0.6052631578947368, 0.6222222222222222, 0.627906976744186, 0.5789473684210527, 0.6153846153846154, 0.6, 0.6097560975609756, 0.6136363636363636, 0.6341463414634146,        
0.6428571428571428, 0.6052631578947368, 0.6222222222222222, 0.627906976744186, 0.5789473684210527, 0.6153846153846154, 0.6, 0.6097560975609756, 0.6136363636363636, 0.6341463414634146,        
0.6428571428571428, 0.6052631578947368, 0.6222222222222222, 0.627906976744186, 0.5789473684210527, 0.6153846153846154, 0.6, 0.6097560975609756, 0.6136363636363636, 0.6341463414634146,        
0.6428571428571428, 0.6052631578947368, 0.6222222222222222, 0.627906976744186, 0.5789473684210527, 0.6153846153846154, 0.6, 0.6097560975609756, 0.6136363636363636, 0.6341463414634146,        
0.6428571428571428, 0.6052631578947368, 0.6222222222222222, 0.627906976744186, 0.5789473684210527, 0.6153846153846154, 0.6, 0.6097560975609756, 0.6136363636363636, 0.6341463414634146,        
0.6428571428571428, 0.6052631578947368, 0.6222222222222222, 0.627906976744186, 0.5789473684210527, 0.6153846153846154, 0.6, 0.6097560975609756, 0.6136363636363636, 0.6486486486486487,        
0.6428571428571428, 0.6052631578947368, 0.6222222222222222, 0.627906976744186, 0.5789473684210527, 0.6153846153846154, 0.6, 0.6097560975609756, 0.6136363636363636, 0.6486486486486487,        
0.6428571428571428, 0.6052631578947368, 0.6222222222222222, 0.627906976744186, 0.5789473684210527, 0.6153846153846154, 0.6, 0.6097560975609756, 0.6136363636363636, 0.6486486486486487,        
0.6428571428571428, 0.6052631578947368, 0.6222222222222222, 0.627906976744186, 0.5789473684210527, 0.6153846153846154, 0.6, 0.6097560975609756, 0.6136363636363636, 0.6486486486486487,        
0.6428571428571428, 0.6052631578947368, 0.6222222222222222, 0.627906976744186, 0.5897435897435898, 0.6153846153846154, 0.6, 0.6097560975609756, 0.6136363636363636, 0.6486486486486487,        
0.6428571428571428, 0.6052631578947368, 0.6222222222222222, 0.627906976744186, 0.5897435897435898, 0.6153846153846154, 0.6, 0.6097560975609756, 0.6136363636363636, 0.6486486486486487,        
0.6428571428571428, 0.6052631578947368, 0.6222222222222222, 0.627906976744186, 0.5897435897435898, 0.6153846153846154, 0.6, 0.6097560975609756, 0.6136363636363636, 0.6486486486486487,        
0.6428571428571428, 0.6052631578947368, 0.6222222222222222, 0.627906976744186, 0.5897435897435898, 0.6153846153846154, 0.6, 0.6097560975609756, 0.6136363636363636, 0.6486486486486487,        
0.6428571428571428, 0.6052631578947368, 0.6222222222222222, 0.627906976744186, 0.5897435897435898, 0.6153846153846154, 0.6, 0.6097560975609756, 0.6136363636363636, 0.6486486486486487,        
0.6428571428571428, 0.6052631578947368, 0.6222222222222222, 0.627906976744186, 0.5897435897435898, 0.6153846153846154, 0.6, 0.6097560975609756, 0.6136363636363636, 0.6486486486486487,        
0.6428571428571428, 0.6052631578947368, 0.6222222222222222, 0.627906976744186, 0.5897435897435898, 0.6153846153846154, 0.6, 0.6097560975609756, 0.6136363636363636, 0.6486486486486487,        
0.6428571428571428, 0.6052631578947368, 0.6222222222222222, 0.627906976744186, 0.5897435897435898, 0.6153846153846154, 0.6, 0.6097560975609756, 0.6136363636363636, 0.6486486486486487,        
0.6428571428571428, 0.6052631578947368, 0.6222222222222222, 0.627906976744186, 0.5897435897435898, 0.6153846153846154, 0.6, 0.6097560975609756, 0.6136363636363636, 0.6486486486486487,        
0.6428571428571428, 0.6052631578947368, 0.6222222222222222, 0.627906976744186, 0.5897435897435898, 0.6153846153846154, 0.6, 0.6097560975609756, 0.6136363636363636, 0.6486486486486487,        
0.6428571428571428, 0.6052631578947368, 0.6222222222222222, 0.627906976744186, 0.5897435897435898, 0.6153846153846154, 0.6, 0.6097560975609756, 0.6136363636363636, 0.6486486486486487,        
0.6428571428571428, 0.6052631578947368, 0.6222222222222222, 0.627906976744186, 0.5897435897435898, 0.6153846153846154, 0.6, 0.6097560975609756, 0.6136363636363636, 0.6486486486486487,        
0.6428571428571428, 0.6052631578947368, 0.6222222222222222, 0.627906976744186, 0.5897435897435898, 0.6153846153846154, 0.6, 0.6097560975609756, 0.6136363636363636, 0.6486486486486487,        
0.6428571428571428, 0.6052631578947368, 0.6222222222222222, 0.627906976744186, 0.5897435897435898, 0.6153846153846154, 0.6, 0.6097560975609756, 0.6136363636363636, 0.6486486486486487,        
0.6428571428571428, 0.6052631578947368, 0.6222222222222222, 0.627906976744186, 0.5897435897435898, 0.6153846153846154, 0.6, 0.6097560975609756, 0.6136363636363636, 0.6486486486486487,        
0.6428571428571428, 0.6052631578947368, 0.6222222222222222, 0.627906976744186, 0.5897435897435898, 0.6153846153846154, 0.6, 0.6097560975609756, 0.6136363636363636, 0.6486486486486487,        
0.6428571428571428, 0.6052631578947368, 0.6222222222222222, 0.627906976744186, 0.5897435897435898, 0.6153846153846154, 0.6, 0.6097560975609756, 0.6136363636363636, 0.6486486486486487,        
0.6428571428571428, 0.6052631578947368, 0.6222222222222222, 0.627906976744186, 0.5897435897435898, 0.6153846153846154, 0.6, 0.6097560975609756, 0.6136363636363636, 0.6486486486486487,        
0.6428571428571428, 0.6052631578947368, 0.6222222222222222, 0.627906976744186, 0.5897435897435898, 0.6153846153846154, 0.6, 0.6097560975609756, 0.6136363636363636, 0.6486486486486487,        
0.6428571428571428, 0.6052631578947368, 0.6222222222222222, 0.627906976744186, 0.5897435897435898, 0.6153846153846154, 0.5897435897435898, 0.6097560975609756, 0.6136363636363636, 0.6486486486486487,        
0.6428571428571428, 0.6052631578947368, 0.6222222222222222, 0.627906976744186, 0.5897435897435898, 0.6153846153846154, 0.5897435897435898, 0.6097560975609756, 0.6136363636363636, 0.6486486486486487,        
0.6428571428571428, 0.6052631578947368, 0.6222222222222222, 0.627906976744186, 0.5897435897435898, 0.6153846153846154, 0.5897435897435898, 0.6097560975609756, 0.6136363636363636, 0.6486486486486487,        
0.6428571428571428, 0.6052631578947368, 0.6222222222222222, 0.627906976744186, 0.5897435897435898, 0.6153846153846154, 0.5897435897435898, 0.6097560975609756, 0.6136363636363636, 0.6486486486486487,        
0.6428571428571428, 0.6052631578947368, 0.6222222222222222, 0.627906976744186, 0.5897435897435898, 0.6153846153846154, 0.5897435897435898, 0.6097560975609756, 0.6136363636363636, 0.6486486486486487,        
0.6428571428571428, 0.6052631578947368, 0.6222222222222222, 0.627906976744186, 0.5897435897435898, 0.6153846153846154, 0.5897435897435898, 0.6097560975609756, 0.6136363636363636, 0.6486486486486487,        
0.6428571428571428, 0.6052631578947368, 0.6222222222222222, 0.627906976744186, 0.5897435897435898, 0.6153846153846154, 0.6, 0.6097560975609756, 0.6136363636363636, 0.6486486486486487,        
0.6428571428571428, 0.6052631578947368, 0.6222222222222222, 0.627906976744186, 0.5897435897435898, 0.6153846153846154, 0.6, 0.6097560975609756, 0.6136363636363636, 0.6486486486486487,        
0.6428571428571428, 0.6052631578947368, 0.6222222222222222, 0.627906976744186, 0.5897435897435898, 0.6153846153846154, 0.6, 0.6097560975609756, 0.6136363636363636, 0.6486486486486487,        
0.6428571428571428, 0.6052631578947368, 0.6222222222222222, 0.627906976744186, 0.5897435897435898, 0.6153846153846154, 0.6, 0.6097560975609756, 0.6136363636363636, 0.6486486486486487,        
0.6428571428571428, 0.6052631578947368, 0.6222222222222222, 0.627906976744186, 0.5897435897435898, 0.6153846153846154, 0.6, 0.6097560975609756, 0.6136363636363636, 0.6486486486486487,        
0.6428571428571428, 0.6052631578947368, 0.6222222222222222, 0.627906976744186, 0.5897435897435898, 0.6153846153846154, 0.6, 0.6097560975609756, 0.6136363636363636, 0.6486486486486487,        
0.6428571428571428, 0.6052631578947368, 0.6222222222222222, 0.627906976744186, 0.5897435897435898, 0.6153846153846154, 0.6, 0.6097560975609756, 0.6136363636363636, 0.6486486486486487,        
0.6428571428571428, 0.6052631578947368, 0.6222222222222222, 0.627906976744186, 0.5897435897435898, 0.6153846153846154, 0.6, 0.6097560975609756, 0.6136363636363636, 0.6486486486486487,        
0.6428571428571428, 0.6052631578947368, 0.6222222222222222, 0.627906976744186, 0.5897435897435898, 0.6153846153846154, 0.6, 0.6097560975609756, 0.6136363636363636, 0.6486486486486487,        
0.6428571428571428, 0.6052631578947368, 0.6222222222222222, 0.627906976744186, 0.5897435897435898, 0.6153846153846154, 0.6, 0.6097560975609756, 0.6136363636363636, 0.6486486486486487,        
0.6428571428571428, 0.6052631578947368, 0.6222222222222222, 0.627906976744186, 0.5897435897435898, 0.6153846153846154, 0.6, 0.6097560975609756, 0.6136363636363636, 0.6486486486486487,        
0.6428571428571428, 0.6052631578947368, 0.6222222222222222, 0.627906976744186, 0.5897435897435898, 0.6153846153846154, 0.6, 0.6097560975609756, 0.6136363636363636, 0.6486486486486487,        
0.6428571428571428, 0.6052631578947368, 0.6222222222222222, 0.627906976744186, 0.5897435897435898, 0.6153846153846154, 0.6, 0.6097560975609756, 0.6136363636363636, 0.6486486486486487,        
0.6428571428571428, 0.6052631578947368, 0.6222222222222222, 0.627906976744186, 0.5897435897435898, 0.6153846153846154, 0.6, 0.6097560975609756, 0.6136363636363636, 0.6486486486486487,        
0.6428571428571428, 0.6052631578947368, 0.6222222222222222, 0.627906976744186, 0.5897435897435898, 0.6153846153846154, 0.6, 0.6097560975609756, 0.6136363636363636, 0.6486486486486487,        
0.6428571428571428, 0.6052631578947368, 0.6222222222222222, 0.627906976744186, 0.5897435897435898, 0.6153846153846154, 0.6, 0.6097560975609756, 0.6136363636363636, 0.6486486486486487,        
0.6428571428571428, 0.6052631578947368, 0.6222222222222222, 0.627906976744186, 0.5897435897435898, 0.6153846153846154, 0.6, 0.6097560975609756, 0.6136363636363636, 0.6486486486486487,        
0.6428571428571428, 0.6052631578947368, 0.6222222222222222, 0.627906976744186, 0.5897435897435898, 0.6153846153846154, 0.6, 0.6097560975609756, 0.6136363636363636, 0.6486486486486487,        
0.6428571428571428, 0.6052631578947368, 0.6222222222222222, 0.627906976744186, 0.5897435897435898, 0.6153846153846154, 0.6, 0.6097560975609756, 0.6136363636363636, 0.6486486486486487,        
0.6428571428571428, 0.6052631578947368, 0.6222222222222222, 0.627906976744186, 0.5897435897435898, 0.6153846153846154, 0.6, 0.6097560975609756, 0.6136363636363636, 0.6486486486486487,        
0.6428571428571428, 0.6052631578947368, 0.6222222222222222, 0.627906976744186, 0.5897435897435898, 0.6153846153846154, 0.6, 0.6097560975609756, 0.6136363636363636, 0.6486486486486487,        
0.6428571428571428, 0.6052631578947368, 0.6222222222222222, 0.627906976744186, 0.5897435897435898, 0.6153846153846154, 0.6, 0.6097560975609756, 0.6136363636363636, 0.6486486486486487,        
0.6428571428571428, 0.6052631578947368, 0.6222222222222222, 0.627906976744186, 0.5897435897435898, 0.6153846153846154, 0.6, 0.6097560975609756, 0.6136363636363636, 0.6486486486486487,        
0.625, 0.6052631578947368, 0.6222222222222222, 0.627906976744186, 0.5897435897435898, 0.6153846153846154, 0.6, 0.6097560975609756, 0.6136363636363636, 0.6486486486486487,        
0.625, 0.6052631578947368, 0.6222222222222222, 0.627906976744186, 0.5897435897435898, 0.6153846153846154, 0.6, 0.6097560975609756, 0.6136363636363636, 0.6486486486486487,        
0.625, 0.6052631578947368, 0.6222222222222222, 0.627906976744186, 0.5897435897435898, 0.6153846153846154, 0.6, 0.6097560975609756, 0.6136363636363636, 0.6486486486486487,        
0.625, 0.6052631578947368, 0.6222222222222222, 0.627906976744186, 0.5897435897435898, 0.6153846153846154, 0.6, 0.6097560975609756, 0.6136363636363636, 0.6486486486486487,        
0.625, 0.6052631578947368, 0.6222222222222222, 0.627906976744186, 0.5897435897435898, 0.5952380952380952, 0.6, 0.6097560975609756, 0.6136363636363636, 0.6486486486486487,        
0.625, 0.6052631578947368, 0.6222222222222222, 0.627906976744186, 0.5897435897435898, 0.5952380952380952, 0.6, 0.6097560975609756, 0.6136363636363636, 0.6486486486486487,        
0.625, 0.6052631578947368, 0.6222222222222222, 0.627906976744186, 0.5897435897435898, 0.5952380952380952, 0.6, 0.6097560975609756, 0.6136363636363636, 0.6486486486486487,        
0.625, 0.6052631578947368, 0.6222222222222222, 0.627906976744186, 0.5897435897435898, 0.5952380952380952, 0.6, 0.6097560975609756, 0.6136363636363636, 0.6486486486486487,        
0.625, 0.6052631578947368, 0.6222222222222222, 0.627906976744186, 0.5897435897435898, 0.5952380952380952, 0.6, 0.6097560975609756, 0.6136363636363636, 0.6486486486486487,        
0.625, 0.6052631578947368, 0.6222222222222222, 0.627906976744186, 0.5897435897435898, 0.5952380952380952, 0.6, 0.6097560975609756, 0.6136363636363636, 0.6486486486486487,        
0.625, 0.6052631578947368, 0.6222222222222222, 0.627906976744186, 0.5897435897435898, 0.5952380952380952, 0.6, 0.6097560975609756, 0.6136363636363636, 0.6486486486486487,        
0.625, 0.6052631578947368, 0.6222222222222222, 0.627906976744186, 0.5897435897435898, 0.5952380952380952, 0.6, 0.6097560975609756, 0.6136363636363636, 0.6486486486486487,        
0.625, 0.6052631578947368, 0.6222222222222222, 0.627906976744186, 0.5897435897435898, 0.5952380952380952, 0.6, 0.6097560975609756, 0.6136363636363636, 0.6486486486486487,        
0.625, 0.6052631578947368, 0.6222222222222222, 0.627906976744186, 0.5897435897435898, 0.5952380952380952, 0.6, 0.6097560975609756, 0.6136363636363636, 0.6486486486486487,        
0.625, 0.6052631578947368, 0.6222222222222222, 0.627906976744186, 0.5897435897435898, 0.5952380952380952, 0.6, 0.6097560975609756, 0.6136363636363636, 0.6486486486486487,        
0.625, 0.6052631578947368, 0.6222222222222222, 0.627906976744186, 0.5897435897435898, 0.5952380952380952, 0.6, 0.6097560975609756, 0.6136363636363636, 0.6486486486486487,        
0.625, 0.6052631578947368, 0.6222222222222222, 0.627906976744186, 0.5897435897435898, 0.5952380952380952, 0.6, 0.6097560975609756, 0.6136363636363636, 0.6486486486486487,        
0.625, 0.6052631578947368, 0.6222222222222222, 0.627906976744186, 0.5897435897435898, 0.5952380952380952, 0.6, 0.6097560975609756, 0.6136363636363636, 0.6486486486486487,        
0.625, 0.6052631578947368, 0.6222222222222222, 0.627906976744186, 0.5897435897435898, 0.5952380952380952, 0.6, 0.6097560975609756, 0.6136363636363636, 0.6486486486486487,        
0.625, 0.6052631578947368, 0.6222222222222222, 0.627906976744186, 0.5897435897435898, 0.5952380952380952, 0.6, 0.6097560975609756, 0.6136363636363636, 0.6486486486486487,        
0.625, 0.6052631578947368, 0.6222222222222222, 0.627906976744186, 0.5897435897435898, 0.5952380952380952, 0.6, 0.6097560975609756, 0.6136363636363636, 0.6486486486486487,        
0.625, 0.6052631578947368, 0.6222222222222222, 0.627906976744186, 0.5897435897435898, 0.5952380952380952, 0.6, 0.6097560975609756, 0.6136363636363636, 0.6486486486486487,        
0.625, 0.6052631578947368, 0.6222222222222222, 0.627906976744186, 0.5897435897435898, 0.5952380952380952, 0.6, 0.6097560975609756, 0.6136363636363636, 0.6486486486486487,        
0.625, 0.6052631578947368, 0.6222222222222222, 0.627906976744186, 0.5897435897435898, 0.5952380952380952, 0.6, 0.6097560975609756, 0.6136363636363636, 0.6486486486486487,        
0.625, 0.6052631578947368, 0.6222222222222222, 0.627906976744186, 0.5897435897435898, 0.5952380952380952, 0.6, 0.6097560975609756, 0.6136363636363636, 0.6486486486486487,        
0.625, 0.6052631578947368, 0.6222222222222222, 0.627906976744186, 0.5897435897435898, 0.5952380952380952, 0.6, 0.6097560975609756, 0.6136363636363636, 0.6486486486486487,        
0.625, 0.6052631578947368, 0.6222222222222222, 0.627906976744186, 0.5897435897435898, 0.5952380952380952, 0.6, 0.6097560975609756, 0.6136363636363636, 0.6486486486486487,        
0.625, 0.6052631578947368, 0.6222222222222222, 0.627906976744186, 0.5897435897435898, 0.5952380952380952, 0.6, 0.6097560975609756, 0.6136363636363636, 0.6486486486486487,        
0.625, 0.6052631578947368, 0.6222222222222222, 0.627906976744186, 0.5897435897435898, 0.5952380952380952, 0.6, 0.6097560975609756, 0.6136363636363636, 0.6486486486486487,        
0.625, 0.6052631578947368, 0.6222222222222222, 0.627906976744186, 0.5897435897435898, 0.5952380952380952, 0.6, 0.6097560975609756, 0.6136363636363636, 0.6486486486486487,        
0.625, 0.6052631578947368, 0.6222222222222222, 0.627906976744186, 0.5897435897435898, 0.5952380952380952, 0.6, 0.6097560975609756, 0.6136363636363636, 0.6486486486486487,        
0.625, 0.6052631578947368, 0.6222222222222222, 0.627906976744186, 0.5897435897435898, 0.5952380952380952, 0.6, 0.6097560975609756, 0.6136363636363636, 0.6486486486486487,        
0.625, 0.6052631578947368, 0.6222222222222222, 0.627906976744186, 0.5897435897435898, 0.5952380952380952, 0.6, 0.6097560975609756, 0.6136363636363636, 0.6486486486486487,        
0.625, 0.6052631578947368, 0.6222222222222222, 0.627906976744186, 0.5897435897435898, 0.5952380952380952, 0.6, 0.6097560975609756, 0.6136363636363636, 0.6486486486486487,        
0.625, 0.6052631578947368, 0.6222222222222222, 0.627906976744186, 0.5897435897435898, 0.5952380952380952, 0.6, 0.6097560975609756, 0.6136363636363636, 0.6486486486486487,        
0.625, 0.6052631578947368, 0.6222222222222222, 0.627906976744186, 0.5897435897435898, 0.5952380952380952, 0.6, 0.6097560975609756, 0.6136363636363636, 0.6486486486486487,        
0.625, 0.6052631578947368, 0.6222222222222222, 0.627906976744186, 0.5897435897435898, 0.5952380952380952, 0.6, 0.6097560975609756, 0.6136363636363636, 0.6486486486486487,        
0.625, 0.6052631578947368, 0.6222222222222222, 0.627906976744186, 0.5897435897435898, 0.5952380952380952, 0.6, 0.6097560975609756, 0.6136363636363636, 0.6486486486486487,        
0.625, 0.6052631578947368, 0.6222222222222222, 0.627906976744186, 0.5897435897435898, 0.5952380952380952, 0.6, 0.6097560975609756, 0.6136363636363636, 0.6486486486486487,        
0.625, 0.6052631578947368, 0.6222222222222222, 0.627906976744186, 0.5897435897435898, 0.5952380952380952, 0.6, 0.6097560975609756, 0.6136363636363636, 0.6486486486486487,        
0.625, 0.6052631578947368, 0.6222222222222222, 0.627906976744186, 0.5897435897435898, 0.5952380952380952, 0.6, 0.6097560975609756, 0.6136363636363636, 0.6486486486486487,        
0.625, 0.6052631578947368, 0.6222222222222222, 0.627906976744186, 0.5897435897435898, 0.5952380952380952, 0.6, 0.6428571428571428, 0.6136363636363636, 0.6486486486486487,        
0.625, 0.6052631578947368, 0.6222222222222222, 0.627906976744186, 0.5897435897435898, 0.5952380952380952, 0.6, 0.6428571428571428, 0.6136363636363636, 0.6486486486486487,        
0.625, 0.6052631578947368, 0.6222222222222222, 0.627906976744186, 0.5897435897435898, 0.5952380952380952, 0.6, 0.6428571428571428, 0.6136363636363636, 0.6486486486486487,        
0.625, 0.6052631578947368, 0.6222222222222222, 0.627906976744186, 0.5897435897435898, 0.5952380952380952, 0.6, 0.6428571428571428, 0.6136363636363636, 0.6486486486486487,        
0.625, 0.6052631578947368, 0.6222222222222222, 0.627906976744186, 0.5897435897435898, 0.5952380952380952, 0.6, 0.6428571428571428, 0.6136363636363636, 0.6486486486486487,        
0.625, 0.6052631578947368, 0.6222222222222222, 0.627906976744186, 0.5897435897435898, 0.5952380952380952, 0.6, 0.6428571428571428, 0.6136363636363636, 0.6486486486486487,        
0.625, 0.6052631578947368, 0.6222222222222222, 0.627906976744186, 0.5897435897435898, 0.5952380952380952, 0.6, 0.6428571428571428, 0.6136363636363636, 0.6486486486486487,        
0.625, 0.6052631578947368, 0.6222222222222222, 0.627906976744186, 0.5897435897435898, 0.5952380952380952, 0.6, 0.6428571428571428, 0.6136363636363636, 0.6486486486486487,        
0.625, 0.6052631578947368, 0.6222222222222222, 0.627906976744186, 0.5897435897435898, 0.5952380952380952, 0.6, 0.6428571428571428, 0.6136363636363636, 0.641025641025641,        
0.625, 0.6052631578947368, 0.6222222222222222, 0.627906976744186, 0.5897435897435898, 0.5952380952380952, 0.6, 0.6428571428571428, 0.6136363636363636, 0.641025641025641,        
0.625, 0.6052631578947368, 0.6222222222222222, 0.627906976744186, 0.5897435897435898, 0.5952380952380952, 0.6, 0.6428571428571428, 0.6136363636363636, 0.641025641025641,        
0.625, 0.6052631578947368, 0.6222222222222222, 0.627906976744186, 0.5897435897435898, 0.5952380952380952, 0.6, 0.6428571428571428, 0.6136363636363636, 0.641025641025641,        
0.625, 0.6052631578947368, 0.6222222222222222, 0.627906976744186, 0.5897435897435898, 0.5952380952380952, 0.6, 0.6428571428571428, 0.6136363636363636, 0.641025641025641,        
0.625, 0.6052631578947368, 0.6222222222222222, 0.627906976744186, 0.5897435897435898, 0.5952380952380952, 0.6, 0.6428571428571428, 0.6136363636363636, 0.641025641025641,        
0.625, 0.6052631578947368, 0.6222222222222222, 0.627906976744186, 0.5897435897435898, 0.5952380952380952, 0.6, 0.6428571428571428, 0.6136363636363636, 0.641025641025641,        
0.625, 0.6052631578947368, 0.6222222222222222, 0.627906976744186, 0.5897435897435898, 0.5952380952380952, 0.6, 0.6428571428571428, 0.6136363636363636, 0.641025641025641,        
0.625, 0.6052631578947368, 0.6222222222222222, 0.627906976744186, 0.5897435897435898, 0.5952380952380952, 0.6, 0.6428571428571428, 0.6136363636363636, 0.641025641025641,        
0.625, 0.6052631578947368, 0.6222222222222222, 0.627906976744186, 0.5897435897435898, 0.5952380952380952, 0.6, 0.6428571428571428, 0.6136363636363636, 0.641025641025641,        
0.625, 0.6052631578947368, 0.6222222222222222, 0.627906976744186, 0.5897435897435898, 0.5952380952380952, 0.6, 0.6428571428571428, 0.6136363636363636, 0.641025641025641,        
0.625, 0.6052631578947368, 0.6222222222222222, 0.627906976744186, 0.5897435897435898, 0.5952380952380952, 0.6, 0.6428571428571428, 0.6136363636363636, 0.641025641025641,        
0.625, 0.6052631578947368, 0.6222222222222222, 0.627906976744186, 0.5897435897435898, 0.5952380952380952, 0.6, 0.6428571428571428, 0.6136363636363636, 0.641025641025641,        
0.625, 0.6052631578947368, 0.6222222222222222, 0.627906976744186, 0.5897435897435898, 0.5952380952380952, 0.6, 0.6428571428571428, 0.6136363636363636, 0.641025641025641,        
0.625, 0.6052631578947368, 0.6222222222222222, 0.627906976744186, 0.5897435897435898, 0.5952380952380952, 0.6, 0.6428571428571428, 0.6136363636363636, 0.641025641025641,        
0.625, 0.6052631578947368, 0.6222222222222222, 0.627906976744186, 0.5897435897435898, 0.5952380952380952, 0.6, 0.6428571428571428, 0.6136363636363636, 0.641025641025641,        
0.625, 0.6052631578947368, 0.6222222222222222, 0.627906976744186, 0.5897435897435898, 0.5952380952380952, 0.6, 0.6428571428571428, 0.6136363636363636, 0.641025641025641,        
0.625, 0.6052631578947368, 0.6222222222222222, 0.627906976744186, 0.5897435897435898, 0.5952380952380952, 0.6, 0.6428571428571428, 0.6136363636363636, 0.641025641025641,        
0.625, 0.6052631578947368, 0.6222222222222222, 0.627906976744186, 0.5897435897435898, 0.5952380952380952, 0.6, 0.6428571428571428, 0.6136363636363636, 0.641025641025641,        
0.625, 0.6052631578947368, 0.6222222222222222, 0.627906976744186, 0.5897435897435898, 0.5952380952380952, 0.6, 0.6428571428571428, 0.6136363636363636, 0.641025641025641,        
0.625, 0.6052631578947368, 0.6222222222222222, 0.627906976744186, 0.5897435897435898, 0.5952380952380952, 0.6, 0.6428571428571428, 0.6136363636363636, 0.641025641025641,        
0.625, 0.6052631578947368, 0.6222222222222222, 0.627906976744186, 0.5897435897435898, 0.5952380952380952, 0.6, 0.6428571428571428, 0.6136363636363636, 0.641025641025641,        
0.625, 0.6052631578947368, 0.6222222222222222, 0.627906976744186, 0.5897435897435898, 0.5952380952380952, 0.6, 0.6428571428571428, 0.6136363636363636, 0.641025641025641,        
0.625, 0.6052631578947368, 0.6222222222222222, 0.627906976744186, 0.5897435897435898, 0.5952380952380952, 0.6, 0.6428571428571428, 0.6136363636363636, 0.641025641025641,        
0.625, 0.6052631578947368, 0.6222222222222222, 0.627906976744186, 0.5897435897435898, 0.5952380952380952, 0.6, 0.6428571428571428, 0.6136363636363636, 0.641025641025641,        
0.625, 0.6052631578947368, 0.6222222222222222, 0.627906976744186, 0.5897435897435898, 0.5952380952380952, 0.6, 0.6428571428571428, 0.6136363636363636, 0.641025641025641,        
0.625, 0.6052631578947368, 0.6222222222222222, 0.627906976744186, 0.5897435897435898, 0.5952380952380952, 0.6, 0.6428571428571428, 0.6136363636363636, 0.641025641025641,        
0.625, 0.6052631578947368, 0.6222222222222222, 0.627906976744186, 0.5897435897435898, 0.5952380952380952, 0.6, 0.6428571428571428, 0.6136363636363636, 0.641025641025641,        
0.625, 0.6052631578947368, 0.6222222222222222, 0.627906976744186, 0.5897435897435898, 0.5952380952380952, 0.6, 0.6428571428571428, 0.6136363636363636, 0.641025641025641,        
0.625, 0.6052631578947368, 0.6222222222222222, 0.627906976744186, 0.5897435897435898, 0.5952380952380952, 0.6, 0.6428571428571428, 0.6136363636363636, 0.641025641025641,        
0.625, 0.6052631578947368, 0.6222222222222222, 0.627906976744186, 0.5897435897435898, 0.5952380952380952, 0.6, 0.6428571428571428, 0.6136363636363636, 0.641025641025641,        
0.625, 0.6052631578947368, 0.6222222222222222, 0.627906976744186, 0.5897435897435898, 0.5952380952380952, 0.6, 0.6428571428571428, 0.6136363636363636, 0.641025641025641,        
0.625, 0.6052631578947368, 0.6222222222222222, 0.627906976744186, 0.5897435897435898, 0.5952380952380952, 0.6, 0.6428571428571428, 0.6136363636363636, 0.641025641025641,        
0.625, 0.6052631578947368, 0.6222222222222222, 0.627906976744186, 0.5897435897435898, 0.5952380952380952, 0.6, 0.6428571428571428, 0.6136363636363636, 0.641025641025641,        
0.625, 0.6052631578947368, 0.6222222222222222, 0.627906976744186, 0.5897435897435898, 0.5952380952380952, 0.6, 0.6428571428571428, 0.6136363636363636, 0.641025641025641,        
0.625, 0.6052631578947368, 0.6222222222222222, 0.627906976744186, 0.5897435897435898, 0.5952380952380952, 0.6, 0.6428571428571428, 0.6136363636363636, 0.641025641025641,        
0.625, 0.6052631578947368, 0.6222222222222222, 0.627906976744186, 0.5897435897435898, 0.5952380952380952, 0.6, 0.6428571428571428, 0.6136363636363636, 0.641025641025641,        
0.625, 0.6052631578947368, 0.6222222222222222, 0.627906976744186, 0.5897435897435898, 0.5952380952380952, 0.6, 0.6428571428571428, 0.6136363636363636, 0.641025641025641,        
0.625, 0.6052631578947368, 0.6222222222222222, 0.627906976744186, 0.5897435897435898, 0.5952380952380952, 0.6, 0.627906976744186, 0.6136363636363636, 0.641025641025641,        
0.625, 0.6052631578947368, 0.6222222222222222, 0.627906976744186, 0.5897435897435898, 0.5952380952380952, 0.6, 0.627906976744186, 0.6136363636363636, 0.641025641025641,        
0.625, 0.6052631578947368, 0.6222222222222222, 0.627906976744186, 0.5897435897435898, 0.5952380952380952, 0.6, 0.627906976744186, 0.6136363636363636, 0.641025641025641,        
0.625, 0.6052631578947368, 0.6222222222222222, 0.627906976744186, 0.5897435897435898, 0.5952380952380952, 0.6, 0.627906976744186, 0.6136363636363636, 0.641025641025641,        
0.625, 0.6052631578947368, 0.6222222222222222, 0.627906976744186, 0.5897435897435898, 0.5952380952380952, 0.6, 0.627906976744186, 0.6136363636363636, 0.641025641025641,        
0.625, 0.6052631578947368, 0.6222222222222222, 0.627906976744186, 0.5897435897435898, 0.5952380952380952, 0.6, 0.627906976744186, 0.6136363636363636, 0.641025641025641,        
0.625, 0.6052631578947368, 0.6222222222222222, 0.627906976744186, 0.5897435897435898, 0.5952380952380952, 0.6, 0.627906976744186, 0.6136363636363636, 0.641025641025641,        
0.625, 0.6052631578947368, 0.6222222222222222, 0.627906976744186, 0.5897435897435898, 0.5952380952380952, 0.6, 0.627906976744186, 0.6136363636363636, 0.641025641025641,        
0.625, 0.6052631578947368, 0.6222222222222222, 0.627906976744186, 0.5897435897435898, 0.5952380952380952, 0.6, 0.627906976744186, 0.6136363636363636, 0.641025641025641,        
0.625, 0.6052631578947368, 0.6222222222222222, 0.627906976744186, 0.5897435897435898, 0.5952380952380952, 0.6, 0.627906976744186, 0.6136363636363636, 0.641025641025641,        
0.625, 0.6052631578947368, 0.6222222222222222, 0.627906976744186, 0.5897435897435898, 0.5952380952380952, 0.6, 0.627906976744186, 0.6136363636363636, 0.641025641025641,        
0.625, 0.6052631578947368, 0.6222222222222222, 0.627906976744186, 0.5897435897435898, 0.5952380952380952, 0.6, 0.627906976744186, 0.6136363636363636, 0.641025641025641,        
0.625, 0.6052631578947368, 0.6222222222222222, 0.627906976744186, 0.5897435897435898, 0.5952380952380952, 0.6, 0.627906976744186, 0.6136363636363636, 0.641025641025641,        
0.625, 0.6052631578947368, 0.6222222222222222, 0.627906976744186, 0.5897435897435898, 0.5952380952380952, 0.6, 0.627906976744186, 0.6136363636363636, 0.641025641025641,        
0.625, 0.6052631578947368, 0.6222222222222222, 0.627906976744186, 0.5897435897435898, 0.5952380952380952, 0.6, 0.627906976744186, 0.6136363636363636, 0.641025641025641,        
0.625, 0.6052631578947368, 0.6222222222222222, 0.627906976744186, 0.5897435897435898, 0.5952380952380952, 0.6, 0.627906976744186, 0.6136363636363636, 0.641025641025641,        
0.625, 0.6052631578947368, 0.6222222222222222, 0.627906976744186, 0.5897435897435898, 0.5952380952380952, 0.6, 0.627906976744186, 0.6136363636363636, 0.641025641025641,        
0.625, 0.6052631578947368, 0.6222222222222222, 0.627906976744186, 0.5897435897435898, 0.5952380952380952, 0.6, 0.627906976744186, 0.6136363636363636, 0.5833333333333333,        
0.625, 0.6052631578947368, 0.6222222222222222, 0.627906976744186, 0.5897435897435898, 0.5952380952380952, 0.6, 0.627906976744186, 0.6136363636363636, 0.5833333333333333,        
0.625, 0.6052631578947368, 0.6222222222222222, 0.627906976744186, 0.5897435897435898, 0.5952380952380952, 0.6, 0.627906976744186, 0.6136363636363636, 0.5833333333333333,        
0.625, 0.6052631578947368, 0.6216216216216216, 0.627906976744186, 0.5897435897435898, 0.5952380952380952, 0.6, 0.627906976744186, 0.6136363636363636, 0.5833333333333333,        
0.625, 0.6052631578947368, 0.6216216216216216, 0.627906976744186, 0.5897435897435898, 0.5952380952380952, 0.6, 0.627906976744186, 0.6136363636363636, 0.5833333333333333,        
0.625, 0.6052631578947368, 0.6216216216216216, 0.627906976744186, 0.5897435897435898, 0.5952380952380952, 0.6, 0.627906976744186, 0.6136363636363636, 0.5833333333333333,        
0.625, 0.6052631578947368, 0.6216216216216216, 0.627906976744186, 0.5897435897435898, 0.5952380952380952, 0.6, 0.627906976744186, 0.6136363636363636, 0.5833333333333333,        
0.625, 0.6052631578947368, 0.6216216216216216, 0.627906976744186, 0.5897435897435898, 0.5952380952380952, 0.6, 0.627906976744186, 0.6136363636363636, 0.5833333333333333,        
0.625, 0.6052631578947368, 0.6216216216216216, 0.627906976744186, 0.5897435897435898, 0.5952380952380952, 0.6, 0.627906976744186, 0.6136363636363636, 0.5833333333333333,        
0.625, 0.6052631578947368, 0.6216216216216216, 0.627906976744186, 0.5897435897435898, 0.5952380952380952, 0.6, 0.627906976744186, 0.6136363636363636, 0.5833333333333333,        
0.625, 0.6052631578947368, 0.6216216216216216, 0.627906976744186, 0.5897435897435898, 0.5952380952380952, 0.6, 0.627906976744186, 0.6136363636363636, 0.5833333333333333,        
0.625, 0.6052631578947368, 0.6216216216216216, 0.627906976744186, 0.5897435897435898, 0.5952380952380952, 0.6, 0.627906976744186, 0.6136363636363636, 0.5833333333333333,        
0.625, 0.6052631578947368, 0.6216216216216216, 0.627906976744186, 0.5897435897435898, 0.5952380952380952, 0.6, 0.627906976744186, 0.6136363636363636, 0.5833333333333333,        
0.625, 0.6052631578947368, 0.6216216216216216, 0.627906976744186, 0.5897435897435898, 0.5952380952380952, 0.6, 0.627906976744186, 0.6136363636363636, 0.5833333333333333,        
0.625, 0.6052631578947368, 0.6216216216216216, 0.627906976744186, 0.5897435897435898, 0.5952380952380952, 0.6, 0.627906976744186, 0.6136363636363636, 0.5833333333333333,        
0.625, 0.6052631578947368, 0.6216216216216216, 0.627906976744186, 0.5897435897435898, 0.5952380952380952, 0.6, 0.627906976744186, 0.6136363636363636, 0.5833333333333333,        
0.625, 0.6052631578947368, 0.6216216216216216, 0.627906976744186, 0.5897435897435898, 0.5952380952380952, 0.6, 0.627906976744186, 0.6136363636363636, 0.5833333333333333,        
0.625, 0.6052631578947368, 0.6216216216216216, 0.627906976744186, 0.5897435897435898, 0.5952380952380952, 0.6, 0.627906976744186, 0.6136363636363636, 0.5833333333333333,        
0.625, 0.6052631578947368, 0.6216216216216216, 0.627906976744186, 0.5897435897435898, 0.5952380952380952, 0.6, 0.627906976744186, 0.6136363636363636, 0.5833333333333333,        
0.625, 0.6052631578947368, 0.6216216216216216, 0.627906976744186, 0.5897435897435898, 0.5952380952380952, 0.6, 0.627906976744186, 0.6136363636363636, 0.5833333333333333,        
0.625, 0.6052631578947368, 0.6216216216216216, 0.627906976744186, 0.5897435897435898, 0.5952380952380952, 0.6, 0.627906976744186, 0.6136363636363636, 0.5833333333333333,        
0.625, 0.6052631578947368, 0.6216216216216216, 0.627906976744186, 0.5897435897435898, 0.5952380952380952, 0.6, 0.627906976744186, 0.6136363636363636, 0.5833333333333333,        
0.625, 0.6052631578947368, 0.6216216216216216, 0.627906976744186, 0.5897435897435898, 0.5952380952380952, 0.6, 0.627906976744186, 0.6136363636363636, 0.5833333333333333,        
0.625, 0.6052631578947368, 0.6216216216216216, 0.627906976744186, 0.5897435897435898, 0.5952380952380952, 0.6, 0.627906976744186, 0.6136363636363636, 0.5833333333333333,        
0.625, 0.6052631578947368, 0.6216216216216216, 0.627906976744186, 0.5897435897435898, 0.5952380952380952, 0.6, 0.627906976744186, 0.6136363636363636, 0.5833333333333333,        
0.625, 0.6052631578947368, 0.6216216216216216, 0.627906976744186, 0.5897435897435898, 0.5952380952380952, 0.6, 0.627906976744186, 0.6136363636363636, 0.5833333333333333,        
0.625, 0.6052631578947368, 0.6216216216216216, 0.627906976744186, 0.5897435897435898, 0.5952380952380952, 0.6, 0.627906976744186, 0.6136363636363636, 0.5833333333333333,        
0.625, 0.6052631578947368, 0.6216216216216216, 0.627906976744186, 0.5897435897435898, 0.5952380952380952, 0.6, 0.627906976744186, 0.6136363636363636, 0.5833333333333333,        
0.625, 0.6052631578947368, 0.6216216216216216, 0.627906976744186, 0.5897435897435898, 0.5952380952380952, 0.6, 0.627906976744186, 0.6136363636363636, 0.5833333333333333,        
0.625, 0.6052631578947368, 0.6216216216216216, 0.627906976744186, 0.5897435897435898, 0.5952380952380952, 0.6, 0.627906976744186, 0.6136363636363636, 0.5833333333333333,        
0.625, 0.6052631578947368, 0.6216216216216216, 0.627906976744186, 0.5897435897435898, 0.5952380952380952, 0.6, 0.627906976744186, 0.6136363636363636, 0.5833333333333333,        
0.625, 0.6052631578947368, 0.6216216216216216, 0.627906976744186, 0.5897435897435898, 0.5952380952380952, 0.6, 0.627906976744186, 0.6136363636363636, 0.5833333333333333,        
0.625, 0.6052631578947368, 0.6216216216216216, 0.627906976744186, 0.5897435897435898, 0.5952380952380952, 0.6, 0.627906976744186, 0.6136363636363636, 0.5833333333333333,        
0.625, 0.6052631578947368, 0.6216216216216216, 0.627906976744186, 0.5897435897435898, 0.5952380952380952, 0.6, 0.627906976744186, 0.6136363636363636, 0.5833333333333333,        
0.625, 0.6052631578947368, 0.6216216216216216, 0.627906976744186, 0.5897435897435898, 0.5952380952380952, 0.6, 0.627906976744186, 0.6136363636363636, 0.5833333333333333,        
0.625, 0.6052631578947368, 0.6216216216216216, 0.627906976744186, 0.5897435897435898, 0.5952380952380952, 0.6, 0.627906976744186, 0.6136363636363636, 0.5833333333333333,        
0.625, 0.6052631578947368, 0.6216216216216216, 0.627906976744186, 0.5897435897435898, 0.5952380952380952, 0.6, 0.627906976744186, 0.6136363636363636, 0.5833333333333333,        
0.625, 0.6052631578947368, 0.6216216216216216, 0.627906976744186, 0.5897435897435898, 0.5952380952380952, 0.6, 0.627906976744186, 0.6136363636363636, 0.5833333333333333,        
0.625, 0.6052631578947368, 0.6216216216216216, 0.627906976744186, 0.5897435897435898, 0.5952380952380952, 0.6, 0.627906976744186, 0.6136363636363636, 0.5833333333333333,        
0.625, 0.6052631578947368, 0.6216216216216216, 0.627906976744186, 0.5897435897435898, 0.5952380952380952, 0.6, 0.627906976744186, 0.6136363636363636, 0.5833333333333333,        
0.625, 0.6052631578947368, 0.6216216216216216, 0.627906976744186, 0.5897435897435898, 0.5952380952380952, 0.6, 0.627906976744186, 0.6136363636363636, 0.5833333333333333,        
0.625, 0.6052631578947368, 0.6216216216216216, 0.627906976744186, 0.5897435897435898, 0.5952380952380952, 0.6, 0.627906976744186, 0.6136363636363636, 0.5833333333333333,        
0.625, 0.6052631578947368, 0.6216216216216216, 0.627906976744186, 0.5897435897435898, 0.5952380952380952, 0.6, 0.627906976744186, 0.6136363636363636, 0.5833333333333333,        
0.625, 0.6052631578947368, 0.6216216216216216, 0.627906976744186, 0.5897435897435898, 0.5952380952380952, 0.6, 0.627906976744186, 0.6136363636363636, 0.5833333333333333,        
0.625, 0.6052631578947368, 0.6216216216216216, 0.627906976744186, 0.5897435897435898, 0.5952380952380952, 0.6, 0.627906976744186, 0.6136363636363636, 0.5833333333333333,        
0.625, 0.6052631578947368, 0.6216216216216216, 0.627906976744186, 0.5897435897435898, 0.5952380952380952, 0.6, 0.627906976744186, 0.6136363636363636, 0.5833333333333333,        
0.625, 0.6052631578947368, 0.6216216216216216, 0.627906976744186, 0.5897435897435898, 0.5952380952380952, 0.6, 0.627906976744186, 0.6136363636363636, 0.5833333333333333,        
0.625, 0.6052631578947368, 0.6216216216216216, 0.627906976744186, 0.5897435897435898, 0.5952380952380952, 0.6, 0.627906976744186, 0.6136363636363636, 0.5833333333333333,        
0.625, 0.6052631578947368, 0.6216216216216216, 0.627906976744186, 0.5897435897435898, 0.5952380952380952, 0.6, 0.627906976744186, 0.6136363636363636, 0.5833333333333333,        
0.625, 0.6052631578947368, 0.6216216216216216, 0.627906976744186, 0.5897435897435898, 0.5952380952380952, 0.6, 0.627906976744186, 0.6136363636363636, 0.5833333333333333,        
0.625, 0.6052631578947368, 0.6216216216216216, 0.627906976744186, 0.5897435897435898, 0.5952380952380952, 0.6, 0.627906976744186, 0.6136363636363636, 0.5833333333333333,        
0.625, 0.6052631578947368, 0.6216216216216216, 0.627906976744186, 0.5897435897435898, 0.5952380952380952, 0.6, 0.627906976744186, 0.6136363636363636, 0.5833333333333333,        
0.625, 0.6052631578947368, 0.6216216216216216, 0.627906976744186, 0.5897435897435898, 0.5952380952380952, 0.6, 0.627906976744186, 0.6136363636363636, 0.5833333333333333,        
0.625, 0.6052631578947368, 0.6216216216216216, 0.627906976744186, 0.5897435897435898, 0.5952380952380952, 0.6, 0.627906976744186, 0.6136363636363636, 0.5833333333333333,        
0.625, 0.6052631578947368, 0.6216216216216216, 0.627906976744186, 0.5897435897435898, 0.5952380952380952, 0.6, 0.627906976744186, 0.6136363636363636, 0.5833333333333333,        
0.625, 0.6052631578947368, 0.6216216216216216, 0.627906976744186, 0.5897435897435898, 0.5952380952380952, 0.6, 0.627906976744186, 0.6136363636363636, 0.5833333333333333,        
0.625, 0.6052631578947368, 0.6216216216216216, 0.627906976744186, 0.5897435897435898, 0.5952380952380952, 0.6, 0.627906976744186, 0.6136363636363636, 0.5833333333333333,        
0.625, 0.6052631578947368, 0.6216216216216216, 0.627906976744186, 0.5897435897435898, 0.5952380952380952, 0.6, 0.627906976744186, 0.6136363636363636, 0.5833333333333333,        
0.625, 0.6052631578947368, 0.6216216216216216, 0.627906976744186, 0.5897435897435898, 0.5952380952380952, 0.6, 0.627906976744186, 0.6136363636363636, 0.5833333333333333,        
0.625, 0.6052631578947368, 0.6216216216216216, 0.627906976744186, 0.5897435897435898, 0.5952380952380952, 0.6, 0.627906976744186, 0.6136363636363636, 0.5833333333333333,        
0.625, 0.6052631578947368, 0.6216216216216216, 0.627906976744186, 0.5897435897435898, 0.5952380952380952, 0.6, 0.627906976744186, 0.6136363636363636, 0.5833333333333333,        
0.625, 0.6052631578947368, 0.6216216216216216, 0.627906976744186, 0.5897435897435898, 0.5952380952380952, 0.6, 0.627906976744186, 0.6136363636363636, 0.5833333333333333,        
0.625, 0.6052631578947368, 0.6216216216216216, 0.627906976744186, 0.5897435897435898, 0.5952380952380952, 0.6, 0.627906976744186, 0.6136363636363636, 0.5833333333333333,        
0.625, 0.6046511627906976, 0.6216216216216216, 0.627906976744186, 0.5897435897435898, 0.5952380952380952, 0.6, 0.627906976744186, 0.6136363636363636, 0.5833333333333333,        
0.625, 0.6046511627906976, 0.6216216216216216, 0.627906976744186, 0.5897435897435898, 0.5952380952380952, 0.6, 0.627906976744186, 0.6136363636363636, 0.5833333333333333,        
0.625, 0.6046511627906976, 0.6216216216216216, 0.627906976744186, 0.5897435897435898, 0.5952380952380952, 0.6, 0.627906976744186, 0.6136363636363636, 0.5833333333333333,        
0.625, 0.6046511627906976, 0.6216216216216216, 0.627906976744186, 0.5897435897435898, 0.5952380952380952, 0.6, 0.627906976744186, 0.6136363636363636, 0.5833333333333333,        
0.625, 0.6046511627906976, 0.6216216216216216, 0.627906976744186, 0.5897435897435898, 0.5952380952380952, 0.6, 0.627906976744186, 0.6136363636363636, 0.5833333333333333,        
0.625, 0.6046511627906976, 0.6216216216216216, 0.627906976744186, 0.5897435897435898, 0.5952380952380952, 0.6, 0.627906976744186, 0.6136363636363636, 0.5833333333333333,        
0.625, 0.6046511627906976, 0.6216216216216216, 0.627906976744186, 0.5897435897435898, 0.5952380952380952, 0.6, 0.627906976744186, 0.6136363636363636, 0.5833333333333333,        
0.625, 0.6046511627906976, 0.6216216216216216, 0.627906976744186, 0.5897435897435898, 0.5952380952380952, 0.6, 0.627906976744186, 0.6136363636363636, 0.5833333333333333,        
0.625, 0.6046511627906976, 0.6216216216216216, 0.627906976744186, 0.5897435897435898, 0.5952380952380952, 0.6, 0.627906976744186, 0.6136363636363636, 0.5833333333333333,        
0.625, 0.6046511627906976, 0.6216216216216216, 0.627906976744186, 0.5897435897435898, 0.5952380952380952, 0.6, 0.627906976744186, 0.6136363636363636, 0.5833333333333333,        
0.625, 0.6046511627906976, 0.6216216216216216, 0.627906976744186, 0.5897435897435898, 0.5952380952380952, 0.6, 0.627906976744186, 0.6136363636363636, 0.5833333333333333,        
0.625, 0.6046511627906976, 0.6216216216216216, 0.627906976744186, 0.5897435897435898, 0.5952380952380952, 0.6, 0.627906976744186, 0.6136363636363636, 0.5833333333333333,        
0.625, 0.6046511627906976, 0.6216216216216216, 0.627906976744186, 0.5897435897435898, 0.5952380952380952, 0.6, 0.627906976744186, 0.6136363636363636, 0.5833333333333333,        
0.625, 0.6046511627906976, 0.6216216216216216, 0.627906976744186, 0.5897435897435898, 0.5952380952380952, 0.6, 0.627906976744186, 0.6136363636363636, 0.5833333333333333,        
0.625, 0.6046511627906976, 0.6216216216216216, 0.627906976744186, 0.5897435897435898, 0.5952380952380952, 0.6, 0.627906976744186, 0.6136363636363636, 0.5833333333333333,        
0.625, 0.6046511627906976, 0.6216216216216216, 0.627906976744186, 0.5897435897435898, 0.5952380952380952, 0.6, 0.627906976744186, 0.6136363636363636, 0.5833333333333333,        
0.625, 0.6046511627906976, 0.6216216216216216, 0.627906976744186, 0.5897435897435898, 0.5952380952380952, 0.6, 0.627906976744186, 0.6136363636363636, 0.5833333333333333,        
0.625, 0.6046511627906976, 0.6216216216216216, 0.627906976744186, 0.5897435897435898, 0.5952380952380952, 0.6, 0.627906976744186, 0.6136363636363636, 0.5833333333333333,        
0.625, 0.6046511627906976, 0.6216216216216216, 0.627906976744186, 0.5897435897435898, 0.5952380952380952, 0.6, 0.627906976744186, 0.6136363636363636, 0.5833333333333333,        
0.625, 0.6046511627906976, 0.6216216216216216, 0.627906976744186, 0.5897435897435898, 0.5952380952380952, 0.6, 0.627906976744186, 0.6136363636363636, 0.5833333333333333,        
0.625, 0.6046511627906976, 0.6216216216216216, 0.627906976744186, 0.5897435897435898, 0.5952380952380952, 0.6, 0.627906976744186, 0.6136363636363636, 0.5833333333333333,        
0.625, 0.6046511627906976, 0.6216216216216216, 0.627906976744186, 0.5897435897435898, 0.5952380952380952, 0.6, 0.627906976744186, 0.6136363636363636, 0.5833333333333333,        
0.625, 0.6046511627906976, 0.6216216216216216, 0.627906976744186, 0.5897435897435898, 0.5952380952380952, 0.6, 0.627906976744186, 0.6136363636363636, 0.5833333333333333,        
0.625, 0.6046511627906976, 0.6216216216216216, 0.627906976744186, 0.5897435897435898, 0.5952380952380952, 0.6, 0.627906976744186, 0.6136363636363636, 0.5833333333333333,        
0.625, 0.6046511627906976, 0.6216216216216216, 0.627906976744186, 0.5897435897435898, 0.5952380952380952, 0.6, 0.627906976744186, 0.5853658536585367, 0.5833333333333333,        
0.625, 0.6046511627906976, 0.6216216216216216, 0.627906976744186, 0.5897435897435898, 0.5952380952380952, 0.6, 0.627906976744186, 0.5853658536585367, 0.5833333333333333,        
0.625, 0.6046511627906976, 0.6216216216216216, 0.627906976744186, 0.5897435897435898, 0.5952380952380952, 0.6, 0.627906976744186, 0.5853658536585367, 0.5833333333333333,        
0.625, 0.6046511627906976, 0.6216216216216216, 0.627906976744186, 0.5897435897435898, 0.5952380952380952, 0.6, 0.627906976744186, 0.5853658536585367, 0.5833333333333333,        
0.625, 0.6046511627906976, 0.6216216216216216, 0.627906976744186, 0.5897435897435898, 0.5952380952380952, 0.6, 0.627906976744186, 0.5853658536585367, 0.5833333333333333,        
0.625, 0.6046511627906976, 0.6216216216216216, 0.627906976744186, 0.5897435897435898, 0.5952380952380952, 0.6, 0.627906976744186, 0.5853658536585367, 0.5833333333333333,        
0.625, 0.6046511627906976, 0.6216216216216216, 0.627906976744186, 0.5897435897435898, 0.5952380952380952, 0.6, 0.627906976744186, 0.5853658536585367, 0.5833333333333333,        
0.625, 0.6046511627906976, 0.6216216216216216, 0.627906976744186, 0.5897435897435898, 0.5952380952380952, 0.6, 0.627906976744186, 0.5853658536585367, 0.5833333333333333,        
0.625, 0.6046511627906976, 0.6216216216216216, 0.627906976744186, 0.5897435897435898, 0.5952380952380952, 0.6, 0.627906976744186, 0.5853658536585367, 0.5833333333333333,        
0.625, 0.6046511627906976, 0.6216216216216216, 0.627906976744186, 0.5897435897435898, 0.5952380952380952, 0.6, 0.627906976744186, 0.5853658536585367, 0.5833333333333333,        
0.625, 0.6046511627906976, 0.6216216216216216, 0.627906976744186, 0.5897435897435898, 0.5952380952380952, 0.6, 0.627906976744186, 0.5853658536585367, 0.5833333333333333,        
0.625, 0.6046511627906976, 0.6216216216216216, 0.627906976744186, 0.5897435897435898, 0.5952380952380952, 0.6, 0.627906976744186, 0.5853658536585367, 0.5833333333333333,        
0.625, 0.6046511627906976, 0.6216216216216216, 0.627906976744186, 0.5897435897435898, 0.5952380952380952, 0.6, 0.627906976744186, 0.5853658536585367, 0.5833333333333333,        
0.625, 0.6046511627906976, 0.6216216216216216, 0.627906976744186, 0.5897435897435898, 0.5952380952380952, 0.6, 0.627906976744186, 0.5853658536585367, 0.5833333333333333,        
0.625, 0.6046511627906976, 0.6216216216216216, 0.627906976744186, 0.5897435897435898, 0.5952380952380952, 0.6, 0.627906976744186, 0.5853658536585367, 0.5833333333333333,        
0.625, 0.6046511627906976, 0.6216216216216216, 0.627906976744186, 0.5897435897435898, 0.5952380952380952, 0.6, 0.627906976744186, 0.5853658536585367, 0.5833333333333333,        
0.625, 0.6046511627906976, 0.6216216216216216, 0.627906976744186, 0.5897435897435898, 0.5952380952380952, 0.6, 0.627906976744186, 0.5853658536585367, 0.5833333333333333,        
0.625, 0.6046511627906976, 0.6216216216216216, 0.627906976744186, 0.5897435897435898, 0.5952380952380952, 0.6, 0.627906976744186, 0.5853658536585367, 0.5833333333333333,        
0.625, 0.6046511627906976, 0.6216216216216216, 0.627906976744186, 0.5897435897435898, 0.5952380952380952, 0.6, 0.627906976744186, 0.5853658536585367, 0.5833333333333333,        
0.625, 0.6046511627906976, 0.6216216216216216, 0.627906976744186, 0.5897435897435898, 0.5952380952380952, 0.6, 0.627906976744186, 0.5853658536585367, 0.5833333333333333,        
0.625, 0.6046511627906976, 0.6216216216216216, 0.627906976744186, 0.5897435897435898, 0.5952380952380952, 0.6, 0.627906976744186, 0.5853658536585367, 0.5833333333333333,        
0.625, 0.6046511627906976, 0.6216216216216216, 0.627906976744186, 0.5897435897435898, 0.5952380952380952, 0.6, 0.627906976744186, 0.5853658536585367, 0.5833333333333333,        
0.625, 0.6046511627906976, 0.6216216216216216, 0.627906976744186, 0.5897435897435898, 0.5952380952380952, 0.6, 0.627906976744186, 0.5853658536585367, 0.5833333333333333,        
0.625, 0.6046511627906976, 0.6216216216216216, 0.627906976744186, 0.5897435897435898, 0.5952380952380952, 0.6, 0.627906976744186, 0.5853658536585367, 0.5833333333333333,        
0.625, 0.6046511627906976, 0.6216216216216216, 0.627906976744186, 0.5897435897435898, 0.5952380952380952, 0.6, 0.627906976744186, 0.5853658536585367, 0.5833333333333333,        
0.625, 0.6046511627906976, 0.6216216216216216, 0.627906976744186, 0.5897435897435898, 0.5952380952380952, 0.6, 0.627906976744186, 0.5853658536585367, 0.5833333333333333,        
0.625, 0.6046511627906976, 0.6216216216216216, 0.627906976744186, 0.5897435897435898, 0.5952380952380952, 0.6, 0.627906976744186, 0.5853658536585367, 0.5833333333333333,        
0.625, 0.6046511627906976, 0.6216216216216216, 0.627906976744186, 0.5897435897435898, 0.5952380952380952, 0.6, 0.627906976744186, 0.5853658536585367, 0.5833333333333333,        
0.625, 0.6046511627906976, 0.6216216216216216, 0.627906976744186, 0.5897435897435898, 0.5952380952380952, 0.6, 0.627906976744186, 0.5853658536585367, 0.5833333333333333,        
0.625, 0.6046511627906976, 0.6216216216216216, 0.627906976744186, 0.5897435897435898, 0.5952380952380952, 0.6, 0.627906976744186, 0.5853658536585367, 0.5833333333333333,        
0.625, 0.6046511627906976, 0.6216216216216216, 0.627906976744186, 0.5897435897435898, 0.5952380952380952, 0.6, 0.627906976744186, 0.5853658536585367, 0.5833333333333333,        
0.625, 0.6046511627906976, 0.6216216216216216, 0.627906976744186, 0.5897435897435898, 0.5952380952380952, 0.6, 0.627906976744186, 0.5853658536585367, 0.5833333333333333,        
0.625, 0.6046511627906976, 0.6216216216216216, 0.627906976744186, 0.5897435897435898, 0.5952380952380952, 0.6, 0.627906976744186, 0.5853658536585367, 0.5833333333333333,        
0.625, 0.6046511627906976, 0.6216216216216216, 0.627906976744186, 0.5897435897435898, 0.5952380952380952, 0.6, 0.627906976744186, 0.5853658536585367, 0.5833333333333333,        
0.625, 0.6046511627906976, 0.6216216216216216, 0.627906976744186, 0.5897435897435898, 0.5952380952380952, 0.6, 0.627906976744186, 0.5853658536585367, 0.5833333333333333,        
0.625, 0.6046511627906976, 0.6216216216216216, 0.627906976744186, 0.5897435897435898, 0.5952380952380952, 0.6, 0.627906976744186, 0.5853658536585367, 0.5833333333333333,        
0.625, 0.6046511627906976, 0.6216216216216216, 0.627906976744186, 0.5897435897435898, 0.5952380952380952, 0.6, 0.627906976744186, 0.5853658536585367, 0.5833333333333333,        
0.625, 0.6046511627906976, 0.6216216216216216, 0.627906976744186, 0.5897435897435898, 0.5952380952380952, 0.6, 0.627906976744186, 0.5853658536585367, 0.5833333333333333,        
0.625, 0.6046511627906976, 0.6216216216216216, 0.627906976744186, 0.5897435897435898, 0.5952380952380952, 0.6, 0.627906976744186, 0.5853658536585367, 0.5833333333333333,        
0.625, 0.6046511627906976, 0.6216216216216216, 0.627906976744186, 0.5897435897435898, 0.5952380952380952, 0.6, 0.627906976744186, 0.5853658536585367, 0.5833333333333333,        
0.625, 0.6046511627906976, 0.6216216216216216, 0.627906976744186, 0.5897435897435898, 0.5952380952380952, 0.6, 0.627906976744186, 0.5853658536585367, 0.5833333333333333,        
0.625, 0.6046511627906976, 0.6216216216216216, 0.627906976744186, 0.5897435897435898, 0.5952380952380952, 0.6, 0.627906976744186, 0.5853658536585367, 0.5833333333333333,        
0.625, 0.6046511627906976, 0.6216216216216216, 0.627906976744186, 0.5897435897435898, 0.5952380952380952, 0.6, 0.627906976744186, 0.5853658536585367, 0.5833333333333333,        
0.625, 0.6046511627906976, 0.6216216216216216, 0.627906976744186, 0.5897435897435898, 0.5952380952380952, 0.6, 0.627906976744186, 0.5853658536585367, 0.5833333333333333,        
0.625, 0.6046511627906976, 0.6216216216216216, 0.627906976744186, 0.5897435897435898, 0.5952380952380952, 0.6, 0.627906976744186, 0.5853658536585367, 0.5833333333333333,        
0.625, 0.6046511627906976, 0.6216216216216216, 0.627906976744186, 0.5897435897435898, 0.5952380952380952, 0.6, 0.627906976744186, 0.5853658536585367, 0.5833333333333333,        
0.625, 0.6046511627906976, 0.6216216216216216, 0.627906976744186, 0.5897435897435898, 0.5952380952380952, 0.6, 0.627906976744186, 0.5853658536585367, 0.5833333333333333,        
0.625, 0.6046511627906976, 0.6216216216216216, 0.627906976744186, 0.5897435897435898, 0.5952380952380952, 0.6, 0.627906976744186, 0.5853658536585367, 0.5833333333333333,        
0.625, 0.6046511627906976, 0.6216216216216216, 0.627906976744186, 0.5897435897435898, 0.5952380952380952, 0.6, 0.627906976744186, 0.5853658536585367, 0.5833333333333333,        
