Run: 0
Solution: [2, 6, 10, 21, 25, 26, 33, 36, 39, 45, 54, 57, 64, 67, 68, 86, 89, 90, 101, 102, 464, 466, 525, 548, 561, 568, 572, 673]: Size: 28: Type: factual: Plausibility: -61249.50749711649: Novelty: 0.7021276595744681: Min Abs Distance: 0.625: Avg Frequency: 0.2891718771238277: Closest Item: [2, 6, 10, 21, 25, 26, 36, 46, 67, 86, 89, 92, 95, 98, 436, 464, 466, 492, 486, 522, 550, 549, 548, 572, 626, 627, 673]: Intersections: 15
Solution: [2, 6, 10, 21, 25, 26, 33, 36, 39, 45, 54, 57, 64, 67, 68, 86, 89, 90, 101, 102, 464, 466, 525, 548, 561, 568, 572, 673]: Size: 28: Type: factual: Plausibility: -61249.50749711649: Novelty: 0.7021276595744681: Min Abs Distance: 0.625: Avg Frequency: 0.2891718771238277: Closest Item: [2, 6, 10, 21, 25, 26, 36, 46, 67, 86, 89, 92, 95, 98, 436, 464, 466, 492, 486, 522, 550, 549, 548, 572, 626, 627, 673]: Intersections: 15
Solution: [2, 6, 10, 21, 25, 26, 33, 36, 39, 45, 54, 57, 64, 67, 68, 86, 89, 90, 101, 102, 464, 466, 525, 548, 561, 568, 572, 673]: Size: 28: Type: factual: Plausibility: -61249.50749711649: Novelty: 0.7021276595744681: Min Abs Distance: 0.625: Avg Frequency: 0.2891718771238277: Closest Item: [2, 6, 10, 21, 25, 26, 36, 46, 67, 86, 89, 92, 95, 98, 436, 464, 466, 492, 486, 522, 550, 549, 548, 572, 626, 627, 673]: Intersections: 15
Solution: [2, 6, 10, 21, 25, 26, 33, 36, 39, 45, 54, 57, 64, 67, 68, 86, 89, 90, 101, 102, 464, 466, 525, 548, 561, 568, 572, 673]: Size: 28: Type: factual: Plausibility: -61249.50749711649: Novelty: 0.7021276595744681: Min Abs Distance: 0.625: Avg Frequency: 0.2891718771238277: Closest Item: [2, 6, 10, 21, 25, 26, 36, 46, 67, 86, 89, 92, 95, 98, 436, 464, 466, 492, 486, 522, 550, 549, 548, 572, 626, 627, 673]: Intersections: 15
Solution: [2, 6, 10, 21, 25, 26, 33, 36, 39, 54, 57, 60, 64, 66, 68, 86, 89, 90, 101, 102, 464, 466, 525, 548, 561, 568, 572, 673]: Size: 28: Type: factual: Plausibility: -60565.36447520184: Novelty: 0.7021276595744681: Min Abs Distance: 0.6341463414634146: Avg Frequency: 0.28856871007204027: Closest Item: [2, 10, 21, 25, 26, 36, 46, 57, 66, 83, 86, 89, 90, 93, 98, 120, 464, 492, 486, 526, 522, 550, 549, 548, 572, 626, 627, 673]: Intersections: 15
Solution: [6, 25, 27, 36, 54, 72, 77, 83, 86, 89, 90, 98, 438, 464, 466, 492, 523, 525, 529, 550, 561, 563, 568, 570, 573, 579, 628, 647]: Size: 28: Type: analogical: Plausibility: -35539.804690503646: Novelty: 0.7: Min Abs Distance: 0.6511627906976745: Avg Frequency: 0.26382470209777537: Closest Item: [1, 23, 25, 27, 36, 44, 60, 72, 86, 89, 92, 95, 98, 311, 466, 492, 486, 525, 524, 522, 523, 550, 549, 548, 563, 570, 572, 614, 627, 647]: Intersections: 15
Solution: [2, 22, 28, 36, 45, 64, 65, 78, 86, 89, 92, 95, 96, 152, 464, 492, 496, 525, 546, 550, 560, 561, 567, 570, 597, 610, 642, 647]: Size: 28: Type: analogical: Plausibility: -25578.75355632449: Novelty: 0.7021276595744681: Min Abs Distance: 0.65: Avg Frequency: 0.28493838068053107: Closest Item: [2, 20, 26, 36, 46, 64, 86, 89, 92, 95, 96, 269, 464, 488, 492, 522, 550, 549, 548, 570, 573, 592, 597, 595, 635, 647]: Intersections: 14
Solution: [3, 14, 21, 25, 26, 54, 63, 78, 89, 92, 95, 98, 348, 466, 484, 524, 532, 539, 550, 561, 567, 568, 570, 580, 610, 617, 634, 647]: Size: 28: Type: analogical: Plausibility: -21417.774317570165: Novelty: 0.7045454545454546: Min Abs Distance: 0.6666666666666667: Avg Frequency: 0.26794209596302837: Closest Item: [1, 14, 21, 25, 26, 36, 46, 70, 78, 86, 89, 92, 95, 98, 486, 493, 524, 522, 550, 549, 548, 617, 635, 647]: Intersections: 13
Solution: [2, 21, 25, 28, 36, 54, 64, 78, 79, 86, 89, 92, 98, 406, 464, 500, 513, 517, 524, 532, 548, 554, 555, 568, 597, 610, 642, 647]: Size: 28: Type: analogical: Plausibility: -19522.128027681658: Novelty: 0.7: Min Abs Distance: 0.6578947368421053: Avg Frequency: 0.2856378279189887: Closest Item: [21, 28, 36, 46, 64, 63, 86, 89, 92, 95, 98, 102, 144, 464, 502, 531, 532, 553, 555, 572, 610, 627, 647]: Intersections: 13
Solution: [3, 5, 21, 25, 29, 36, 54, 65, 78, 86, 89, 90, 96, 348, 464, 485, 523, 525, 526, 532, 548, 549, 555, 573, 583, 592, 642, 647]: Size: 28: Type: analogical: Plausibility: -18993.876970396: Novelty: 0.7209302325581395: Min Abs Distance: 0.6818181818181819: Avg Frequency: 0.2489126002446649: Closest Item: [3, 21, 26, 36, 46, 62, 65, 82, 86, 89, 90, 93, 98, 431, 464, 492, 486, 521, 526, 523, 525, 524, 522, 550, 549, 548, 572, 626, 627, 647]: Intersections: 14
Solution: [10, 21, 25, 29, 36, 44, 57, 62, 64, 65, 68, 83, 86, 89, 92, 93, 98, 101, 102, 104, 463, 464, 466, 522, 523, 524, 624, 673]: Size: 28: Type: creative: Plausibility: -55015.61053440984: Novelty: 0.7: Min Abs Distance: 0.6511627906976745: Avg Frequency: 0.28469484844365905: Closest Item: [2, 21, 26, 36, 44, 57, 65, 83, 86, 89, 90, 93, 98, 434, 464, 486, 493, 524, 525, 523, 526, 521, 522, 550, 549, 548, 572, 626, 627, 673]: Intersections: 15
Solution: [10, 21, 25, 29, 36, 44, 57, 62, 64, 65, 68, 83, 86, 89, 92, 93, 98, 101, 102, 104, 463, 464, 466, 522, 523, 524, 624, 673]: Size: 28: Type: creative: Plausibility: -55015.61053440984: Novelty: 0.7: Min Abs Distance: 0.6511627906976745: Avg Frequency: 0.28469484844365905: Closest Item: [2, 21, 26, 36, 44, 57, 65, 83, 86, 89, 90, 93, 98, 434, 464, 486, 493, 524, 525, 523, 526, 521, 522, 550, 549, 548, 572, 626, 627, 673]: Intersections: 15
Solution: [10, 21, 25, 29, 36, 44, 57, 62, 64, 65, 68, 83, 86, 89, 92, 93, 98, 101, 102, 104, 463, 464, 466, 522, 523, 524, 624, 673]: Size: 28: Type: creative: Plausibility: -55015.61053440984: Novelty: 0.7: Min Abs Distance: 0.6511627906976745: Avg Frequency: 0.28469484844365905: Closest Item: [2, 21, 26, 36, 44, 57, 65, 83, 86, 89, 90, 93, 98, 434, 464, 486, 493, 524, 525, 523, 526, 521, 522, 550, 549, 548, 572, 626, 627, 673]: Intersections: 15
Solution: [10, 21, 25, 29, 36, 44, 57, 62, 64, 65, 68, 83, 86, 89, 92, 93, 98, 101, 102, 104, 463, 464, 466, 522, 523, 524, 624, 673]: Size: 28: Type: creative: Plausibility: -55015.61053440984: Novelty: 0.7: Min Abs Distance: 0.6511627906976745: Avg Frequency: 0.28469484844365905: Closest Item: [2, 21, 26, 36, 44, 57, 65, 83, 86, 89, 90, 93, 98, 434, 464, 486, 493, 524, 525, 523, 526, 521, 522, 550, 549, 548, 572, 626, 627, 673]: Intersections: 15
Solution: [10, 21, 25, 29, 36, 44, 57, 62, 64, 65, 68, 83, 86, 89, 92, 93, 98, 101, 102, 104, 463, 464, 466, 522, 523, 524, 624, 673]: Size: 28: Type: creative: Plausibility: -55015.61053440984: Novelty: 0.7: Min Abs Distance: 0.6511627906976745: Avg Frequency: 0.28469484844365905: Closest Item: [2, 21, 26, 36, 44, 57, 65, 83, 86, 89, 90, 93, 98, 434, 464, 486, 493, 524, 525, 523, 526, 521, 522, 550, 549, 548, 572, 626, 627, 673]: Intersections: 15
Run: 1
Solution: [1, 23, 24, 25, 27, 33, 36, 39, 54, 57, 63, 74, 78, 83, 89, 90, 92, 93, 98, 486, 524, 550, 561, 570, 595, 597, 627, 673]: Size: 28: Type: factual: Plausibility: -68246.04137771613: Novelty: 0.7: Min Abs Distance: 0.6046511627906976: Avg Frequency: 0.29774647727787595: Closest Item: [1, 23, 24, 26, 36, 44, 57, 66, 83, 86, 89, 90, 93, 98, 233, 486, 492, 524, 525, 523, 521, 522, 526, 550, 549, 548, 570, 572, 595, 597, 635, 673]: Intersections: 17
Solution: [1, 23, 24, 25, 27, 33, 36, 39, 54, 57, 63, 74, 78, 83, 89, 90, 92, 93, 98, 486, 524, 550, 561, 570, 595, 597, 627, 673]: Size: 28: Type: factual: Plausibility: -68246.04137771613: Novelty: 0.7: Min Abs Distance: 0.6046511627906976: Avg Frequency: 0.29774647727787595: Closest Item: [1, 23, 24, 26, 36, 44, 57, 66, 83, 86, 89, 90, 93, 98, 233, 486, 492, 524, 525, 523, 521, 522, 526, 550, 549, 548, 570, 572, 595, 597, 635, 673]: Intersections: 17
Solution: [1, 23, 24, 25, 33, 36, 39, 54, 57, 63, 74, 78, 83, 89, 90, 92, 93, 98, 486, 524, 550, 561, 570, 595, 597, 613, 627, 673]: Size: 28: Type: factual: Plausibility: -67120.98358760981: Novelty: 0.7: Min Abs Distance: 0.6046511627906976: Avg Frequency: 0.29696207693353266: Closest Item: [1, 23, 24, 26, 36, 44, 57, 66, 83, 86, 89, 90, 93, 98, 233, 486, 492, 524, 525, 523, 521, 522, 526, 550, 549, 548, 570, 572, 595, 597, 635, 673]: Intersections: 17
Solution: [1, 6, 23, 24, 25, 33, 36, 39, 54, 57, 63, 74, 78, 83, 89, 90, 92, 93, 98, 486, 524, 550, 561, 570, 595, 597, 627, 673]: Size: 28: Type: factual: Plausibility: -66669.5272769302: Novelty: 0.7: Min Abs Distance: 0.6046511627906976: Avg Frequency: 0.29637590050292234: Closest Item: [1, 23, 24, 26, 36, 44, 57, 66, 83, 86, 89, 90, 93, 98, 233, 486, 492, 524, 525, 523, 521, 522, 526, 550, 549, 548, 570, 572, 595, 597, 635, 673]: Intersections: 17
Solution: [1, 6, 23, 24, 25, 33, 36, 39, 54, 57, 63, 74, 78, 83, 89, 90, 92, 93, 98, 486, 524, 550, 561, 570, 595, 597, 627, 673]: Size: 28: Type: factual: Plausibility: -66669.5272769302: Novelty: 0.7: Min Abs Distance: 0.6046511627906976: Avg Frequency: 0.29637590050292234: Closest Item: [1, 23, 24, 26, 36, 44, 57, 66, 83, 86, 89, 90, 93, 98, 233, 486, 492, 524, 525, 523, 521, 522, 526, 550, 549, 548, 570, 572, 595, 597, 635, 673]: Intersections: 17
Solution: [2, 21, 25, 26, 37, 54, 57, 64, 68, 84, 89, 92, 93, 423, 466, 525, 532, 549, 550, 553, 560, 567, 568, 583, 597, 602, 627, 673]: Size: 28: Type: analogical: Plausibility: -31926.202034211743: Novelty: 0.7083333333333333: Min Abs Distance: 0.6904761904761905: Avg Frequency: 0.2653793439354809: Closest Item: [1, 21, 25, 26, 36, 46, 57, 64, 86, 89, 92, 95, 98, 117, 466, 488, 492, 524, 525, 521, 523, 550, 549, 548, 572, 627, 673]: Intersections: 13
Solution: [2, 21, 25, 33, 36, 45, 64, 78, 86, 89, 90, 95, 96, 274, 510, 521, 525, 526, 548, 553, 555, 560, 570, 573, 583, 618, 635, 673]: Size: 28: Type: analogical: Plausibility: -27624.826629681: Novelty: 0.7073170731707317: Min Abs Distance: 0.6585365853658536: Avg Frequency: 0.2694712518689683: Closest Item: [2, 10, 12, 21, 25, 33, 36, 47, 62, 68, 77, 86, 89, 92, 95, 98, 495, 492, 525, 521, 550, 549, 548, 573, 623, 635, 673]: Intersections: 14
Solution: [3, 25, 33, 36, 50, 64, 74, 83, 86, 89, 92, 95, 98, 171, 464, 475, 499, 521, 523, 532, 536, 540, 544, 548, 583, 602, 643, 673]: Size: 28: Type: analogical: Plausibility: -26822.237632917244: Novelty: 0.7: Min Abs Distance: 0.6052631578947368: Avg Frequency: 0.29313918716868287: Closest Item: [21, 25, 33, 35, 54, 72, 83, 86, 89, 92, 95, 98, 475, 521, 523, 525, 524, 550, 549, 548, 602, 618, 617, 643, 673]: Intersections: 15
Solution: [1, 21, 25, 26, 36, 54, 72, 83, 84, 89, 90, 95, 96, 274, 464, 499, 523, 540, 550, 555, 568, 570, 573, 597, 609, 643, 673]: Size: 27: Type: analogical: Plausibility: -24541.42550410754: Novelty: 0.7045454545454546: Min Abs Distance: 0.6666666666666667: Avg Frequency: 0.27948690841174184: Closest Item: [1, 23, 25, 26, 36, 44, 72, 86, 89, 92, 95, 96, 331, 464, 492, 495, 525, 521, 523, 524, 550, 549, 570, 572, 597, 595, 592, 635, 673]: Intersections: 14
Solution: [3, 21, 25, 26, 38, 46, 60, 68, 72, 77, 86, 95, 96, 274, 464, 522, 523, 540, 548, 555, 567, 568, 570, 573, 614, 618, 635, 673]: Size: 28: Type: analogical: Plausibility: -22088.21659731854: Novelty: 0.7142857142857143: Min Abs Distance: 0.6428571428571428: Avg Frequency: 0.2615168093878845: Closest Item: [3, 21, 26, 36, 46, 57, 68, 86, 89, 92, 95, 98, 269, 464, 488, 492, 522, 526, 550, 549, 548, 570, 568, 573, 592, 595, 597, 635, 673]: Intersections: 15
Solution: [1, 2, 12, 21, 22, 23, 25, 27, 33, 44, 57, 63, 83, 89, 90, 95, 98, 463, 464, 466, 520, 522, 525, 550, 567, 592, 623, 673]: Size: 28: Type: creative: Plausibility: -56257.36823855756: Novelty: 0.7: Min Abs Distance: 0.6666666666666667: Avg Frequency: 0.28605126636763173: Closest Item: [1, 21, 25, 33, 39, 47, 63, 86, 89, 92, 95, 98, 492, 495, 525, 520, 550, 549, 548, 583, 592, 614, 635, 673]: Intersections: 13
Solution: [1, 2, 12, 21, 22, 23, 25, 27, 33, 44, 57, 63, 83, 89, 90, 95, 98, 463, 464, 466, 520, 522, 525, 550, 567, 592, 623, 673]: Size: 28: Type: creative: Plausibility: -56257.36823855756: Novelty: 0.7: Min Abs Distance: 0.6666666666666667: Avg Frequency: 0.28605126636763173: Closest Item: [1, 21, 25, 33, 39, 47, 63, 86, 89, 92, 95, 98, 492, 495, 525, 520, 550, 549, 548, 583, 592, 614, 635, 673]: Intersections: 13
Solution: [1, 2, 12, 21, 22, 23, 25, 27, 33, 44, 57, 63, 83, 89, 90, 95, 98, 463, 464, 466, 520, 522, 525, 550, 567, 592, 623, 673]: Size: 28: Type: creative: Plausibility: -56257.36823855756: Novelty: 0.7: Min Abs Distance: 0.6666666666666667: Avg Frequency: 0.28605126636763173: Closest Item: [1, 21, 25, 33, 39, 47, 63, 86, 89, 92, 95, 98, 492, 495, 525, 520, 550, 549, 548, 583, 592, 614, 635, 673]: Intersections: 13
Solution: [1, 2, 12, 21, 22, 23, 25, 27, 33, 44, 57, 63, 83, 89, 90, 95, 98, 463, 464, 466, 520, 522, 525, 550, 567, 592, 623, 673]: Size: 28: Type: creative: Plausibility: -56257.36823855756: Novelty: 0.7: Min Abs Distance: 0.6666666666666667: Avg Frequency: 0.28605126636763173: Closest Item: [1, 21, 25, 33, 39, 47, 63, 86, 89, 92, 95, 98, 492, 495, 525, 520, 550, 549, 548, 583, 592, 614, 635, 673]: Intersections: 13
Solution: [1, 2, 12, 21, 22, 23, 25, 27, 33, 44, 57, 63, 83, 89, 90, 95, 98, 463, 464, 466, 520, 522, 525, 550, 567, 592, 623, 673]: Size: 28: Type: creative: Plausibility: -56257.36823855756: Novelty: 0.7: Min Abs Distance: 0.6666666666666667: Avg Frequency: 0.28605126636763173: Closest Item: [1, 21, 25, 33, 39, 47, 63, 86, 89, 92, 95, 98, 492, 495, 525, 520, 550, 549, 548, 583, 592, 614, 635, 673]: Intersections: 13
Run: 2
Solution: [1, 10, 23, 36, 45, 46, 47, 54, 65, 72, 74, 86, 92, 95, 101, 463, 464, 465, 466, 520, 548, 559, 563, 568, 589, 610, 635, 673]: Size: 28: Type: factual: Plausibility: -41775.060318220516: Novelty: 0.7: Min Abs Distance: 0.6341463414634146: Avg Frequency: 0.2862947986045037: Closest Item: [1, 21, 25, 33, 36, 47, 65, 72, 86, 89, 92, 95, 98, 396, 465, 464, 492, 495, 520, 550, 549, 548, 572, 597, 610, 610, 602, 635, 673]: Intersections: 15
Solution: [1, 10, 23, 36, 45, 46, 47, 54, 65, 72, 74, 86, 92, 95, 101, 463, 464, 465, 466, 520, 548, 559, 563, 568, 589, 610, 635, 673]: Size: 28: Type: factual: Plausibility: -41775.060318220516: Novelty: 0.7: Min Abs Distance: 0.6341463414634146: Avg Frequency: 0.2862947986045037: Closest Item: [1, 21, 25, 33, 36, 47, 65, 72, 86, 89, 92, 95, 98, 396, 465, 464, 492, 495, 520, 550, 549, 548, 572, 597, 610, 610, 602, 635, 673]: Intersections: 15
Solution: [1, 10, 23, 36, 45, 46, 47, 54, 65, 72, 74, 86, 92, 95, 101, 463, 464, 465, 466, 520, 548, 559, 563, 568, 589, 610, 635, 673]: Size: 28: Type: factual: Plausibility: -41775.060318220516: Novelty: 0.7: Min Abs Distance: 0.6341463414634146: Avg Frequency: 0.2862947986045037: Closest Item: [1, 21, 25, 33, 36, 47, 65, 72, 86, 89, 92, 95, 98, 396, 465, 464, 492, 495, 520, 550, 549, 548, 572, 597, 610, 610, 602, 635, 673]: Intersections: 15
Solution: [1, 10, 23, 36, 45, 46, 47, 54, 65, 72, 74, 86, 92, 95, 101, 463, 464, 465, 466, 520, 550, 559, 563, 568, 589, 610, 635, 673]: Size: 28: Type: factual: Plausibility: -40395.11661877394: Novelty: 0.7: Min Abs Distance: 0.6341463414634146: Avg Frequency: 0.28638258348058543: Closest Item: [1, 21, 25, 33, 36, 47, 65, 72, 86, 89, 92, 95, 98, 396, 465, 464, 492, 495, 520, 550, 549, 548, 572, 597, 610, 610, 602, 635, 673]: Intersections: 15
Solution: [1, 23, 30, 36, 45, 46, 47, 54, 65, 72, 74, 86, 92, 95, 101, 463, 464, 465, 466, 520, 548, 559, 563, 568, 589, 610, 635, 673]: Size: 28: Type: factual: Plausibility: -39410.450909961684: Novelty: 0.7: Min Abs Distance: 0.6341463414634146: Avg Frequency: 0.28553588419192616: Closest Item: [1, 21, 25, 33, 36, 47, 65, 72, 86, 89, 92, 95, 98, 396, 465, 464, 492, 495, 520, 550, 549, 548, 572, 597, 610, 610, 602, 635, 673]: Intersections: 15
Solution: [9, 25, 28, 36, 54, 64, 78, 84, 89, 90, 95, 96, 232, 464, 481, 486, 521, 523, 546, 549, 550, 560, 567, 572, 579, 597, 643, 673]: Size: 28: Type: analogical: Plausibility: -23204.053293954876: Novelty: 0.7105263157894737: Min Abs Distance: 0.6744186046511628: Avg Frequency: 0.26648090254179685: Closest Item: [2, 9, 20, 25, 28, 36, 45, 70, 78, 86, 89, 92, 95, 98, 110, 466, 493, 486, 522, 523, 525, 524, 521, 550, 549, 548, 572, 627, 673]: Intersections: 14
Solution: [9, 25, 26, 37, 47, 64, 78, 86, 89, 92, 95, 98, 294, 466, 481, 486, 523, 527, 540, 546, 549, 568, 570, 602, 617, 619, 634, 673]: Size: 28: Type: analogical: Plausibility: -20504.16344721158: Novelty: 0.7: Min Abs Distance: 0.6666666666666667: Avg Frequency: 0.2912390693670427: Closest Item: [26, 36, 46, 64, 86, 89, 92, 95, 98, 431, 486, 492, 522, 550, 549, 548, 572, 619, 634, 673]: Intersections: 12
Solution: [2, 22, 25, 35, 47, 67, 78, 86, 88, 92, 93, 424, 465, 492, 521, 522, 523, 532, 549, 550, 553, 567, 602, 607, 609, 613, 643, 673]: Size: 28: Type: analogical: Plausibility: -17852.801032354193: Novelty: 0.7045454545454546: Min Abs Distance: 0.6904761904761905: Avg Frequency: 0.2207591409541932: Closest Item: [1, 25, 33, 35, 47, 72, 78, 86, 89, 92, 95, 97, 344, 466, 492, 495, 522, 523, 550, 549, 548, 561, 572, 611, 602, 627, 673]: Intersections: 13
Solution: [2, 21, 29, 35, 47, 72, 79, 86, 89, 92, 95, 96, 424, 465, 471, 522, 550, 553, 554, 560, 567, 568, 570, 620, 643, 673]: Size: 26: Type: analogical: Plausibility: -16850.171350574714: Novelty: 0.7142857142857143: Min Abs Distance: 0.6666666666666667: Avg Frequency: 0.2767327819658933: Closest Item: [1, 21, 29, 35, 47, 68, 79, 86, 89, 92, 95, 98, 396, 465, 464, 492, 495, 521, 550, 549, 548, 565, 567, 572, 635, 673]: Intersections: 13
Solution: [2, 21, 29, 36, 41, 72, 76, 86, 88, 92, 93, 98, 387, 464, 493, 517, 549, 550, 555, 560, 567, 568, 571, 602, 632, 673]: Size: 26: Type: analogical: Plausibility: -16659.590890804597: Novelty: 0.7021276595744681: Min Abs Distance: 0.6216216216216216: Avg Frequency: 0.2746773524604163: Closest Item: [1, 21, 28, 36, 72, 86, 89, 92, 95, 98, 344, 464, 493, 488, 550, 549, 548, 568, 569, 571, 567, 572, 610, 627, 673]: Intersections: 14
Solution: [1, 25, 33, 35, 44, 52, 54, 65, 70, 72, 74, 79, 86, 89, 90, 93, 95, 102, 464, 465, 466, 486, 492, 549, 570, 573, 592, 673]: Size: 28: Type: creative: Plausibility: -49246.520194763725: Novelty: 0.7045454545454546: Min Abs Distance: 0.6222222222222222: Avg Frequency: 0.2874076842916044: Closest Item: [1, 21, 25, 33, 35, 47, 72, 83, 86, 89, 90, 95, 98, 101, 102, 321, 464, 492, 495, 524, 525, 521, 520, 550, 549, 548, 570, 573, 592, 595, 597, 626, 635, 673]: Intersections: 17
Solution: [1, 25, 33, 35, 44, 52, 54, 65, 70, 72, 74, 79, 86, 89, 90, 93, 95, 102, 464, 465, 466, 486, 492, 549, 570, 573, 592, 673]: Size: 28: Type: creative: Plausibility: -49246.520194763725: Novelty: 0.7045454545454546: Min Abs Distance: 0.6222222222222222: Avg Frequency: 0.2874076842916044: Closest Item: [1, 21, 25, 33, 35, 47, 72, 83, 86, 89, 90, 95, 98, 101, 102, 321, 464, 492, 495, 524, 525, 521, 520, 550, 549, 548, 570, 573, 592, 595, 597, 626, 635, 673]: Intersections: 17
Solution: [1, 25, 33, 35, 44, 52, 54, 65, 70, 72, 74, 79, 86, 89, 90, 93, 95, 102, 464, 465, 466, 486, 492, 549, 570, 573, 592, 673]: Size: 28: Type: creative: Plausibility: -49246.520194763725: Novelty: 0.7045454545454546: Min Abs Distance: 0.6222222222222222: Avg Frequency: 0.2874076842916044: Closest Item: [1, 21, 25, 33, 35, 47, 72, 83, 86, 89, 90, 95, 98, 101, 102, 321, 464, 492, 495, 524, 525, 521, 520, 550, 549, 548, 570, 573, 592, 595, 597, 626, 635, 673]: Intersections: 17
Solution: [1, 25, 33, 35, 44, 52, 54, 65, 70, 72, 74, 79, 86, 89, 90, 93, 95, 102, 464, 465, 466, 486, 492, 549, 570, 573, 592, 673]: Size: 28: Type: creative: Plausibility: -49246.520194763725: Novelty: 0.7045454545454546: Min Abs Distance: 0.6222222222222222: Avg Frequency: 0.2874076842916044: Closest Item: [1, 21, 25, 33, 35, 47, 72, 83, 86, 89, 90, 95, 98, 101, 102, 321, 464, 492, 495, 524, 525, 521, 520, 550, 549, 548, 570, 573, 592, 595, 597, 626, 635, 673]: Intersections: 17
Solution: [1, 25, 33, 35, 44, 52, 54, 65, 70, 72, 74, 79, 86, 89, 90, 93, 95, 102, 464, 465, 466, 486, 492, 549, 570, 573, 592, 673]: Size: 28: Type: creative: Plausibility: -49246.520194763725: Novelty: 0.7045454545454546: Min Abs Distance: 0.6222222222222222: Avg Frequency: 0.2874076842916044: Closest Item: [1, 21, 25, 33, 35, 47, 72, 83, 86, 89, 90, 95, 98, 101, 102, 321, 464, 492, 495, 524, 525, 521, 520, 550, 549, 548, 570, 573, 592, 595, 597, 626, 635, 673]: Intersections: 17
Run: 3
Solution: [2, 21, 23, 24, 25, 28, 36, 54, 63, 70, 86, 95, 98, 102, 464, 465, 466, 488, 526, 532, 548, 562, 583, 597, 610, 617, 635, 673]: Size: 28: Type: factual: Plausibility: -66298.89681407512: Novelty: 0.7: Min Abs Distance: 0.6428571428571428: Avg Frequency: 0.27917856010149067: Closest Item: [1, 21, 24, 26, 36, 52, 70, 72, 86, 89, 92, 95, 98, 141, 465, 466, 489, 522, 526, 550, 549, 548, 572, 586, 587, 597, 617, 635, 673]: Intersections: 15
Solution: [2, 21, 23, 24, 25, 28, 36, 54, 63, 70, 86, 95, 98, 102, 464, 465, 466, 488, 526, 532, 548, 562, 583, 597, 610, 617, 635, 673]: Size: 28: Type: factual: Plausibility: -66298.89681407512: Novelty: 0.7: Min Abs Distance: 0.6428571428571428: Avg Frequency: 0.27917856010149067: Closest Item: [1, 21, 24, 26, 36, 52, 70, 72, 86, 89, 92, 95, 98, 141, 465, 466, 489, 522, 526, 550, 549, 548, 572, 586, 587, 597, 617, 635, 673]: Intersections: 15
Solution: [2, 21, 23, 24, 25, 28, 36, 54, 63, 70, 86, 95, 98, 102, 464, 465, 466, 488, 526, 532, 548, 562, 583, 597, 610, 617, 635, 673]: Size: 28: Type: factual: Plausibility: -66298.89681407512: Novelty: 0.7: Min Abs Distance: 0.6428571428571428: Avg Frequency: 0.27917856010149067: Closest Item: [1, 21, 24, 26, 36, 52, 70, 72, 86, 89, 92, 95, 98, 141, 465, 466, 489, 522, 526, 550, 549, 548, 572, 586, 587, 597, 617, 635, 673]: Intersections: 15
Solution: [2, 21, 23, 24, 25, 28, 36, 54, 63, 70, 86, 95, 98, 102, 464, 465, 466, 488, 526, 532, 548, 562, 583, 597, 610, 617, 635, 673]: Size: 28: Type: factual: Plausibility: -66298.89681407512: Novelty: 0.7: Min Abs Distance: 0.6428571428571428: Avg Frequency: 0.27917856010149067: Closest Item: [1, 21, 24, 26, 36, 52, 70, 72, 86, 89, 92, 95, 98, 141, 465, 466, 489, 522, 526, 550, 549, 548, 572, 586, 587, 597, 617, 635, 673]: Intersections: 15
Solution: [2, 21, 23, 24, 25, 28, 36, 54, 63, 70, 86, 95, 98, 102, 464, 465, 466, 488, 526, 532, 548, 562, 583, 597, 610, 617, 635, 673]: Size: 28: Type: factual: Plausibility: -66298.89681407512: Novelty: 0.7: Min Abs Distance: 0.6428571428571428: Avg Frequency: 0.27917856010149067: Closest Item: [1, 21, 24, 26, 36, 52, 70, 72, 86, 89, 92, 95, 98, 141, 465, 466, 489, 522, 526, 550, 549, 548, 572, 586, 587, 597, 617, 635, 673]: Intersections: 15
Solution: [1, 17, 21, 28, 36, 42, 63, 81, 86, 98, 226, 481, 522, 524, 525, 535, 548, 551, 554, 562, 567, 568, 570, 571, 583, 611, 635, 647]: Size: 28: Type: analogical: Plausibility: -23442.94499920748: Novelty: 0.7073170731707317: Min Abs Distance: 0.6842105263157895: Avg Frequency: 0.23673598840106932: Closest Item: [1, 21, 36, 63, 86, 89, 92, 95, 98, 495, 492, 522, 523, 521, 524, 525, 550, 549, 548, 610, 635, 647]: Intersections: 12
Solution: [2, 13, 21, 26, 36, 46, 62, 72, 84, 89, 95, 109, 466, 486, 502, 525, 560, 562, 563, 567, 570, 573, 579, 606, 614, 626, 643, 647]: Size: 28: Type: analogical: Plausibility: -22946.774449199555: Novelty: 0.7073170731707317: Min Abs Distance: 0.641025641025641: Avg Frequency: 0.2386474332834942: Closest Item: [2, 10, 21, 25, 26, 36, 46, 72, 86, 89, 92, 95, 98, 344, 466, 492, 486, 522, 567, 569, 573, 597, 623, 643, 647]: Intersections: 14
Solution: [1, 21, 24, 28, 36, 47, 72, 86, 98, 466, 490, 510, 520, 521, 525, 535, 551, 555, 560, 563, 567, 568, 570, 579, 603, 635, 647]: Size: 27: Type: analogical: Plausibility: -22100.420278722704: Novelty: 0.7021276595744681: Min Abs Distance: 0.6666666666666667: Avg Frequency: 0.2414631567819009: Closest Item: [1, 21, 24, 28, 36, 47, 72, 86, 89, 92, 95, 98, 360, 466, 493, 488, 521, 525, 524, 550, 549, 548, 572, 627, 647]: Intersections: 13
Solution: [2, 17, 21, 24, 34, 36, 54, 72, 89, 92, 95, 98, 311, 475, 520, 524, 535, 540, 551, 555, 560, 567, 568, 570, 579, 592, 597, 647]: Size: 28: Type: analogical: Plausibility: -22096.06910762403: Novelty: 0.7: Min Abs Distance: 0.675: Avg Frequency: 0.2615196411580808: Closest Item: [1, 21, 25, 27, 36, 46, 72, 86, 89, 92, 95, 98, 465, 531, 532, 553, 555, 570, 568, 572, 597, 592, 595, 635, 647]: Intersections: 13
Solution: [3, 21, 24, 34, 39, 54, 72, 89, 92, 95, 98, 179, 486, 497, 521, 522, 525, 539, 541, 555, 560, 567, 568, 592, 595, 617, 619, 647]: Size: 28: Type: analogical: Plausibility: -21863.57267395784: Novelty: 0.7045454545454546: Min Abs Distance: 0.6666666666666667: Avg Frequency: 0.2649800643378188: Closest Item: [1, 21, 24, 32, 39, 54, 72, 86, 89, 92, 95, 98, 274, 464, 492, 495, 522, 521, 524, 525, 550, 549, 548, 572, 595, 614, 627, 647]: Intersections: 14
Solution: [1, 2, 13, 21, 23, 25, 35, 39, 46, 70, 78, 83, 86, 92, 95, 98, 101, 102, 464, 465, 526, 549, 567, 568, 571, 595, 617, 673]: Size: 28: Type: creative: Plausibility: -79062.1493105088: Novelty: 0.7: Min Abs Distance: 0.627906976744186: Avg Frequency: 0.30417459562321597: Closest Item: [1, 21, 25, 33, 39, 52, 70, 83, 86, 89, 92, 95, 98, 102, 228, 464, 495, 492, 525, 520, 550, 549, 548, 570, 568, 572, 592, 595, 597, 635, 673]: Intersections: 16
Solution: [1, 2, 13, 21, 23, 25, 35, 39, 46, 70, 78, 83, 86, 92, 95, 98, 101, 102, 464, 465, 526, 549, 567, 568, 571, 595, 617, 673]: Size: 28: Type: creative: Plausibility: -79062.1493105088: Novelty: 0.7: Min Abs Distance: 0.627906976744186: Avg Frequency: 0.30417459562321597: Closest Item: [1, 21, 25, 33, 39, 52, 70, 83, 86, 89, 92, 95, 98, 102, 228, 464, 495, 492, 525, 520, 550, 549, 548, 570, 568, 572, 592, 595, 597, 635, 673]: Intersections: 16
Solution: [1, 2, 13, 21, 23, 25, 35, 39, 46, 70, 78, 83, 86, 92, 95, 98, 101, 102, 464, 465, 526, 549, 567, 568, 571, 595, 617, 673]: Size: 28: Type: creative: Plausibility: -79062.1493105088: Novelty: 0.7: Min Abs Distance: 0.627906976744186: Avg Frequency: 0.30417459562321597: Closest Item: [1, 21, 25, 33, 39, 52, 70, 83, 86, 89, 92, 95, 98, 102, 228, 464, 495, 492, 525, 520, 550, 549, 548, 570, 568, 572, 592, 595, 597, 635, 673]: Intersections: 16
Solution: [1, 2, 13, 21, 23, 25, 35, 39, 46, 70, 78, 83, 86, 92, 95, 98, 101, 102, 464, 465, 526, 549, 567, 568, 571, 595, 617, 673]: Size: 28: Type: creative: Plausibility: -79062.1493105088: Novelty: 0.7: Min Abs Distance: 0.627906976744186: Avg Frequency: 0.30417459562321597: Closest Item: [1, 21, 25, 33, 39, 52, 70, 83, 86, 89, 92, 95, 98, 102, 228, 464, 495, 492, 525, 520, 550, 549, 548, 570, 568, 572, 592, 595, 597, 635, 673]: Intersections: 16
Solution: [1, 2, 13, 21, 23, 25, 35, 39, 46, 70, 78, 83, 86, 92, 95, 98, 101, 102, 464, 465, 526, 549, 567, 568, 571, 595, 617, 673]: Size: 28: Type: creative: Plausibility: -79062.1493105088: Novelty: 0.7: Min Abs Distance: 0.627906976744186: Avg Frequency: 0.30417459562321597: Closest Item: [1, 21, 25, 33, 39, 52, 70, 83, 86, 89, 92, 95, 98, 102, 228, 464, 495, 492, 525, 520, 550, 549, 548, 570, 568, 572, 592, 595, 597, 635, 673]: Intersections: 16
Run: 4
Solution: [10, 13, 26, 28, 33, 36, 39, 57, 83, 86, 89, 90, 92, 96, 98, 99, 495, 521, 522, 532, 548, 560, 570, 571, 595, 627, 635, 673]: Size: 28: Type: factual: Plausibility: -68525.74804381847: Novelty: 0.7021276595744681: Min Abs Distance: 0.6666666666666667: Avg Frequency: 0.3242886593267183: Closest Item: [3, 23, 26, 36, 44, 57, 65, 83, 86, 89, 90, 93, 98, 334, 488, 492, 524, 525, 521, 522, 550, 549, 548, 570, 568, 572, 595, 597, 592, 626, 635, 673]: Intersections: 15
Solution: [10, 13, 26, 28, 33, 36, 39, 57, 83, 86, 89, 90, 92, 96, 98, 99, 495, 521, 522, 532, 548, 560, 570, 571, 595, 627, 635, 673]: Size: 28: Type: factual: Plausibility: -68525.74804381847: Novelty: 0.7021276595744681: Min Abs Distance: 0.6666666666666667: Avg Frequency: 0.3242886593267183: Closest Item: [3, 23, 26, 36, 44, 57, 65, 83, 86, 89, 90, 93, 98, 334, 488, 492, 524, 525, 521, 522, 550, 549, 548, 570, 568, 572, 595, 597, 592, 626, 635, 673]: Intersections: 15
Solution: [10, 13, 26, 28, 33, 36, 39, 57, 83, 86, 89, 90, 92, 96, 98, 99, 495, 521, 522, 532, 548, 560, 570, 571, 595, 627, 635, 673]: Size: 28: Type: factual: Plausibility: -68525.74804381847: Novelty: 0.7021276595744681: Min Abs Distance: 0.6666666666666667: Avg Frequency: 0.3242886593267183: Closest Item: [3, 23, 26, 36, 44, 57, 65, 83, 86, 89, 90, 93, 98, 334, 488, 492, 524, 525, 521, 522, 550, 549, 548, 570, 568, 572, 595, 597, 592, 626, 635, 673]: Intersections: 15
Solution: [10, 13, 26, 28, 33, 36, 39, 57, 83, 86, 89, 90, 92, 96, 98, 99, 495, 521, 522, 532, 548, 560, 570, 571, 595, 627, 635, 673]: Size: 28: Type: factual: Plausibility: -68525.74804381847: Novelty: 0.7021276595744681: Min Abs Distance: 0.6666666666666667: Avg Frequency: 0.3242886593267183: Closest Item: [3, 23, 26, 36, 44, 57, 65, 83, 86, 89, 90, 93, 98, 334, 488, 492, 524, 525, 521, 522, 550, 549, 548, 570, 568, 572, 595, 597, 592, 626, 635, 673]: Intersections: 15
Solution: [10, 13, 26, 28, 33, 36, 39, 57, 83, 86, 89, 90, 92, 96, 98, 99, 495, 521, 522, 532, 548, 560, 570, 571, 595, 627, 635, 673]: Size: 28: Type: factual: Plausibility: -68525.74804381847: Novelty: 0.7021276595744681: Min Abs Distance: 0.6666666666666667: Avg Frequency: 0.3242886593267183: Closest Item: [3, 23, 26, 36, 44, 57, 65, 83, 86, 89, 90, 93, 98, 334, 488, 492, 524, 525, 521, 522, 550, 549, 548, 570, 568, 572, 595, 597, 592, 626, 635, 673]: Intersections: 15
Solution: [2, 9, 21, 25, 29, 36, 46, 78, 86, 89, 92, 95, 349, 487, 524, 525, 533, 550, 553, 555, 565, 568, 570, 571, 573, 624, 629, 647]: Size: 28: Type: analogical: Plausibility: -36171.16549295775: Novelty: 0.7: Min Abs Distance: 0.6521739130434783: Avg Frequency: 0.2832789633455665: Closest Item: [2, 10, 21, 25, 28, 36, 46, 57, 66, 86, 89, 92, 95, 98, 436, 466, 488, 493, 525, 521, 524, 550, 549, 548, 560, 562, 563, 567, 568, 571, 573, 619, 635, 647]: Intersections: 16
Solution: [3, 9, 21, 25, 29, 39, 46, 74, 86, 88, 92, 95, 98, 466, 468, 518, 520, 546, 550, 563, 567, 568, 570, 579, 608, 614, 643, 647]: Size: 28: Type: analogical: Plausibility: -34862.982655190404: Novelty: 0.7021276595744681: Min Abs Distance: 0.65: Avg Frequency: 0.2633829459471705: Closest Item: [21, 25, 33, 35, 45, 72, 86, 89, 92, 95, 98, 321, 465, 466, 495, 492, 520, 550, 549, 565, 563, 567, 572, 608, 643, 647]: Intersections: 14
Solution: [10, 21, 25, 36, 47, 69, 74, 86, 89, 92, 98, 111, 464, 498, 518, 520, 526, 546, 549, 555, 560, 567, 570, 600, 610, 620, 626, 647]: Size: 28: Type: analogical: Plausibility: -32700.072378716744: Novelty: 0.7021276595744681: Min Abs Distance: 0.627906976744186: Avg Frequency: 0.27511213809976887: Closest Item: [1, 21, 25, 33, 36, 47, 68, 74, 86, 89, 92, 95, 98, 184, 464, 495, 492, 520, 525, 524, 550, 549, 548, 571, 570, 567, 562, 572, 600, 627, 647]: Intersections: 16
Solution: [2, 10, 22, 25, 29, 36, 53, 70, 78, 86, 89, 92, 95, 98, 349, 466, 510, 525, 546, 550, 555, 567, 592, 608, 613, 614, 642, 647]: Size: 28: Type: analogical: Plausibility: -30762.090375586857: Novelty: 0.7: Min Abs Distance: 0.6585365853658536: Avg Frequency: 0.2760947623578451: Closest Item: [2, 10, 21, 25, 33, 36, 47, 60, 70, 86, 89, 92, 95, 98, 495, 492, 525, 550, 549, 548, 572, 592, 597, 615, 624, 635, 647]: Intersections: 14
Solution: [2, 21, 36, 56, 67, 82, 84, 89, 92, 95, 98, 349, 466, 487, 491, 517, 520, 522, 524, 540, 549, 555, 560, 567, 570, 614, 622, 647]: Size: 28: Type: analogical: Plausibility: -26695.387193531562: Novelty: 0.7073170731707317: Min Abs Distance: 0.6923076923076923: Avg Frequency: 0.2687633093199221: Closest Item: [2, 21, 26, 36, 46, 67, 86, 89, 92, 95, 98, 168, 466, 486, 493, 522, 570, 571, 562, 569, 572, 627, 647]: Intersections: 12
Solution: [1, 2, 9, 24, 29, 36, 39, 64, 66, 76, 78, 83, 86, 89, 90, 92, 98, 463, 464, 465, 466, 493, 523, 560, 563, 571, 627, 673]: Size: 28: Type: creative: Plausibility: -48731.16027647366: Novelty: 0.7: Min Abs Distance: 0.5897435897435898: Avg Frequency: 0.28667708758098864: Closest Item: [1, 21, 24, 29, 39, 54, 68, 79, 86, 89, 92, 95, 98, 390, 463, 466, 475, 493, 523, 571, 569, 562, 560, 570, 573, 627, 673]: Intersections: 16
Solution: [1, 2, 24, 29, 36, 39, 64, 66, 76, 78, 83, 86, 89, 90, 92, 98, 101, 463, 464, 465, 466, 493, 523, 560, 563, 571, 627, 673]: Size: 28: Type: creative: Plausibility: -46942.530646844025: Novelty: 0.7: Min Abs Distance: 0.5897435897435898: Avg Frequency: 0.28851773820850896: Closest Item: [1, 21, 24, 29, 39, 54, 68, 79, 86, 89, 92, 95, 98, 390, 463, 466, 475, 493, 523, 571, 569, 562, 560, 570, 573, 627, 673]: Intersections: 16
Solution: [1, 2, 24, 29, 36, 39, 64, 66, 76, 78, 83, 86, 89, 90, 92, 98, 101, 463, 464, 465, 466, 493, 523, 560, 563, 571, 627, 673]: Size: 28: Type: creative: Plausibility: -46942.530646844025: Novelty: 0.7: Min Abs Distance: 0.5897435897435898: Avg Frequency: 0.28851773820850896: Closest Item: [1, 21, 24, 29, 39, 54, 68, 79, 86, 89, 92, 95, 98, 390, 463, 466, 475, 493, 523, 571, 569, 562, 560, 570, 573, 627, 673]: Intersections: 16
Solution: [1, 2, 24, 29, 36, 39, 64, 66, 76, 78, 83, 86, 89, 90, 92, 98, 101, 463, 464, 465, 466, 493, 523, 560, 563, 571, 627, 673]: Size: 28: Type: creative: Plausibility: -46942.530646844025: Novelty: 0.7: Min Abs Distance: 0.5897435897435898: Avg Frequency: 0.28851773820850896: Closest Item: [1, 21, 24, 29, 39, 54, 68, 79, 86, 89, 92, 95, 98, 390, 463, 466, 475, 493, 523, 571, 569, 562, 560, 570, 573, 627, 673]: Intersections: 16
Solution: [1, 2, 24, 29, 36, 39, 64, 66, 76, 78, 83, 86, 89, 90, 92, 98, 101, 463, 464, 465, 466, 493, 523, 560, 563, 571, 627, 673]: Size: 28: Type: creative: Plausibility: -46942.530646844025: Novelty: 0.7: Min Abs Distance: 0.5897435897435898: Avg Frequency: 0.28851773820850896: Closest Item: [1, 21, 24, 29, 39, 54, 68, 79, 86, 89, 92, 95, 98, 390, 463, 466, 475, 493, 523, 571, 569, 562, 560, 570, 573, 627, 673]: Intersections: 16
Run: 5
Solution: [1, 24, 25, 35, 36, 46, 54, 64, 90, 92, 93, 95, 98, 102, 464, 466, 492, 523, 524, 531, 569, 570, 592, 595, 602, 617, 627, 673]: Size: 28: Type: factual: Plausibility: -68476.88718944727: Novelty: 0.7: Min Abs Distance: 0.5952380952380952: Avg Frequency: 0.3108887227583707: Closest Item: [1, 20, 25, 26, 36, 46, 64, 86, 89, 92, 95, 98, 101, 178, 464, 488, 492, 525, 523, 522, 524, 550, 549, 548, 570, 573, 595, 592, 614, 627, 673]: Intersections: 17
Solution: [1, 24, 25, 35, 36, 46, 54, 64, 90, 92, 93, 95, 98, 102, 464, 466, 492, 523, 524, 531, 569, 570, 592, 595, 602, 617, 627, 673]: Size: 28: Type: factual: Plausibility: -68476.88718944727: Novelty: 0.7: Min Abs Distance: 0.5952380952380952: Avg Frequency: 0.3108887227583707: Closest Item: [1, 20, 25, 26, 36, 46, 64, 86, 89, 92, 95, 98, 101, 178, 464, 488, 492, 525, 523, 522, 524, 550, 549, 548, 570, 573, 595, 592, 614, 627, 673]: Intersections: 17
Solution: [1, 2, 24, 25, 35, 36, 46, 54, 64, 90, 92, 93, 95, 98, 102, 464, 466, 492, 523, 524, 531, 570, 592, 595, 602, 617, 627, 673]: Size: 28: Type: factual: Plausibility: -65334.30727522861: Novelty: 0.7: Min Abs Distance: 0.5952380952380952: Avg Frequency: 0.3111549091568121: Closest Item: [1, 20, 25, 26, 36, 46, 64, 86, 89, 92, 95, 98, 101, 178, 464, 488, 492, 525, 523, 522, 524, 550, 549, 548, 570, 573, 595, 592, 614, 627, 673]: Intersections: 17
Solution: [1, 2, 24, 25, 35, 36, 46, 54, 64, 92, 93, 95, 98, 102, 464, 466, 492, 523, 524, 531, 569, 570, 592, 595, 602, 617, 627, 673]: Size: 28: Type: factual: Plausibility: -65243.96253135874: Novelty: 0.7: Min Abs Distance: 0.5952380952380952: Avg Frequency: 0.30936523039282315: Closest Item: [1, 20, 25, 26, 36, 46, 64, 86, 89, 92, 95, 98, 101, 178, 464, 488, 492, 525, 523, 522, 524, 550, 549, 548, 570, 573, 595, 592, 614, 627, 673]: Intersections: 17
Solution: [1, 2, 24, 25, 35, 36, 46, 54, 64, 92, 93, 95, 98, 102, 464, 466, 492, 523, 524, 531, 569, 570, 592, 595, 602, 617, 627, 673]: Size: 28: Type: factual: Plausibility: -65243.96253135874: Novelty: 0.7: Min Abs Distance: 0.5952380952380952: Avg Frequency: 0.30936523039282315: Closest Item: [1, 20, 25, 26, 36, 46, 64, 86, 89, 92, 95, 98, 101, 178, 464, 488, 492, 525, 523, 522, 524, 550, 549, 548, 570, 573, 595, 592, 614, 627, 673]: Intersections: 17
Solution: [21, 25, 36, 49, 78, 86, 89, 96, 101, 102, 114, 466, 471, 502, 520, 523, 524, 550, 555, 563, 567, 568, 569, 570, 592, 597, 626, 647]: Size: 28: Type: analogical: Plausibility: -28002.44193574492: Novelty: 0.7: Min Abs Distance: 0.6744186046511628: Avg Frequency: 0.24122434416202249: Closest Item: [3, 21, 25, 33, 36, 47, 64, 86, 89, 92, 95, 96, 101, 259, 466, 495, 492, 525, 520, 550, 549, 548, 570, 572, 595, 597, 592, 635, 647]: Intersections: 14
Solution: [23, 25, 39, 46, 74, 86, 89, 92, 98, 101, 408, 486, 497, 523, 524, 542, 549, 555, 560, 563, 568, 570, 571, 592, 614, 626, 634, 647]: Size: 28: Type: analogical: Plausibility: -25648.164198430037: Novelty: 0.7073170731707317: Min Abs Distance: 0.6428571428571428: Avg Frequency: 0.27553407185900053: Closest Item: [3, 23, 28, 46, 64, 65, 86, 89, 92, 95, 98, 101, 486, 524, 522, 521, 526, 523, 550, 549, 548, 570, 568, 572, 597, 592, 595, 635, 647]: Intersections: 15
Solution: [1, 25, 27, 36, 47, 64, 89, 92, 93, 98, 464, 486, 523, 524, 535, 540, 551, 555, 563, 567, 568, 569, 570, 576, 597, 617, 635, 647]: Size: 28: Type: analogical: Plausibility: -22354.123978311887: Novelty: 0.7021276595744681: Min Abs Distance: 0.6666666666666667: Avg Frequency: 0.2640767296452358: Closest Item: [26, 36, 72, 86, 89, 92, 95, 98, 333, 464, 486, 522, 570, 569, 567, 563, 572, 597, 635, 673]: Intersections: 12
Solution: [2, 18, 21, 25, 33, 36, 54, 64, 78, 89, 95, 98, 114, 464, 495, 512, 523, 525, 535, 541, 546, 550, 560, 568, 582, 583, 643, 647]: Size: 28: Type: analogical: Plausibility: -20727.918588654204: Novelty: 0.7021276595744681: Min Abs Distance: 0.6486486486486487: Avg Frequency: 0.25969031761134515: Closest Item: [1, 21, 33, 36, 54, 64, 86, 89, 92, 95, 98, 492, 495, 524, 525, 550, 549, 548, 583, 614, 635, 647]: Intersections: 13
Solution: [1, 17, 23, 25, 33, 36, 76, 86, 90, 95, 98, 134, 466, 512, 520, 526, 535, 549, 550, 552, 560, 567, 568, 570, 592, 614, 634, 647]: Size: 28: Type: analogical: Plausibility: -20237.222626851177: Novelty: 0.7045454545454546: Min Abs Distance: 0.6428571428571428: Avg Frequency: 0.2668631915182819: Closest Item: [1, 23, 25, 33, 36, 47, 72, 86, 89, 92, 95, 98, 101, 466, 492, 495, 520, 525, 550, 549, 548, 570, 572, 583, 595, 597, 614, 627, 647]: Intersections: 15
Solution: [1, 21, 23, 25, 29, 33, 35, 36, 57, 63, 64, 83, 86, 90, 92, 93, 95, 98, 101, 102, 464, 521, 563, 568, 579, 597, 643, 673]: Size: 28: Type: creative: Plausibility: -55250.2395403415: Novelty: 0.7: Min Abs Distance: 0.641025641025641: Avg Frequency: 0.3048004168365729: Closest Item: [1, 23, 26, 36, 46, 64, 63, 86, 89, 92, 95, 98, 101, 214, 464, 488, 493, 568, 570, 572, 597, 595, 592, 635, 673]: Intersections: 14
Solution: [1, 21, 23, 25, 29, 33, 35, 36, 57, 63, 64, 83, 86, 90, 92, 93, 95, 98, 101, 102, 464, 521, 563, 568, 579, 597, 643, 673]: Size: 28: Type: creative: Plausibility: -55250.2395403415: Novelty: 0.7: Min Abs Distance: 0.641025641025641: Avg Frequency: 0.3048004168365729: Closest Item: [1, 23, 26, 36, 46, 64, 63, 86, 89, 92, 95, 98, 101, 214, 464, 488, 493, 568, 570, 572, 597, 595, 592, 635, 673]: Intersections: 14
Solution: [1, 21, 23, 25, 29, 33, 35, 36, 57, 63, 64, 78, 83, 86, 90, 92, 93, 95, 98, 101, 102, 464, 521, 568, 579, 597, 643, 673]: Size: 28: Type: creative: Plausibility: -55005.77729222303: Novelty: 0.7: Min Abs Distance: 0.641025641025641: Avg Frequency: 0.30524500475737393: Closest Item: [1, 23, 26, 36, 46, 64, 63, 86, 89, 92, 95, 98, 101, 214, 464, 488, 493, 568, 570, 572, 597, 595, 592, 635, 673]: Intersections: 14
Solution: [1, 21, 23, 25, 29, 33, 35, 36, 57, 63, 64, 78, 83, 86, 90, 92, 93, 95, 98, 101, 102, 464, 521, 568, 579, 597, 643, 673]: Size: 28: Type: creative: Plausibility: -55005.77729222303: Novelty: 0.7: Min Abs Distance: 0.641025641025641: Avg Frequency: 0.30524500475737393: Closest Item: [1, 23, 26, 36, 46, 64, 63, 86, 89, 92, 95, 98, 101, 214, 464, 488, 493, 568, 570, 572, 597, 595, 592, 635, 673]: Intersections: 14
Solution: [1, 21, 23, 25, 29, 33, 35, 36, 57, 63, 64, 78, 83, 86, 90, 92, 93, 95, 98, 101, 102, 464, 521, 568, 579, 597, 643, 673]: Size: 28: Type: creative: Plausibility: -55005.77729222303: Novelty: 0.7: Min Abs Distance: 0.641025641025641: Avg Frequency: 0.30524500475737393: Closest Item: [1, 23, 26, 36, 46, 64, 63, 86, 89, 92, 95, 98, 101, 214, 464, 488, 493, 568, 570, 572, 597, 595, 592, 635, 673]: Intersections: 14
Run: 6
Solution: [1, 2, 3, 14, 25, 26, 33, 36, 44, 54, 57, 64, 65, 70, 83, 86, 89, 92, 95, 463, 465, 513, 531, 549, 608, 626, 642, 673]: Size: 28: Type: factual: Plausibility: -51340.398750745146: Novelty: 0.7: Min Abs Distance: 0.6: Avg Frequency: 0.29767001948257893: Closest Item: [2, 14, 11, 25, 26, 36, 46, 57, 65, 86, 89, 92, 95, 98, 140, 465, 486, 492, 522, 550, 549, 548, 597, 624, 617, 626, 642, 673]: Intersections: 16
Solution: [1, 2, 3, 14, 25, 26, 33, 36, 44, 54, 57, 64, 65, 70, 76, 83, 86, 89, 92, 95, 463, 465, 549, 563, 608, 626, 642, 673]: Size: 28: Type: factual: Plausibility: -50851.39945053521: Novelty: 0.7: Min Abs Distance: 0.6: Avg Frequency: 0.2946202029812876: Closest Item: [2, 14, 11, 25, 26, 36, 46, 57, 65, 86, 89, 92, 95, 98, 140, 465, 486, 492, 522, 550, 549, 548, 597, 624, 617, 626, 642, 673]: Intersections: 16
Solution: [1, 2, 3, 14, 25, 26, 33, 36, 44, 54, 57, 64, 65, 70, 83, 86, 89, 92, 95, 463, 465, 531, 549, 563, 608, 626, 642, 673]: Size: 28: Type: factual: Plausibility: -50210.267034704404: Novelty: 0.7: Min Abs Distance: 0.6: Avg Frequency: 0.2985790177155544: Closest Item: [2, 14, 11, 25, 26, 36, 46, 57, 65, 86, 89, 92, 95, 98, 140, 465, 486, 492, 522, 550, 549, 548, 597, 624, 617, 626, 642, 673]: Intersections: 16
Solution: [1, 2, 3, 14, 25, 26, 33, 36, 44, 54, 57, 65, 70, 76, 83, 86, 89, 92, 95, 463, 465, 531, 549, 563, 608, 626, 642, 673]: Size: 28: Type: factual: Plausibility: -49880.64528419252: Novelty: 0.7073170731707317: Min Abs Distance: 0.6: Avg Frequency: 0.2912957047709664: Closest Item: [2, 14, 11, 25, 26, 36, 46, 57, 65, 86, 89, 92, 95, 98, 140, 465, 486, 492, 522, 550, 549, 548, 597, 624, 617, 626, 642, 673]: Intersections: 16
Solution: [1, 2, 3, 14, 25, 26, 33, 36, 44, 57, 64, 65, 70, 83, 86, 89, 92, 95, 463, 465, 513, 531, 549, 563, 608, 626, 642, 673]: Size: 28: Type: factual: Plausibility: -49043.91314827774: Novelty: 0.7: Min Abs Distance: 0.6: Avg Frequency: 0.29573592043858454: Closest Item: [2, 14, 11, 25, 26, 36, 46, 57, 65, 86, 89, 92, 95, 98, 140, 465, 486, 492, 522, 550, 549, 548, 597, 624, 617, 626, 642, 673]: Intersections: 16
Solution: [14, 21, 25, 39, 44, 72, 84, 89, 90, 95, 98, 276, 465, 488, 499, 525, 526, 549, 553, 555, 567, 568, 569, 570, 572, 614, 628, 673]: Size: 28: Type: analogical: Plausibility: -29616.15206178887: Novelty: 0.7021276595744681: Min Abs Distance: 0.65: Avg Frequency: 0.2627882742059716: Closest Item: [1, 21, 25, 28, 39, 54, 72, 86, 89, 92, 95, 98, 335, 465, 475, 525, 521, 523, 550, 549, 548, 567, 569, 614, 640, 673]: Intersections: 14
Solution: [1, 21, 25, 35, 44, 67, 86, 88, 92, 95, 98, 437, 466, 509, 525, 527, 532, 549, 553, 555, 568, 569, 571, 595, 600, 617, 631, 673]: Size: 28: Type: analogical: Plausibility: -26883.189306171113: Novelty: 0.7: Min Abs Distance: 0.675: Avg Frequency: 0.26919657015993836: Closest Item: [1, 21, 25, 27, 36, 46, 72, 86, 89, 92, 95, 98, 465, 531, 532, 553, 555, 570, 568, 572, 597, 592, 595, 635, 673]: Intersections: 13
Solution: [1, 21, 25, 29, 36, 45, 63, 78, 86, 92, 93, 98, 170, 464, 466, 481, 525, 532, 546, 549, 555, 565, 568, 571, 580, 624, 630, 673]: Size: 28: Type: analogical: Plausibility: -26865.07822097815: Novelty: 0.7021276595744681: Min Abs Distance: 0.65: Avg Frequency: 0.26507634452448914: Closest Item: [1, 21, 25, 29, 36, 54, 72, 78, 86, 89, 92, 95, 98, 344, 466, 492, 481, 525, 521, 524, 550, 549, 548, 572, 627, 673]: Intersections: 14
Solution: [1, 21, 25, 27, 47, 78, 86, 92, 93, 98, 276, 466, 511, 523, 524, 525, 532, 535, 541, 548, 555, 570, 614, 617, 619, 624, 631, 673]: Size: 28: Type: analogical: Plausibility: -25788.37420625664: Novelty: 0.7105263157894737: Min Abs Distance: 0.6666666666666667: Avg Frequency: 0.25607697884101305: Closest Item: [1, 21, 33, 35, 47, 72, 78, 86, 89, 92, 95, 98, 344, 466, 492, 524, 521, 523, 525, 550, 549, 548, 567, 569, 572, 617, 627, 673]: Intersections: 14
Solution: [1, 23, 29, 36, 41, 72, 79, 86, 89, 90, 95, 98, 488, 523, 524, 526, 545, 546, 548, 567, 570, 600, 614, 624, 628, 673]: Size: 26: Type: analogical: Plausibility: -25192.265948215532: Novelty: 0.7027027027027026: Min Abs Distance: 0.6578947368421053: Avg Frequency: 0.29479250530630163: Closest Item: [1, 23, 29, 39, 54, 72, 86, 89, 92, 95, 98, 274, 475, 493, 524, 525, 521, 523, 550, 549, 548, 572, 614, 627, 673]: Intersections: 13
Solution: [13, 21, 25, 26, 36, 39, 54, 66, 68, 70, 86, 92, 93, 96, 98, 101, 522, 526, 531, 548, 568, 570, 571, 614, 627, 632, 635, 673]: Size: 28: Type: creative: Plausibility: -53626.92325635642: Novelty: 0.7: Min Abs Distance: 0.6153846153846154: Avg Frequency: 0.29748878619002317: Closest Item: [3, 21, 25, 26, 36, 46, 70, 86, 89, 92, 95, 98, 429, 464, 486, 492, 522, 550, 548, 571, 570, 568, 567, 572, 627, 673]: Intersections: 15
Solution: [13, 21, 25, 26, 36, 39, 54, 66, 68, 70, 86, 92, 93, 96, 98, 101, 522, 526, 531, 548, 568, 570, 571, 614, 627, 632, 635, 673]: Size: 28: Type: creative: Plausibility: -53626.92325635642: Novelty: 0.7: Min Abs Distance: 0.6153846153846154: Avg Frequency: 0.29748878619002317: Closest Item: [3, 21, 25, 26, 36, 46, 70, 86, 89, 92, 95, 98, 429, 464, 486, 492, 522, 550, 548, 571, 570, 568, 567, 572, 627, 673]: Intersections: 15
Solution: [13, 21, 25, 26, 36, 39, 54, 66, 68, 70, 86, 92, 93, 96, 98, 101, 522, 526, 531, 548, 568, 570, 571, 614, 627, 632, 635, 673]: Size: 28: Type: creative: Plausibility: -53626.92325635642: Novelty: 0.7: Min Abs Distance: 0.6153846153846154: Avg Frequency: 0.29748878619002317: Closest Item: [3, 21, 25, 26, 36, 46, 70, 86, 89, 92, 95, 98, 429, 464, 486, 492, 522, 550, 548, 571, 570, 568, 567, 572, 627, 673]: Intersections: 15
Solution: [13, 21, 25, 26, 36, 39, 54, 66, 68, 70, 86, 92, 93, 96, 98, 101, 522, 526, 531, 548, 567, 568, 570, 614, 627, 632, 635, 673]: Size: 28: Type: creative: Plausibility: -53387.85693180934: Novelty: 0.7: Min Abs Distance: 0.6153846153846154: Avg Frequency: 0.2994483711657832: Closest Item: [3, 21, 25, 26, 36, 46, 70, 86, 89, 92, 95, 98, 429, 464, 486, 492, 522, 550, 548, 571, 570, 568, 567, 572, 627, 673]: Intersections: 15
Solution: [13, 21, 25, 26, 36, 39, 54, 66, 68, 70, 86, 92, 93, 96, 98, 101, 102, 522, 526, 531, 548, 568, 570, 614, 627, 632, 635, 673]: Size: 28: Type: creative: Plausibility: -53293.67928880595: Novelty: 0.7: Min Abs Distance: 0.6444444444444444: Avg Frequency: 0.29780311268179965: Closest Item: [1, 21, 25, 26, 36, 46, 65, 86, 89, 92, 95, 98, 102, 101, 466, 465, 489, 524, 522, 521, 526, 525, 550, 549, 548, 568, 570, 572, 595, 579, 626, 627, 673]: Intersections: 16
Run: 7
Solution: [1, 2, 21, 23, 24, 25, 28, 35, 39, 57, 63, 68, 70, 72, 89, 92, 95, 101, 211, 466, 522, 524, 525, 568, 571, 614, 643, 673]: Size: 28: Type: factual: Plausibility: -65362.41808451153: Novelty: 0.7: Min Abs Distance: 0.6341463414634146: Avg Frequency: 0.26844331928775317: Closest Item: [1, 21, 25, 27, 35, 46, 72, 70, 86, 89, 92, 95, 98, 198, 466, 495, 492, 524, 525, 521, 522, 523, 550, 549, 548, 572, 643, 673]: Intersections: 15
Solution: [1, 2, 21, 23, 24, 25, 28, 35, 39, 57, 63, 68, 70, 72, 89, 92, 95, 101, 211, 466, 522, 524, 525, 568, 571, 614, 643, 673]: Size: 28: Type: factual: Plausibility: -65362.41808451153: Novelty: 0.7: Min Abs Distance: 0.6341463414634146: Avg Frequency: 0.26844331928775317: Closest Item: [1, 21, 25, 27, 35, 46, 72, 70, 86, 89, 92, 95, 98, 198, 466, 495, 492, 524, 525, 521, 522, 523, 550, 549, 548, 572, 643, 673]: Intersections: 15
Solution: [1, 2, 21, 23, 24, 25, 28, 35, 39, 57, 63, 68, 70, 72, 89, 92, 95, 101, 211, 466, 522, 524, 525, 568, 571, 614, 643, 673]: Size: 28: Type: factual: Plausibility: -65362.41808451153: Novelty: 0.7: Min Abs Distance: 0.6341463414634146: Avg Frequency: 0.26844331928775317: Closest Item: [1, 21, 25, 27, 35, 46, 72, 70, 86, 89, 92, 95, 98, 198, 466, 495, 492, 524, 525, 521, 522, 523, 550, 549, 548, 572, 643, 673]: Intersections: 15
Solution: [1, 2, 21, 23, 24, 25, 28, 35, 39, 57, 63, 68, 70, 72, 89, 92, 95, 101, 211, 466, 522, 524, 525, 568, 571, 614, 643, 673]: Size: 28: Type: factual: Plausibility: -65362.41808451153: Novelty: 0.7: Min Abs Distance: 0.6341463414634146: Avg Frequency: 0.26844331928775317: Closest Item: [1, 21, 25, 27, 35, 46, 72, 70, 86, 89, 92, 95, 98, 198, 466, 495, 492, 524, 525, 521, 522, 523, 550, 549, 548, 572, 643, 673]: Intersections: 15
Solution: [1, 2, 21, 23, 24, 25, 28, 35, 39, 57, 63, 68, 70, 72, 89, 92, 95, 101, 211, 466, 522, 524, 525, 568, 571, 614, 643, 673]: Size: 28: Type: factual: Plausibility: -65362.41808451153: Novelty: 0.7: Min Abs Distance: 0.6341463414634146: Avg Frequency: 0.26844331928775317: Closest Item: [1, 21, 25, 27, 35, 46, 72, 70, 86, 89, 92, 95, 98, 198, 466, 495, 492, 524, 525, 521, 522, 523, 550, 549, 548, 572, 643, 673]: Intersections: 15
Solution: [3, 13, 24, 26, 39, 45, 65, 83, 86, 88, 92, 95, 98, 464, 522, 525, 541, 549, 552, 561, 568, 570, 571, 574, 583, 595, 635, 673]: Size: 28: Type: analogical: Plausibility: -27762.28932023324: Novelty: 0.7045454545454546: Min Abs Distance: 0.6444444444444444: Avg Frequency: 0.283545149744008: Closest Item: [1, 21, 26, 36, 45, 65, 86, 89, 92, 95, 98, 101, 102, 434, 464, 486, 492, 522, 521, 523, 525, 524, 550, 549, 548, 568, 570, 572, 592, 595, 597, 635, 673]: Intersections: 16
Solution: [2, 23, 24, 38, 45, 64, 83, 86, 89, 92, 95, 98, 464, 482, 525, 526, 534, 546, 550, 567, 569, 570, 597, 610, 613, 618, 623, 673]: Size: 28: Type: analogical: Plausibility: -26073.154245546768: Novelty: 0.7105263157894737: Min Abs Distance: 0.6818181818181819: Avg Frequency: 0.28448529744914136: Closest Item: [1, 21, 24, 28, 36, 45, 72, 86, 89, 92, 95, 98, 274, 464, 486, 492, 522, 521, 523, 525, 524, 550, 549, 548, 567, 569, 570, 572, 627, 673]: Intersections: 14
Solution: [3, 21, 26, 35, 54, 64, 84, 89, 92, 93, 98, 269, 471, 509, 521, 522, 524, 526, 550, 553, 555, 561, 567, 568, 595, 617, 635, 673]: Size: 28: Type: analogical: Plausibility: -25866.17445482866: Novelty: 0.7: Min Abs Distance: 0.6744186046511628: Avg Frequency: 0.2624654524036065: Closest Item: [1, 21, 26, 36, 46, 64, 65, 86, 89, 92, 95, 98, 101, 333, 486, 492, 523, 521, 522, 526, 550, 549, 548, 568, 572, 595, 597, 635, 673]: Intersections: 14
Solution: [1, 21, 24, 45, 64, 83, 84, 89, 92, 95, 98, 187, 464, 470, 507, 524, 526, 529, 550, 562, 567, 570, 576, 602, 611, 623, 633, 673]: Size: 28: Type: analogical: Plausibility: -25420.717948717946: Novelty: 0.7021276595744681: Min Abs Distance: 0.6666666666666667: Avg Frequency: 0.2712156223098184: Closest Item: [1, 19, 21, 24, 30, 36, 45, 65, 86, 89, 92, 95, 98, 333, 464, 488, 493, 522, 523, 524, 550, 549, 548, 567, 572, 602, 627, 673]: Intersections: 14
Solution: [1, 21, 26, 39, 54, 65, 86, 89, 92, 93, 96, 273, 464, 488, 515, 518, 522, 524, 526, 548, 553, 555, 595, 602, 604, 613, 642, 673]: Size: 28: Type: analogical: Plausibility: -24546.903267034108: Novelty: 0.7027027027027026: Min Abs Distance: 0.6585365853658536: Avg Frequency: 0.2831741878483078: Closest Item: [1, 21, 24, 26, 36, 46, 57, 65, 86, 89, 92, 95, 98, 333, 464, 493, 488, 524, 526, 522, 550, 549, 548, 572, 626, 627, 673]: Intersections: 14
Solution: [1, 2, 25, 36, 39, 45, 62, 70, 83, 89, 90, 92, 93, 95, 96, 101, 102, 464, 466, 495, 522, 550, 568, 569, 592, 627, 635, 673]: Size: 28: Type: creative: Plausibility: -57319.00343477913: Novelty: 0.7021276595744681: Min Abs Distance: 0.627906976744186: Avg Frequency: 0.3009973494630964: Closest Item: [1, 21, 25, 33, 39, 52, 70, 83, 86, 89, 92, 95, 98, 102, 228, 464, 495, 492, 525, 520, 550, 549, 548, 570, 568, 572, 592, 595, 597, 635, 673]: Intersections: 16
Solution: [1, 2, 25, 36, 39, 45, 62, 70, 83, 89, 90, 92, 93, 95, 96, 101, 102, 464, 466, 495, 522, 550, 568, 569, 592, 627, 635, 673]: Size: 28: Type: creative: Plausibility: -57319.00343477913: Novelty: 0.7021276595744681: Min Abs Distance: 0.627906976744186: Avg Frequency: 0.3009973494630964: Closest Item: [1, 21, 25, 33, 39, 52, 70, 83, 86, 89, 92, 95, 98, 102, 228, 464, 495, 492, 525, 520, 550, 549, 548, 570, 568, 572, 592, 595, 597, 635, 673]: Intersections: 16
Solution: [1, 2, 25, 36, 39, 45, 62, 70, 83, 89, 90, 92, 93, 95, 96, 101, 102, 464, 466, 495, 522, 550, 568, 569, 592, 627, 635, 673]: Size: 28: Type: creative: Plausibility: -57319.00343477913: Novelty: 0.7021276595744681: Min Abs Distance: 0.627906976744186: Avg Frequency: 0.3009973494630964: Closest Item: [1, 21, 25, 33, 39, 52, 70, 83, 86, 89, 92, 95, 98, 102, 228, 464, 495, 492, 525, 520, 550, 549, 548, 570, 568, 572, 592, 595, 597, 635, 673]: Intersections: 16
Solution: [1, 2, 25, 36, 39, 45, 62, 70, 83, 89, 90, 92, 93, 95, 96, 101, 102, 464, 466, 495, 522, 550, 568, 569, 592, 627, 635, 673]: Size: 28: Type: creative: Plausibility: -57319.00343477913: Novelty: 0.7021276595744681: Min Abs Distance: 0.627906976744186: Avg Frequency: 0.3009973494630964: Closest Item: [1, 21, 25, 33, 39, 52, 70, 83, 86, 89, 92, 95, 98, 102, 228, 464, 495, 492, 525, 520, 550, 549, 548, 570, 568, 572, 592, 595, 597, 635, 673]: Intersections: 16
Solution: [1, 2, 25, 36, 39, 45, 62, 70, 83, 89, 90, 92, 93, 95, 96, 101, 102, 464, 466, 495, 522, 550, 568, 569, 592, 627, 635, 673]: Size: 28: Type: creative: Plausibility: -57319.00343477913: Novelty: 0.7021276595744681: Min Abs Distance: 0.627906976744186: Avg Frequency: 0.3009973494630964: Closest Item: [1, 21, 25, 33, 39, 52, 70, 83, 86, 89, 92, 95, 98, 102, 228, 464, 495, 492, 525, 520, 550, 549, 548, 570, 568, 572, 592, 595, 597, 635, 673]: Intersections: 16
Run: 8
Solution: [1, 21, 23, 24, 25, 36, 44, 46, 54, 92, 93, 101, 102, 434, 464, 465, 466, 520, 524, 531, 550, 560, 568, 570, 572, 627, 643, 673]: Size: 28: Type: factual: Plausibility: -60512.88888888888: Novelty: 0.7: Min Abs Distance: 0.6136363636363636: Avg Frequency: 0.28469484844365905: Closest Item: [1, 21, 25, 26, 36, 46, 65, 86, 89, 92, 95, 98, 102, 101, 466, 465, 489, 524, 522, 521, 526, 525, 550, 549, 548, 568, 570, 572, 595, 579, 626, 627, 673]: Intersections: 17
Solution: [1, 21, 23, 24, 25, 36, 44, 46, 54, 92, 93, 101, 102, 434, 464, 465, 466, 520, 524, 531, 550, 560, 568, 570, 572, 627, 643, 673]: Size: 28: Type: factual: Plausibility: -60512.88888888888: Novelty: 0.7: Min Abs Distance: 0.6136363636363636: Avg Frequency: 0.28469484844365905: Closest Item: [1, 21, 25, 26, 36, 46, 65, 86, 89, 92, 95, 98, 102, 101, 466, 465, 489, 524, 522, 521, 526, 525, 550, 549, 548, 568, 570, 572, 595, 579, 626, 627, 673]: Intersections: 17
Solution: [1, 21, 23, 24, 25, 36, 44, 46, 54, 92, 93, 101, 102, 434, 464, 465, 466, 520, 524, 531, 550, 560, 568, 570, 572, 627, 643, 673]: Size: 28: Type: factual: Plausibility: -60512.88888888888: Novelty: 0.7: Min Abs Distance: 0.6136363636363636: Avg Frequency: 0.28469484844365905: Closest Item: [1, 21, 25, 26, 36, 46, 65, 86, 89, 92, 95, 98, 102, 101, 466, 465, 489, 524, 522, 521, 526, 525, 550, 549, 548, 568, 570, 572, 595, 579, 626, 627, 673]: Intersections: 17
Solution: [1, 21, 23, 24, 25, 36, 44, 46, 54, 92, 93, 101, 102, 434, 464, 465, 466, 520, 524, 531, 550, 560, 568, 570, 572, 627, 643, 673]: Size: 28: Type: factual: Plausibility: -60512.88888888888: Novelty: 0.7: Min Abs Distance: 0.6136363636363636: Avg Frequency: 0.28469484844365905: Closest Item: [1, 21, 25, 26, 36, 46, 65, 86, 89, 92, 95, 98, 102, 101, 466, 465, 489, 524, 522, 521, 526, 525, 550, 549, 548, 568, 570, 572, 595, 579, 626, 627, 673]: Intersections: 17
Solution: [1, 21, 23, 24, 25, 36, 44, 46, 54, 92, 93, 101, 102, 434, 464, 465, 466, 520, 524, 531, 550, 560, 568, 570, 572, 627, 643, 673]: Size: 28: Type: factual: Plausibility: -60512.88888888888: Novelty: 0.7: Min Abs Distance: 0.6136363636363636: Avg Frequency: 0.28469484844365905: Closest Item: [1, 21, 25, 26, 36, 46, 65, 86, 89, 92, 95, 98, 102, 101, 466, 465, 489, 524, 522, 521, 526, 525, 550, 549, 548, 568, 570, 572, 595, 579, 626, 627, 673]: Intersections: 17
Solution: [21, 25, 33, 42, 64, 86, 89, 90, 93, 98, 101, 464, 475, 483, 525, 539, 546, 548, 550, 562, 567, 569, 570, 609, 620, 626, 640, 673]: Size: 28: Type: analogical: Plausibility: -27832.0: Novelty: 0.7045454545454546: Min Abs Distance: 0.5853658536585367: Avg Frequency: 0.26588906257079425: Closest Item: [1, 21, 25, 33, 39, 54, 69, 86, 89, 90, 93, 98, 101, 179, 464, 475, 492, 524, 521, 525, 550, 549, 548, 570, 572, 595, 597, 626, 635, 673]: Intersections: 17
Solution: [21, 25, 33, 35, 52, 65, 89, 92, 95, 101, 102, 179, 483, 497, 515, 525, 532, 549, 550, 560, 561, 567, 568, 570, 617, 624, 640, 673]: Size: 28: Type: analogical: Plausibility: -25415.11111111111: Novelty: 0.7073170731707317: Min Abs Distance: 0.6428571428571428: Avg Frequency: 0.24714274387204918: Closest Item: [1, 21, 25, 33, 35, 45, 65, 86, 89, 92, 95, 98, 333, 464, 465, 492, 521, 523, 525, 550, 549, 548, 560, 567, 561, 591, 614, 635, 673]: Intersections: 15
Solution: [2, 21, 25, 28, 35, 52, 57, 64, 66, 78, 86, 89, 92, 95, 98, 351, 465, 489, 525, 544, 549, 552, 565, 570, 609, 626, 633, 673]: Size: 28: Type: analogical: Plausibility: -25048.0: Novelty: 0.7111111111111111: Min Abs Distance: 0.6578947368421053: Avg Frequency: 0.28570579040369715: Closest Item: [1, 21, 25, 28, 35, 56, 64, 86, 89, 92, 95, 98, 492, 495, 522, 550, 549, 548, 597, 610, 626, 635, 673]: Intersections: 13
Solution: [21, 25, 28, 36, 52, 57, 66, 72, 86, 89, 90, 95, 96, 464, 495, 527, 532, 543, 548, 567, 568, 569, 570, 592, 609, 617, 633, 673]: Size: 28: Type: analogical: Plausibility: -24012.44444444444: Novelty: 0.7142857142857143: Min Abs Distance: 0.675: Avg Frequency: 0.2636547958860043: Closest Item: [1, 21, 28, 36, 72, 86, 89, 92, 95, 98, 344, 464, 493, 488, 550, 549, 548, 568, 569, 571, 567, 572, 610, 627, 673]: Intersections: 13
Solution: [2, 25, 39, 52, 73, 78, 86, 89, 90, 93, 98, 363, 464, 474, 521, 525, 532, 549, 550, 568, 570, 592, 599, 602, 624, 626, 628, 673]: Size: 28: Type: analogical: Plausibility: -23849.777777777777: Novelty: 0.7045454545454546: Min Abs Distance: 0.6363636363636364: Avg Frequency: 0.25635449232023916: Closest Item: [1, 21, 24, 26, 39, 52, 68, 86, 89, 90, 93, 98, 179, 465, 492, 495, 521, 523, 525, 524, 550, 549, 548, 568, 570, 572, 592, 595, 597, 624, 635, 673]: Intersections: 16
Solution: [1, 9, 13, 14, 23, 25, 26, 28, 36, 39, 47, 57, 72, 83, 86, 89, 90, 101, 102, 133, 492, 522, 548, 561, 569, 597, 643, 647]: Size: 28: Type: creative: Plausibility: -39983.11111111111: Novelty: 0.7: Min Abs Distance: 0.641025641025641: Avg Frequency: 0.26501404558017305: Closest Item: [1, 9, 23, 25, 28, 36, 46, 57, 72, 78, 86, 89, 92, 95, 98, 488, 492, 522, 550, 549, 548, 610, 602, 628, 647]: Intersections: 14
Solution: [1, 9, 13, 14, 23, 25, 26, 28, 36, 39, 47, 57, 72, 83, 86, 89, 90, 101, 102, 133, 492, 522, 548, 561, 569, 597, 643, 647]: Size: 28: Type: creative: Plausibility: -39983.11111111111: Novelty: 0.7: Min Abs Distance: 0.641025641025641: Avg Frequency: 0.26501404558017305: Closest Item: [1, 9, 23, 25, 28, 36, 46, 57, 72, 78, 86, 89, 92, 95, 98, 488, 492, 522, 550, 549, 548, 610, 602, 628, 647]: Intersections: 14
Solution: [1, 9, 13, 14, 23, 25, 26, 28, 36, 39, 47, 57, 72, 83, 86, 89, 90, 101, 102, 133, 492, 522, 548, 561, 569, 597, 643, 647]: Size: 28: Type: creative: Plausibility: -39983.11111111111: Novelty: 0.7: Min Abs Distance: 0.641025641025641: Avg Frequency: 0.26501404558017305: Closest Item: [1, 9, 23, 25, 28, 36, 46, 57, 72, 78, 86, 89, 92, 95, 98, 488, 492, 522, 550, 549, 548, 610, 602, 628, 647]: Intersections: 14
Solution: [1, 9, 13, 14, 23, 25, 26, 28, 36, 39, 47, 57, 72, 83, 86, 89, 90, 101, 102, 133, 492, 522, 548, 561, 569, 597, 643, 647]: Size: 28: Type: creative: Plausibility: -39983.11111111111: Novelty: 0.7: Min Abs Distance: 0.641025641025641: Avg Frequency: 0.26501404558017305: Closest Item: [1, 9, 23, 25, 28, 36, 46, 57, 72, 78, 86, 89, 92, 95, 98, 488, 492, 522, 550, 549, 548, 610, 602, 628, 647]: Intersections: 14
Solution: [1, 9, 13, 14, 23, 25, 26, 28, 36, 39, 47, 57, 72, 83, 86, 89, 90, 101, 102, 133, 492, 522, 548, 561, 569, 597, 643, 647]: Size: 28: Type: creative: Plausibility: -39983.11111111111: Novelty: 0.7: Min Abs Distance: 0.641025641025641: Avg Frequency: 0.26501404558017305: Closest Item: [1, 9, 23, 25, 28, 36, 46, 57, 72, 78, 86, 89, 92, 95, 98, 488, 492, 522, 550, 549, 548, 610, 602, 628, 647]: Intersections: 14
Run: 9
Solution: [1, 14, 21, 23, 24, 29, 33, 35, 39, 46, 64, 70, 86, 89, 90, 93, 95, 98, 101, 102, 436, 464, 465, 560, 561, 568, 595, 673]: Size: 28: Type: factual: Plausibility: -54046.85317934422: Novelty: 0.7: Min Abs Distance: 0.6388888888888888: Avg Frequency: 0.29836946672103665: Closest Item: [23, 26, 46, 64, 86, 89, 90, 93, 98, 101, 270, 464, 502, 568, 573, 595, 592, 597, 623, 635, 673]: Intersections: 13
Solution: [1, 14, 21, 23, 24, 29, 33, 35, 39, 46, 64, 70, 86, 89, 90, 93, 95, 98, 101, 102, 436, 464, 465, 466, 560, 561, 568, 673]: Size: 28: Type: factual: Plausibility: -50532.43329350856: Novelty: 0.7: Min Abs Distance: 0.6486486486486487: Avg Frequency: 0.30030639753522725: Closest Item: [23, 26, 64, 86, 89, 90, 93, 98, 101, 102, 436, 464, 466, 502, 531, 532, 570, 572, 595, 626, 635, 673]: Intersections: 13
Solution: [1, 14, 21, 23, 24, 29, 33, 35, 39, 46, 64, 70, 86, 89, 90, 93, 95, 98, 101, 102, 436, 464, 465, 466, 560, 561, 568, 673]: Size: 28: Type: factual: Plausibility: -50532.43329350856: Novelty: 0.7: Min Abs Distance: 0.6486486486486487: Avg Frequency: 0.30030639753522725: Closest Item: [23, 26, 64, 86, 89, 90, 93, 98, 101, 102, 436, 464, 466, 502, 531, 532, 570, 572, 595, 626, 635, 673]: Intersections: 13
Solution: [1, 9, 21, 23, 24, 29, 33, 35, 39, 46, 64, 70, 86, 89, 90, 93, 95, 98, 101, 102, 436, 464, 465, 466, 560, 561, 568, 673]: Size: 28: Type: factual: Plausibility: -50446.475507765834: Novelty: 0.7: Min Abs Distance: 0.6486486486486487: Avg Frequency: 0.300011893434824: Closest Item: [23, 26, 64, 86, 89, 90, 93, 98, 101, 102, 436, 464, 466, 502, 531, 532, 570, 572, 595, 626, 635, 673]: Intersections: 13
Solution: [1, 21, 23, 24, 29, 33, 35, 39, 46, 64, 70, 86, 89, 90, 93, 95, 98, 101, 102, 436, 464, 465, 466, 560, 561, 568, 618, 673]: Size: 28: Type: factual: Plausibility: -50446.475507765834: Novelty: 0.7: Min Abs Distance: 0.6486486486486487: Avg Frequency: 0.29971455756422455: Closest Item: [23, 26, 64, 86, 89, 90, 93, 98, 101, 102, 436, 464, 466, 502, 531, 532, 570, 572, 595, 626, 635, 673]: Intersections: 13
Solution: [3, 14, 21, 29, 36, 77, 84, 89, 92, 98, 464, 493, 520, 525, 546, 548, 555, 560, 561, 562, 567, 568, 597, 602, 614, 626, 634, 673]: Size: 28: Type: analogical: Plausibility: -33830.656444975444: Novelty: 0.7073170731707317: Min Abs Distance: 0.6818181818181819: Avg Frequency: 0.2607012595713833: Closest Item: [1, 21, 34, 36, 47, 69, 74, 86, 89, 92, 95, 98, 259, 464, 492, 495, 525, 520, 550, 549, 548, 561, 562, 567, 568, 569, 570, 572, 627, 673]: Intersections: 14
Solution: [2, 22, 29, 36, 54, 68, 77, 86, 92, 93, 98, 407, 464, 493, 518, 522, 523, 525, 537, 549, 554, 555, 583, 588, 597, 602, 627, 673]: Size: 28: Type: analogical: Plausibility: -25711.22726669322: Novelty: 0.7: Min Abs Distance: 0.675: Avg Frequency: 0.26179149109691446: Closest Item: [2, 21, 26, 36, 46, 64, 86, 89, 90, 93, 98, 451, 464, 488, 493, 525, 523, 521, 522, 524, 550, 549, 548, 627, 673]: Intersections: 13
Solution: [2, 16, 21, 24, 26, 39, 54, 66, 83, 86, 95, 488, 493, 516, 520, 522, 548, 549, 551, 560, 561, 563, 567, 568, 602, 623, 634, 673]: Size: 28: Type: analogical: Plausibility: -24678.838444178946: Novelty: 0.7021276595744681: Min Abs Distance: 0.6829268292682926: Avg Frequency: 0.237956481355625: Closest Item: [22, 24, 26, 46, 64, 86, 88, 92, 95, 97, 99, 288, 486, 493, 522, 550, 549, 548, 560, 561, 567, 568, 573, 597, 627, 673]: Intersections: 13
Solution: [2, 21, 24, 26, 39, 43, 64, 77, 86, 89, 92, 93, 98, 365, 465, 513, 522, 523, 525, 531, 537, 546, 549, 553, 580, 626, 634, 673]: Size: 28: Type: analogical: Plausibility: -23479.011018186648: Novelty: 0.7073170731707317: Min Abs Distance: 0.5833333333333333: Avg Frequency: 0.28939275519913005: Closest Item: [1, 21, 26, 39, 46, 64, 64, 86, 89, 92, 95, 98, 486, 492, 524, 525, 523, 522, 549, 573, 624, 626, 634, 673]: Intersections: 15
Solution: [2, 21, 24, 34, 36, 47, 72, 74, 84, 89, 92, 95, 98, 351, 465, 486, 517, 519, 521, 522, 529, 546, 548, 553, 583, 595, 641, 673]: Size: 28: Type: analogical: Plausibility: -22717.031063321385: Novelty: 0.7: Min Abs Distance: 0.641025641025641: Avg Frequency: 0.2827154410765257: Closest Item: [1, 21, 24, 28, 36, 46, 72, 86, 89, 92, 95, 98, 321, 465, 486, 492, 522, 550, 549, 548, 583, 610, 602, 635, 673]: Intersections: 14
Solution: [2, 21, 23, 24, 26, 28, 29, 33, 46, 47, 54, 57, 67, 72, 78, 86, 89, 90, 95, 101, 464, 466, 523, 550, 583, 614, 635, 647]: Size: 28: Type: creative: Plausibility: -52420.818399044205: Novelty: 0.7045454545454546: Min Abs Distance: 0.65: Avg Frequency: 0.30008835123012106: Closest Item: [1, 21, 29, 39, 54, 72, 78, 86, 89, 92, 95, 98, 344, 464, 475, 492, 523, 525, 521, 550, 549, 548, 572, 614, 635, 647]: Intersections: 14
Solution: [2, 21, 23, 24, 26, 28, 29, 33, 46, 47, 54, 57, 67, 72, 78, 86, 89, 90, 95, 101, 464, 466, 523, 550, 583, 614, 635, 647]: Size: 28: Type: creative: Plausibility: -52420.818399044205: Novelty: 0.7045454545454546: Min Abs Distance: 0.65: Avg Frequency: 0.30008835123012106: Closest Item: [1, 21, 29, 39, 54, 72, 78, 86, 89, 92, 95, 98, 344, 464, 475, 492, 523, 525, 521, 550, 549, 548, 572, 614, 635, 647]: Intersections: 14
Solution: [2, 21, 23, 24, 26, 28, 29, 33, 46, 47, 54, 57, 67, 72, 78, 86, 89, 90, 95, 101, 464, 466, 523, 550, 583, 614, 635, 647]: Size: 28: Type: creative: Plausibility: -52420.818399044205: Novelty: 0.7045454545454546: Min Abs Distance: 0.65: Avg Frequency: 0.30008835123012106: Closest Item: [1, 21, 29, 39, 54, 72, 78, 86, 89, 92, 95, 98, 344, 464, 475, 492, 523, 525, 521, 550, 549, 548, 572, 614, 635, 647]: Intersections: 14
Solution: [2, 21, 23, 24, 26, 28, 29, 33, 46, 47, 54, 57, 67, 72, 78, 86, 89, 90, 95, 101, 464, 466, 523, 550, 583, 614, 635, 647]: Size: 28: Type: creative: Plausibility: -52420.818399044205: Novelty: 0.7045454545454546: Min Abs Distance: 0.65: Avg Frequency: 0.30008835123012106: Closest Item: [1, 21, 29, 39, 54, 72, 78, 86, 89, 92, 95, 98, 344, 464, 475, 492, 523, 525, 521, 550, 549, 548, 572, 614, 635, 647]: Intersections: 14
Solution: [2, 21, 23, 24, 26, 28, 29, 33, 46, 47, 54, 57, 67, 72, 78, 86, 89, 90, 95, 101, 464, 466, 523, 550, 583, 614, 635, 647]: Size: 28: Type: creative: Plausibility: -52420.818399044205: Novelty: 0.7045454545454546: Min Abs Distance: 0.65: Avg Frequency: 0.30008835123012106: Closest Item: [1, 21, 29, 39, 54, 72, 78, 86, 89, 92, 95, 98, 344, 464, 475, 492, 523, 525, 521, 550, 549, 548, 572, 614, 635, 647]: Intersections: 14
