0.821334536391308, 0.8125, 0.76, 0.9, 0.0
0.7757292896964579, 0.775, 0.6923076923076923, 0.8444444444444444, 0.0
0.7549902426536507, 0.7647058823529411, 0.6923076923076923, 0.8205128205128205, 0.0
0.7532246395405783, 0.7674418604651163, 0.6923076923076923, 0.8095238095238095, 0.0
0.7496464909624297, 0.7619047619047619, 0.6923076923076923, 0.7837837837837838, 0.0
0.7406043323509924, 0.7555555555555555, 0.6923076923076923, 0.775, 0.0
0.731252816062799, 0.7317073170731707, 0.6923076923076923, 0.7837837837837838, 0.0
0.7279375777475607, 0.7317073170731707, 0.6923076923076923, 0.7727272727272727, 0.0
0.717126010434068, 0.7222222222222222, 0.6842105263157895, 0.75, 0.0
0.7116756793739808, 0.7142857142857143, 0.6842105263157895, 0.7380952380952381, 0.0
0.7115337752076861, 0.7073170731707317, 0.6842105263157895, 0.7380952380952381, 0.0
0.7108576657197517, 0.7058823529411764, 0.6842105263157895, 0.7380952380952381, 0.0
0.7080859929480791, 0.7058823529411764, 0.6842105263157895, 0.7380952380952381, 0.0
0.7055207563271149, 0.6976744186046512, 0.6842105263157895, 0.7380952380952381, 0.0
0.703962490744459, 0.7, 0.675, 0.7380952380952381, 0.0
0.6979319381725531, 0.6976744186046512, 0.6578947368421053, 0.7317073170731707, 0.0
0.6931377411415138, 0.6938775510204082, 0.6578947368421053, 0.7317073170731707, 0.0
0.6891924181718004, 0.6923076923076923, 0.6578947368421053, 0.7142857142857143, 0.0
0.691964688975217, 0.6938775510204082, 0.6578947368421053, 0.7142857142857143, 0.0
0.688135711364131, 0.6904761904761905, 0.6578947368421053, 0.7058823529411764, 0.0
0.6893871109853329, 0.6904761904761905, 0.6666666666666667, 0.7058823529411764, 0.0
0.6895254953478999, 0.6904761904761905, 0.6666666666666667, 0.7058823529411764, 0.0
0.6871430638349278, 0.6904761904761905, 0.6585365853658536, 0.7058823529411764, 0.0
0.6871430638349278, 0.6904761904761905, 0.6585365853658536, 0.7058823529411764, 0.0
0.6842253528909011, 0.6842105263157895, 0.65, 0.7058823529411764, 0.0
0.6830715067370549, 0.6842105263157895, 0.65, 0.7058823529411764, 0.0
0.6816220497612822, 0.6829268292682926, 0.65, 0.7058823529411764, 0.0
0.6816220497612822, 0.6829268292682926, 0.65, 0.7058823529411764, 0.0
0.6816220497612822, 0.6829268292682926, 0.65, 0.7058823529411764, 0.0
0.6782133538053645, 0.6829268292682926, 0.65, 0.7058823529411764, 0.0
0.6782133538053645, 0.6829268292682926, 0.65, 0.7058823529411764, 0.0
0.6797483905843037, 0.6842105263157895, 0.65, 0.7058823529411764, 0.0
0.6840728195428789, 0.6842105263157895, 0.6585365853658536, 0.7058823529411764, 0.0
0.6830139732401302, 0.6842105263157895, 0.6585365853658536, 0.7058823529411764, 0.0
0.6830139732401302, 0.6842105263157895, 0.6585365853658536, 0.7058823529411764, 0.0
0.685143280247486, 0.6842105263157895, 0.6666666666666667, 0.7058823529411764, 0.0
0.6863128708907609, 0.6842105263157895, 0.6666666666666667, 0.7058823529411764, 0.0
0.681734763371477, 0.6842105263157895, 0.6486486486486487, 0.6944444444444444, 0.0
0.681734763371477, 0.6842105263157895, 0.6486486486486487, 0.6944444444444444, 0.0
0.6811207282837576, 0.6842105263157895, 0.6486486486486487, 0.6944444444444444, 0.0
0.6811207282837576, 0.6842105263157895, 0.6486486486486487, 0.6944444444444444, 0.0
0.6811207282837576, 0.6842105263157895, 0.6486486486486487, 0.6944444444444444, 0.0
0.6810550289882766, 0.6842105263157895, 0.6486486486486487, 0.6944444444444444, 0.0
0.68180251997967, 0.6842105263157895, 0.6486486486486487, 0.6944444444444444, 0.0
0.6777943764978424, 0.6829268292682926, 0.6428571428571428, 0.6923076923076923, 0.0
0.6773109662583344, 0.6756756756756757, 0.6428571428571428, 0.6923076923076923, 0.0
0.6773109662583344, 0.6756756756756757, 0.6428571428571428, 0.6923076923076923, 0.0
0.6766855753890411, 0.6756756756756757, 0.6428571428571428, 0.6923076923076923, 0.0
0.6766855753890411, 0.6756756756756757, 0.6428571428571428, 0.6923076923076923, 0.0
0.6766855753890411, 0.6756756756756757, 0.6428571428571428, 0.6923076923076923, 0.0
0.6766855753890411, 0.6756756756756757, 0.6428571428571428, 0.6923076923076923, 0.0
0.6766855753890411, 0.6756756756756757, 0.6428571428571428, 0.6923076923076923, 0.0
0.6764895654369336, 0.6756756756756757, 0.6428571428571428, 0.6904761904761905, 0.0
0.6775213114686797, 0.6818181818181819, 0.6428571428571428, 0.6904761904761905, 0.0
0.6775213114686797, 0.6818181818181819, 0.6428571428571428, 0.6904761904761905, 0.0
0.6775213114686797, 0.6818181818181819, 0.6428571428571428, 0.6904761904761905, 0.0
0.677595221298687, 0.6829268292682926, 0.6428571428571428, 0.6904761904761905, 0.0
0.677595221298687, 0.6829268292682926, 0.6428571428571428, 0.6904761904761905, 0.0
0.677595221298687, 0.6829268292682926, 0.6428571428571428, 0.6904761904761905, 0.0
0.6761582237354342, 0.6764705882352942, 0.6428571428571428, 0.6904761904761905, 0.0
0.6759987341022603, 0.6764705882352942, 0.6428571428571428, 0.6904761904761905, 0.0
0.673268826494304, 0.6756756756756757, 0.6428571428571428, 0.6904761904761905, 0.0
0.673268826494304, 0.6756756756756757, 0.6428571428571428, 0.6904761904761905, 0.0
0.6727655357471108, 0.6756756756756757, 0.6428571428571428, 0.6904761904761905, 0.0
0.6721649351465103, 0.6756756756756757, 0.6428571428571428, 0.6904761904761905, 0.0
0.669435027538554, 0.6666666666666667, 0.6428571428571428, 0.6842105263157895, 0.0
0.6700886223097959, 0.675, 0.6428571428571428, 0.6842105263157895, 0.0
0.6717146385699585, 0.6764705882352942, 0.6428571428571428, 0.6842105263157895, 0.0
0.6700030425066295, 0.675, 0.6428571428571428, 0.6829268292682926, 0.0
0.6700030425066295, 0.675, 0.6428571428571428, 0.6829268292682926, 0.0
0.6700030425066295, 0.675, 0.6428571428571428, 0.6829268292682926, 0.0
0.6700030425066295, 0.675, 0.6428571428571428, 0.6829268292682926, 0.0
0.6700030425066295, 0.675, 0.6428571428571428, 0.6829268292682926, 0.0
0.6700030425066295, 0.675, 0.6428571428571428, 0.6829268292682926, 0.0
0.6700030425066295, 0.675, 0.6428571428571428, 0.6829268292682926, 0.0
0.6700030425066295, 0.675, 0.6428571428571428, 0.6829268292682926, 0.0
0.6700030425066295, 0.675, 0.6428571428571428, 0.6829268292682926, 0.0
0.6678079205554099, 0.6666666666666667, 0.6428571428571428, 0.6829268292682926, 0.0
0.6656127986041904, 0.6666666666666667, 0.6428571428571428, 0.6829268292682926, 0.0
0.6683112113026031, 0.6666666666666667, 0.6428571428571428, 0.6904761904761905, 0.0
0.6683112113026031, 0.6666666666666667, 0.6428571428571428, 0.6904761904761905, 0.0
0.6683112113026031, 0.6666666666666667, 0.6428571428571428, 0.6904761904761905, 0.0
0.6683112113026031, 0.6666666666666667, 0.6428571428571428, 0.6904761904761905, 0.0
0.6683112113026031, 0.6666666666666667, 0.6428571428571428, 0.6904761904761905, 0.0
0.6655469836603267, 0.6666666666666667, 0.6428571428571428, 0.6904761904761905, 0.0
0.6655469836603267, 0.6666666666666667, 0.6428571428571428, 0.6904761904761905, 0.0
0.663351861709107, 0.6666666666666667, 0.6428571428571428, 0.6904761904761905, 0.0
0.663351861709107, 0.6666666666666667, 0.6428571428571428, 0.6904761904761905, 0.0
0.663351861709107, 0.6666666666666667, 0.6428571428571428, 0.6904761904761905, 0.0
0.663351861709107, 0.6666666666666667, 0.6428571428571428, 0.6904761904761905, 0.0
0.6606534490106942, 0.6585365853658536, 0.6428571428571428, 0.6818181818181819, 0.0
0.6622813559874385, 0.6666666666666667, 0.6428571428571428, 0.6818181818181819, 0.0
0.6622813559874385, 0.6666666666666667, 0.6428571428571428, 0.6818181818181819, 0.0
0.6622813559874385, 0.6666666666666667, 0.6428571428571428, 0.6818181818181819, 0.0
0.6622813559874385, 0.6666666666666667, 0.6428571428571428, 0.6818181818181819, 0.0
0.6622813559874385, 0.6666666666666667, 0.6428571428571428, 0.6818181818181819, 0.0
0.6594597395359799, 0.6585365853658536, 0.6341463414634146, 0.6818181818181819, 0.0
0.6594597395359799, 0.6585365853658536, 0.6341463414634146, 0.6818181818181819, 0.0
0.6582585383347788, 0.65, 0.6341463414634146, 0.6818181818181819, 0.0
0.6582585383347788, 0.65, 0.6341463414634146, 0.6818181818181819, 0.0
0.6582585383347788, 0.65, 0.6341463414634146, 0.6818181818181819, 0.0
0.6582585383347788, 0.65, 0.6341463414634146, 0.6818181818181819, 0.0
0.657604943563537, 0.65, 0.6341463414634146, 0.6818181818181819, 0.0
0.657604943563537, 0.65, 0.6341463414634146, 0.6818181818181819, 0.0
0.657604943563537, 0.65, 0.6341463414634146, 0.6818181818181819, 0.0
0.6580811340397275, 0.65, 0.6341463414634146, 0.6818181818181819, 0.0
0.6575391286196732, 0.65, 0.6341463414634146, 0.6818181818181819, 0.0
0.655911221642929, 0.65, 0.6341463414634146, 0.6818181818181819, 0.0
0.6580792433231458, 0.65, 0.6486486486486487, 0.6818181818181819, 0.0
0.6580792433231458, 0.65, 0.6486486486486487, 0.6818181818181819, 0.0
0.6580792433231458, 0.65, 0.6486486486486487, 0.6818181818181819, 0.0
0.6580792433231458, 0.65, 0.6486486486486487, 0.6818181818181819, 0.0
0.6580792433231458, 0.65, 0.6486486486486487, 0.6818181818181819, 0.0
0.6580792433231458, 0.65, 0.6486486486486487, 0.6818181818181819, 0.0
0.6580792433231458, 0.65, 0.6486486486486487, 0.6818181818181819, 0.0
0.658596039188779, 0.65, 0.6486486486486487, 0.6818181818181819, 0.0
0.658596039188779, 0.65, 0.6486486486486487, 0.6818181818181819, 0.0
0.6591160858912222, 0.65, 0.6486486486486487, 0.6818181818181819, 0.0
0.6591160858912222, 0.65, 0.6486486486486487, 0.6818181818181819, 0.0
0.6591160858912222, 0.65, 0.6486486486486487, 0.6818181818181819, 0.0
0.6596580913112765, 0.65, 0.6486486486486487, 0.6818181818181819, 0.0
0.6586244995800103, 0.65, 0.6486486486486487, 0.6818181818181819, 0.0
0.6586244995800103, 0.65, 0.6486486486486487, 0.6818181818181819, 0.0
0.6586244995800103, 0.65, 0.6486486486486487, 0.6818181818181819, 0.0
0.6586244995800103, 0.65, 0.6486486486486487, 0.6818181818181819, 0.0
0.6586244995800103, 0.65, 0.6486486486486487, 0.6818181818181819, 0.0
0.6586244995800103, 0.65, 0.6486486486486487, 0.6818181818181819, 0.0
0.6596580913112765, 0.65, 0.6486486486486487, 0.6818181818181819, 0.0
0.6585063748107227, 0.65, 0.6486486486486487, 0.6818181818181819, 0.0
0.6585063748107227, 0.65, 0.6486486486486487, 0.6818181818181819, 0.0
0.6585063748107227, 0.65, 0.6486486486486487, 0.6818181818181819, 0.0
0.6585063748107227, 0.65, 0.6486486486486487, 0.6818181818181819, 0.0
0.6585063748107227, 0.65, 0.6486486486486487, 0.6818181818181819, 0.0
0.6578714541758022, 0.65, 0.6486486486486487, 0.6818181818181819, 0.0
0.6578714541758022, 0.65, 0.6486486486486487, 0.6818181818181819, 0.0
0.6578714541758022, 0.65, 0.6486486486486487, 0.6818181818181819, 0.0
0.6590726553770033, 0.6571428571428571, 0.6486486486486487, 0.6818181818181819, 0.0
0.6590726553770033, 0.6571428571428571, 0.6486486486486487, 0.6818181818181819, 0.0
0.659707576011924, 0.6571428571428571, 0.6486486486486487, 0.6818181818181819, 0.0
0.659707576011924, 0.6571428571428571, 0.6486486486486487, 0.6818181818181819, 0.0
0.659707576011924, 0.6571428571428571, 0.6486486486486487, 0.6818181818181819, 0.0
0.659707576011924, 0.6571428571428571, 0.6486486486486487, 0.6818181818181819, 0.0
0.659707576011924, 0.6571428571428571, 0.6486486486486487, 0.6818181818181819, 0.0
0.659707576011924, 0.6571428571428571, 0.6486486486486487, 0.6818181818181819, 0.0
0.659707576011924, 0.6571428571428571, 0.6486486486486487, 0.6818181818181819, 0.0
0.659707576011924, 0.6571428571428571, 0.6486486486486487, 0.6818181818181819, 0.0
0.6590726553770033, 0.6571428571428571, 0.6486486486486487, 0.6818181818181819, 0.0
0.6590726553770033, 0.6571428571428571, 0.6486486486486487, 0.6818181818181819, 0.0
0.6590726553770033, 0.6571428571428571, 0.6486486486486487, 0.6818181818181819, 0.0
0.6590726553770033, 0.6571428571428571, 0.6486486486486487, 0.6818181818181819, 0.0
0.6590726553770033, 0.6571428571428571, 0.6486486486486487, 0.6818181818181819, 0.0
0.6590726553770033, 0.6571428571428571, 0.6486486486486487, 0.6818181818181819, 0.0
0.6590726553770033, 0.6571428571428571, 0.6486486486486487, 0.6818181818181819, 0.0
0.6590726553770033, 0.6571428571428571, 0.6486486486486487, 0.6818181818181819, 0.0
0.6590726553770033, 0.6571428571428571, 0.6486486486486487, 0.6818181818181819, 0.0
0.6590726553770033, 0.6571428571428571, 0.6486486486486487, 0.6818181818181819, 0.0
0.659707576011924, 0.6571428571428571, 0.6486486486486487, 0.6818181818181819, 0.0
0.659707576011924, 0.6571428571428571, 0.6486486486486487, 0.6818181818181819, 0.0
0.659707576011924, 0.6571428571428571, 0.6486486486486487, 0.6818181818181819, 0.0
0.659707576011924, 0.6571428571428571, 0.6486486486486487, 0.6818181818181819, 0.0
0.659707576011924, 0.6571428571428571, 0.6486486486486487, 0.6818181818181819, 0.0
0.659707576011924, 0.6571428571428571, 0.6486486486486487, 0.6818181818181819, 0.0
0.659707576011924, 0.6571428571428571, 0.6486486486486487, 0.6818181818181819, 0.0
0.659707576011924, 0.6571428571428571, 0.6486486486486487, 0.6818181818181819, 0.0
0.659707576011924, 0.6571428571428571, 0.6486486486486487, 0.6818181818181819, 0.0
0.659707576011924, 0.6571428571428571, 0.6486486486486487, 0.6818181818181819, 0.0
0.659707576011924, 0.6571428571428571, 0.6486486486486487, 0.6818181818181819, 0.0
0.6596174859218339, 0.6571428571428571, 0.6486486486486487, 0.6818181818181819, 0.0
0.6596174859218339, 0.6571428571428571, 0.6486486486486487, 0.6818181818181819, 0.0
0.6596174859218339, 0.6571428571428571, 0.6486486486486487, 0.6818181818181819, 0.0
0.6596174859218339, 0.6571428571428571, 0.6486486486486487, 0.6818181818181819, 0.0
0.6602524065567545, 0.6590909090909092, 0.6486486486486487, 0.6818181818181819, 0.0
0.6602524065567545, 0.6590909090909092, 0.6486486486486487, 0.6818181818181819, 0.0
0.6602524065567545, 0.6590909090909092, 0.6486486486486487, 0.6818181818181819, 0.0
0.6602524065567545, 0.6590909090909092, 0.6486486486486487, 0.6818181818181819, 0.0
0.6602524065567545, 0.6590909090909092, 0.6486486486486487, 0.6818181818181819, 0.0
0.6602524065567545, 0.6590909090909092, 0.6486486486486487, 0.6818181818181819, 0.0
0.6602524065567545, 0.6590909090909092, 0.6486486486486487, 0.6818181818181819, 0.0
0.6602524065567545, 0.6590909090909092, 0.6486486486486487, 0.6818181818181819, 0.0
0.6602524065567545, 0.6590909090909092, 0.6486486486486487, 0.6818181818181819, 0.0
0.6602524065567545, 0.6590909090909092, 0.6486486486486487, 0.6818181818181819, 0.0
0.6602524065567545, 0.6590909090909092, 0.6486486486486487, 0.6818181818181819, 0.0
0.6618803135334986, 0.6666666666666667, 0.6486486486486487, 0.6818181818181819, 0.0
0.6618803135334986, 0.6666666666666667, 0.6486486486486487, 0.6818181818181819, 0.0
0.6613972217460591, 0.6666666666666667, 0.6486486486486487, 0.6818181818181819, 0.0
0.6613972217460591, 0.6666666666666667, 0.6486486486486487, 0.6818181818181819, 0.0
0.6613972217460591, 0.6666666666666667, 0.6486486486486487, 0.6818181818181819, 0.0
0.6613972217460591, 0.6666666666666667, 0.6486486486486487, 0.6818181818181819, 0.0
0.6634644052085913, 0.6666666666666667, 0.6486486486486487, 0.6976744186046512, 0.0
0.6634644052085913, 0.6666666666666667, 0.6486486486486487, 0.6976744186046512, 0.0
0.6634644052085913, 0.6666666666666667, 0.6486486486486487, 0.6976744186046512, 0.0
0.6633345350787212, 0.6666666666666667, 0.6486486486486487, 0.6976744186046512, 0.0
0.6633345350787212, 0.6666666666666667, 0.6486486486486487, 0.6976744186046512, 0.0
0.6633345350787212, 0.6666666666666667, 0.6486486486486487, 0.6976744186046512, 0.0
0.6633345350787212, 0.6666666666666667, 0.6486486486486487, 0.6976744186046512, 0.0
0.661706628101977, 0.6571428571428571, 0.6486486486486487, 0.6976744186046512, 0.0
0.661706628101977, 0.6571428571428571, 0.6486486486486487, 0.6976744186046512, 0.0
0.6610717074670565, 0.6571428571428571, 0.6486486486486487, 0.6976744186046512, 0.0
0.6610717074670565, 0.6571428571428571, 0.6486486486486487, 0.6976744186046512, 0.0
0.6610717074670565, 0.6571428571428571, 0.6486486486486487, 0.6976744186046512, 0.0
0.6610717074670565, 0.6571428571428571, 0.6486486486486487, 0.6976744186046512, 0.0
0.6610717074670565, 0.6571428571428571, 0.6486486486486487, 0.6976744186046512, 0.0
0.6610717074670565, 0.6571428571428571, 0.6486486486486487, 0.6976744186046512, 0.0
0.6610717074670565, 0.6571428571428571, 0.6486486486486487, 0.6976744186046512, 0.0
0.6610717074670565, 0.6571428571428571, 0.6486486486486487, 0.6976744186046512, 0.0
0.6610717074670565, 0.6571428571428571, 0.6486486486486487, 0.6976744186046512, 0.0
0.6604367868321358, 0.6571428571428571, 0.6486486486486487, 0.6976744186046512, 0.0
0.6604367868321358, 0.6571428571428571, 0.6486486486486487, 0.6976744186046512, 0.0
0.6604367868321358, 0.6571428571428571, 0.6486486486486487, 0.6976744186046512, 0.0
0.6566602016602018, 0.65, 0.641025641025641, 0.6818181818181819, 0.0
0.6566602016602018, 0.65, 0.641025641025641, 0.6818181818181819, 0.0
0.6566602016602018, 0.65, 0.641025641025641, 0.6818181818181819, 0.0
0.6566602016602018, 0.65, 0.641025641025641, 0.6818181818181819, 0.0
0.6566602016602018, 0.65, 0.641025641025641, 0.6818181818181819, 0.0
0.6566602016602018, 0.65, 0.641025641025641, 0.6818181818181819, 0.0
0.6566602016602018, 0.65, 0.641025641025641, 0.6818181818181819, 0.0
0.6566602016602018, 0.65, 0.641025641025641, 0.6818181818181819, 0.0
0.6566602016602018, 0.65, 0.641025641025641, 0.6818181818181819, 0.0
0.6566602016602018, 0.65, 0.641025641025641, 0.6818181818181819, 0.0
0.6566602016602018, 0.65, 0.641025641025641, 0.6818181818181819, 0.0
0.6560252810252811, 0.65, 0.641025641025641, 0.6818181818181819, 0.0
0.6560252810252811, 0.65, 0.641025641025641, 0.6818181818181819, 0.0
0.6560252810252811, 0.65, 0.641025641025641, 0.6818181818181819, 0.0
0.6560252810252811, 0.65, 0.641025641025641, 0.6818181818181819, 0.0
0.6560252810252811, 0.65, 0.641025641025641, 0.6818181818181819, 0.0
0.6553903603903605, 0.65, 0.641025641025641, 0.6818181818181819, 0.0
0.6553903603903605, 0.65, 0.641025641025641, 0.6818181818181819, 0.0
0.6553903603903605, 0.65, 0.641025641025641, 0.6818181818181819, 0.0
0.6553903603903605, 0.65, 0.641025641025641, 0.6818181818181819, 0.0
0.6553903603903605, 0.65, 0.641025641025641, 0.6818181818181819, 0.0
0.6553903603903605, 0.65, 0.641025641025641, 0.6818181818181819, 0.0
0.6553903603903605, 0.65, 0.641025641025641, 0.6818181818181819, 0.0
0.6553903603903605, 0.65, 0.641025641025641, 0.6818181818181819, 0.0
0.6553903603903605, 0.65, 0.641025641025641, 0.6818181818181819, 0.0
0.6553903603903605, 0.65, 0.641025641025641, 0.6818181818181819, 0.0
0.6553903603903605, 0.65, 0.641025641025641, 0.6818181818181819, 0.0
0.6553903603903605, 0.65, 0.641025641025641, 0.6818181818181819, 0.0
0.6553903603903605, 0.65, 0.641025641025641, 0.6818181818181819, 0.0
0.6553903603903605, 0.65, 0.641025641025641, 0.6818181818181819, 0.0
0.6553903603903605, 0.65, 0.641025641025641, 0.6818181818181819, 0.0
0.6553903603903605, 0.65, 0.641025641025641, 0.6818181818181819, 0.0
0.6553903603903605, 0.65, 0.641025641025641, 0.6818181818181819, 0.0
0.6553903603903605, 0.65, 0.641025641025641, 0.6818181818181819, 0.0
0.6553903603903605, 0.65, 0.641025641025641, 0.6818181818181819, 0.0
0.6553903603903605, 0.65, 0.641025641025641, 0.6818181818181819, 0.0
0.6553903603903605, 0.65, 0.641025641025641, 0.6818181818181819, 0.0
0.6553903603903605, 0.65, 0.641025641025641, 0.6818181818181819, 0.0
0.6553903603903605, 0.65, 0.641025641025641, 0.6818181818181819, 0.0
0.6560252810252811, 0.65, 0.641025641025641, 0.6818181818181819, 0.0
0.6560252810252811, 0.65, 0.641025641025641, 0.6818181818181819, 0.0
0.6560252810252811, 0.65, 0.641025641025641, 0.6818181818181819, 0.0
0.6566602016602018, 0.65, 0.641025641025641, 0.6818181818181819, 0.0
0.6566602016602018, 0.65, 0.641025641025641, 0.6818181818181819, 0.0
0.6566602016602018, 0.65, 0.641025641025641, 0.6818181818181819, 0.0
0.6566602016602018, 0.65, 0.641025641025641, 0.6818181818181819, 0.0
0.6572951222951224, 0.65, 0.641025641025641, 0.6818181818181819, 0.0
0.6572951222951224, 0.65, 0.641025641025641, 0.6818181818181819, 0.0
0.6572951222951224, 0.65, 0.641025641025641, 0.6818181818181819, 0.0
0.6579300429300431, 0.65, 0.641025641025641, 0.6818181818181819, 0.0
0.6585649635649636, 0.65, 0.641025641025641, 0.6818181818181819, 0.0
0.6585649635649636, 0.65, 0.641025641025641, 0.6818181818181819, 0.0
0.6585649635649636, 0.65, 0.641025641025641, 0.6818181818181819, 0.0
0.6585649635649636, 0.65, 0.641025641025641, 0.6818181818181819, 0.0
0.6585649635649636, 0.65, 0.641025641025641, 0.6818181818181819, 0.0
0.6542106092106094, 0.65, 0.5833333333333333, 0.6818181818181819, 0.0
0.6542106092106094, 0.65, 0.5833333333333333, 0.6818181818181819, 0.0
0.6542106092106094, 0.65, 0.5833333333333333, 0.6818181818181819, 0.0
0.6542106092106094, 0.65, 0.5833333333333333, 0.6818181818181819, 0.0
0.6542106092106094, 0.65, 0.5833333333333333, 0.6818181818181819, 0.0
0.6542106092106094, 0.65, 0.5833333333333333, 0.6818181818181819, 0.0
0.6542106092106094, 0.65, 0.5833333333333333, 0.6818181818181819, 0.0
0.6542106092106094, 0.65, 0.5833333333333333, 0.6818181818181819, 0.0
0.6542106092106094, 0.65, 0.5833333333333333, 0.6818181818181819, 0.0
0.6542106092106094, 0.65, 0.5833333333333333, 0.6818181818181819, 0.0
0.6542106092106094, 0.65, 0.5833333333333333, 0.6818181818181819, 0.0
0.6542106092106094, 0.65, 0.5833333333333333, 0.6818181818181819, 0.0
0.6542106092106094, 0.65, 0.5833333333333333, 0.6818181818181819, 0.0
0.6542106092106094, 0.65, 0.5833333333333333, 0.6818181818181819, 0.0
0.6530094080094082, 0.65, 0.5833333333333333, 0.6818181818181819, 0.0
0.651808206808207, 0.65, 0.5833333333333333, 0.6818181818181819, 0.0
0.651808206808207, 0.65, 0.5833333333333333, 0.6818181818181819, 0.0
0.651808206808207, 0.65, 0.5833333333333333, 0.6818181818181819, 0.0
0.6506070056070058, 0.65, 0.5833333333333333, 0.6818181818181819, 0.0
0.6506070056070058, 0.65, 0.5833333333333333, 0.6818181818181819, 0.0
0.6506070056070058, 0.65, 0.5833333333333333, 0.6818181818181819, 0.0
0.6506070056070058, 0.65, 0.5833333333333333, 0.6818181818181819, 0.0
0.6506070056070058, 0.65, 0.5833333333333333, 0.6818181818181819, 0.0
0.6506070056070058, 0.65, 0.5833333333333333, 0.6818181818181819, 0.0
0.6506070056070058, 0.65, 0.5833333333333333, 0.6818181818181819, 0.0
0.6506070056070058, 0.65, 0.5833333333333333, 0.6818181818181819, 0.0
0.6506070056070058, 0.65, 0.5833333333333333, 0.6818181818181819, 0.0
0.6506070056070058, 0.65, 0.5833333333333333, 0.6818181818181819, 0.0
0.6506070056070058, 0.65, 0.5833333333333333, 0.6818181818181819, 0.0
0.6506070056070058, 0.65, 0.5833333333333333, 0.6818181818181819, 0.0
0.6506070056070058, 0.65, 0.5833333333333333, 0.6818181818181819, 0.0
0.6506070056070058, 0.65, 0.5833333333333333, 0.6818181818181819, 0.0
0.6506070056070058, 0.65, 0.5833333333333333, 0.6818181818181819, 0.0
0.6494058044058045, 0.65, 0.5833333333333333, 0.6818181818181819, 0.0
0.6494058044058045, 0.65, 0.5833333333333333, 0.6818181818181819, 0.0
0.6494058044058045, 0.65, 0.5833333333333333, 0.6818181818181819, 0.0
0.6494058044058045, 0.65, 0.5833333333333333, 0.6818181818181819, 0.0
0.6494058044058045, 0.65, 0.5833333333333333, 0.6818181818181819, 0.0
0.6494058044058045, 0.65, 0.5833333333333333, 0.6818181818181819, 0.0
0.6494058044058045, 0.65, 0.5833333333333333, 0.6818181818181819, 0.0
0.6482046032046035, 0.6486486486486487, 0.5833333333333333, 0.6818181818181819, 0.0
0.6482046032046035, 0.6486486486486487, 0.5833333333333333, 0.6818181818181819, 0.0
0.6482046032046035, 0.6486486486486487, 0.5833333333333333, 0.6818181818181819, 0.0
0.6482046032046035, 0.6486486486486487, 0.5833333333333333, 0.6818181818181819, 0.0
0.6482046032046035, 0.6486486486486487, 0.5833333333333333, 0.6818181818181819, 0.0
0.6482046032046035, 0.6486486486486487, 0.5833333333333333, 0.6818181818181819, 0.0
0.6482046032046035, 0.6486486486486487, 0.5833333333333333, 0.6818181818181819, 0.0
0.6482046032046035, 0.6486486486486487, 0.5833333333333333, 0.6818181818181819, 0.0
0.6487737088956603, 0.6486486486486487, 0.5833333333333333, 0.6818181818181819, 0.0
0.6487737088956603, 0.6486486486486487, 0.5833333333333333, 0.6818181818181819, 0.0
0.6487737088956603, 0.6486486486486487, 0.5833333333333333, 0.6818181818181819, 0.0
0.6487737088956603, 0.6486486486486487, 0.5833333333333333, 0.6818181818181819, 0.0
0.6487737088956603, 0.6486486486486487, 0.5833333333333333, 0.6818181818181819, 0.0
0.6493428145867172, 0.6486486486486487, 0.5833333333333333, 0.6818181818181819, 0.0
0.6493428145867172, 0.6486486486486487, 0.5833333333333333, 0.6818181818181819, 0.0
0.6493428145867172, 0.6486486486486487, 0.5833333333333333, 0.6818181818181819, 0.0
0.649911920277774, 0.6486486486486487, 0.5833333333333333, 0.6818181818181819, 0.0
0.649911920277774, 0.6486486486486487, 0.5833333333333333, 0.6818181818181819, 0.0
0.649911920277774, 0.6486486486486487, 0.5833333333333333, 0.6818181818181819, 0.0
0.649911920277774, 0.6486486486486487, 0.5833333333333333, 0.6818181818181819, 0.0
0.649911920277774, 0.6486486486486487, 0.5833333333333333, 0.6818181818181819, 0.0
0.649911920277774, 0.6486486486486487, 0.5833333333333333, 0.6818181818181819, 0.0
0.649911920277774, 0.6486486486486487, 0.5833333333333333, 0.6818181818181819, 0.0
0.6521971323190836, 0.65, 0.5833333333333333, 0.6829268292682926, 0.0
0.6521971323190836, 0.65, 0.5833333333333333, 0.6829268292682926, 0.0
0.6521971323190836, 0.65, 0.5833333333333333, 0.6829268292682926, 0.0
0.6521971323190836, 0.65, 0.5833333333333333, 0.6829268292682926, 0.0
0.6527662380101406, 0.65, 0.5833333333333333, 0.6829268292682926, 0.0
0.6527662380101406, 0.65, 0.5833333333333333, 0.6829268292682926, 0.0
0.6521971323190836, 0.65, 0.5833333333333333, 0.6829268292682926, 0.0
0.6521971323190836, 0.65, 0.5833333333333333, 0.6829268292682926, 0.0
0.6521971323190836, 0.65, 0.5833333333333333, 0.6829268292682926, 0.0
0.6521971323190836, 0.65, 0.5833333333333333, 0.6829268292682926, 0.0
0.6521971323190836, 0.65, 0.5833333333333333, 0.6829268292682926, 0.0
0.6521971323190836, 0.65, 0.5833333333333333, 0.6829268292682926, 0.0
0.6521971323190836, 0.65, 0.5833333333333333, 0.6829268292682926, 0.0
0.6521971323190836, 0.65, 0.5833333333333333, 0.6829268292682926, 0.0
0.6521971323190836, 0.65, 0.5833333333333333, 0.6829268292682926, 0.0
0.6521971323190836, 0.65, 0.5833333333333333, 0.6829268292682926, 0.0
0.6521971323190836, 0.65, 0.5833333333333333, 0.6829268292682926, 0.0
0.6521971323190836, 0.65, 0.5833333333333333, 0.6829268292682926, 0.0
0.6521971323190836, 0.65, 0.5833333333333333, 0.6829268292682926, 0.0
0.6521971323190836, 0.65, 0.5833333333333333, 0.6829268292682926, 0.0
0.6521971323190836, 0.65, 0.5833333333333333, 0.6829268292682926, 0.0
0.6521971323190836, 0.65, 0.5833333333333333, 0.6829268292682926, 0.0
0.6521971323190836, 0.65, 0.5833333333333333, 0.6829268292682926, 0.0
0.6521971323190836, 0.65, 0.5833333333333333, 0.6829268292682926, 0.0
0.6521971323190836, 0.65, 0.5833333333333333, 0.6829268292682926, 0.0
0.6521971323190836, 0.65, 0.5833333333333333, 0.6829268292682926, 0.0
0.6521971323190836, 0.65, 0.5833333333333333, 0.6829268292682926, 0.0
0.6521971323190836, 0.65, 0.5833333333333333, 0.6829268292682926, 0.0
0.6521971323190836, 0.65, 0.5833333333333333, 0.6829268292682926, 0.0
0.6521971323190836, 0.65, 0.5833333333333333, 0.6829268292682926, 0.0
0.6521971323190836, 0.65, 0.5833333333333333, 0.6829268292682926, 0.0
0.6521971323190836, 0.65, 0.5833333333333333, 0.6829268292682926, 0.0
0.6521971323190836, 0.65, 0.5833333333333333, 0.6829268292682926, 0.0
0.6521971323190836, 0.65, 0.5833333333333333, 0.6829268292682926, 0.0
0.6521971323190836, 0.65, 0.5833333333333333, 0.6829268292682926, 0.0
0.6521971323190836, 0.65, 0.5833333333333333, 0.6829268292682926, 0.0
0.6521971323190836, 0.65, 0.5833333333333333, 0.6829268292682926, 0.0
0.6521971323190836, 0.65, 0.5833333333333333, 0.6829268292682926, 0.0
0.6521971323190836, 0.65, 0.5833333333333333, 0.6829268292682926, 0.0
0.6521971323190836, 0.65, 0.5833333333333333, 0.6829268292682926, 0.0
0.6521971323190836, 0.65, 0.5833333333333333, 0.6829268292682926, 0.0
0.6516280266280268, 0.65, 0.5833333333333333, 0.6829268292682926, 0.0
0.6510589209369699, 0.65, 0.5833333333333333, 0.6829268292682926, 0.0
0.6510589209369699, 0.65, 0.5833333333333333, 0.6829268292682926, 0.0
0.6510589209369699, 0.65, 0.5833333333333333, 0.6829268292682926, 0.0
0.6510589209369699, 0.65, 0.5833333333333333, 0.6829268292682926, 0.0
0.6510589209369699, 0.65, 0.5833333333333333, 0.6829268292682926, 0.0
0.6510589209369699, 0.65, 0.5833333333333333, 0.6829268292682926, 0.0
0.6510589209369699, 0.65, 0.5833333333333333, 0.6829268292682926, 0.0
0.6510589209369699, 0.65, 0.5833333333333333, 0.6829268292682926, 0.0
0.6510589209369699, 0.65, 0.5833333333333333, 0.6829268292682926, 0.0
0.6510589209369699, 0.65, 0.5833333333333333, 0.6829268292682926, 0.0
0.6510589209369699, 0.65, 0.5833333333333333, 0.6829268292682926, 0.0
0.6510589209369699, 0.65, 0.5833333333333333, 0.6829268292682926, 0.0
0.6504082702863193, 0.65, 0.5833333333333333, 0.6829268292682926, 0.0
0.6498391645952624, 0.65, 0.5833333333333333, 0.6829268292682926, 0.0
0.6498391645952624, 0.65, 0.5833333333333333, 0.6829268292682926, 0.0
0.6498391645952624, 0.65, 0.5833333333333333, 0.6829268292682926, 0.0
0.6498391645952624, 0.65, 0.5833333333333333, 0.6829268292682926, 0.0
0.6498391645952624, 0.65, 0.5833333333333333, 0.6829268292682926, 0.0
0.6498391645952624, 0.65, 0.5833333333333333, 0.6829268292682926, 0.0
0.6498391645952624, 0.65, 0.5833333333333333, 0.6829268292682926, 0.0
0.6498391645952624, 0.65, 0.5833333333333333, 0.6829268292682926, 0.0
0.6498391645952624, 0.65, 0.5833333333333333, 0.6829268292682926, 0.0
0.6498391645952624, 0.65, 0.5833333333333333, 0.6829268292682926, 0.0
0.6498391645952624, 0.65, 0.5833333333333333, 0.6829268292682926, 0.0
0.6498391645952624, 0.65, 0.5833333333333333, 0.6829268292682926, 0.0
0.6498391645952624, 0.65, 0.5833333333333333, 0.6829268292682926, 0.0
0.6498391645952624, 0.65, 0.5833333333333333, 0.6829268292682926, 0.0
0.6498391645952624, 0.65, 0.5833333333333333, 0.6829268292682926, 0.0
0.6498391645952624, 0.65, 0.5833333333333333, 0.6829268292682926, 0.0
0.6498391645952624, 0.65, 0.5833333333333333, 0.6829268292682926, 0.0
0.6498391645952624, 0.65, 0.5833333333333333, 0.6829268292682926, 0.0
