0.661612417330953, 0.6956521739130435, 0.0, 0.8421052631578947, 0.0
0.6710182424167274, 0.6666666666666667, 0.6, 0.7586206896551724, 0.0
0.66296718740197, 0.6666666666666667, 0.6, 0.75, 0.0
0.6563737808085635, 0.6666666666666667, 0.6, 0.75, 0.0
0.6311753736459619, 0.6428571428571428, 0.47619047619047616, 0.75, 0.0
0.6255715330421213, 0.625, 0.47619047619047616, 0.75, 0.0
0.6255925178670277, 0.6153846153846154, 0.47619047619047616, 0.75, 0.0
0.628293957063396, 0.6206896551724138, 0.47619047619047616, 0.75, 0.0
0.6187250004897064, 0.6285714285714286, 0.47619047619047616, 0.6857142857142857, 0.0
0.6189712257359316, 0.6153846153846154, 0.47619047619047616, 0.7027027027027026, 0.0
0.6160347177994238, 0.6153846153846154, 0.47619047619047616, 0.7027027027027026, 0.0
0.6122337139984197, 0.6153846153846154, 0.47619047619047616, 0.6666666666666667, 0.0
0.6128208154200753, 0.6153846153846154, 0.47619047619047616, 0.6666666666666667, 0.0
0.6099050744110281, 0.6153846153846154, 0.47619047619047616, 0.64, 0.0
0.6083287197312253, 0.6153846153846154, 0.47619047619047616, 0.64, 0.0
0.6072490975989715, 0.6153846153846154, 0.47619047619047616, 0.64, 0.0
0.6072490975989715, 0.6153846153846154, 0.47619047619047616, 0.64, 0.0
0.6072490975989715, 0.6153846153846154, 0.47619047619047616, 0.64, 0.0
0.6093858497357235, 0.6153846153846154, 0.47619047619047616, 0.64, 0.0
0.6106366314743101, 0.6153846153846154, 0.47619047619047616, 0.64, 0.0
0.6097395190549101, 0.6153846153846154, 0.47619047619047616, 0.64, 0.0
0.6097395190549101, 0.6153846153846154, 0.47619047619047616, 0.64, 0.0
0.6097395190549101, 0.6153846153846154, 0.47619047619047616, 0.64, 0.0
0.6097395190549101, 0.6153846153846154, 0.47619047619047616, 0.64, 0.0
0.6097395190549101, 0.6153846153846154, 0.47619047619047616, 0.64, 0.0
0.6089399188550101, 0.6153846153846154, 0.47619047619047616, 0.64, 0.0
0.6085862495358235, 0.6153846153846154, 0.47619047619047616, 0.64, 0.0
0.6089399188550101, 0.6153846153846154, 0.47619047619047616, 0.64, 0.0
0.6089399188550101, 0.6153846153846154, 0.47619047619047616, 0.64, 0.0
0.6104901693707778, 0.6206896551724138, 0.47619047619047616, 0.65, 0.0
0.6211683800489886, 0.6206896551724138, 0.5833333333333333, 0.65, 0.0
0.6208147107298019, 0.6206896551724138, 0.5833333333333333, 0.65, 0.0
0.6185070184221096, 0.6153846153846154, 0.5833333333333333, 0.64, 0.0
0.6177449920278993, 0.6153846153846154, 0.5925925925925926, 0.64, 0.0
0.6177449920278993, 0.6153846153846154, 0.5925925925925926, 0.64, 0.0
0.6177449920278993, 0.6153846153846154, 0.5925925925925926, 0.64, 0.0
0.6177449920278993, 0.6153846153846154, 0.5925925925925926, 0.64, 0.0
0.6177449920278993, 0.6153846153846154, 0.5925925925925926, 0.64, 0.0
0.6163656816830716, 0.6153846153846154, 0.5925925925925926, 0.64, 0.0
0.6163656816830716, 0.6153846153846154, 0.5925925925925926, 0.64, 0.0
0.6153400406574306, 0.6153846153846154, 0.5925925925925926, 0.64, 0.0
0.6139607303126031, 0.6153846153846154, 0.5925925925925926, 0.64, 0.0
0.6125814199677754, 0.6153846153846154, 0.5925925925925926, 0.64, 0.0
0.6130273508484889, 0.6153846153846154, 0.5925925925925926, 0.64, 0.0
0.6130273508484889, 0.6153846153846154, 0.5925925925925926, 0.64, 0.0
0.6083266856600189, 0.6153846153846154, 0.5333333333333333, 0.6666666666666667, 0.0
0.6083266856600189, 0.6153846153846154, 0.5333333333333333, 0.6666666666666667, 0.0
0.6083266856600189, 0.6153846153846154, 0.5333333333333333, 0.6666666666666667, 0.0
0.6083266856600189, 0.6153846153846154, 0.5333333333333333, 0.6666666666666667, 0.0
0.6083266856600189, 0.6153846153846154, 0.5333333333333333, 0.6666666666666667, 0.0
0.6083266856600189, 0.6153846153846154, 0.5333333333333333, 0.6666666666666667, 0.0
0.6083266856600189, 0.6153846153846154, 0.5333333333333333, 0.6666666666666667, 0.0
0.6083266856600189, 0.6153846153846154, 0.5333333333333333, 0.6666666666666667, 0.0
0.6083266856600189, 0.6153846153846154, 0.5333333333333333, 0.6666666666666667, 0.0
0.6083266856600189, 0.6153846153846154, 0.5333333333333333, 0.6666666666666667, 0.0
0.6083266856600189, 0.6153846153846154, 0.5333333333333333, 0.6666666666666667, 0.0
0.6083266856600189, 0.6153846153846154, 0.5333333333333333, 0.6666666666666667, 0.0
0.6083266856600189, 0.6153846153846154, 0.5333333333333333, 0.6666666666666667, 0.0
0.6083266856600189, 0.6153846153846154, 0.5333333333333333, 0.6666666666666667, 0.0
0.6083266856600189, 0.6153846153846154, 0.5333333333333333, 0.6666666666666667, 0.0
0.6083266856600189, 0.6153846153846154, 0.5333333333333333, 0.6666666666666667, 0.0
0.6062397291382796, 0.6086956521739131, 0.5333333333333333, 0.6666666666666667, 0.0
0.6062397291382796, 0.6086956521739131, 0.5333333333333333, 0.6666666666666667, 0.0
0.6062397291382796, 0.6086956521739131, 0.5333333333333333, 0.6666666666666667, 0.0
0.6062397291382796, 0.6086956521739131, 0.5333333333333333, 0.6666666666666667, 0.0
0.6062397291382796, 0.6086956521739131, 0.5333333333333333, 0.6666666666666667, 0.0
0.6062397291382796, 0.6086956521739131, 0.5333333333333333, 0.6666666666666667, 0.0
0.6062397291382796, 0.6086956521739131, 0.5333333333333333, 0.6666666666666667, 0.0
0.6062397291382796, 0.6086956521739131, 0.5333333333333333, 0.6666666666666667, 0.0
0.6062397291382796, 0.6086956521739131, 0.5333333333333333, 0.6666666666666667, 0.0
0.6062397291382796, 0.6086956521739131, 0.5333333333333333, 0.6666666666666667, 0.0
0.6062397291382796, 0.6086956521739131, 0.5333333333333333, 0.6666666666666667, 0.0
0.6062397291382796, 0.6086956521739131, 0.5333333333333333, 0.6666666666666667, 0.0
0.6062397291382796, 0.6086956521739131, 0.5333333333333333, 0.6666666666666667, 0.0
0.6062397291382796, 0.6086956521739131, 0.5333333333333333, 0.6666666666666667, 0.0
0.6062397291382796, 0.6086956521739131, 0.5333333333333333, 0.6666666666666667, 0.0
0.6062397291382796, 0.6086956521739131, 0.5333333333333333, 0.6666666666666667, 0.0
0.6062397291382796, 0.6086956521739131, 0.5333333333333333, 0.6666666666666667, 0.0
0.6062397291382796, 0.6086956521739131, 0.5333333333333333, 0.6666666666666667, 0.0
0.6062397291382796, 0.6086956521739131, 0.5333333333333333, 0.6666666666666667, 0.0
0.6062397291382796, 0.6086956521739131, 0.5333333333333333, 0.6666666666666667, 0.0
0.6062397291382796, 0.6086956521739131, 0.5333333333333333, 0.6666666666666667, 0.0
0.6062397291382796, 0.6086956521739131, 0.5333333333333333, 0.6666666666666667, 0.0
0.6062397291382796, 0.6086956521739131, 0.5333333333333333, 0.6666666666666667, 0.0
0.6062397291382796, 0.6086956521739131, 0.5333333333333333, 0.6666666666666667, 0.0
0.6062397291382796, 0.6086956521739131, 0.5333333333333333, 0.6666666666666667, 0.0
0.6062397291382796, 0.6086956521739131, 0.5333333333333333, 0.6666666666666667, 0.0
0.6062397291382796, 0.6086956521739131, 0.5333333333333333, 0.6666666666666667, 0.0
0.6062397291382796, 0.6086956521739131, 0.5333333333333333, 0.6666666666666667, 0.0
0.6062397291382796, 0.6086956521739131, 0.5333333333333333, 0.6666666666666667, 0.0
0.6062397291382796, 0.6086956521739131, 0.5333333333333333, 0.6666666666666667, 0.0
0.6062397291382796, 0.6086956521739131, 0.5333333333333333, 0.6666666666666667, 0.0
0.6062397291382796, 0.6086956521739131, 0.5333333333333333, 0.6666666666666667, 0.0
0.6062397291382796, 0.6086956521739131, 0.5333333333333333, 0.6666666666666667, 0.0
0.6062397291382796, 0.6086956521739131, 0.5333333333333333, 0.6666666666666667, 0.0
0.6062397291382796, 0.6086956521739131, 0.5333333333333333, 0.6666666666666667, 0.0
0.6062397291382796, 0.6086956521739131, 0.5333333333333333, 0.6666666666666667, 0.0
0.6062397291382796, 0.6086956521739131, 0.5333333333333333, 0.6666666666666667, 0.0
0.6062397291382796, 0.6086956521739131, 0.5333333333333333, 0.6666666666666667, 0.0
0.6062397291382796, 0.6086956521739131, 0.5333333333333333, 0.6666666666666667, 0.0
0.6062397291382796, 0.6086956521739131, 0.5333333333333333, 0.6666666666666667, 0.0
0.6062397291382796, 0.6086956521739131, 0.5333333333333333, 0.6666666666666667, 0.0
0.6062397291382796, 0.6086956521739131, 0.5333333333333333, 0.6666666666666667, 0.0
0.6062397291382796, 0.6086956521739131, 0.5333333333333333, 0.6666666666666667, 0.0
0.6062397291382796, 0.6086956521739131, 0.5333333333333333, 0.6666666666666667, 0.0
0.6062397291382796, 0.6086956521739131, 0.5333333333333333, 0.6666666666666667, 0.0
0.6062397291382796, 0.6086956521739131, 0.5333333333333333, 0.6666666666666667, 0.0
0.6062397291382796, 0.6086956521739131, 0.5333333333333333, 0.6666666666666667, 0.0
0.6062397291382796, 0.6086956521739131, 0.5333333333333333, 0.6666666666666667, 0.0
0.6062397291382796, 0.6086956521739131, 0.5333333333333333, 0.6666666666666667, 0.0
0.6062397291382796, 0.6086956521739131, 0.5333333333333333, 0.6666666666666667, 0.0
0.6076190394831074, 0.6153846153846154, 0.5333333333333333, 0.6666666666666667, 0.0
0.6071252123226134, 0.6153846153846154, 0.5333333333333333, 0.6666666666666667, 0.0
0.6071252123226134, 0.6153846153846154, 0.5333333333333333, 0.6666666666666667, 0.0
0.6071252123226134, 0.6153846153846154, 0.5333333333333333, 0.6666666666666667, 0.0
0.6071252123226134, 0.6153846153846154, 0.5333333333333333, 0.6666666666666667, 0.0
0.6071252123226134, 0.6153846153846154, 0.5333333333333333, 0.6666666666666667, 0.0
0.6071252123226134, 0.6153846153846154, 0.5333333333333333, 0.6666666666666667, 0.0
0.6089697446019283, 0.6153846153846154, 0.5333333333333333, 0.6666666666666667, 0.0
0.6089697446019283, 0.6153846153846154, 0.5333333333333333, 0.6666666666666667, 0.0
0.6089697446019283, 0.6153846153846154, 0.5333333333333333, 0.6666666666666667, 0.0
0.6089697446019283, 0.6153846153846154, 0.5333333333333333, 0.6666666666666667, 0.0
0.6089697446019283, 0.6153846153846154, 0.5333333333333333, 0.6666666666666667, 0.0
0.6089697446019283, 0.6153846153846154, 0.5333333333333333, 0.6666666666666667, 0.0
0.6089697446019283, 0.6153846153846154, 0.5333333333333333, 0.6666666666666667, 0.0
0.6089697446019283, 0.6153846153846154, 0.5333333333333333, 0.6666666666666667, 0.0
0.6089697446019283, 0.6153846153846154, 0.5333333333333333, 0.6666666666666667, 0.0
0.6089697446019283, 0.6153846153846154, 0.5333333333333333, 0.6666666666666667, 0.0
0.6115998366853426, 0.6153846153846154, 0.5333333333333333, 0.6666666666666667, 0.0
0.6115998366853426, 0.6153846153846154, 0.5333333333333333, 0.6666666666666667, 0.0
0.6115998366853426, 0.6153846153846154, 0.5333333333333333, 0.6666666666666667, 0.0
0.6115998366853426, 0.6153846153846154, 0.5333333333333333, 0.6666666666666667, 0.0
0.6109782360637419, 0.6153846153846154, 0.5333333333333333, 0.6666666666666667, 0.0
0.6128513735690634, 0.6153846153846154, 0.5333333333333333, 0.6666666666666667, 0.0
0.6128513735690634, 0.6153846153846154, 0.5333333333333333, 0.6666666666666667, 0.0
0.6128513735690634, 0.6153846153846154, 0.5333333333333333, 0.6666666666666667, 0.0
0.6128513735690634, 0.6153846153846154, 0.5333333333333333, 0.6666666666666667, 0.0
0.614230683913891, 0.6153846153846154, 0.5333333333333333, 0.6666666666666667, 0.0
0.6157501521000258, 0.6153846153846154, 0.5333333333333333, 0.6666666666666667, 0.0
0.6143708417551983, 0.6153846153846154, 0.5333333333333333, 0.6666666666666667, 0.0
0.6143708417551983, 0.6153846153846154, 0.5333333333333333, 0.6666666666666667, 0.0
0.6143708417551983, 0.6153846153846154, 0.5333333333333333, 0.6666666666666667, 0.0
0.6143708417551983, 0.6153846153846154, 0.5333333333333333, 0.6666666666666667, 0.0
0.6143708417551983, 0.6153846153846154, 0.5333333333333333, 0.6666666666666667, 0.0
0.6143708417551983, 0.6153846153846154, 0.5333333333333333, 0.6666666666666667, 0.0
0.6143708417551983, 0.6153846153846154, 0.5333333333333333, 0.6666666666666667, 0.0
0.6106785340628905, 0.6153846153846154, 0.5333333333333333, 0.6666666666666667, 0.0
0.6076133999632738, 0.6153846153846154, 0.5333333333333333, 0.6363636363636364, 0.0
0.6076133999632738, 0.6153846153846154, 0.5333333333333333, 0.6363636363636364, 0.0
0.6076133999632738, 0.6153846153846154, 0.5333333333333333, 0.6363636363636364, 0.0
0.6076133999632738, 0.6153846153846154, 0.5333333333333333, 0.6363636363636364, 0.0
0.6076133999632738, 0.6153846153846154, 0.5333333333333333, 0.6363636363636364, 0.0
0.6076133999632738, 0.6153846153846154, 0.5333333333333333, 0.6363636363636364, 0.0
0.6076133999632738, 0.6153846153846154, 0.5333333333333333, 0.6363636363636364, 0.0
0.6076133999632738, 0.6153846153846154, 0.5333333333333333, 0.6363636363636364, 0.0
0.6012910001875519, 0.6153846153846154, 0.5333333333333333, 0.6363636363636364, 0.0
0.5952496851807196, 0.6, 0.5333333333333333, 0.6363636363636364, 0.0
0.591557377488412, 0.6, 0.5333333333333333, 0.6363636363636364, 0.0
0.591557377488412, 0.6, 0.5333333333333333, 0.6363636363636364, 0.0
0.591557377488412, 0.6, 0.5333333333333333, 0.6363636363636364, 0.0
0.5911477641132813, 0.6, 0.5333333333333333, 0.6363636363636364, 0.0
0.5911477641132813, 0.6, 0.5333333333333333, 0.6363636363636364, 0.0
0.5911477641132813, 0.6, 0.5333333333333333, 0.6363636363636364, 0.0
0.5911477641132813, 0.6, 0.5333333333333333, 0.6363636363636364, 0.0
0.5911477641132813, 0.6, 0.5333333333333333, 0.6363636363636364, 0.0
0.5911477641132813, 0.6, 0.5333333333333333, 0.6363636363636364, 0.0
0.5911477641132813, 0.6, 0.5333333333333333, 0.6363636363636364, 0.0
0.5911477641132813, 0.6, 0.5333333333333333, 0.6363636363636364, 0.0
0.5911477641132813, 0.6, 0.5333333333333333, 0.6363636363636364, 0.0
0.5911477641132813, 0.6, 0.5333333333333333, 0.6363636363636364, 0.0
0.5911477641132813, 0.6, 0.5333333333333333, 0.6363636363636364, 0.0
0.5911477641132813, 0.6, 0.5333333333333333, 0.6363636363636364, 0.0
0.5911477641132813, 0.6, 0.5333333333333333, 0.6363636363636364, 0.0
0.5911477641132813, 0.6, 0.5333333333333333, 0.6363636363636364, 0.0
0.5911477641132813, 0.6, 0.5333333333333333, 0.6363636363636364, 0.0
0.5911477641132813, 0.6, 0.5333333333333333, 0.6363636363636364, 0.0
0.5911477641132813, 0.6, 0.5333333333333333, 0.6363636363636364, 0.0
0.5911477641132813, 0.6, 0.5333333333333333, 0.6363636363636364, 0.0
0.5911477641132813, 0.6, 0.5333333333333333, 0.6363636363636364, 0.0
0.5911477641132813, 0.6, 0.5333333333333333, 0.6363636363636364, 0.0
0.5911477641132813, 0.6, 0.5333333333333333, 0.6363636363636364, 0.0
0.5874554564209737, 0.6, 0.5333333333333333, 0.6363636363636364, 0.0
0.5874554564209737, 0.6, 0.5333333333333333, 0.6363636363636364, 0.0
0.5874554564209737, 0.6, 0.5333333333333333, 0.6363636363636364, 0.0
0.5874554564209737, 0.6, 0.5333333333333333, 0.6363636363636364, 0.0
0.5874554564209737, 0.6, 0.5333333333333333, 0.6363636363636364, 0.0
0.5874554564209737, 0.6, 0.5333333333333333, 0.6363636363636364, 0.0
0.5874554564209737, 0.6, 0.5333333333333333, 0.6363636363636364, 0.0
0.5874554564209737, 0.6, 0.5333333333333333, 0.6363636363636364, 0.0
0.5874554564209737, 0.6, 0.5333333333333333, 0.6363636363636364, 0.0
0.5874554564209737, 0.6, 0.5333333333333333, 0.6363636363636364, 0.0
0.5874554564209737, 0.6, 0.5333333333333333, 0.6363636363636364, 0.0
0.5884810974466147, 0.6, 0.5333333333333333, 0.6363636363636364, 0.0
0.5884810974466147, 0.6, 0.5333333333333333, 0.6363636363636364, 0.0
0.5884810974466147, 0.6, 0.5333333333333333, 0.6363636363636364, 0.0
0.5884810974466147, 0.6, 0.5333333333333333, 0.6363636363636364, 0.0
0.5884810974466147, 0.6, 0.5333333333333333, 0.6363636363636364, 0.0
0.5895067384722558, 0.6, 0.5333333333333333, 0.6363636363636364, 0.0
0.5905323794978968, 0.6, 0.5333333333333333, 0.6363636363636364, 0.0
0.5915580205235378, 0.6060606060606061, 0.5333333333333333, 0.6363636363636364, 0.0
0.5915580205235378, 0.6060606060606061, 0.5333333333333333, 0.6363636363636364, 0.0
0.5925836615491787, 0.6153846153846154, 0.5333333333333333, 0.6363636363636364, 0.0
0.5925836615491787, 0.6153846153846154, 0.5333333333333333, 0.6363636363636364, 0.0
0.5925836615491787, 0.6153846153846154, 0.5333333333333333, 0.6363636363636364, 0.0
0.5925836615491787, 0.6153846153846154, 0.5333333333333333, 0.6363636363636364, 0.0
0.5925836615491787, 0.6153846153846154, 0.5333333333333333, 0.6363636363636364, 0.0
0.5925836615491787, 0.6153846153846154, 0.5333333333333333, 0.6363636363636364, 0.0
0.5925836615491787, 0.6153846153846154, 0.5333333333333333, 0.6363636363636364, 0.0
0.5925836615491787, 0.6153846153846154, 0.5333333333333333, 0.6363636363636364, 0.0
0.5925836615491787, 0.6153846153846154, 0.5333333333333333, 0.6363636363636364, 0.0
0.5925836615491787, 0.6153846153846154, 0.5333333333333333, 0.6363636363636364, 0.0
0.5925836615491787, 0.6153846153846154, 0.5333333333333333, 0.6363636363636364, 0.0
0.5925836615491787, 0.6153846153846154, 0.5333333333333333, 0.6363636363636364, 0.0
0.5925836615491787, 0.6153846153846154, 0.5333333333333333, 0.6363636363636364, 0.0
0.5925836615491787, 0.6153846153846154, 0.5333333333333333, 0.6363636363636364, 0.0
0.5925836615491787, 0.6153846153846154, 0.5333333333333333, 0.6363636363636364, 0.0
0.5925836615491787, 0.6153846153846154, 0.5333333333333333, 0.6363636363636364, 0.0
0.5925836615491787, 0.6153846153846154, 0.5333333333333333, 0.6363636363636364, 0.0
0.5925836615491787, 0.6153846153846154, 0.5333333333333333, 0.6363636363636364, 0.0
0.5925836615491787, 0.6153846153846154, 0.5333333333333333, 0.6363636363636364, 0.0
0.5925836615491787, 0.6153846153846154, 0.5333333333333333, 0.6363636363636364, 0.0
0.5925836615491787, 0.6153846153846154, 0.5333333333333333, 0.6363636363636364, 0.0
0.5951233440888614, 0.6153846153846154, 0.56, 0.6363636363636364, 0.0
0.5951233440888614, 0.6153846153846154, 0.56, 0.6363636363636364, 0.0
0.5940977030632203, 0.6060606060606061, 0.56, 0.6363636363636364, 0.0
0.5940977030632203, 0.6060606060606061, 0.56, 0.6363636363636364, 0.0
0.5930720620375793, 0.6, 0.56, 0.6363636363636364, 0.0
0.5930720620375793, 0.6, 0.56, 0.6363636363636364, 0.0
0.5930720620375793, 0.6, 0.56, 0.6363636363636364, 0.0
0.5930720620375793, 0.6, 0.56, 0.6363636363636364, 0.0
0.5920464210119383, 0.6, 0.56, 0.6363636363636364, 0.0
0.5910207799862973, 0.6, 0.56, 0.6363636363636364, 0.0
0.5910207799862973, 0.6, 0.56, 0.6363636363636364, 0.0
0.5910207799862973, 0.6, 0.56, 0.6363636363636364, 0.0
0.5910207799862973, 0.6, 0.56, 0.6363636363636364, 0.0
0.5910207799862973, 0.6, 0.56, 0.6363636363636364, 0.0
0.5910207799862973, 0.6, 0.56, 0.6363636363636364, 0.0
0.5939511829167002, 0.6, 0.56, 0.6363636363636364, 0.0
0.5939511829167002, 0.6, 0.56, 0.6363636363636364, 0.0
0.5939511829167002, 0.6, 0.56, 0.6363636363636364, 0.0
0.5939511829167002, 0.6, 0.56, 0.6363636363636364, 0.0
0.5939511829167002, 0.6, 0.56, 0.6363636363636364, 0.0
0.5939511829167002, 0.6, 0.56, 0.6363636363636364, 0.0
0.5939511829167002, 0.6, 0.56, 0.6363636363636364, 0.0
0.5939511829167002, 0.6, 0.56, 0.6363636363636364, 0.0
0.5939511829167002, 0.6, 0.56, 0.6363636363636364, 0.0
0.5939511829167002, 0.6, 0.56, 0.6363636363636364, 0.0
0.5939511829167002, 0.6, 0.56, 0.6363636363636364, 0.0
0.5939511829167002, 0.6, 0.56, 0.6363636363636364, 0.0
0.5949768239423412, 0.6, 0.56, 0.6363636363636364, 0.0
0.5949768239423412, 0.6, 0.56, 0.6363636363636364, 0.0
0.5949768239423412, 0.6, 0.56, 0.6363636363636364, 0.0
0.5931322916630263, 0.6, 0.56, 0.6206896551724138, 0.0
0.5931322916630263, 0.6, 0.56, 0.6206896551724138, 0.0
0.5931322916630263, 0.6, 0.56, 0.6206896551724138, 0.0
0.5931322916630263, 0.6, 0.56, 0.6206896551724138, 0.0
0.5899698985006332, 0.6, 0.56, 0.6206896551724138, 0.0
0.5899698985006332, 0.6, 0.56, 0.6206896551724138, 0.0
0.5899698985006332, 0.6, 0.56, 0.6206896551724138, 0.0
0.5889442574749921, 0.6, 0.56, 0.6206896551724138, 0.0
0.5889442574749921, 0.6, 0.56, 0.6206896551724138, 0.0
0.5889442574749921, 0.6, 0.56, 0.6206896551724138, 0.0
0.5889442574749921, 0.6, 0.56, 0.6206896551724138, 0.0
0.5889442574749921, 0.6, 0.56, 0.6206896551724138, 0.0
0.5889442574749921, 0.6, 0.56, 0.6206896551724138, 0.0
0.58812050268572, 0.6, 0.56, 0.625, 0.0
0.58812050268572, 0.6, 0.56, 0.625, 0.0
0.5892316137968312, 0.6, 0.56, 0.625, 0.0
0.5892316137968312, 0.6, 0.56, 0.625, 0.0
0.5892316137968312, 0.6, 0.56, 0.625, 0.0
0.5892316137968312, 0.6, 0.56, 0.625, 0.0
0.5892316137968312, 0.6, 0.56, 0.625, 0.0
0.5892316137968312, 0.6, 0.56, 0.625, 0.0
0.5892316137968312, 0.6, 0.56, 0.625, 0.0
0.5892316137968312, 0.6, 0.56, 0.625, 0.0
0.5903427249079422, 0.6, 0.56, 0.625, 0.0
0.5903427249079422, 0.6, 0.56, 0.625, 0.0
0.5903427249079422, 0.6, 0.56, 0.625, 0.0
0.5903427249079422, 0.6, 0.56, 0.625, 0.0
0.5903427249079422, 0.6, 0.56, 0.625, 0.0
0.5903427249079422, 0.6, 0.56, 0.625, 0.0
0.5903427249079422, 0.6, 0.56, 0.625, 0.0
0.5903427249079422, 0.6, 0.56, 0.625, 0.0
0.5903427249079422, 0.6, 0.56, 0.625, 0.0
0.5903427249079422, 0.6, 0.56, 0.625, 0.0
0.5903427249079422, 0.6, 0.56, 0.625, 0.0
0.5903427249079422, 0.6, 0.56, 0.625, 0.0
0.5903427249079422, 0.6, 0.56, 0.625, 0.0
0.5903427249079422, 0.6, 0.56, 0.625, 0.0
0.5903427249079422, 0.6, 0.56, 0.625, 0.0
0.5789141534793708, 0.6, 0.4285714285714286, 0.625, 0.0
0.5789141534793708, 0.6, 0.4285714285714286, 0.625, 0.0
0.5789141534793708, 0.6, 0.4285714285714286, 0.625, 0.0
0.5789141534793708, 0.6, 0.4285714285714286, 0.625, 0.0
0.5789141534793708, 0.6, 0.4285714285714286, 0.625, 0.0
0.5789141534793708, 0.6, 0.4285714285714286, 0.625, 0.0
0.5789141534793708, 0.6, 0.4285714285714286, 0.625, 0.0
0.5789141534793708, 0.6, 0.4285714285714286, 0.625, 0.0
0.5789141534793708, 0.6, 0.4285714285714286, 0.625, 0.0
0.5789141534793708, 0.6, 0.4285714285714286, 0.625, 0.0
0.5789141534793708, 0.6, 0.4285714285714286, 0.625, 0.0
0.5789141534793708, 0.6, 0.4285714285714286, 0.625, 0.0
0.5789141534793708, 0.6, 0.4285714285714286, 0.625, 0.0
0.5789141534793708, 0.6, 0.4285714285714286, 0.625, 0.0
0.5729762317519754, 0.6, 0.4285714285714286, 0.625, 0.0
0.5729762317519754, 0.6, 0.4285714285714286, 0.625, 0.0
0.5729762317519754, 0.6, 0.4285714285714286, 0.625, 0.0
0.5729762317519754, 0.6, 0.4285714285714286, 0.625, 0.0
0.5729762317519754, 0.6, 0.4285714285714286, 0.625, 0.0
0.5729762317519754, 0.6, 0.4285714285714286, 0.625, 0.0
0.5729762317519754, 0.6, 0.4285714285714286, 0.625, 0.0
0.5729762317519754, 0.6, 0.4285714285714286, 0.625, 0.0
0.5729762317519754, 0.6, 0.4285714285714286, 0.625, 0.0
0.5729762317519754, 0.6, 0.4285714285714286, 0.625, 0.0
0.5729762317519754, 0.6, 0.4285714285714286, 0.625, 0.0
0.5729762317519754, 0.6, 0.4285714285714286, 0.625, 0.0
0.5729762317519754, 0.6, 0.4285714285714286, 0.625, 0.0
0.5729762317519754, 0.6, 0.4285714285714286, 0.625, 0.0
0.5729762317519754, 0.6, 0.4285714285714286, 0.625, 0.0
0.5729762317519754, 0.6, 0.4285714285714286, 0.625, 0.0
0.5729762317519754, 0.6, 0.4285714285714286, 0.625, 0.0
0.5729762317519754, 0.6, 0.4285714285714286, 0.625, 0.0
0.5729762317519754, 0.6, 0.4285714285714286, 0.625, 0.0
0.5720065347822785, 0.6, 0.4285714285714286, 0.625, 0.0
0.5710368378125814, 0.6, 0.4285714285714286, 0.625, 0.0
0.5710368378125814, 0.6, 0.4285714285714286, 0.625, 0.0
0.5710368378125814, 0.6, 0.4285714285714286, 0.625, 0.0
0.5710368378125814, 0.6, 0.4285714285714286, 0.625, 0.0
0.5710368378125814, 0.6, 0.4285714285714286, 0.625, 0.0
0.5710368378125814, 0.6, 0.4285714285714286, 0.625, 0.0
0.5710368378125814, 0.6, 0.4285714285714286, 0.625, 0.0
0.5710368378125814, 0.6, 0.4285714285714286, 0.625, 0.0
0.5710368378125814, 0.6, 0.4285714285714286, 0.625, 0.0
0.5649257267014703, 0.56, 0.4285714285714286, 0.6086956521739131, 0.0
0.5649257267014703, 0.56, 0.4285714285714286, 0.6086956521739131, 0.0
0.5649257267014703, 0.56, 0.4285714285714286, 0.6086956521739131, 0.0
0.5649257267014703, 0.56, 0.4285714285714286, 0.6086956521739131, 0.0
0.5649257267014703, 0.56, 0.4285714285714286, 0.6086956521739131, 0.0
0.5649257267014703, 0.56, 0.4285714285714286, 0.6086956521739131, 0.0
0.5649257267014703, 0.56, 0.4285714285714286, 0.6086956521739131, 0.0
0.5649257267014703, 0.56, 0.4285714285714286, 0.6086956521739131, 0.0
0.5629863327620763, 0.56, 0.4285714285714286, 0.6086956521739131, 0.0
0.5629863327620763, 0.56, 0.4285714285714286, 0.6086956521739131, 0.0
0.5629863327620763, 0.56, 0.4285714285714286, 0.6086956521739131, 0.0
0.5629863327620763, 0.56, 0.4285714285714286, 0.6086956521739131, 0.0
0.5629863327620763, 0.56, 0.4285714285714286, 0.6086956521739131, 0.0
0.5629863327620763, 0.56, 0.4285714285714286, 0.6086956521739131, 0.0
0.5620166357923794, 0.5454545454545454, 0.4285714285714286, 0.6086956521739131, 0.0
0.5620166357923794, 0.5454545454545454, 0.4285714285714286, 0.6086956521739131, 0.0
0.5620166357923794, 0.5454545454545454, 0.4285714285714286, 0.6086956521739131, 0.0
0.5620166357923794, 0.5454545454545454, 0.4285714285714286, 0.6086956521739131, 0.0
0.5620166357923794, 0.5454545454545454, 0.4285714285714286, 0.6086956521739131, 0.0
0.5620166357923794, 0.5454545454545454, 0.4285714285714286, 0.6086956521739131, 0.0
0.5620166357923794, 0.5454545454545454, 0.4285714285714286, 0.6086956521739131, 0.0
0.5620166357923794, 0.5454545454545454, 0.4285714285714286, 0.6086956521739131, 0.0
0.5620166357923794, 0.5454545454545454, 0.4285714285714286, 0.6086956521739131, 0.0
0.5620166357923794, 0.5454545454545454, 0.4285714285714286, 0.6086956521739131, 0.0
0.5620166357923794, 0.5454545454545454, 0.4285714285714286, 0.6086956521739131, 0.0
0.5620166357923794, 0.5454545454545454, 0.4285714285714286, 0.6086956521739131, 0.0
0.5620166357923794, 0.5454545454545454, 0.4285714285714286, 0.6086956521739131, 0.0
0.5620166357923794, 0.5454545454545454, 0.4285714285714286, 0.6086956521739131, 0.0
0.5620166357923794, 0.5454545454545454, 0.4285714285714286, 0.6086956521739131, 0.0
0.5620166357923794, 0.5454545454545454, 0.4285714285714286, 0.6086956521739131, 0.0
0.5620166357923794, 0.5454545454545454, 0.4285714285714286, 0.6086956521739131, 0.0
0.5620166357923794, 0.5454545454545454, 0.4285714285714286, 0.6086956521739131, 0.0
0.5620166357923794, 0.5454545454545454, 0.4285714285714286, 0.6086956521739131, 0.0
0.5620166357923794, 0.5454545454545454, 0.4285714285714286, 0.6086956521739131, 0.0
0.5620166357923794, 0.5454545454545454, 0.4285714285714286, 0.6086956521739131, 0.0
0.5620166357923794, 0.5454545454545454, 0.4285714285714286, 0.6086956521739131, 0.0
0.5620166357923794, 0.5454545454545454, 0.4285714285714286, 0.6086956521739131, 0.0
0.5620166357923794, 0.5454545454545454, 0.4285714285714286, 0.6086956521739131, 0.0
0.5620166357923794, 0.5454545454545454, 0.4285714285714286, 0.6086956521739131, 0.0
0.5620166357923794, 0.5454545454545454, 0.4285714285714286, 0.6086956521739131, 0.0
0.5620166357923794, 0.5454545454545454, 0.4285714285714286, 0.6086956521739131, 0.0
0.5620166357923794, 0.5454545454545454, 0.4285714285714286, 0.6086956521739131, 0.0
0.5620166357923794, 0.5454545454545454, 0.4285714285714286, 0.6086956521739131, 0.0
0.5620166357923794, 0.5454545454545454, 0.4285714285714286, 0.6086956521739131, 0.0
0.5690007627765064, 0.5454545454545454, 0.5263157894736843, 0.6086956521739131, 0.0
0.5690007627765064, 0.5454545454545454, 0.5263157894736843, 0.6086956521739131, 0.0
0.5666919604677041, 0.5454545454545454, 0.5263157894736843, 0.6086956521739131, 0.0
0.5666919604677041, 0.5454545454545454, 0.5263157894736843, 0.6086956521739131, 0.0
0.5666919604677041, 0.5454545454545454, 0.5263157894736843, 0.6086956521739131, 0.0
0.5666919604677041, 0.5454545454545454, 0.5263157894736843, 0.6086956521739131, 0.0
0.5666919604677041, 0.5454545454545454, 0.5263157894736843, 0.6086956521739131, 0.0
0.5666919604677041, 0.5454545454545454, 0.5263157894736843, 0.6086956521739131, 0.0
0.5666919604677041, 0.5454545454545454, 0.5263157894736843, 0.6086956521739131, 0.0
0.5666919604677041, 0.5454545454545454, 0.5263157894736843, 0.6086956521739131, 0.0
0.5666919604677041, 0.5454545454545454, 0.5263157894736843, 0.6086956521739131, 0.0
0.5666919604677041, 0.5454545454545454, 0.5263157894736843, 0.6086956521739131, 0.0
0.5666919604677041, 0.5454545454545454, 0.5263157894736843, 0.6086956521739131, 0.0
0.5666919604677041, 0.5454545454545454, 0.5263157894736843, 0.6086956521739131, 0.0
0.5666919604677041, 0.5454545454545454, 0.5263157894736843, 0.6086956521739131, 0.0
0.5666919604677041, 0.5454545454545454, 0.5263157894736843, 0.6086956521739131, 0.0
0.5666919604677041, 0.5454545454545454, 0.5263157894736843, 0.6086956521739131, 0.0
0.5666919604677041, 0.5454545454545454, 0.5263157894736843, 0.6086956521739131, 0.0
0.5666919604677041, 0.5454545454545454, 0.5263157894736843, 0.6086956521739131, 0.0
0.5666919604677041, 0.5454545454545454, 0.5263157894736843, 0.6086956521739131, 0.0
0.5666919604677041, 0.5454545454545454, 0.5263157894736843, 0.6086956521739131, 0.0
0.5666919604677041, 0.5454545454545454, 0.5263157894736843, 0.6086956521739131, 0.0
0.5666919604677041, 0.5454545454545454, 0.5263157894736843, 0.6086956521739131, 0.0
