0.6168041046864576, 0.7567567567567568, 0.0, 0.8235294117647058, 0.0
0.7588883089825458, 0.7619047619047619, 0.6451612903225806, 0.8235294117647058, 0.0
0.7359836234547071, 0.7407407407407407, 0.6428571428571428, 0.8, 0.0
0.7018312798800271, 0.7272727272727273, 0.5789473684210527, 0.7804878048780488, 0.0
0.6847870324816934, 0.6875, 0.5789473684210527, 0.7857142857142857, 0.0
0.6677156208381253, 0.6666666666666667, 0.5789473684210527, 0.7692307692307692, 0.0
0.6697156208381254, 0.6666666666666667, 0.5789473684210527, 0.7692307692307692, 0.0
0.657103160199349, 0.6666666666666667, 0.5789473684210527, 0.75, 0.0
0.660277763373952, 0.6666666666666667, 0.5789473684210527, 0.75, 0.0
0.6479280810722459, 0.6428571428571428, 0.5789473684210527, 0.75, 0.0
0.6390539727244532, 0.64, 0.5789473684210527, 0.6857142857142857, 0.0
0.6361066043034005, 0.64, 0.5789473684210527, 0.6857142857142857, 0.0
0.6293847271467407, 0.64, 0.5789473684210527, 0.6666666666666667, 0.0
0.6297383964659271, 0.64, 0.5789473684210527, 0.6666666666666667, 0.0
0.6374678650649611, 0.64, 0.5789473684210527, 0.6666666666666667, 0.0
0.6390551666522628, 0.64, 0.5789473684210527, 0.6666666666666667, 0.0
0.6377678103304237, 0.64, 0.5789473684210527, 0.6666666666666667, 0.0
0.6327026762308069, 0.64, 0.5789473684210527, 0.6666666666666667, 0.0
0.6344260725971399, 0.6428571428571428, 0.5789473684210527, 0.6666666666666667, 0.0
0.6344260725971399, 0.6428571428571428, 0.5789473684210527, 0.6666666666666667, 0.0
0.6333149614860287, 0.6428571428571428, 0.5789473684210527, 0.6666666666666667, 0.0
0.6344260725971399, 0.6428571428571428, 0.5789473684210527, 0.6666666666666667, 0.0
0.6320868913105901, 0.631578947368421, 0.5789473684210527, 0.6666666666666667, 0.0
0.6347626110140013, 0.6428571428571428, 0.5833333333333333, 0.6666666666666667, 0.0
0.6336514999028903, 0.6428571428571428, 0.5833333333333333, 0.6666666666666667, 0.0
0.6311610784469515, 0.6428571428571428, 0.5833333333333333, 0.6666666666666667, 0.0
0.6322721895580626, 0.6428571428571428, 0.5833333333333333, 0.6666666666666667, 0.0
0.627510284796158, 0.6428571428571428, 0.5714285714285714, 0.6666666666666667, 0.0
0.6249654819287744, 0.6428571428571428, 0.5714285714285714, 0.6666666666666667, 0.0
0.6224750604728357, 0.6428571428571428, 0.5714285714285714, 0.6666666666666667, 0.0
0.6210413687165635, 0.6428571428571428, 0.5714285714285714, 0.6666666666666667, 0.0
0.6210413687165635, 0.6428571428571428, 0.5714285714285714, 0.6666666666666667, 0.0
0.6231781208533156, 0.6428571428571428, 0.5714285714285714, 0.6666666666666667, 0.0
0.6184162160914108, 0.6206896551724138, 0.5714285714285714, 0.6666666666666667, 0.0
0.6184162160914108, 0.6206896551724138, 0.5714285714285714, 0.6666666666666667, 0.0
0.6180936354462495, 0.6206896551724138, 0.5714285714285714, 0.6666666666666667, 0.0
0.6205840569021882, 0.6206896551724138, 0.5714285714285714, 0.6666666666666667, 0.0
0.620261476257027, 0.6206896551724138, 0.5714285714285714, 0.6666666666666667, 0.0
0.620261476257027, 0.6206896551724138, 0.5714285714285714, 0.6666666666666667, 0.0
0.620261476257027, 0.6206896551724138, 0.5714285714285714, 0.6666666666666667, 0.0
0.620261476257027, 0.6206896551724138, 0.5714285714285714, 0.6666666666666667, 0.0
0.620261476257027, 0.6206896551724138, 0.5714285714285714, 0.6666666666666667, 0.0
0.620261476257027, 0.6206896551724138, 0.5714285714285714, 0.6666666666666667, 0.0
0.6182763645944959, 0.6206896551724138, 0.5714285714285714, 0.6666666666666667, 0.0
0.6182763645944959, 0.6206896551724138, 0.5714285714285714, 0.6666666666666667, 0.0
0.6182763645944959, 0.6206896551724138, 0.5714285714285714, 0.6666666666666667, 0.0
0.6182763645944959, 0.6206896551724138, 0.5714285714285714, 0.6666666666666667, 0.0
0.6193968127737676, 0.6206896551724138, 0.5714285714285714, 0.6666666666666667, 0.0
0.6200378384147932, 0.6206896551724138, 0.5714285714285714, 0.6666666666666667, 0.0
0.6170270857266211, 0.6206896551724138, 0.5714285714285714, 0.6666666666666667, 0.0
0.6170270857266211, 0.6206896551724138, 0.5714285714285714, 0.6666666666666667, 0.0
0.6144203734424895, 0.6206896551724138, 0.5714285714285714, 0.6666666666666667, 0.0
0.616713044311356, 0.6206896551724138, 0.5714285714285714, 0.6666666666666667, 0.0
0.6164749490732608, 0.6206896551724138, 0.5714285714285714, 0.6666666666666667, 0.0
0.6164749490732608, 0.6206896551724138, 0.5714285714285714, 0.6666666666666667, 0.0
0.6152123228106346, 0.6206896551724138, 0.5714285714285714, 0.6666666666666667, 0.0
0.6144127226107347, 0.6206896551724138, 0.5714285714285714, 0.6666666666666667, 0.0
0.6144127226107347, 0.6206896551724138, 0.5714285714285714, 0.6666666666666667, 0.0
0.6131500963481084, 0.6153846153846154, 0.5714285714285714, 0.6666666666666667, 0.0
0.6123504961482082, 0.6086956521739131, 0.5714285714285714, 0.6666666666666667, 0.0
0.6115508959483082, 0.6086956521739131, 0.5714285714285714, 0.6666666666666667, 0.0
0.6122520172491296, 0.6086956521739131, 0.5714285714285714, 0.6666666666666667, 0.0
0.6118060863684162, 0.6086956521739131, 0.5714285714285714, 0.6666666666666667, 0.0
0.6118060863684162, 0.6086956521739131, 0.5714285714285714, 0.6666666666666667, 0.0
0.6118060863684162, 0.6086956521739131, 0.5714285714285714, 0.6666666666666667, 0.0
0.6118060863684162, 0.6086956521739131, 0.5714285714285714, 0.6666666666666667, 0.0
0.6118060863684162, 0.6086956521739131, 0.5714285714285714, 0.6666666666666667, 0.0
0.6118060863684162, 0.6086956521739131, 0.5714285714285714, 0.6666666666666667, 0.0
0.6118060863684162, 0.6086956521739131, 0.5714285714285714, 0.6666666666666667, 0.0
0.6105434601057899, 0.6086956521739131, 0.5714285714285714, 0.6666666666666667, 0.0
0.6105434601057899, 0.6086956521739131, 0.5714285714285714, 0.6666666666666667, 0.0
0.6118060863684162, 0.6086956521739131, 0.5714285714285714, 0.6666666666666667, 0.0
0.6043508892357997, 0.6086956521739131, 0.5333333333333333, 0.6666666666666667, 0.0
0.6043508892357997, 0.6086956521739131, 0.5333333333333333, 0.6666666666666667, 0.0
0.6043508892357997, 0.6086956521739131, 0.5333333333333333, 0.6666666666666667, 0.0
0.6043508892357997, 0.6086956521739131, 0.5333333333333333, 0.6666666666666667, 0.0
0.6043508892357997, 0.6086956521739131, 0.5333333333333333, 0.6666666666666667, 0.0
0.6058516107365212, 0.6086956521739131, 0.5333333333333333, 0.6666666666666667, 0.0
0.6058516107365212, 0.6086956521739131, 0.5333333333333333, 0.6666666666666667, 0.0
0.6058516107365212, 0.6086956521739131, 0.5333333333333333, 0.6666666666666667, 0.0
0.6058516107365212, 0.6086956521739131, 0.5333333333333333, 0.6666666666666667, 0.0
0.6058516107365212, 0.6086956521739131, 0.5333333333333333, 0.6666666666666667, 0.0
0.6058516107365212, 0.6086956521739131, 0.5333333333333333, 0.6666666666666667, 0.0
0.6058516107365212, 0.6086956521739131, 0.5333333333333333, 0.6666666666666667, 0.0
0.6058516107365212, 0.6086956521739131, 0.5333333333333333, 0.6666666666666667, 0.0
0.6058516107365212, 0.6086956521739131, 0.5333333333333333, 0.6666666666666667, 0.0
0.6058516107365212, 0.6086956521739131, 0.5333333333333333, 0.6666666666666667, 0.0
0.6058516107365212, 0.6086956521739131, 0.5333333333333333, 0.6666666666666667, 0.0
0.6058516107365212, 0.6086956521739131, 0.5333333333333333, 0.6666666666666667, 0.0
0.6058516107365212, 0.6086956521739131, 0.5333333333333333, 0.6666666666666667, 0.0
0.6058516107365212, 0.6086956521739131, 0.5333333333333333, 0.6666666666666667, 0.0
0.6058516107365212, 0.6086956521739131, 0.5333333333333333, 0.6666666666666667, 0.0
0.6071142369991473, 0.6086956521739131, 0.5333333333333333, 0.6666666666666667, 0.0
0.6089241917502786, 0.6086956521739131, 0.5333333333333333, 0.6666666666666667, 0.0
0.6089241917502786, 0.6086956521739131, 0.5333333333333333, 0.6666666666666667, 0.0
0.6089241917502786, 0.6086956521739131, 0.5333333333333333, 0.6666666666666667, 0.0
0.6089241917502786, 0.6086956521739131, 0.5333333333333333, 0.6666666666666667, 0.0
0.6089241917502786, 0.6086956521739131, 0.5333333333333333, 0.6666666666666667, 0.0
0.6074714657323351, 0.6086956521739131, 0.5333333333333333, 0.6666666666666667, 0.0
0.6077095609704304, 0.6086956521739131, 0.5333333333333333, 0.6666666666666667, 0.0
0.6077095609704304, 0.6086956521739131, 0.5333333333333333, 0.6666666666666667, 0.0
0.6077095609704304, 0.6086956521739131, 0.5333333333333333, 0.6666666666666667, 0.0
0.6077095609704304, 0.6086956521739131, 0.5333333333333333, 0.6666666666666667, 0.0
0.6077095609704304, 0.6086956521739131, 0.5333333333333333, 0.6666666666666667, 0.0
0.6077095609704304, 0.6086956521739131, 0.5333333333333333, 0.6666666666666667, 0.0
0.6077095609704304, 0.6086956521739131, 0.5333333333333333, 0.6666666666666667, 0.0
0.6077095609704304, 0.6086956521739131, 0.5333333333333333, 0.6666666666666667, 0.0
0.6077095609704304, 0.6086956521739131, 0.5333333333333333, 0.6666666666666667, 0.0
0.6077095609704304, 0.6086956521739131, 0.5333333333333333, 0.6666666666666667, 0.0
0.604327918458353, 0.6086956521739131, 0.5333333333333333, 0.6666666666666667, 0.0
0.604327918458353, 0.6086956521739131, 0.5333333333333333, 0.6666666666666667, 0.0
0.6060187397143917, 0.6086956521739131, 0.5333333333333333, 0.6666666666666667, 0.0
0.6060187397143917, 0.6086956521739131, 0.5333333333333333, 0.6666666666666667, 0.0
0.6045660136964482, 0.6086956521739131, 0.5333333333333333, 0.6666666666666667, 0.0
0.6045660136964482, 0.6086956521739131, 0.5333333333333333, 0.6666666666666667, 0.0
0.6045660136964482, 0.6086956521739131, 0.5333333333333333, 0.6666666666666667, 0.0
0.6045660136964482, 0.6086956521739131, 0.5333333333333333, 0.6666666666666667, 0.0
0.6047799543451714, 0.6086956521739131, 0.5333333333333333, 0.6666666666666667, 0.0
0.6047799543451714, 0.6086956521739131, 0.5333333333333333, 0.6666666666666667, 0.0
0.6047799543451714, 0.6086956521739131, 0.5333333333333333, 0.6666666666666667, 0.0
0.6047799543451714, 0.6086956521739131, 0.5333333333333333, 0.6666666666666667, 0.0
0.6047799543451714, 0.6086956521739131, 0.5333333333333333, 0.6666666666666667, 0.0
0.6047799543451714, 0.6086956521739131, 0.5333333333333333, 0.6666666666666667, 0.0
0.6030891330891328, 0.6, 0.5333333333333333, 0.6666666666666667, 0.0
0.600023998989516, 0.6, 0.5333333333333333, 0.6285714285714286, 0.0
0.600023998989516, 0.6, 0.5333333333333333, 0.6285714285714286, 0.0
0.600023998989516, 0.6, 0.5333333333333333, 0.6285714285714286, 0.0
0.600023998989516, 0.6, 0.5333333333333333, 0.6285714285714286, 0.0
0.600023998989516, 0.6, 0.5333333333333333, 0.6285714285714286, 0.0
0.600023998989516, 0.6, 0.5333333333333333, 0.6285714285714286, 0.0
0.600023998989516, 0.6, 0.5333333333333333, 0.6285714285714286, 0.0
0.600023998989516, 0.6, 0.5333333333333333, 0.6285714285714286, 0.0
0.600023998989516, 0.6, 0.5333333333333333, 0.6285714285714286, 0.0
0.600023998989516, 0.6, 0.5333333333333333, 0.6285714285714286, 0.0
0.600023998989516, 0.6, 0.5333333333333333, 0.6285714285714286, 0.0
0.600023998989516, 0.6, 0.5333333333333333, 0.6285714285714286, 0.0
0.600023998989516, 0.6, 0.5333333333333333, 0.6285714285714286, 0.0
0.600023998989516, 0.6, 0.5333333333333333, 0.6285714285714286, 0.0
0.600023998989516, 0.6, 0.5333333333333333, 0.6285714285714286, 0.0
0.600023998989516, 0.6, 0.5333333333333333, 0.6285714285714286, 0.0
0.600023998989516, 0.6, 0.5333333333333333, 0.6285714285714286, 0.0
0.600023998989516, 0.6, 0.5333333333333333, 0.6285714285714286, 0.0
0.600023998989516, 0.6, 0.5333333333333333, 0.6285714285714286, 0.0
0.600023998989516, 0.6, 0.5333333333333333, 0.6285714285714286, 0.0
0.600023998989516, 0.6, 0.5333333333333333, 0.6285714285714286, 0.0
0.600023998989516, 0.6, 0.5333333333333333, 0.6285714285714286, 0.0
0.600023998989516, 0.6, 0.5333333333333333, 0.6285714285714286, 0.0
0.600023998989516, 0.6, 0.5333333333333333, 0.6285714285714286, 0.0
0.600023998989516, 0.6, 0.5333333333333333, 0.6285714285714286, 0.0
0.600023998989516, 0.6, 0.5333333333333333, 0.6285714285714286, 0.0
0.600023998989516, 0.6, 0.5333333333333333, 0.6285714285714286, 0.0
0.6017148202455547, 0.6086956521739131, 0.5333333333333333, 0.6285714285714286, 0.0
0.6017148202455547, 0.6086956521739131, 0.5333333333333333, 0.6285714285714286, 0.0
0.6017148202455547, 0.6086956521739131, 0.5333333333333333, 0.6285714285714286, 0.0
0.6017148202455547, 0.6086956521739131, 0.5333333333333333, 0.6285714285714286, 0.0
0.6017148202455547, 0.6086956521739131, 0.5333333333333333, 0.6285714285714286, 0.0
0.6034056415015935, 0.6086956521739131, 0.5333333333333333, 0.6285714285714286, 0.0
0.6034056415015935, 0.6086956521739131, 0.5333333333333333, 0.6285714285714286, 0.0
0.6017148202455547, 0.6086956521739131, 0.5333333333333333, 0.6285714285714286, 0.0
0.6017148202455547, 0.6086956521739131, 0.5333333333333333, 0.6285714285714286, 0.0
0.6017148202455547, 0.6086956521739131, 0.5333333333333333, 0.6285714285714286, 0.0
0.6017148202455547, 0.6086956521739131, 0.5333333333333333, 0.6285714285714286, 0.0
0.6017148202455547, 0.6086956521739131, 0.5333333333333333, 0.6285714285714286, 0.0
0.6017148202455547, 0.6086956521739131, 0.5333333333333333, 0.6285714285714286, 0.0
0.6017148202455547, 0.6086956521739131, 0.5333333333333333, 0.6285714285714286, 0.0
0.6017148202455547, 0.6086956521739131, 0.5333333333333333, 0.6285714285714286, 0.0
0.6017148202455547, 0.6086956521739131, 0.5333333333333333, 0.6285714285714286, 0.0
0.6017148202455547, 0.6086956521739131, 0.5333333333333333, 0.6285714285714286, 0.0
0.6017148202455547, 0.6086956521739131, 0.5333333333333333, 0.6285714285714286, 0.0
0.6017148202455547, 0.6086956521739131, 0.5333333333333333, 0.6285714285714286, 0.0
0.6017148202455547, 0.6086956521739131, 0.5333333333333333, 0.6285714285714286, 0.0
0.6017148202455547, 0.6086956521739131, 0.5333333333333333, 0.6285714285714286, 0.0
0.6017148202455547, 0.6086956521739131, 0.5333333333333333, 0.6285714285714286, 0.0
0.600023998989516, 0.6, 0.5333333333333333, 0.6285714285714286, 0.0
0.600023998989516, 0.6, 0.5333333333333333, 0.6285714285714286, 0.0
0.600023998989516, 0.6, 0.5333333333333333, 0.6285714285714286, 0.0
0.600023998989516, 0.6, 0.5333333333333333, 0.6285714285714286, 0.0
0.600023998989516, 0.6, 0.5333333333333333, 0.6285714285714286, 0.0
0.600023998989516, 0.6, 0.5333333333333333, 0.6285714285714286, 0.0
0.600023998989516, 0.6, 0.5333333333333333, 0.6285714285714286, 0.0
0.600023998989516, 0.6, 0.5333333333333333, 0.6285714285714286, 0.0
0.600023998989516, 0.6, 0.5333333333333333, 0.6285714285714286, 0.0
0.600023998989516, 0.6, 0.5333333333333333, 0.6285714285714286, 0.0
0.600023998989516, 0.6, 0.5333333333333333, 0.6285714285714286, 0.0
0.600023998989516, 0.6, 0.5333333333333333, 0.6285714285714286, 0.0
0.600023998989516, 0.6, 0.5333333333333333, 0.6285714285714286, 0.0
0.600023998989516, 0.6, 0.5333333333333333, 0.6285714285714286, 0.0
0.600023998989516, 0.6, 0.5333333333333333, 0.6285714285714286, 0.0
0.600023998989516, 0.6, 0.5333333333333333, 0.6285714285714286, 0.0
0.600023998989516, 0.6, 0.5333333333333333, 0.6285714285714286, 0.0
0.600023998989516, 0.6, 0.5333333333333333, 0.6285714285714286, 0.0
0.600023998989516, 0.6, 0.5333333333333333, 0.6285714285714286, 0.0
0.600023998989516, 0.6, 0.5333333333333333, 0.6285714285714286, 0.0
0.600023998989516, 0.6, 0.5333333333333333, 0.6285714285714286, 0.0
0.600023998989516, 0.6, 0.5333333333333333, 0.6285714285714286, 0.0
0.600023998989516, 0.6, 0.5333333333333333, 0.6285714285714286, 0.0
0.600023998989516, 0.6, 0.5333333333333333, 0.6285714285714286, 0.0
0.600023998989516, 0.6, 0.5333333333333333, 0.6285714285714286, 0.0
0.600023998989516, 0.6, 0.5333333333333333, 0.6285714285714286, 0.0
0.600023998989516, 0.6, 0.5333333333333333, 0.6285714285714286, 0.0
0.600023998989516, 0.6, 0.5333333333333333, 0.6285714285714286, 0.0
0.600023998989516, 0.6, 0.5333333333333333, 0.6285714285714286, 0.0
0.600023998989516, 0.6, 0.5333333333333333, 0.6285714285714286, 0.0
0.600023998989516, 0.6, 0.5333333333333333, 0.6285714285714286, 0.0
0.600023998989516, 0.6, 0.5333333333333333, 0.6285714285714286, 0.0
0.600023998989516, 0.6, 0.5333333333333333, 0.6285714285714286, 0.0
0.600023998989516, 0.6, 0.5333333333333333, 0.6285714285714286, 0.0
0.600023998989516, 0.6, 0.5333333333333333, 0.6285714285714286, 0.0
0.600023998989516, 0.6, 0.5333333333333333, 0.6285714285714286, 0.0
0.600023998989516, 0.6, 0.5333333333333333, 0.6285714285714286, 0.0
0.600023998989516, 0.6, 0.5333333333333333, 0.6285714285714286, 0.0
0.600023998989516, 0.6, 0.5333333333333333, 0.6285714285714286, 0.0
0.600023998989516, 0.6, 0.5333333333333333, 0.6285714285714286, 0.0
0.600023998989516, 0.6, 0.5333333333333333, 0.6285714285714286, 0.0
0.600023998989516, 0.6, 0.5333333333333333, 0.6285714285714286, 0.0
0.600023998989516, 0.6, 0.5333333333333333, 0.6285714285714286, 0.0
0.600023998989516, 0.6, 0.5333333333333333, 0.6285714285714286, 0.0
0.600023998989516, 0.6, 0.5333333333333333, 0.6285714285714286, 0.0
0.600023998989516, 0.6, 0.5333333333333333, 0.6285714285714286, 0.0
0.600023998989516, 0.6, 0.5333333333333333, 0.6285714285714286, 0.0
0.600023998989516, 0.6, 0.5333333333333333, 0.6285714285714286, 0.0
0.600023998989516, 0.6, 0.5333333333333333, 0.6285714285714286, 0.0
0.600023998989516, 0.6, 0.5333333333333333, 0.6285714285714286, 0.0
0.600023998989516, 0.6, 0.5333333333333333, 0.6285714285714286, 0.0
0.600023998989516, 0.6, 0.5333333333333333, 0.6285714285714286, 0.0
0.600023998989516, 0.6, 0.5333333333333333, 0.6285714285714286, 0.0
0.600023998989516, 0.6, 0.5333333333333333, 0.6285714285714286, 0.0
0.600023998989516, 0.6, 0.5333333333333333, 0.6285714285714286, 0.0
0.600023998989516, 0.6, 0.5333333333333333, 0.6285714285714286, 0.0
0.600023998989516, 0.6, 0.5333333333333333, 0.6285714285714286, 0.0
0.600023998989516, 0.6, 0.5333333333333333, 0.6285714285714286, 0.0
0.600023998989516, 0.6, 0.5333333333333333, 0.6285714285714286, 0.0
0.600023998989516, 0.6, 0.5333333333333333, 0.6285714285714286, 0.0
0.600023998989516, 0.6, 0.5333333333333333, 0.6285714285714286, 0.0
0.600023998989516, 0.6, 0.5333333333333333, 0.6285714285714286, 0.0
0.600023998989516, 0.6, 0.5333333333333333, 0.6285714285714286, 0.0
0.600023998989516, 0.6, 0.5333333333333333, 0.6285714285714286, 0.0
0.600023998989516, 0.6, 0.5333333333333333, 0.6285714285714286, 0.0
0.600023998989516, 0.6, 0.5333333333333333, 0.6285714285714286, 0.0
0.600023998989516, 0.6, 0.5333333333333333, 0.6285714285714286, 0.0
0.5991448781103952, 0.6, 0.5333333333333333, 0.6285714285714286, 0.0
0.5991448781103952, 0.6, 0.5333333333333333, 0.6285714285714286, 0.0
0.5991448781103952, 0.6, 0.5333333333333333, 0.6285714285714286, 0.0
0.5991448781103952, 0.6, 0.5333333333333333, 0.6285714285714286, 0.0
0.5991448781103952, 0.6, 0.5333333333333333, 0.6285714285714286, 0.0
0.5991448781103952, 0.6, 0.5333333333333333, 0.6285714285714286, 0.0
0.5991448781103952, 0.6, 0.5333333333333333, 0.6285714285714286, 0.0
0.6008356993664338, 0.6086956521739131, 0.5333333333333333, 0.6285714285714286, 0.0
0.6008356993664338, 0.6086956521739131, 0.5333333333333333, 0.6285714285714286, 0.0
0.6008356993664338, 0.6086956521739131, 0.5333333333333333, 0.6285714285714286, 0.0
0.6008356993664338, 0.6086956521739131, 0.5333333333333333, 0.6285714285714286, 0.0
0.6008356993664338, 0.6086956521739131, 0.5333333333333333, 0.6285714285714286, 0.0
0.6008356993664338, 0.6086956521739131, 0.5333333333333333, 0.6285714285714286, 0.0
0.6008356993664338, 0.6086956521739131, 0.5333333333333333, 0.6285714285714286, 0.0
0.6008356993664338, 0.6086956521739131, 0.5333333333333333, 0.6285714285714286, 0.0
0.6008356993664338, 0.6086956521739131, 0.5333333333333333, 0.6285714285714286, 0.0
0.6008356993664338, 0.6086956521739131, 0.5333333333333333, 0.6285714285714286, 0.0
0.6008356993664338, 0.6086956521739131, 0.5333333333333333, 0.6285714285714286, 0.0
0.6008356993664338, 0.6086956521739131, 0.5333333333333333, 0.6285714285714286, 0.0
0.6008356993664338, 0.6086956521739131, 0.5333333333333333, 0.6285714285714286, 0.0
0.6008356993664338, 0.6086956521739131, 0.5333333333333333, 0.6285714285714286, 0.0
0.6008356993664338, 0.6086956521739131, 0.5333333333333333, 0.6285714285714286, 0.0
0.6008356993664338, 0.6086956521739131, 0.5333333333333333, 0.6285714285714286, 0.0
0.6008356993664338, 0.6086956521739131, 0.5333333333333333, 0.6285714285714286, 0.0
0.6008356993664338, 0.6086956521739131, 0.5333333333333333, 0.6285714285714286, 0.0
0.6008356993664338, 0.6086956521739131, 0.5333333333333333, 0.6285714285714286, 0.0
0.6008356993664338, 0.6086956521739131, 0.5333333333333333, 0.6285714285714286, 0.0
0.6008356993664338, 0.6086956521739131, 0.5333333333333333, 0.6285714285714286, 0.0
0.6008356993664338, 0.6086956521739131, 0.5333333333333333, 0.6285714285714286, 0.0
0.6008356993664338, 0.6086956521739131, 0.5333333333333333, 0.6285714285714286, 0.0
0.6008356993664338, 0.6086956521739131, 0.5333333333333333, 0.6285714285714286, 0.0
0.6008356993664338, 0.6086956521739131, 0.5333333333333333, 0.6285714285714286, 0.0
0.6008356993664338, 0.6086956521739131, 0.5333333333333333, 0.6285714285714286, 0.0
0.6008356993664338, 0.6086956521739131, 0.5333333333333333, 0.6285714285714286, 0.0
0.6025265206224726, 0.6086956521739131, 0.5333333333333333, 0.6285714285714286, 0.0
0.6025265206224726, 0.6086956521739131, 0.5333333333333333, 0.6285714285714286, 0.0
0.6016473997433517, 0.6086956521739131, 0.5333333333333333, 0.6285714285714286, 0.0
0.6016473997433517, 0.6086956521739131, 0.5333333333333333, 0.6285714285714286, 0.0
0.6016473997433517, 0.6086956521739131, 0.5333333333333333, 0.6285714285714286, 0.0
0.6007682788642309, 0.6086956521739131, 0.5333333333333333, 0.6285714285714286, 0.0
0.6007682788642309, 0.6086956521739131, 0.5333333333333333, 0.6285714285714286, 0.0
0.6007682788642309, 0.6086956521739131, 0.5333333333333333, 0.6285714285714286, 0.0
0.6007682788642309, 0.6086956521739131, 0.5333333333333333, 0.6285714285714286, 0.0
0.6007682788642309, 0.6086956521739131, 0.5333333333333333, 0.6285714285714286, 0.0
0.6007682788642309, 0.6086956521739131, 0.5333333333333333, 0.6285714285714286, 0.0
0.6007682788642309, 0.6086956521739131, 0.5333333333333333, 0.6285714285714286, 0.0
0.6007682788642309, 0.6086956521739131, 0.5333333333333333, 0.6285714285714286, 0.0
0.6007682788642309, 0.6086956521739131, 0.5333333333333333, 0.6285714285714286, 0.0
0.6032527509139203, 0.6086956521739131, 0.5333333333333333, 0.6285714285714286, 0.0
0.6015619296578816, 0.6086956521739131, 0.5333333333333333, 0.6285714285714286, 0.0
0.6015619296578816, 0.6086956521739131, 0.5333333333333333, 0.6285714285714286, 0.0
0.6015619296578816, 0.6086956521739131, 0.5333333333333333, 0.6285714285714286, 0.0
0.5998711084018429, 0.6086956521739131, 0.5333333333333333, 0.6285714285714286, 0.0
0.5998711084018429, 0.6086956521739131, 0.5333333333333333, 0.6285714285714286, 0.0
0.5998711084018429, 0.6086956521739131, 0.5333333333333333, 0.6285714285714286, 0.0
0.5998711084018429, 0.6086956521739131, 0.5333333333333333, 0.6285714285714286, 0.0
0.5957648282086062, 0.6086956521739131, 0.5217391304347826, 0.6285714285714286, 0.0
0.5907794271362486, 0.6086956521739131, 0.5217391304347826, 0.6285714285714286, 0.0
0.5907794271362486, 0.6086956521739131, 0.5217391304347826, 0.6285714285714286, 0.0
0.5899003062571277, 0.6086956521739131, 0.5217391304347826, 0.6206896551724138, 0.0
0.5899003062571277, 0.6086956521739131, 0.5217391304347826, 0.6206896551724138, 0.0
0.585794026063891, 0.6086956521739131, 0.5217391304347826, 0.6206896551724138, 0.0
0.585794026063891, 0.6086956521739131, 0.5217391304347826, 0.6206896551724138, 0.0
0.585794026063891, 0.6086956521739131, 0.5217391304347826, 0.6206896551724138, 0.0
0.585794026063891, 0.6086956521739131, 0.5217391304347826, 0.6206896551724138, 0.0
0.585794026063891, 0.6086956521739131, 0.5217391304347826, 0.6206896551724138, 0.0
0.585794026063891, 0.6086956521739131, 0.5217391304347826, 0.6206896551724138, 0.0
0.585794026063891, 0.6086956521739131, 0.5217391304347826, 0.6206896551724138, 0.0
0.585794026063891, 0.6086956521739131, 0.5217391304347826, 0.6206896551724138, 0.0
0.585794026063891, 0.6086956521739131, 0.5217391304347826, 0.6206896551724138, 0.0
0.585794026063891, 0.6086956521739131, 0.5217391304347826, 0.6206896551724138, 0.0
0.585794026063891, 0.6086956521739131, 0.5217391304347826, 0.6206896551724138, 0.0
0.585794026063891, 0.6086956521739131, 0.5217391304347826, 0.6206896551724138, 0.0
0.5816877458706543, 0.6086956521739131, 0.5217391304347826, 0.6206896551724138, 0.0
0.5816877458706543, 0.6086956521739131, 0.5217391304347826, 0.6206896551724138, 0.0
0.5775814656774175, 0.6086956521739131, 0.5217391304347826, 0.6206896551724138, 0.0
0.5775814656774175, 0.6086956521739131, 0.5217391304347826, 0.6206896551724138, 0.0
0.5775814656774175, 0.6086956521739131, 0.5217391304347826, 0.6206896551724138, 0.0
0.5775814656774175, 0.6086956521739131, 0.5217391304347826, 0.6206896551724138, 0.0
0.5775814656774175, 0.6086956521739131, 0.5217391304347826, 0.6206896551724138, 0.0
0.5775814656774175, 0.6086956521739131, 0.5217391304347826, 0.6206896551724138, 0.0
0.5775814656774175, 0.6086956521739131, 0.5217391304347826, 0.6206896551724138, 0.0
0.5775814656774175, 0.6086956521739131, 0.5217391304347826, 0.6206896551724138, 0.0
0.5775814656774175, 0.6086956521739131, 0.5217391304347826, 0.6206896551724138, 0.0
0.5775814656774175, 0.6086956521739131, 0.5217391304347826, 0.6206896551724138, 0.0
0.5775814656774175, 0.6086956521739131, 0.5217391304347826, 0.6206896551724138, 0.0
0.5775814656774175, 0.6086956521739131, 0.5217391304347826, 0.6206896551724138, 0.0
0.580405694588603, 0.6086956521739131, 0.5217391304347826, 0.6206896551724138, 0.0
0.580405694588603, 0.6086956521739131, 0.5217391304347826, 0.6206896551724138, 0.0
0.580405694588603, 0.6086956521739131, 0.5217391304347826, 0.6206896551724138, 0.0
0.580405694588603, 0.6086956521739131, 0.5217391304347826, 0.6206896551724138, 0.0
0.580405694588603, 0.6086956521739131, 0.5217391304347826, 0.6206896551724138, 0.0
0.580405694588603, 0.6086956521739131, 0.5217391304347826, 0.6206896551724138, 0.0
0.580405694588603, 0.6086956521739131, 0.5217391304347826, 0.6206896551724138, 0.0
0.580405694588603, 0.6086956521739131, 0.5217391304347826, 0.6206896551724138, 0.0
0.580405694588603, 0.6086956521739131, 0.5217391304347826, 0.6206896551724138, 0.0
0.580405694588603, 0.6086956521739131, 0.5217391304347826, 0.6206896551724138, 0.0
0.580405694588603, 0.6086956521739131, 0.5217391304347826, 0.6206896551724138, 0.0
0.580405694588603, 0.6086956521739131, 0.5217391304347826, 0.6206896551724138, 0.0
0.580405694588603, 0.6086956521739131, 0.5217391304347826, 0.6206896551724138, 0.0
0.580405694588603, 0.6086956521739131, 0.5217391304347826, 0.6206896551724138, 0.0
0.580405694588603, 0.6086956521739131, 0.5217391304347826, 0.6206896551724138, 0.0
0.580405694588603, 0.6086956521739131, 0.5217391304347826, 0.6206896551724138, 0.0
0.580405694588603, 0.6086956521739131, 0.5217391304347826, 0.6206896551724138, 0.0
0.5775814656774175, 0.6086956521739131, 0.5217391304347826, 0.6206896551724138, 0.0
0.5775814656774175, 0.6086956521739131, 0.5217391304347826, 0.6206896551724138, 0.0
0.5775814656774175, 0.6086956521739131, 0.5217391304347826, 0.6206896551724138, 0.0
0.5775814656774175, 0.6086956521739131, 0.5217391304347826, 0.6206896551724138, 0.0
0.5775814656774175, 0.6086956521739131, 0.5217391304347826, 0.6206896551724138, 0.0
0.5775814656774175, 0.6086956521739131, 0.5217391304347826, 0.6206896551724138, 0.0
0.5775814656774175, 0.6086956521739131, 0.5217391304347826, 0.6206896551724138, 0.0
0.5779351349966042, 0.6086956521739131, 0.5217391304347826, 0.6206896551724138, 0.0
0.5779351349966042, 0.6086956521739131, 0.5217391304347826, 0.6206896551724138, 0.0
0.5779351349966042, 0.6086956521739131, 0.5217391304347826, 0.6206896551724138, 0.0
0.5779351349966042, 0.6086956521739131, 0.5217391304347826, 0.6206896551724138, 0.0
0.5779351349966042, 0.6086956521739131, 0.5217391304347826, 0.6206896551724138, 0.0
0.5779351349966042, 0.6086956521739131, 0.5217391304347826, 0.6206896551724138, 0.0
0.5820414151898409, 0.6086956521739131, 0.5217391304347826, 0.6206896551724138, 0.0
0.5829205360689617, 0.6086956521739131, 0.5217391304347826, 0.6285714285714286, 0.0
0.5829205360689617, 0.6086956521739131, 0.5217391304347826, 0.6285714285714286, 0.0
0.5829205360689617, 0.6086956521739131, 0.5217391304347826, 0.6285714285714286, 0.0
0.5829205360689617, 0.6086956521739131, 0.5217391304347826, 0.6285714285714286, 0.0
0.5829205360689617, 0.6086956521739131, 0.5217391304347826, 0.6285714285714286, 0.0
0.5829205360689617, 0.6086956521739131, 0.5217391304347826, 0.6285714285714286, 0.0
0.5851969588331893, 0.6153846153846154, 0.5217391304347826, 0.6341463414634146, 0.0
0.5851969588331893, 0.6153846153846154, 0.5217391304347826, 0.6341463414634146, 0.0
0.583964168634882, 0.6153846153846154, 0.5217391304347826, 0.6341463414634146, 0.0
0.583964168634882, 0.6153846153846154, 0.5217391304347826, 0.6341463414634146, 0.0
0.583964168634882, 0.6153846153846154, 0.5217391304347826, 0.6341463414634146, 0.0
0.5824086130793265, 0.6153846153846154, 0.5217391304347826, 0.6341463414634146, 0.0
0.5849593377170076, 0.6153846153846154, 0.5217391304347826, 0.6341463414634146, 0.0
0.5849593377170076, 0.6153846153846154, 0.5217391304347826, 0.6341463414634146, 0.0
0.5849593377170076, 0.6153846153846154, 0.5217391304347826, 0.6341463414634146, 0.0
0.5875100623546888, 0.6153846153846154, 0.5217391304347826, 0.6341463414634146, 0.0
0.5875100623546888, 0.6153846153846154, 0.5217391304347826, 0.6341463414634146, 0.0
0.5875100623546888, 0.6153846153846154, 0.5217391304347826, 0.6341463414634146, 0.0
0.5875100623546888, 0.6153846153846154, 0.5217391304347826, 0.6341463414634146, 0.0
0.5875100623546888, 0.6153846153846154, 0.5217391304347826, 0.6341463414634146, 0.0
0.5875100623546888, 0.6153846153846154, 0.5217391304347826, 0.6341463414634146, 0.0
0.5927274536590367, 0.6153846153846154, 0.5217391304347826, 0.6341463414634146, 0.0
0.5927274536590367, 0.6153846153846154, 0.5217391304347826, 0.6341463414634146, 0.0
0.5927274536590367, 0.6153846153846154, 0.5217391304347826, 0.6341463414634146, 0.0
0.59006078699237, 0.6153846153846154, 0.5217391304347826, 0.6341463414634146, 0.0
0.59006078699237, 0.6153846153846154, 0.5217391304347826, 0.6341463414634146, 0.0
0.5841480005917786, 0.6086956521739131, 0.5217391304347826, 0.6206896551724138, 0.0
0.5841480005917786, 0.6086956521739131, 0.5217391304347826, 0.6206896551724138, 0.0
0.5841480005917786, 0.6086956521739131, 0.5217391304347826, 0.6206896551724138, 0.0
0.5841480005917786, 0.6086956521739131, 0.5217391304347826, 0.6206896551724138, 0.0
0.5841480005917786, 0.6086956521739131, 0.5217391304347826, 0.6206896551724138, 0.0
0.5841480005917786, 0.6086956521739131, 0.5217391304347826, 0.6206896551724138, 0.0
0.5841480005917786, 0.6086956521739131, 0.5217391304347826, 0.6206896551724138, 0.0
0.5841480005917786, 0.6086956521739131, 0.5217391304347826, 0.6206896551724138, 0.0
0.5826285324056438, 0.5925925925925926, 0.5217391304347826, 0.6206896551724138, 0.0
0.5826285324056438, 0.5925925925925926, 0.5217391304347826, 0.6206896551724138, 0.0
0.5826285324056438, 0.5925925925925926, 0.5217391304347826, 0.6206896551724138, 0.0
0.5826285324056438, 0.5925925925925926, 0.5217391304347826, 0.6206896551724138, 0.0
0.5826285324056438, 0.5925925925925926, 0.5217391304347826, 0.6206896551724138, 0.0
0.5826285324056438, 0.5925925925925926, 0.5217391304347826, 0.6206896551724138, 0.0
0.5826285324056438, 0.5925925925925926, 0.5217391304347826, 0.6206896551724138, 0.0
0.5826285324056438, 0.5925925925925926, 0.5217391304347826, 0.6206896551724138, 0.0
