0.6189424214424215, 0.7272727272727273, 0.0, 0.8125, 0.0
0.6923227542933686, 0.7317073170731707, 0.4444444444444444, 0.8125, 0.0
0.701800687437981, 0.6666666666666667, 0.625, 0.7857142857142857, 0.0
0.7209871100055995, 0.7567567567567568, 0.5833333333333333, 0.8125, 0.0
0.7059862109862112, 0.7222222222222222, 0.5833333333333333, 0.7692307692307692, 0.0
0.674429431417261, 0.6896551724137931, 0.5833333333333333, 0.7222222222222222, 0.0
0.6546223126467029, 0.6428571428571428, 0.5384615384615384, 0.7317073170731707, 0.0
0.6446719771456612, 0.6428571428571428, 0.5384615384615384, 0.717948717948718, 0.0
0.6278338008338007, 0.6428571428571428, 0.5384615384615384, 0.6666666666666667, 0.0
0.6279238909238907, 0.6428571428571428, 0.5384615384615384, 0.6666666666666667, 0.0
0.62692094524226, 0.6428571428571428, 0.5384615384615384, 0.6829268292682926, 0.0
0.6246435125300448, 0.64, 0.5384615384615384, 0.6829268292682926, 0.0
0.622675258561791, 0.64, 0.5384615384615384, 0.6829268292682926, 0.0
0.6092842455451151, 0.6086956521739131, 0.5333333333333333, 0.6666666666666667, 0.0
0.6064991333778519, 0.6086956521739131, 0.5333333333333333, 0.65, 0.0
0.6058324667111852, 0.6086956521739131, 0.5333333333333333, 0.6428571428571428, 0.0
0.6058324667111852, 0.6086956521739131, 0.5333333333333333, 0.6428571428571428, 0.0
0.6047589294057638, 0.6086956521739131, 0.5333333333333333, 0.6428571428571428, 0.0
0.6041975258969919, 0.6086956521739131, 0.5333333333333333, 0.6428571428571428, 0.0
0.6028330034798378, 0.6086956521739131, 0.5333333333333333, 0.6428571428571428, 0.0
0.6031239885915706, 0.6086956521739131, 0.5333333333333333, 0.6428571428571428, 0.0
0.5949955412838708, 0.5925925925925926, 0.5333333333333333, 0.64, 0.0
0.592442008933237, 0.5925925925925926, 0.5333333333333333, 0.631578947368421, 0.0
0.6007171412083693, 0.5925925925925926, 0.5384615384615384, 0.64, 0.0
0.6026430671342953, 0.5925925925925926, 0.5384615384615384, 0.64, 0.0
0.6012321323900272, 0.5925925925925926, 0.5384615384615384, 0.64, 0.0
0.5985814225078238, 0.5925925925925926, 0.5384615384615384, 0.64, 0.0
0.5915734181664862, 0.5833333333333333, 0.5384615384615384, 0.64, 0.0
0.5915734181664862, 0.5833333333333333, 0.5384615384615384, 0.64, 0.0
0.5915734181664862, 0.5833333333333333, 0.5384615384615384, 0.64, 0.0
0.586107159928298, 0.5833333333333333, 0.5384615384615384, 0.6341463414634146, 0.0
0.5811948792265437, 0.5833333333333333, 0.5263157894736843, 0.6341463414634146, 0.0
0.5762825985247892, 0.5714285714285714, 0.5263157894736843, 0.6341463414634146, 0.0
0.5748716637805212, 0.5714285714285714, 0.5263157894736843, 0.6341463414634146, 0.0
0.5773561358302106, 0.5714285714285714, 0.5263157894736843, 0.6341463414634146, 0.0
0.5762450247190996, 0.5714285714285714, 0.5263157894736843, 0.6341463414634146, 0.0
0.5820142554883303, 0.5833333333333333, 0.5263157894736843, 0.6341463414634146, 0.0
0.5761964501053075, 0.5714285714285714, 0.5263157894736843, 0.6341463414634146, 0.0
0.5761964501053075, 0.5714285714285714, 0.5263157894736843, 0.6341463414634146, 0.0
0.5704186813835935, 0.5714285714285714, 0.5263157894736843, 0.6285714285714286, 0.0
0.5655064006818392, 0.5714285714285714, 0.5263157894736843, 0.6285714285714286, 0.0
0.5666351484772536, 0.5714285714285714, 0.5263157894736843, 0.6285714285714286, 0.0
0.5666351484772536, 0.5714285714285714, 0.5263157894736843, 0.6285714285714286, 0.0
0.5666351484772536, 0.5714285714285714, 0.5263157894736843, 0.6285714285714286, 0.0
0.5628339788866104, 0.5714285714285714, 0.5263157894736843, 0.6285714285714286, 0.0
0.5647752058278374, 0.5714285714285714, 0.5263157894736843, 0.6428571428571428, 0.0
0.5647752058278374, 0.5714285714285714, 0.5263157894736843, 0.6428571428571428, 0.0
0.5647752058278374, 0.5714285714285714, 0.5263157894736843, 0.6428571428571428, 0.0
0.5647752058278374, 0.5714285714285714, 0.5263157894736843, 0.6428571428571428, 0.0
0.5647752058278374, 0.5714285714285714, 0.5263157894736843, 0.6428571428571428, 0.0
0.5647752058278374, 0.5714285714285714, 0.5263157894736843, 0.6428571428571428, 0.0
0.5647752058278374, 0.5714285714285714, 0.5263157894736843, 0.6428571428571428, 0.0
0.5647752058278374, 0.5714285714285714, 0.5263157894736843, 0.6428571428571428, 0.0
0.5647752058278374, 0.5714285714285714, 0.5263157894736843, 0.6428571428571428, 0.0
0.5647752058278374, 0.5714285714285714, 0.5263157894736843, 0.6428571428571428, 0.0
0.5647752058278374, 0.5714285714285714, 0.5263157894736843, 0.6428571428571428, 0.0
0.5647752058278374, 0.5714285714285714, 0.5263157894736843, 0.6428571428571428, 0.0
0.5647752058278374, 0.5714285714285714, 0.5263157894736843, 0.6428571428571428, 0.0
0.5647752058278374, 0.5714285714285714, 0.5263157894736843, 0.6428571428571428, 0.0
0.5647752058278374, 0.5714285714285714, 0.5263157894736843, 0.6428571428571428, 0.0
0.5647752058278374, 0.5714285714285714, 0.5263157894736843, 0.6428571428571428, 0.0
0.5647752058278374, 0.5714285714285714, 0.5263157894736843, 0.6428571428571428, 0.0
0.5647752058278374, 0.5714285714285714, 0.5263157894736843, 0.6428571428571428, 0.0
0.5647752058278374, 0.5714285714285714, 0.5263157894736843, 0.6428571428571428, 0.0
0.5647752058278374, 0.5714285714285714, 0.5263157894736843, 0.6428571428571428, 0.0
0.5647752058278374, 0.5714285714285714, 0.5263157894736843, 0.6428571428571428, 0.0
0.5647752058278374, 0.5714285714285714, 0.5263157894736843, 0.6428571428571428, 0.0
0.5647752058278374, 0.5714285714285714, 0.5263157894736843, 0.6428571428571428, 0.0
0.5647752058278374, 0.5714285714285714, 0.5263157894736843, 0.6428571428571428, 0.0
0.5647752058278374, 0.5714285714285714, 0.5263157894736843, 0.6428571428571428, 0.0
0.5647752058278374, 0.5714285714285714, 0.5263157894736843, 0.6428571428571428, 0.0
0.5647752058278374, 0.5714285714285714, 0.5263157894736843, 0.6428571428571428, 0.0
0.5647752058278374, 0.5714285714285714, 0.5263157894736843, 0.6428571428571428, 0.0
0.5647752058278374, 0.5714285714285714, 0.5263157894736843, 0.6428571428571428, 0.0
0.5647752058278374, 0.5714285714285714, 0.5263157894736843, 0.6428571428571428, 0.0
0.5647752058278374, 0.5714285714285714, 0.5263157894736843, 0.6428571428571428, 0.0
0.5647752058278374, 0.5714285714285714, 0.5263157894736843, 0.6428571428571428, 0.0
0.5647752058278374, 0.5714285714285714, 0.5263157894736843, 0.6428571428571428, 0.0
0.5647752058278374, 0.5714285714285714, 0.5263157894736843, 0.6428571428571428, 0.0
0.5647752058278374, 0.5714285714285714, 0.5263157894736843, 0.6428571428571428, 0.0
0.5647752058278374, 0.5714285714285714, 0.5263157894736843, 0.6428571428571428, 0.0
0.5647752058278374, 0.5714285714285714, 0.5263157894736843, 0.6428571428571428, 0.0
0.5647752058278374, 0.5714285714285714, 0.5263157894736843, 0.6428571428571428, 0.0
0.5647752058278374, 0.5714285714285714, 0.5263157894736843, 0.6428571428571428, 0.0
0.5647752058278374, 0.5714285714285714, 0.5263157894736843, 0.6428571428571428, 0.0
0.5647752058278374, 0.5714285714285714, 0.5263157894736843, 0.6428571428571428, 0.0
0.5647752058278374, 0.5714285714285714, 0.5263157894736843, 0.6428571428571428, 0.0
0.5647752058278374, 0.5714285714285714, 0.5263157894736843, 0.6428571428571428, 0.0
0.5647752058278374, 0.5714285714285714, 0.5263157894736843, 0.6428571428571428, 0.0
0.5647752058278374, 0.5714285714285714, 0.5263157894736843, 0.6428571428571428, 0.0
0.5647752058278374, 0.5714285714285714, 0.5263157894736843, 0.6428571428571428, 0.0
0.5647752058278374, 0.5714285714285714, 0.5263157894736843, 0.6428571428571428, 0.0
0.5647752058278374, 0.5714285714285714, 0.5263157894736843, 0.6428571428571428, 0.0
0.5647752058278374, 0.5714285714285714, 0.5263157894736843, 0.6428571428571428, 0.0
0.5647752058278374, 0.5714285714285714, 0.5263157894736843, 0.6428571428571428, 0.0
0.5647752058278374, 0.5714285714285714, 0.5263157894736843, 0.6428571428571428, 0.0
0.5673004583530898, 0.5714285714285714, 0.5263157894736843, 0.6428571428571428, 0.0
0.5673004583530898, 0.5714285714285714, 0.5263157894736843, 0.6428571428571428, 0.0
0.5673004583530898, 0.5714285714285714, 0.5263157894736843, 0.6428571428571428, 0.0
0.5673004583530898, 0.5714285714285714, 0.5263157894736843, 0.6428571428571428, 0.0
0.570122327841626, 0.5714285714285714, 0.5263157894736843, 0.6428571428571428, 0.0
0.570122327841626, 0.5714285714285714, 0.5263157894736843, 0.6428571428571428, 0.0
0.5696285006811321, 0.5714285714285714, 0.5263157894736843, 0.6428571428571428, 0.0
0.5696285006811321, 0.5714285714285714, 0.5263157894736843, 0.6428571428571428, 0.0
0.5696285006811321, 0.5714285714285714, 0.5263157894736843, 0.6428571428571428, 0.0
0.5696285006811321, 0.5714285714285714, 0.5263157894736843, 0.6428571428571428, 0.0
0.5696285006811321, 0.5714285714285714, 0.5263157894736843, 0.6428571428571428, 0.0
0.5696285006811321, 0.5714285714285714, 0.5263157894736843, 0.6428571428571428, 0.0
0.5682175659368641, 0.5714285714285714, 0.5263157894736843, 0.6428571428571428, 0.0
0.5682175659368641, 0.5714285714285714, 0.5263157894736843, 0.6428571428571428, 0.0
0.5682175659368641, 0.5714285714285714, 0.5263157894736843, 0.6428571428571428, 0.0
0.5682175659368641, 0.5714285714285714, 0.5263157894736843, 0.6428571428571428, 0.0
0.5682175659368641, 0.5714285714285714, 0.5263157894736843, 0.6428571428571428, 0.0
0.5682175659368641, 0.5714285714285714, 0.5263157894736843, 0.6428571428571428, 0.0
0.5682175659368641, 0.5714285714285714, 0.5263157894736843, 0.6428571428571428, 0.0
0.566806631192596, 0.5714285714285714, 0.5263157894736843, 0.6428571428571428, 0.0
0.566806631192596, 0.5714285714285714, 0.5263157894736843, 0.6428571428571428, 0.0
0.566806631192596, 0.5714285714285714, 0.5263157894736843, 0.6428571428571428, 0.0
0.566806631192596, 0.5714285714285714, 0.5263157894736843, 0.6428571428571428, 0.0
0.566806631192596, 0.5714285714285714, 0.5263157894736843, 0.6428571428571428, 0.0
0.566806631192596, 0.5714285714285714, 0.5263157894736843, 0.6428571428571428, 0.0
0.566806631192596, 0.5714285714285714, 0.5263157894736843, 0.6428571428571428, 0.0
0.566806631192596, 0.5714285714285714, 0.5263157894736843, 0.6428571428571428, 0.0
0.566806631192596, 0.5714285714285714, 0.5263157894736843, 0.6428571428571428, 0.0
0.566806631192596, 0.5714285714285714, 0.5263157894736843, 0.6428571428571428, 0.0
0.566806631192596, 0.5714285714285714, 0.5263157894736843, 0.6428571428571428, 0.0
0.566806631192596, 0.5714285714285714, 0.5263157894736843, 0.6428571428571428, 0.0
0.5656955200814849, 0.5714285714285714, 0.5263157894736843, 0.6428571428571428, 0.0
0.5680857549278601, 0.5714285714285714, 0.5263157894736843, 0.6428571428571428, 0.0
0.5718869245185033, 0.5714285714285714, 0.5263157894736843, 0.6428571428571428, 0.0
0.5718869245185033, 0.5714285714285714, 0.5263157894736843, 0.6428571428571428, 0.0
0.5718869245185033, 0.5714285714285714, 0.5263157894736843, 0.6428571428571428, 0.0
0.5713062044255881, 0.5714285714285714, 0.5263157894736843, 0.6341463414634146, 0.0
0.5713062044255881, 0.5714285714285714, 0.5263157894736843, 0.6341463414634146, 0.0
0.5713062044255881, 0.5714285714285714, 0.5263157894736843, 0.6341463414634146, 0.0
0.5713062044255881, 0.5714285714285714, 0.5263157894736843, 0.6341463414634146, 0.0
0.5713062044255881, 0.5714285714285714, 0.5263157894736843, 0.6341463414634146, 0.0
0.5713062044255881, 0.5714285714285714, 0.5263157894736843, 0.6341463414634146, 0.0
0.5713062044255881, 0.5714285714285714, 0.5263157894736843, 0.6341463414634146, 0.0
0.5713062044255881, 0.5714285714285714, 0.5263157894736843, 0.6341463414634146, 0.0
0.5713062044255881, 0.5714285714285714, 0.5263157894736843, 0.6341463414634146, 0.0
0.5713062044255881, 0.5714285714285714, 0.5263157894736843, 0.6341463414634146, 0.0
0.5675050348349449, 0.5714285714285714, 0.5263157894736843, 0.6341463414634146, 0.0
0.5675050348349449, 0.5714285714285714, 0.5263157894736843, 0.6341463414634146, 0.0
0.5675050348349449, 0.5714285714285714, 0.5263157894736843, 0.6341463414634146, 0.0
0.5675050348349449, 0.5714285714285714, 0.5263157894736843, 0.6341463414634146, 0.0
0.5675050348349449, 0.5714285714285714, 0.5263157894736843, 0.6341463414634146, 0.0
0.5675050348349449, 0.5714285714285714, 0.5263157894736843, 0.6341463414634146, 0.0
0.5675050348349449, 0.5714285714285714, 0.5263157894736843, 0.6341463414634146, 0.0
0.5675050348349449, 0.5714285714285714, 0.5263157894736843, 0.6341463414634146, 0.0
0.5637038652443016, 0.5714285714285714, 0.5263157894736843, 0.6341463414634146, 0.0
0.5637038652443016, 0.5714285714285714, 0.5263157894736843, 0.6341463414634146, 0.0
0.5637038652443016, 0.5714285714285714, 0.5263157894736843, 0.6341463414634146, 0.0
0.5637038652443016, 0.5714285714285714, 0.5263157894736843, 0.6341463414634146, 0.0
0.5637038652443016, 0.5714285714285714, 0.5263157894736843, 0.6341463414634146, 0.0
0.5637038652443016, 0.5714285714285714, 0.5263157894736843, 0.6341463414634146, 0.0
0.5637038652443016, 0.5714285714285714, 0.5263157894736843, 0.6341463414634146, 0.0
0.5637038652443016, 0.5714285714285714, 0.5263157894736843, 0.6341463414634146, 0.0
0.5637038652443016, 0.5714285714285714, 0.5263157894736843, 0.6341463414634146, 0.0
0.5637038652443016, 0.5714285714285714, 0.5263157894736843, 0.6341463414634146, 0.0
0.5637038652443016, 0.5714285714285714, 0.5263157894736843, 0.6341463414634146, 0.0
0.5637038652443016, 0.5714285714285714, 0.5263157894736843, 0.6341463414634146, 0.0
0.5637038652443016, 0.5714285714285714, 0.5263157894736843, 0.6341463414634146, 0.0
0.5637038652443016, 0.5714285714285714, 0.5263157894736843, 0.6341463414634146, 0.0
0.5637038652443016, 0.5714285714285714, 0.5263157894736843, 0.6341463414634146, 0.0
0.5637038652443016, 0.5714285714285714, 0.5263157894736843, 0.6341463414634146, 0.0
0.5637038652443016, 0.5714285714285714, 0.5263157894736843, 0.6341463414634146, 0.0
0.5637038652443016, 0.5714285714285714, 0.5263157894736843, 0.6341463414634146, 0.0
0.5637038652443016, 0.5714285714285714, 0.5263157894736843, 0.6341463414634146, 0.0
0.5637038652443016, 0.5714285714285714, 0.5263157894736843, 0.6341463414634146, 0.0
0.5637038652443016, 0.5714285714285714, 0.5263157894736843, 0.6341463414634146, 0.0
0.5637038652443016, 0.5714285714285714, 0.5263157894736843, 0.6341463414634146, 0.0
0.5637038652443016, 0.5714285714285714, 0.5263157894736843, 0.6341463414634146, 0.0
0.5637038652443016, 0.5714285714285714, 0.5263157894736843, 0.6341463414634146, 0.0
0.5637038652443016, 0.5714285714285714, 0.5263157894736843, 0.6341463414634146, 0.0
0.5637038652443016, 0.5714285714285714, 0.5263157894736843, 0.6341463414634146, 0.0
0.5637038652443016, 0.5714285714285714, 0.5263157894736843, 0.6341463414634146, 0.0
0.5637038652443016, 0.5714285714285714, 0.5263157894736843, 0.6341463414634146, 0.0
0.5637038652443016, 0.5714285714285714, 0.5263157894736843, 0.6341463414634146, 0.0
0.5637038652443016, 0.5714285714285714, 0.5263157894736843, 0.6341463414634146, 0.0
0.5637038652443016, 0.5714285714285714, 0.5263157894736843, 0.6341463414634146, 0.0
0.5637038652443016, 0.5714285714285714, 0.5263157894736843, 0.6341463414634146, 0.0
0.5637038652443016, 0.5714285714285714, 0.5263157894736843, 0.6341463414634146, 0.0
0.5637038652443016, 0.5714285714285714, 0.5263157894736843, 0.6341463414634146, 0.0
0.5637038652443016, 0.5714285714285714, 0.5263157894736843, 0.6341463414634146, 0.0
0.5637038652443016, 0.5714285714285714, 0.5263157894736843, 0.6341463414634146, 0.0
0.5637038652443016, 0.5714285714285714, 0.5263157894736843, 0.6341463414634146, 0.0
0.5637038652443016, 0.5714285714285714, 0.5263157894736843, 0.6341463414634146, 0.0
0.5637038652443016, 0.5714285714285714, 0.5263157894736843, 0.6341463414634146, 0.0
0.5637038652443016, 0.5714285714285714, 0.5263157894736843, 0.6341463414634146, 0.0
0.5637038652443016, 0.5714285714285714, 0.5263157894736843, 0.6341463414634146, 0.0
0.5637038652443016, 0.5714285714285714, 0.5263157894736843, 0.6341463414634146, 0.0
0.5637038652443016, 0.5714285714285714, 0.5263157894736843, 0.6341463414634146, 0.0
0.5637038652443016, 0.5714285714285714, 0.5263157894736843, 0.6341463414634146, 0.0
0.5637038652443016, 0.5714285714285714, 0.5263157894736843, 0.6341463414634146, 0.0
0.5637038652443016, 0.5714285714285714, 0.5263157894736843, 0.6341463414634146, 0.0
0.5637038652443016, 0.5714285714285714, 0.5263157894736843, 0.6341463414634146, 0.0
0.5637038652443016, 0.5714285714285714, 0.5263157894736843, 0.6341463414634146, 0.0
0.5637038652443016, 0.5714285714285714, 0.5263157894736843, 0.6341463414634146, 0.0
0.5637038652443016, 0.5714285714285714, 0.5263157894736843, 0.6341463414634146, 0.0
0.5637038652443016, 0.5714285714285714, 0.5263157894736843, 0.6341463414634146, 0.0
0.5637038652443016, 0.5714285714285714, 0.5263157894736843, 0.6341463414634146, 0.0
0.5637038652443016, 0.5714285714285714, 0.5263157894736843, 0.6341463414634146, 0.0
0.5637038652443016, 0.5714285714285714, 0.5263157894736843, 0.6341463414634146, 0.0
0.5637038652443016, 0.5714285714285714, 0.5263157894736843, 0.6341463414634146, 0.0
0.5637038652443016, 0.5714285714285714, 0.5263157894736843, 0.6341463414634146, 0.0
0.5637038652443016, 0.5714285714285714, 0.5263157894736843, 0.6341463414634146, 0.0
0.5637038652443016, 0.5714285714285714, 0.5263157894736843, 0.6341463414634146, 0.0
0.5637038652443016, 0.5714285714285714, 0.5263157894736843, 0.6341463414634146, 0.0
0.5637038652443016, 0.5714285714285714, 0.5263157894736843, 0.6341463414634146, 0.0
0.5637038652443016, 0.5714285714285714, 0.5263157894736843, 0.6341463414634146, 0.0
0.5637038652443016, 0.5714285714285714, 0.5263157894736843, 0.6341463414634146, 0.0
0.5637038652443016, 0.5714285714285714, 0.5263157894736843, 0.6341463414634146, 0.0
0.5637038652443016, 0.5714285714285714, 0.5263157894736843, 0.6341463414634146, 0.0
0.5589419604823969, 0.5714285714285714, 0.5, 0.6341463414634146, 0.0
0.5589419604823969, 0.5714285714285714, 0.5, 0.6341463414634146, 0.0
0.5589419604823969, 0.5714285714285714, 0.5, 0.6341463414634146, 0.0
0.5589419604823969, 0.5714285714285714, 0.5, 0.6341463414634146, 0.0
0.5494181509585873, 0.5263157894736843, 0.5, 0.6341463414634146, 0.0
0.5446562461966825, 0.5263157894736843, 0.5, 0.6341463414634146, 0.0
0.5446562461966825, 0.5263157894736843, 0.5, 0.6341463414634146, 0.0
0.5446562461966825, 0.5263157894736843, 0.5, 0.6341463414634146, 0.0
0.5446562461966825, 0.5263157894736843, 0.5, 0.6341463414634146, 0.0
0.5446562461966825, 0.5263157894736843, 0.5, 0.6341463414634146, 0.0
0.5446562461966825, 0.5263157894736843, 0.5, 0.6341463414634146, 0.0
0.5446562461966825, 0.5263157894736843, 0.5, 0.6341463414634146, 0.0
0.5446562461966825, 0.5263157894736843, 0.5, 0.6341463414634146, 0.0
0.5446562461966825, 0.5263157894736843, 0.5, 0.6341463414634146, 0.0
0.5446562461966825, 0.5263157894736843, 0.5, 0.6341463414634146, 0.0
0.5446562461966825, 0.5263157894736843, 0.5, 0.6341463414634146, 0.0
0.5446562461966825, 0.5263157894736843, 0.5, 0.6341463414634146, 0.0
0.5446562461966825, 0.5263157894736843, 0.5, 0.6341463414634146, 0.0
0.5446562461966825, 0.5263157894736843, 0.5, 0.6341463414634146, 0.0
0.5446562461966825, 0.5263157894736843, 0.5, 0.6341463414634146, 0.0
0.5446562461966825, 0.5263157894736843, 0.5, 0.6341463414634146, 0.0
0.5446562461966825, 0.5263157894736843, 0.5, 0.6341463414634146, 0.0
0.5446562461966825, 0.5263157894736843, 0.5, 0.6341463414634146, 0.0
0.5446562461966825, 0.5263157894736843, 0.5, 0.6341463414634146, 0.0
0.5446562461966825, 0.5263157894736843, 0.5, 0.6341463414634146, 0.0
0.5446562461966825, 0.5263157894736843, 0.5, 0.6341463414634146, 0.0
0.5398943414347778, 0.5263157894736843, 0.5, 0.6341463414634146, 0.0
0.5398943414347778, 0.5263157894736843, 0.5, 0.6341463414634146, 0.0
0.5398943414347778, 0.5263157894736843, 0.5, 0.6341463414634146, 0.0
0.5398943414347778, 0.5263157894736843, 0.5, 0.6341463414634146, 0.0
0.5398943414347778, 0.5263157894736843, 0.5, 0.6341463414634146, 0.0
0.5398943414347778, 0.5263157894736843, 0.5, 0.6341463414634146, 0.0
0.5398943414347778, 0.5263157894736843, 0.5, 0.6341463414634146, 0.0
0.5398943414347778, 0.5263157894736843, 0.5, 0.6341463414634146, 0.0
0.5398943414347778, 0.5263157894736843, 0.5, 0.6341463414634146, 0.0
0.5398943414347778, 0.5263157894736843, 0.5, 0.6341463414634146, 0.0
0.5398943414347778, 0.5263157894736843, 0.5, 0.6341463414634146, 0.0
0.5398943414347778, 0.5263157894736843, 0.5, 0.6341463414634146, 0.0
0.5446562461966825, 0.5263157894736843, 0.5, 0.6341463414634146, 0.0
0.5446562461966825, 0.5263157894736843, 0.5, 0.6341463414634146, 0.0
0.5446562461966825, 0.5263157894736843, 0.5, 0.6341463414634146, 0.0
0.5446562461966825, 0.5263157894736843, 0.5, 0.6341463414634146, 0.0
0.5446562461966825, 0.5263157894736843, 0.5, 0.6341463414634146, 0.0
0.5446562461966825, 0.5263157894736843, 0.5, 0.6341463414634146, 0.0
0.5446562461966825, 0.5263157894736843, 0.5, 0.6341463414634146, 0.0
0.5446562461966825, 0.5263157894736843, 0.5, 0.6341463414634146, 0.0
0.5398943414347778, 0.5263157894736843, 0.5, 0.6341463414634146, 0.0
0.5398943414347778, 0.5263157894736843, 0.5, 0.6341463414634146, 0.0
0.5398943414347778, 0.5263157894736843, 0.5, 0.6341463414634146, 0.0
0.5398943414347778, 0.5263157894736843, 0.5, 0.6341463414634146, 0.0
0.5398943414347778, 0.5263157894736843, 0.5, 0.6341463414634146, 0.0
0.5398943414347778, 0.5263157894736843, 0.5, 0.6341463414634146, 0.0
0.5398943414347778, 0.5263157894736843, 0.5, 0.6341463414634146, 0.0
0.5398943414347778, 0.5263157894736843, 0.5, 0.6341463414634146, 0.0
0.5398943414347778, 0.5263157894736843, 0.5, 0.6341463414634146, 0.0
0.5398943414347778, 0.5263157894736843, 0.5, 0.6341463414634146, 0.0
0.5398943414347778, 0.5263157894736843, 0.5, 0.6341463414634146, 0.0
0.5398943414347778, 0.5263157894736843, 0.5, 0.6341463414634146, 0.0
0.5398943414347778, 0.5263157894736843, 0.5, 0.6341463414634146, 0.0
0.5398943414347778, 0.5263157894736843, 0.5, 0.6341463414634146, 0.0
0.5398943414347778, 0.5263157894736843, 0.5, 0.6341463414634146, 0.0
0.5398943414347778, 0.5263157894736843, 0.5, 0.6341463414634146, 0.0
0.5398943414347778, 0.5263157894736843, 0.5, 0.6341463414634146, 0.0
0.5398943414347778, 0.5263157894736843, 0.5, 0.6341463414634146, 0.0
0.5398943414347778, 0.5263157894736843, 0.5, 0.6341463414634146, 0.0
0.5398943414347778, 0.5263157894736843, 0.5, 0.6341463414634146, 0.0
0.5398943414347778, 0.5263157894736843, 0.5, 0.6341463414634146, 0.0
0.5398943414347778, 0.5263157894736843, 0.5, 0.6341463414634146, 0.0
0.5398943414347778, 0.5263157894736843, 0.5, 0.6341463414634146, 0.0
0.5398943414347778, 0.5263157894736843, 0.5, 0.6341463414634146, 0.0
0.5398943414347778, 0.5263157894736843, 0.5, 0.6341463414634146, 0.0
0.5398943414347778, 0.5263157894736843, 0.5, 0.6341463414634146, 0.0
0.5398943414347778, 0.5263157894736843, 0.5, 0.6341463414634146, 0.0
0.5398943414347778, 0.5263157894736843, 0.5, 0.6341463414634146, 0.0
0.5398943414347778, 0.5263157894736843, 0.5, 0.6341463414634146, 0.0
0.5398943414347778, 0.5263157894736843, 0.5, 0.6341463414634146, 0.0
0.5398943414347778, 0.5263157894736843, 0.5, 0.6341463414634146, 0.0
0.5398943414347778, 0.5263157894736843, 0.5, 0.6341463414634146, 0.0
0.5398943414347778, 0.5263157894736843, 0.5, 0.6341463414634146, 0.0
0.5398943414347778, 0.5263157894736843, 0.5, 0.6341463414634146, 0.0
0.5398943414347778, 0.5263157894736843, 0.5, 0.6341463414634146, 0.0
0.5398943414347778, 0.5263157894736843, 0.5, 0.6341463414634146, 0.0
0.5398943414347778, 0.5263157894736843, 0.5, 0.6341463414634146, 0.0
0.5398943414347778, 0.5263157894736843, 0.5, 0.6341463414634146, 0.0
0.5398943414347778, 0.5263157894736843, 0.5, 0.6341463414634146, 0.0
0.5398943414347778, 0.5263157894736843, 0.5, 0.6341463414634146, 0.0
0.5398943414347778, 0.5263157894736843, 0.5, 0.6341463414634146, 0.0
0.5398943414347778, 0.5263157894736843, 0.5, 0.6341463414634146, 0.0
0.5398943414347778, 0.5263157894736843, 0.5, 0.6341463414634146, 0.0
0.5398943414347778, 0.5263157894736843, 0.5, 0.6341463414634146, 0.0
0.5398943414347778, 0.5263157894736843, 0.5, 0.6341463414634146, 0.0
0.5383387858792222, 0.5263157894736843, 0.5, 0.6341463414634146, 0.0
0.5383387858792222, 0.5263157894736843, 0.5, 0.6341463414634146, 0.0
0.5383387858792222, 0.5263157894736843, 0.5, 0.6341463414634146, 0.0
0.5383387858792222, 0.5263157894736843, 0.5, 0.6341463414634146, 0.0
0.5383387858792222, 0.5263157894736843, 0.5, 0.6341463414634146, 0.0
0.5383387858792222, 0.5263157894736843, 0.5, 0.6341463414634146, 0.0
0.5383387858792222, 0.5263157894736843, 0.5, 0.6341463414634146, 0.0
0.5429102144506508, 0.5263157894736843, 0.5, 0.6341463414634146, 0.0
0.5429102144506508, 0.5263157894736843, 0.5, 0.6341463414634146, 0.0
0.5429102144506508, 0.5263157894736843, 0.5, 0.6341463414634146, 0.0
0.5429102144506508, 0.5263157894736843, 0.5, 0.6341463414634146, 0.0
0.5429102144506508, 0.5263157894736843, 0.5, 0.6341463414634146, 0.0
0.5429102144506508, 0.5263157894736843, 0.5, 0.6341463414634146, 0.0
0.5429102144506508, 0.5263157894736843, 0.5, 0.6341463414634146, 0.0
0.5429102144506508, 0.5263157894736843, 0.5, 0.6341463414634146, 0.0
0.5429102144506508, 0.5263157894736843, 0.5, 0.6341463414634146, 0.0
0.5429102144506508, 0.5263157894736843, 0.5, 0.6341463414634146, 0.0
0.5423903963869733, 0.5263157894736843, 0.5, 0.6341463414634146, 0.0
0.5423903963869733, 0.5263157894736843, 0.5, 0.6341463414634146, 0.0
0.5423903963869733, 0.5263157894736843, 0.5, 0.6341463414634146, 0.0
0.5423903963869733, 0.5263157894736843, 0.5, 0.6341463414634146, 0.0
0.5423903963869733, 0.5263157894736843, 0.5, 0.6341463414634146, 0.0
0.5423903963869733, 0.5263157894736843, 0.5, 0.6341463414634146, 0.0
0.5423903963869733, 0.5263157894736843, 0.5, 0.6341463414634146, 0.0
0.5423903963869733, 0.5263157894736843, 0.5, 0.6341463414634146, 0.0
0.5423903963869733, 0.5263157894736843, 0.5, 0.6341463414634146, 0.0
0.5423903963869733, 0.5263157894736843, 0.5, 0.6341463414634146, 0.0
0.5423903963869733, 0.5263157894736843, 0.5, 0.6341463414634146, 0.0
0.5423903963869733, 0.5263157894736843, 0.5, 0.6341463414634146, 0.0
0.5423903963869733, 0.5263157894736843, 0.5, 0.6341463414634146, 0.0
0.5423903963869733, 0.5263157894736843, 0.5, 0.6341463414634146, 0.0
0.5423903963869733, 0.5263157894736843, 0.5, 0.6341463414634146, 0.0
0.5423903963869733, 0.5263157894736843, 0.5, 0.6341463414634146, 0.0
0.5423903963869733, 0.5263157894736843, 0.5, 0.6341463414634146, 0.0
0.5423903963869733, 0.5263157894736843, 0.5, 0.6341463414634146, 0.0
0.5423903963869733, 0.5263157894736843, 0.5, 0.6341463414634146, 0.0
0.5423903963869733, 0.5263157894736843, 0.5, 0.6341463414634146, 0.0
0.5423903963869733, 0.5263157894736843, 0.5, 0.6341463414634146, 0.0
0.5423903963869733, 0.5263157894736843, 0.5, 0.6341463414634146, 0.0
0.5423903963869733, 0.5263157894736843, 0.5, 0.6341463414634146, 0.0
0.5423903963869733, 0.5263157894736843, 0.5, 0.6341463414634146, 0.0
0.5423903963869733, 0.5263157894736843, 0.5, 0.6341463414634146, 0.0
0.5423903963869733, 0.5263157894736843, 0.5, 0.6341463414634146, 0.0
0.5423903963869733, 0.5263157894736843, 0.5, 0.6341463414634146, 0.0
0.5423903963869733, 0.5263157894736843, 0.5, 0.6341463414634146, 0.0
0.5423903963869733, 0.5263157894736843, 0.5, 0.6341463414634146, 0.0
0.5427507567473335, 0.5263157894736843, 0.5, 0.6341463414634146, 0.0
0.5427507567473335, 0.5263157894736843, 0.5, 0.6341463414634146, 0.0
0.5427507567473335, 0.5263157894736843, 0.5, 0.6341463414634146, 0.0
0.5427507567473335, 0.5263157894736843, 0.5, 0.6341463414634146, 0.0
0.5427507567473335, 0.5263157894736843, 0.5, 0.6341463414634146, 0.0
0.5427507567473335, 0.5263157894736843, 0.5, 0.6341463414634146, 0.0
0.5427507567473335, 0.5263157894736843, 0.5, 0.6341463414634146, 0.0
0.5395556722619264, 0.5263157894736843, 0.5, 0.6341463414634146, 0.0
0.5395556722619264, 0.5263157894736843, 0.5, 0.6341463414634146, 0.0
0.5395556722619264, 0.5263157894736843, 0.5, 0.6341463414634146, 0.0
0.5395556722619264, 0.5263157894736843, 0.5, 0.6341463414634146, 0.0
0.5395556722619264, 0.5263157894736843, 0.5, 0.6341463414634146, 0.0
0.5395556722619264, 0.5263157894736843, 0.5, 0.6341463414634146, 0.0
0.5395556722619264, 0.5263157894736843, 0.5, 0.6341463414634146, 0.0
0.5395556722619264, 0.5263157894736843, 0.5, 0.6341463414634146, 0.0
0.5395556722619264, 0.5263157894736843, 0.5, 0.6341463414634146, 0.0
0.5395556722619264, 0.5263157894736843, 0.5, 0.6341463414634146, 0.0
0.5395556722619264, 0.5263157894736843, 0.5, 0.6341463414634146, 0.0
0.5400754903256041, 0.5263157894736843, 0.5, 0.6341463414634146, 0.0
0.5400754903256041, 0.5263157894736843, 0.5, 0.6341463414634146, 0.0
0.5400754903256041, 0.5263157894736843, 0.5, 0.6341463414634146, 0.0
0.5400754903256041, 0.5263157894736843, 0.5, 0.6341463414634146, 0.0
0.5400754903256041, 0.5263157894736843, 0.5, 0.6341463414634146, 0.0
0.5400754903256041, 0.5263157894736843, 0.5, 0.6341463414634146, 0.0
0.5400754903256041, 0.5263157894736843, 0.5, 0.6341463414634146, 0.0
0.5400754903256041, 0.5263157894736843, 0.5, 0.6341463414634146, 0.0
0.5400754903256041, 0.5263157894736843, 0.5, 0.6341463414634146, 0.0
0.5400754903256041, 0.5263157894736843, 0.5, 0.6341463414634146, 0.0
0.5400754903256041, 0.5263157894736843, 0.5, 0.6341463414634146, 0.0
0.5400754903256041, 0.5263157894736843, 0.5, 0.6341463414634146, 0.0
0.5400754903256041, 0.5263157894736843, 0.5, 0.6341463414634146, 0.0
0.5400754903256041, 0.5263157894736843, 0.5, 0.6341463414634146, 0.0
0.5400754903256041, 0.5263157894736843, 0.5, 0.6341463414634146, 0.0
0.5400754903256041, 0.5263157894736843, 0.5, 0.6341463414634146, 0.0
0.5400754903256041, 0.5263157894736843, 0.5, 0.6341463414634146, 0.0
0.5400754903256041, 0.5263157894736843, 0.5, 0.6341463414634146, 0.0
0.5400754903256041, 0.5263157894736843, 0.5, 0.6341463414634146, 0.0
0.5400754903256041, 0.5263157894736843, 0.5, 0.6341463414634146, 0.0
0.5400754903256041, 0.5263157894736843, 0.5, 0.6341463414634146, 0.0
0.5400754903256041, 0.5263157894736843, 0.5, 0.6341463414634146, 0.0
0.5400754903256041, 0.5263157894736843, 0.5, 0.6341463414634146, 0.0
0.5400754903256041, 0.5263157894736843, 0.5, 0.6341463414634146, 0.0
0.5400754903256041, 0.5263157894736843, 0.5, 0.6341463414634146, 0.0
0.5400754903256041, 0.5263157894736843, 0.5, 0.6341463414634146, 0.0
0.5400754903256041, 0.5263157894736843, 0.5, 0.6341463414634146, 0.0
0.5400754903256041, 0.5263157894736843, 0.5, 0.6341463414634146, 0.0
0.5400754903256041, 0.5263157894736843, 0.5, 0.6341463414634146, 0.0
0.5400754903256041, 0.5263157894736843, 0.5, 0.6341463414634146, 0.0
0.5400754903256041, 0.5263157894736843, 0.5, 0.6341463414634146, 0.0
