0.6834913950579586, 0.72, 0.19999999999999996, 0.8333333333333334, 0.0
0.6995761938543156, 0.7142857142857143, 0.5333333333333333, 0.7894736842105263, 0.0
0.7041986513262687, 0.72, 0.5333333333333333, 0.7894736842105263, 0.0
0.7014585085906924, 0.72, 0.5333333333333333, 0.8, 0.0
0.6943168386770927, 0.7142857142857143, 0.5333333333333333, 0.7567567567567568, 0.0
0.6976254384856925, 0.72, 0.5333333333333333, 0.7692307692307692, 0.0
0.6988255969675847, 0.72, 0.5333333333333333, 0.7647058823529411, 0.0
0.6965032526452404, 0.72, 0.5333333333333333, 0.7647058823529411, 0.0
0.6873769174568612, 0.7096774193548387, 0.5333333333333333, 0.75, 0.0
0.6725643462817376, 0.6923076923076923, 0.5, 0.7428571428571429, 0.0
0.665490924990925, 0.6857142857142857, 0.5, 0.7428571428571429, 0.0
0.6562313797313798, 0.6666666666666667, 0.5, 0.7142857142857143, 0.0
0.6453870573870574, 0.65, 0.5, 0.7142857142857143, 0.0
0.6325934065934065, 0.64, 0.5, 0.7142857142857143, 0.0
0.6103658421415858, 0.6086956521739131, 0.5, 0.7142857142857143, 0.0
0.6001905390189144, 0.6, 0.5, 0.6857142857142857, 0.0
0.5971429199712952, 0.6, 0.5, 0.6666666666666667, 0.0
0.6020892471418786, 0.6, 0.5, 0.6666666666666667, 0.0
0.5957220103398593, 0.6, 0.5, 0.6666666666666667, 0.0
0.5963228845059508, 0.6, 0.5, 0.6666666666666667, 0.0
0.5963228845059508, 0.6, 0.5, 0.6666666666666667, 0.0
0.6015717422673944, 0.6086956521739131, 0.5, 0.6666666666666667, 0.0
0.5984689127297823, 0.6086956521739131, 0.5, 0.6666666666666667, 0.0
0.6044032682293552, 0.6086956521739131, 0.5, 0.6666666666666667, 0.0
0.601485198644619, 0.6086956521739131, 0.5, 0.6666666666666667, 0.0
0.601485198644619, 0.6086956521739131, 0.5, 0.6666666666666667, 0.0
0.605744994672531, 0.6086956521739131, 0.5, 0.6666666666666667, 0.0
0.605744994672531, 0.6086956521739131, 0.5, 0.6666666666666667, 0.0
0.6085724881666911, 0.6086956521739131, 0.5, 0.6666666666666667, 0.0
0.6025674620602157, 0.6086956521739131, 0.5, 0.6666666666666667, 0.0
0.5988918167179036, 0.6086956521739131, 0.5, 0.6666666666666667, 0.0
0.5988918167179036, 0.6086956521739131, 0.5, 0.6666666666666667, 0.0
0.6043287333092917, 0.6086956521739131, 0.5, 0.6666666666666667, 0.0
0.6043287333092917, 0.6086956521739131, 0.5, 0.6666666666666667, 0.0
0.6043287333092917, 0.6086956521739131, 0.5, 0.6666666666666667, 0.0
0.6043287333092917, 0.6086956521739131, 0.5, 0.6666666666666667, 0.0
0.597621662602221, 0.6086956521739131, 0.5, 0.6341463414634146, 0.0
0.5997821564293816, 0.6086956521739131, 0.5, 0.6341463414634146, 0.0
0.5948514126774996, 0.6060606060606061, 0.5, 0.625, 0.0
0.5948514126774996, 0.6060606060606061, 0.5, 0.625, 0.0
0.5926909188503392, 0.6, 0.5, 0.625, 0.0
0.5926909188503392, 0.6, 0.5, 0.625, 0.0
0.5905304250231787, 0.6, 0.5, 0.6086956521739131, 0.0
0.5905304250231787, 0.6, 0.5, 0.6086956521739131, 0.0
0.5905304250231787, 0.6, 0.5, 0.6086956521739131, 0.0
0.5905304250231787, 0.6, 0.5, 0.6086956521739131, 0.0
0.5905304250231787, 0.6, 0.5, 0.6086956521739131, 0.0
0.5905304250231787, 0.6, 0.5, 0.6086956521739131, 0.0
0.5905304250231787, 0.6, 0.5, 0.6086956521739131, 0.0
0.5905304250231787, 0.6, 0.5, 0.6086956521739131, 0.0
0.5905304250231787, 0.6, 0.5, 0.6086956521739131, 0.0
0.5905304250231787, 0.6, 0.5, 0.6086956521739131, 0.0
0.5951924296851832, 0.6, 0.5, 0.6153846153846154, 0.0
0.5951924296851832, 0.6, 0.5, 0.6153846153846154, 0.0
0.5951924296851832, 0.6, 0.5, 0.6153846153846154, 0.0
0.5951924296851832, 0.6, 0.5, 0.6153846153846154, 0.0
0.5951924296851832, 0.6, 0.5, 0.6153846153846154, 0.0
0.5951924296851832, 0.6, 0.5, 0.6153846153846154, 0.0
0.5936729614990486, 0.6, 0.5, 0.6086956521739131, 0.0
0.5936729614990486, 0.6, 0.5, 0.6086956521739131, 0.0
0.5936729614990486, 0.6, 0.5, 0.6086956521739131, 0.0
0.5936729614990486, 0.6, 0.5, 0.6086956521739131, 0.0
0.5936729614990486, 0.6, 0.5, 0.6086956521739131, 0.0
0.5936729614990486, 0.6, 0.5, 0.6086956521739131, 0.0
0.5936729614990486, 0.6, 0.5, 0.6086956521739131, 0.0
0.5900642245569782, 0.6, 0.5, 0.6086956521739131, 0.0
0.591583692743113, 0.6, 0.5, 0.6153846153846154, 0.0
0.5879749558010428, 0.6, 0.5, 0.6153846153846154, 0.0
0.5879749558010428, 0.6, 0.5, 0.6153846153846154, 0.0
0.5879749558010428, 0.6, 0.5, 0.6153846153846154, 0.0
0.5879749558010428, 0.6, 0.5, 0.6153846153846154, 0.0
0.5871784603808913, 0.6, 0.5, 0.6153846153846154, 0.0
0.5871784603808913, 0.6, 0.5, 0.6153846153846154, 0.0
0.5871784603808913, 0.6, 0.5, 0.6153846153846154, 0.0
0.5863819649607401, 0.6, 0.5, 0.6153846153846154, 0.0
0.5863819649607401, 0.6, 0.5, 0.6153846153846154, 0.0
0.5863819649607401, 0.6, 0.5, 0.6153846153846154, 0.0
0.5827732280186698, 0.6, 0.5, 0.6153846153846154, 0.0
0.5855854695405888, 0.6, 0.5, 0.6153846153846154, 0.0
0.5855854695405888, 0.6, 0.5, 0.6153846153846154, 0.0
0.5855854695405888, 0.6, 0.5, 0.6153846153846154, 0.0
0.5883977110625076, 0.6, 0.5, 0.6153846153846154, 0.0
0.5883977110625076, 0.6, 0.5, 0.6153846153846154, 0.0
0.5883977110625076, 0.6, 0.5, 0.6153846153846154, 0.0
0.5883977110625076, 0.6, 0.5, 0.6153846153846154, 0.0
0.5913891640539607, 0.6, 0.5, 0.6153846153846154, 0.0
0.5913891640539607, 0.6, 0.5, 0.6153846153846154, 0.0
0.5913891640539607, 0.6, 0.5, 0.6153846153846154, 0.0
0.5913891640539607, 0.6, 0.5, 0.6153846153846154, 0.0
0.5913891640539607, 0.6, 0.5, 0.6153846153846154, 0.0
0.5913891640539607, 0.6, 0.5, 0.6153846153846154, 0.0
0.5913891640539607, 0.6, 0.5, 0.6153846153846154, 0.0
0.5913891640539607, 0.6, 0.5, 0.6153846153846154, 0.0
0.5913891640539607, 0.6, 0.5, 0.6153846153846154, 0.0
0.5913891640539607, 0.6, 0.5, 0.6153846153846154, 0.0
0.5913891640539607, 0.6, 0.5, 0.6153846153846154, 0.0
0.5915683755234947, 0.6, 0.5, 0.6153846153846154, 0.0
0.5887561340015758, 0.6, 0.5, 0.6153846153846154, 0.0
0.5914893484994962, 0.6, 0.5, 0.6470588235294117, 0.0
0.5895845865947342, 0.6, 0.5, 0.6470588235294117, 0.0
0.5895845865947342, 0.6, 0.5, 0.6470588235294117, 0.0
0.5895845865947342, 0.6, 0.5, 0.6470588235294117, 0.0
0.5867723450728152, 0.6, 0.5, 0.6470588235294117, 0.0
0.5867723450728152, 0.6, 0.5, 0.6470588235294117, 0.0
0.5867723450728152, 0.6, 0.5, 0.6470588235294117, 0.0
0.5887220083128011, 0.6086956521739131, 0.5, 0.6470588235294117, 0.0
0.5887220083128011, 0.6086956521739131, 0.5, 0.6470588235294117, 0.0
0.5909396105304033, 0.6086956521739131, 0.5, 0.6486486486486487, 0.0
0.5879481575389502, 0.6086956521739131, 0.5, 0.6486486486486487, 0.0
0.5879481575389502, 0.6086956521739131, 0.5, 0.6486486486486487, 0.0
0.5879481575389502, 0.6086956521739131, 0.5, 0.6486486486486487, 0.0
0.5879481575389502, 0.6086956521739131, 0.5, 0.6486486486486487, 0.0
0.5849567045474974, 0.6086956521739131, 0.5, 0.6486486486486487, 0.0
0.5849567045474974, 0.6086956521739131, 0.5, 0.6486486486486487, 0.0
0.5849567045474974, 0.6086956521739131, 0.5, 0.6486486486486487, 0.0
0.5849567045474974, 0.6086956521739131, 0.5, 0.6486486486486487, 0.0
0.5849567045474974, 0.6086956521739131, 0.5, 0.6486486486486487, 0.0
0.5849567045474974, 0.6086956521739131, 0.5, 0.6486486486486487, 0.0
0.5849567045474974, 0.6086956521739131, 0.5, 0.6486486486486487, 0.0
0.5849567045474974, 0.6086956521739131, 0.5, 0.6486486486486487, 0.0
0.5764960699999063, 0.6, 0.5, 0.6470588235294117, 0.0
0.5764960699999063, 0.6, 0.5, 0.6470588235294117, 0.0
0.5764960699999063, 0.6, 0.5, 0.6470588235294117, 0.0
0.5764960699999063, 0.6, 0.5, 0.6470588235294117, 0.0
0.5764960699999063, 0.6, 0.5, 0.6470588235294117, 0.0
0.5764960699999063, 0.6, 0.5, 0.6470588235294117, 0.0
0.5764960699999063, 0.6, 0.5, 0.6470588235294117, 0.0
0.5764960699999063, 0.6, 0.5, 0.6470588235294117, 0.0
0.5764960699999063, 0.6, 0.5, 0.6470588235294117, 0.0
0.5764960699999063, 0.6, 0.5, 0.6470588235294117, 0.0
0.5764960699999063, 0.6, 0.5, 0.6470588235294117, 0.0
0.5764960699999063, 0.6, 0.5, 0.6470588235294117, 0.0
0.5764960699999063, 0.6, 0.5, 0.6470588235294117, 0.0
0.5764960699999063, 0.6, 0.5, 0.6470588235294117, 0.0
0.5750254817646122, 0.6, 0.5, 0.6428571428571428, 0.0
0.5750254817646122, 0.6, 0.5, 0.6428571428571428, 0.0
0.5750254817646122, 0.6, 0.5, 0.6428571428571428, 0.0
0.5750254817646122, 0.6, 0.5, 0.6428571428571428, 0.0
0.5750254817646122, 0.6, 0.5, 0.6428571428571428, 0.0
0.5750254817646122, 0.6, 0.5, 0.6428571428571428, 0.0
0.5750254817646122, 0.6, 0.5, 0.6428571428571428, 0.0
0.5750254817646122, 0.6, 0.5, 0.6428571428571428, 0.0
0.5750254817646122, 0.6, 0.5, 0.6428571428571428, 0.0
0.5750254817646122, 0.6, 0.5, 0.6428571428571428, 0.0
0.5750254817646122, 0.6, 0.5, 0.6428571428571428, 0.0
0.5750254817646122, 0.6, 0.5, 0.6428571428571428, 0.0
0.5750254817646122, 0.6, 0.5, 0.6428571428571428, 0.0
0.5750254817646122, 0.6, 0.5, 0.6428571428571428, 0.0
0.5750254817646122, 0.6, 0.5, 0.6428571428571428, 0.0
0.5750254817646122, 0.6, 0.5, 0.6428571428571428, 0.0
0.5750254817646122, 0.6, 0.5, 0.6428571428571428, 0.0
0.5750254817646122, 0.6, 0.5, 0.6428571428571428, 0.0
0.5750254817646122, 0.6, 0.5, 0.6428571428571428, 0.0
0.5750254817646122, 0.6, 0.5, 0.6428571428571428, 0.0
0.5750254817646122, 0.6, 0.5, 0.6428571428571428, 0.0
0.5750254817646122, 0.6, 0.5, 0.6428571428571428, 0.0
0.5750254817646122, 0.6, 0.5, 0.6428571428571428, 0.0
0.5750254817646122, 0.6, 0.5, 0.6428571428571428, 0.0
0.5750254817646122, 0.6, 0.5, 0.6428571428571428, 0.0
0.5750254817646122, 0.6, 0.5, 0.6428571428571428, 0.0
0.5750254817646122, 0.6, 0.5, 0.6428571428571428, 0.0
0.5750254817646122, 0.6, 0.5, 0.6428571428571428, 0.0
0.5750254817646122, 0.6, 0.5, 0.6428571428571428, 0.0
0.5750254817646122, 0.6, 0.5, 0.6428571428571428, 0.0
0.5750254817646122, 0.6, 0.5, 0.6428571428571428, 0.0
0.5750254817646122, 0.6, 0.5, 0.6428571428571428, 0.0
0.5750254817646122, 0.6, 0.5, 0.6428571428571428, 0.0
0.5861365928757233, 0.6086956521739131, 0.5217391304347826, 0.6666666666666667, 0.0
0.5861365928757233, 0.6086956521739131, 0.5217391304347826, 0.6666666666666667, 0.0
0.5861365928757233, 0.6086956521739131, 0.5217391304347826, 0.6666666666666667, 0.0
0.5861365928757233, 0.6086956521739131, 0.5217391304347826, 0.6666666666666667, 0.0
0.5861365928757233, 0.6086956521739131, 0.5217391304347826, 0.6666666666666667, 0.0
0.5861365928757233, 0.6086956521739131, 0.5217391304347826, 0.6666666666666667, 0.0
0.5861365928757233, 0.6086956521739131, 0.5217391304347826, 0.6666666666666667, 0.0
0.5861365928757233, 0.6086956521739131, 0.5217391304347826, 0.6666666666666667, 0.0
0.5861365928757233, 0.6086956521739131, 0.5217391304347826, 0.6666666666666667, 0.0
0.5861365928757233, 0.6086956521739131, 0.5217391304347826, 0.6666666666666667, 0.0
0.5861365928757233, 0.6086956521739131, 0.5217391304347826, 0.6666666666666667, 0.0
0.5861365928757233, 0.6086956521739131, 0.5217391304347826, 0.6666666666666667, 0.0
0.5861365928757233, 0.6086956521739131, 0.5217391304347826, 0.6666666666666667, 0.0
0.5861365928757233, 0.6086956521739131, 0.5217391304347826, 0.6666666666666667, 0.0
0.5861365928757233, 0.6086956521739131, 0.5217391304347826, 0.6666666666666667, 0.0
0.5861365928757233, 0.6086956521739131, 0.5217391304347826, 0.6666666666666667, 0.0
0.5861365928757233, 0.6086956521739131, 0.5217391304347826, 0.6666666666666667, 0.0
0.5861365928757233, 0.6086956521739131, 0.5217391304347826, 0.6666666666666667, 0.0
0.5861365928757233, 0.6086956521739131, 0.5217391304347826, 0.6666666666666667, 0.0
0.5861365928757233, 0.6086956521739131, 0.5217391304347826, 0.6666666666666667, 0.0
0.5861365928757233, 0.6086956521739131, 0.5217391304347826, 0.6666666666666667, 0.0
0.5861365928757233, 0.6086956521739131, 0.5217391304347826, 0.6666666666666667, 0.0
0.5861365928757233, 0.6086956521739131, 0.5217391304347826, 0.6666666666666667, 0.0
0.5844699262090566, 0.6, 0.5217391304347826, 0.6666666666666667, 0.0
0.5844699262090566, 0.6, 0.5217391304347826, 0.6666666666666667, 0.0
0.5844699262090566, 0.6, 0.5217391304347826, 0.6666666666666667, 0.0
0.5844699262090566, 0.6, 0.5217391304347826, 0.6666666666666667, 0.0
0.5844699262090566, 0.6, 0.5217391304347826, 0.6666666666666667, 0.0
0.5844699262090566, 0.6, 0.5217391304347826, 0.6666666666666667, 0.0
0.5844699262090566, 0.6, 0.5217391304347826, 0.6666666666666667, 0.0
0.5844699262090566, 0.6, 0.5217391304347826, 0.6666666666666667, 0.0
0.5844699262090566, 0.6, 0.5217391304347826, 0.6666666666666667, 0.0
0.5844699262090566, 0.6, 0.5217391304347826, 0.6666666666666667, 0.0
0.5844699262090566, 0.6, 0.5217391304347826, 0.6666666666666667, 0.0
0.5844699262090566, 0.6, 0.5217391304347826, 0.6666666666666667, 0.0
0.5844699262090566, 0.6, 0.5217391304347826, 0.6666666666666667, 0.0
0.5844699262090566, 0.6, 0.5217391304347826, 0.6666666666666667, 0.0
0.5844699262090566, 0.6, 0.5217391304347826, 0.6666666666666667, 0.0
0.5844699262090566, 0.6, 0.5217391304347826, 0.6666666666666667, 0.0
0.5844699262090566, 0.6, 0.5217391304347826, 0.6666666666666667, 0.0
0.5844699262090566, 0.6, 0.5217391304347826, 0.6666666666666667, 0.0
0.5844699262090566, 0.6, 0.5217391304347826, 0.6666666666666667, 0.0
0.5844699262090566, 0.6, 0.5217391304347826, 0.6666666666666667, 0.0
0.5844699262090566, 0.6, 0.5217391304347826, 0.6666666666666667, 0.0
0.5844699262090566, 0.6, 0.5217391304347826, 0.6666666666666667, 0.0
0.5844699262090566, 0.6, 0.5217391304347826, 0.6666666666666667, 0.0
0.5844699262090566, 0.6, 0.5217391304347826, 0.6666666666666667, 0.0
0.5844699262090566, 0.6, 0.5217391304347826, 0.6666666666666667, 0.0
0.5844699262090566, 0.6, 0.5217391304347826, 0.6666666666666667, 0.0
0.5844699262090566, 0.6, 0.5217391304347826, 0.6666666666666667, 0.0
0.5844699262090566, 0.6, 0.5217391304347826, 0.6666666666666667, 0.0
0.5844699262090566, 0.6, 0.5217391304347826, 0.6666666666666667, 0.0
0.5844699262090566, 0.6, 0.5217391304347826, 0.6666666666666667, 0.0
0.5844699262090566, 0.6, 0.5217391304347826, 0.6666666666666667, 0.0
0.5844699262090566, 0.6, 0.5217391304347826, 0.6666666666666667, 0.0
0.5844699262090566, 0.6, 0.5217391304347826, 0.6666666666666667, 0.0
0.5844699262090566, 0.6, 0.5217391304347826, 0.6666666666666667, 0.0
0.5844699262090566, 0.6, 0.5217391304347826, 0.6666666666666667, 0.0
0.5844699262090566, 0.6, 0.5217391304347826, 0.6666666666666667, 0.0
0.5844699262090566, 0.6, 0.5217391304347826, 0.6666666666666667, 0.0
0.5844699262090566, 0.6, 0.5217391304347826, 0.6666666666666667, 0.0
0.5844699262090566, 0.6, 0.5217391304347826, 0.6666666666666667, 0.0
0.5844699262090566, 0.6, 0.5217391304347826, 0.6666666666666667, 0.0
0.5844699262090566, 0.6, 0.5217391304347826, 0.6666666666666667, 0.0
0.5844699262090566, 0.6, 0.5217391304347826, 0.6666666666666667, 0.0
0.5844699262090566, 0.6, 0.5217391304347826, 0.6666666666666667, 0.0
0.5844699262090566, 0.6, 0.5217391304347826, 0.6666666666666667, 0.0
0.5844699262090566, 0.6, 0.5217391304347826, 0.6666666666666667, 0.0
0.5844699262090566, 0.6, 0.5217391304347826, 0.6666666666666667, 0.0
0.5844699262090566, 0.6, 0.5217391304347826, 0.6666666666666667, 0.0
0.5844699262090566, 0.6, 0.5217391304347826, 0.6666666666666667, 0.0
0.5844699262090566, 0.6, 0.5217391304347826, 0.6666666666666667, 0.0
0.5844699262090566, 0.6, 0.5217391304347826, 0.6666666666666667, 0.0
0.5844699262090566, 0.6, 0.5217391304347826, 0.6666666666666667, 0.0
0.5833588150979454, 0.6, 0.5217391304347826, 0.6666666666666667, 0.0
0.5791427413166542, 0.5833333333333333, 0.5217391304347826, 0.6666666666666667, 0.0
0.5791427413166542, 0.5833333333333333, 0.5217391304347826, 0.6666666666666667, 0.0
0.5791427413166542, 0.5833333333333333, 0.5217391304347826, 0.6666666666666667, 0.0
0.5791427413166542, 0.5833333333333333, 0.5217391304347826, 0.6666666666666667, 0.0
0.574926667535363, 0.5454545454545454, 0.5217391304347826, 0.6666666666666667, 0.0
0.574926667535363, 0.5454545454545454, 0.5217391304347826, 0.6666666666666667, 0.0
0.574926667535363, 0.5454545454545454, 0.5217391304347826, 0.6666666666666667, 0.0
0.574926667535363, 0.5454545454545454, 0.5217391304347826, 0.6666666666666667, 0.0
0.574926667535363, 0.5454545454545454, 0.5217391304347826, 0.6666666666666667, 0.0
0.574926667535363, 0.5454545454545454, 0.5217391304347826, 0.6666666666666667, 0.0
0.574926667535363, 0.5454545454545454, 0.5217391304347826, 0.6666666666666667, 0.0
0.574926667535363, 0.5454545454545454, 0.5217391304347826, 0.6666666666666667, 0.0
0.574926667535363, 0.5454545454545454, 0.5217391304347826, 0.6666666666666667, 0.0
0.574926667535363, 0.5454545454545454, 0.5217391304347826, 0.6666666666666667, 0.0
0.574926667535363, 0.5454545454545454, 0.5217391304347826, 0.6666666666666667, 0.0
0.574926667535363, 0.5454545454545454, 0.5217391304347826, 0.6666666666666667, 0.0
0.574926667535363, 0.5454545454545454, 0.5217391304347826, 0.6666666666666667, 0.0
0.574926667535363, 0.5454545454545454, 0.5217391304347826, 0.6666666666666667, 0.0
0.574926667535363, 0.5454545454545454, 0.5217391304347826, 0.6666666666666667, 0.0
0.574926667535363, 0.5454545454545454, 0.5217391304347826, 0.6666666666666667, 0.0
0.574926667535363, 0.5454545454545454, 0.5217391304347826, 0.6666666666666667, 0.0
0.574926667535363, 0.5454545454545454, 0.5217391304347826, 0.6666666666666667, 0.0
0.574926667535363, 0.5454545454545454, 0.5217391304347826, 0.6666666666666667, 0.0
0.574926667535363, 0.5454545454545454, 0.5217391304347826, 0.6666666666666667, 0.0
0.574926667535363, 0.5454545454545454, 0.5217391304347826, 0.6666666666666667, 0.0
0.574926667535363, 0.5454545454545454, 0.5217391304347826, 0.6666666666666667, 0.0
0.574926667535363, 0.5454545454545454, 0.5217391304347826, 0.6666666666666667, 0.0
0.574926667535363, 0.5454545454545454, 0.5217391304347826, 0.6666666666666667, 0.0
0.574926667535363, 0.5454545454545454, 0.5217391304347826, 0.6666666666666667, 0.0
0.574926667535363, 0.5454545454545454, 0.5217391304347826, 0.6666666666666667, 0.0
0.5804822230909186, 0.5454545454545454, 0.5217391304347826, 0.6666666666666667, 0.0
0.5804822230909186, 0.5454545454545454, 0.5217391304347826, 0.6666666666666667, 0.0
0.5804822230909186, 0.5454545454545454, 0.5217391304347826, 0.6666666666666667, 0.0
0.5804822230909186, 0.5454545454545454, 0.5217391304347826, 0.6666666666666667, 0.0
0.5804822230909186, 0.5454545454545454, 0.5217391304347826, 0.6666666666666667, 0.0
0.5804822230909186, 0.5454545454545454, 0.5217391304347826, 0.6666666666666667, 0.0
0.5804822230909186, 0.5454545454545454, 0.5217391304347826, 0.6666666666666667, 0.0
0.5804822230909186, 0.5454545454545454, 0.5217391304347826, 0.6666666666666667, 0.0
0.5804822230909186, 0.5454545454545454, 0.5217391304347826, 0.6666666666666667, 0.0
0.5804822230909186, 0.5454545454545454, 0.5217391304347826, 0.6666666666666667, 0.0
0.5804822230909186, 0.5454545454545454, 0.5217391304347826, 0.6666666666666667, 0.0
0.5804822230909186, 0.5454545454545454, 0.5217391304347826, 0.6666666666666667, 0.0
0.5804822230909186, 0.5454545454545454, 0.5217391304347826, 0.6666666666666667, 0.0
0.5804822230909186, 0.5454545454545454, 0.5217391304347826, 0.6666666666666667, 0.0
0.5804822230909186, 0.5454545454545454, 0.5217391304347826, 0.6666666666666667, 0.0
0.5804822230909186, 0.5454545454545454, 0.5217391304347826, 0.6666666666666667, 0.0
0.5804822230909186, 0.5454545454545454, 0.5217391304347826, 0.6666666666666667, 0.0
0.5804822230909186, 0.5454545454545454, 0.5217391304347826, 0.6666666666666667, 0.0
0.5804822230909186, 0.5454545454545454, 0.5217391304347826, 0.6666666666666667, 0.0
0.5804822230909186, 0.5454545454545454, 0.5217391304347826, 0.6666666666666667, 0.0
0.5762661493096275, 0.5454545454545454, 0.5217391304347826, 0.6666666666666667, 0.0
0.5762661493096275, 0.5454545454545454, 0.5217391304347826, 0.6666666666666667, 0.0
0.5762661493096275, 0.5454545454545454, 0.5217391304347826, 0.6666666666666667, 0.0
0.5762661493096275, 0.5454545454545454, 0.5217391304347826, 0.6666666666666667, 0.0
0.5720500755283363, 0.5454545454545454, 0.5217391304347826, 0.6666666666666667, 0.0
0.5720500755283363, 0.5454545454545454, 0.5217391304347826, 0.6666666666666667, 0.0
0.5720500755283363, 0.5454545454545454, 0.5217391304347826, 0.6666666666666667, 0.0
0.5720500755283363, 0.5454545454545454, 0.5217391304347826, 0.6666666666666667, 0.0
0.5720500755283363, 0.5454545454545454, 0.5217391304347826, 0.6666666666666667, 0.0
0.5649389644172251, 0.5454545454545454, 0.5217391304347826, 0.6666666666666667, 0.0
0.5649389644172251, 0.5454545454545454, 0.5217391304347826, 0.6666666666666667, 0.0
0.5649389644172251, 0.5454545454545454, 0.5217391304347826, 0.6666666666666667, 0.0
0.5649389644172251, 0.5454545454545454, 0.5217391304347826, 0.6666666666666667, 0.0
0.5607228906359338, 0.5454545454545454, 0.5217391304347826, 0.6666666666666667, 0.0
0.5607228906359338, 0.5454545454545454, 0.5217391304347826, 0.6666666666666667, 0.0
0.5607228906359338, 0.5454545454545454, 0.5217391304347826, 0.6666666666666667, 0.0
0.5607228906359338, 0.5454545454545454, 0.5217391304347826, 0.6666666666666667, 0.0
0.5607228906359338, 0.5454545454545454, 0.5217391304347826, 0.6666666666666667, 0.0
0.5607228906359338, 0.5454545454545454, 0.5217391304347826, 0.6666666666666667, 0.0
0.5607228906359338, 0.5454545454545454, 0.5217391304347826, 0.6666666666666667, 0.0
0.5607228906359338, 0.5454545454545454, 0.5217391304347826, 0.6666666666666667, 0.0
0.5607228906359338, 0.5454545454545454, 0.5217391304347826, 0.6666666666666667, 0.0
0.5607228906359338, 0.5454545454545454, 0.5217391304347826, 0.6666666666666667, 0.0
0.5623895573026005, 0.5454545454545454, 0.5217391304347826, 0.6666666666666667, 0.0
0.5623895573026005, 0.5454545454545454, 0.5217391304347826, 0.6666666666666667, 0.0
0.5623895573026005, 0.5454545454545454, 0.5217391304347826, 0.6666666666666667, 0.0
0.5623895573026005, 0.5454545454545454, 0.5217391304347826, 0.6666666666666667, 0.0
0.5623895573026005, 0.5454545454545454, 0.5217391304347826, 0.6666666666666667, 0.0
0.5623895573026005, 0.5454545454545454, 0.5217391304347826, 0.6666666666666667, 0.0
0.5623895573026005, 0.5454545454545454, 0.5217391304347826, 0.6666666666666667, 0.0
0.5623895573026005, 0.5454545454545454, 0.5217391304347826, 0.6666666666666667, 0.0
0.5623895573026005, 0.5454545454545454, 0.5217391304347826, 0.6666666666666667, 0.0
0.5623895573026005, 0.5454545454545454, 0.5217391304347826, 0.6666666666666667, 0.0
0.5623895573026005, 0.5454545454545454, 0.5217391304347826, 0.6666666666666667, 0.0
0.5623895573026005, 0.5454545454545454, 0.5217391304347826, 0.6666666666666667, 0.0
0.5623895573026005, 0.5454545454545454, 0.5217391304347826, 0.6666666666666667, 0.0
0.5623895573026005, 0.5454545454545454, 0.5217391304347826, 0.6666666666666667, 0.0
0.5623895573026005, 0.5454545454545454, 0.5217391304347826, 0.6666666666666667, 0.0
0.5623895573026005, 0.5454545454545454, 0.5217391304347826, 0.6666666666666667, 0.0
0.5623895573026005, 0.5454545454545454, 0.5217391304347826, 0.6666666666666667, 0.0
0.5623895573026005, 0.5454545454545454, 0.5217391304347826, 0.6666666666666667, 0.0
0.5623895573026005, 0.5454545454545454, 0.5217391304347826, 0.6666666666666667, 0.0
0.5623895573026005, 0.5454545454545454, 0.5217391304347826, 0.6666666666666667, 0.0
0.5623895573026005, 0.5454545454545454, 0.5217391304347826, 0.6666666666666667, 0.0
0.5623895573026005, 0.5454545454545454, 0.5217391304347826, 0.6666666666666667, 0.0
0.5623895573026005, 0.5454545454545454, 0.5217391304347826, 0.6666666666666667, 0.0
0.5623895573026005, 0.5454545454545454, 0.5217391304347826, 0.6666666666666667, 0.0
0.5623895573026005, 0.5454545454545454, 0.5217391304347826, 0.6666666666666667, 0.0
0.5623895573026005, 0.5454545454545454, 0.5217391304347826, 0.6666666666666667, 0.0
0.5623895573026005, 0.5454545454545454, 0.5217391304347826, 0.6666666666666667, 0.0
0.5623895573026005, 0.5454545454545454, 0.5217391304347826, 0.6666666666666667, 0.0
0.5623895573026005, 0.5454545454545454, 0.5217391304347826, 0.6666666666666667, 0.0
0.5623895573026005, 0.5454545454545454, 0.5217391304347826, 0.6666666666666667, 0.0
0.5623895573026005, 0.5454545454545454, 0.5217391304347826, 0.6666666666666667, 0.0
0.5623895573026005, 0.5454545454545454, 0.5217391304347826, 0.6666666666666667, 0.0
0.5623895573026005, 0.5454545454545454, 0.5217391304347826, 0.6666666666666667, 0.0
0.5623895573026005, 0.5454545454545454, 0.5217391304347826, 0.6666666666666667, 0.0
0.5623895573026005, 0.5454545454545454, 0.5217391304347826, 0.6666666666666667, 0.0
0.5623895573026005, 0.5454545454545454, 0.5217391304347826, 0.6666666666666667, 0.0
0.5623895573026005, 0.5454545454545454, 0.5217391304347826, 0.6666666666666667, 0.0
0.5623895573026005, 0.5454545454545454, 0.5217391304347826, 0.6666666666666667, 0.0
0.5623895573026005, 0.5454545454545454, 0.5217391304347826, 0.6666666666666667, 0.0
0.5623895573026005, 0.5454545454545454, 0.5217391304347826, 0.6666666666666667, 0.0
0.5623895573026005, 0.5454545454545454, 0.5217391304347826, 0.6666666666666667, 0.0
0.5623895573026005, 0.5454545454545454, 0.5217391304347826, 0.6666666666666667, 0.0
0.5623895573026005, 0.5454545454545454, 0.5217391304347826, 0.6666666666666667, 0.0
0.5623895573026005, 0.5454545454545454, 0.5217391304347826, 0.6666666666666667, 0.0
0.5623895573026005, 0.5454545454545454, 0.5217391304347826, 0.6666666666666667, 0.0
0.5623895573026005, 0.5454545454545454, 0.5217391304347826, 0.6666666666666667, 0.0
0.5623895573026005, 0.5454545454545454, 0.5217391304347826, 0.6666666666666667, 0.0
0.5560403509533942, 0.5454545454545454, 0.5217391304347826, 0.6428571428571428, 0.0
0.5560403509533942, 0.5454545454545454, 0.5217391304347826, 0.6428571428571428, 0.0
0.5560403509533942, 0.5454545454545454, 0.5217391304347826, 0.6428571428571428, 0.0
0.5560403509533942, 0.5454545454545454, 0.5217391304347826, 0.6428571428571428, 0.0
0.5560403509533942, 0.5454545454545454, 0.5217391304347826, 0.6428571428571428, 0.0
0.5560403509533942, 0.5454545454545454, 0.5217391304347826, 0.6428571428571428, 0.0
0.5560403509533942, 0.5454545454545454, 0.5217391304347826, 0.6428571428571428, 0.0
0.5560403509533942, 0.5454545454545454, 0.5217391304347826, 0.6428571428571428, 0.0
0.5560403509533942, 0.5454545454545454, 0.5217391304347826, 0.6428571428571428, 0.0
0.5560403509533942, 0.5454545454545454, 0.5217391304347826, 0.6428571428571428, 0.0
0.5560403509533942, 0.5454545454545454, 0.5217391304347826, 0.6428571428571428, 0.0
0.5560403509533942, 0.5454545454545454, 0.5217391304347826, 0.6428571428571428, 0.0
0.5560403509533942, 0.5454545454545454, 0.5217391304347826, 0.6428571428571428, 0.0
0.5560403509533942, 0.5454545454545454, 0.5217391304347826, 0.6428571428571428, 0.0
0.5560403509533942, 0.5454545454545454, 0.5217391304347826, 0.6428571428571428, 0.0
0.5560403509533942, 0.5454545454545454, 0.5217391304347826, 0.6428571428571428, 0.0
0.5560403509533942, 0.5454545454545454, 0.5217391304347826, 0.6428571428571428, 0.0
0.5560403509533942, 0.5454545454545454, 0.5217391304347826, 0.6428571428571428, 0.0
0.5560403509533942, 0.5454545454545454, 0.5217391304347826, 0.6428571428571428, 0.0
0.5560403509533942, 0.5454545454545454, 0.5217391304347826, 0.6428571428571428, 0.0
0.5560403509533942, 0.5454545454545454, 0.5217391304347826, 0.6428571428571428, 0.0
0.5560403509533942, 0.5454545454545454, 0.5217391304347826, 0.6428571428571428, 0.0
0.5560403509533942, 0.5454545454545454, 0.5217391304347826, 0.6428571428571428, 0.0
0.5560403509533942, 0.5454545454545454, 0.5217391304347826, 0.6428571428571428, 0.0
0.5560403509533942, 0.5454545454545454, 0.5217391304347826, 0.6428571428571428, 0.0
0.5560403509533942, 0.5454545454545454, 0.5217391304347826, 0.6428571428571428, 0.0
0.5560403509533942, 0.5454545454545454, 0.5217391304347826, 0.6428571428571428, 0.0
0.5560403509533942, 0.5454545454545454, 0.5217391304347826, 0.6428571428571428, 0.0
0.5560403509533942, 0.5454545454545454, 0.5217391304347826, 0.6428571428571428, 0.0
0.5560403509533942, 0.5454545454545454, 0.5217391304347826, 0.6428571428571428, 0.0
0.5560403509533942, 0.5454545454545454, 0.5217391304347826, 0.6428571428571428, 0.0
0.5560403509533942, 0.5454545454545454, 0.5217391304347826, 0.6428571428571428, 0.0
0.5560403509533942, 0.5454545454545454, 0.5217391304347826, 0.6428571428571428, 0.0
0.5560403509533942, 0.5454545454545454, 0.5217391304347826, 0.6428571428571428, 0.0
0.5560403509533942, 0.5454545454545454, 0.5217391304347826, 0.6428571428571428, 0.0
0.5560403509533942, 0.5454545454545454, 0.5217391304347826, 0.6428571428571428, 0.0
0.5560403509533942, 0.5454545454545454, 0.5217391304347826, 0.6428571428571428, 0.0
0.5560403509533942, 0.5454545454545454, 0.5217391304347826, 0.6428571428571428, 0.0
