0.008928571428571428, 0.0, 0.0, 0.5, 0.0
0.0, 0.0, 0.0, 0.0, 0.0
0.011111111111111112, 0.0, 0.0, 0.6666666666666667, 0.0
0.01129943502824859, 0.0, 0.0, 0.6666666666666667, 0.0
0.01694915254237288, 0.0, 0.0, 0.5, 0.0
0.008620689655172414, 0.0, 0.0, 0.5, 0.0
0.020114942528735632, 0.0, 0.0, 0.6666666666666667, 0.0
0.016666666666666666, 0.0, 0.0, 0.5, 0.0
0.013559322033898306, 0.0, 0.0, 0.4, 0.0
0.0, 0.0, 0.0, 0.0, 0.0
0.015517241379310345, 0.0, 0.0, 0.5, 0.0
0.01129943502824859, 0.0, 0.0, 0.6666666666666667, 0.0
0.016666666666666666, 0.0, 0.0, 0.5, 0.0
0.008333333333333333, 0.0, 0.0, 0.5, 0.0
0.021666666666666667, 0.0, 0.0, 0.5, 0.0
0.0, 0.0, 0.0, 0.0, 0.0
0.008620689655172414, 0.0, 0.0, 0.5, 0.0
0.023391812865497078, 0.0, 0.0, 0.6666666666666667, 0.0
0.008620689655172414, 0.0, 0.0, 0.5, 0.0
0.027011494252873566, 0.0, 0.0, 0.6666666666666667, 0.0
0.02259887005649718, 0.0, 0.0, 0.6666666666666667, 0.0
0.017241379310344827, 0.0, 0.0, 0.5, 0.0
0.00847457627118644, 0.0, 0.0, 0.5, 0.0
0.008771929824561403, 0.0, 0.0, 0.5, 0.0
0.0, 0.0, 0.0, 0.0, 0.0
0.02824858757062147, 0.0, 0.0, 0.6666666666666667, 0.0
0.0, 0.0, 0.0, 0.0, 0.0
0.008333333333333333, 0.0, 0.0, 0.5, 0.0
0.0, 0.0, 0.0, 0.0, 0.0
0.006779661016949153, 0.0, 0.0, 0.4, 0.0
0.00847457627118644, 0.0, 0.0, 0.5, 0.0
0.00847457627118644, 0.0, 0.0, 0.5, 0.0
0.011111111111111112, 0.0, 0.0, 0.6666666666666667, 0.0
0.01977401129943503, 0.0, 0.0, 0.6666666666666667, 0.0
0.008620689655172414, 0.0, 0.0, 0.5, 0.0
0.01977401129943503, 0.0, 0.0, 0.6666666666666667, 0.0
0.035028248587570615, 0.0, 0.0, 0.6666666666666667, 0.0
0.008620689655172414, 0.0, 0.0, 0.5, 0.0
0.02777777777777778, 0.0, 0.0, 0.6666666666666667, 0.0
0.008620689655172414, 0.0, 0.0, 0.5, 0.0
0.0, 0.0, 0.0, 0.0, 0.0
0.0, 0.0, 0.0, 0.0, 0.0
0.0, 0.0, 0.0, 0.0, 0.0
0.006779661016949153, 0.0, 0.0, 0.4, 0.0
0.0, 0.0, 0.0, 0.0, 0.0
0.00847457627118644, 0.0, 0.0, 0.5, 0.0
0.015517241379310345, 0.0, 0.0, 0.5, 0.0
0.008620689655172414, 0.0, 0.0, 0.5, 0.0
0.008620689655172414, 0.0, 0.0, 0.5, 0.0
0.0, 0.0, 0.0, 0.0, 0.0
0.015254237288135594, 0.0, 0.0, 0.5, 0.0
0.016666666666666666, 0.0, 0.0, 0.5, 0.0
0.01694915254237288, 0.0, 0.0, 0.5, 0.0
0.02298850574712644, 0.0, 0.0, 0.6666666666666667, 0.0
0.011111111111111112, 0.0, 0.0, 0.6666666666666667, 0.0
0.016666666666666666, 0.0, 0.0, 0.5, 0.0
0.0, 0.0, 0.0, 0.0, 0.0
0.0, 0.0, 0.0, 0.0, 0.0
0.022222222222222223, 0.0, 0.0, 0.6666666666666667, 0.0
0.017241379310344827, 0.0, 0.0, 0.5, 0.0
0.0, 0.0, 0.0, 0.0, 0.0
0.0, 0.0, 0.0, 0.0, 0.0
0.00909090909090909, 0.0, 0.0, 0.5, 0.0
0.011695906432748539, 0.0, 0.0, 0.6666666666666667, 0.0
0.02298850574712644, 0.0, 0.0, 0.6666666666666667, 0.0
0.027011494252873566, 0.0, 0.0, 0.6666666666666667, 0.0
0.0, 0.0, 0.0, 0.0, 0.0
0.0, 0.0, 0.0, 0.0, 0.0
0.01694915254237288, 0.0, 0.0, 0.5, 0.0
0.011111111111111112, 0.0, 0.0, 0.6666666666666667, 0.0
0.015517241379310345, 0.0, 0.0, 0.5, 0.0
0.0, 0.0, 0.0, 0.0, 0.0
0.015000000000000001, 0.0, 0.0, 0.5, 0.0
0.02259887005649718, 0.0, 0.0, 0.6666666666666667, 0.0
0.011695906432748539, 0.0, 0.0, 0.6666666666666667, 0.0
0.01694915254237288, 0.0, 0.0, 0.5, 0.0
0.015000000000000001, 0.0, 0.0, 0.5, 0.0
0.00847457627118644, 0.0, 0.0, 0.5, 0.0
0.01619047619047619, 0.0, 0.0, 0.5714285714285714, 0.0
0.0, 0.0, 0.0, 0.0, 0.0
0.008620689655172414, 0.0, 0.0, 0.5, 0.0
0.0, 0.0, 0.0, 0.0, 0.0
0.01129943502824859, 0.0, 0.0, 0.6666666666666667, 0.0
0.016071428571428573, 0.0, 0.0, 0.5, 0.0
0.011695906432748539, 0.0, 0.0, 0.6666666666666667, 0.0
0.0, 0.0, 0.0, 0.0, 0.0
0.01149425287356322, 0.0, 0.0, 0.6666666666666667, 0.0
0.0, 0.0, 0.0, 0.0, 0.0
0.008620689655172414, 0.0, 0.0, 0.5, 0.0
0.0, 0.0, 0.0, 0.0, 0.0
0.025423728813559324, 0.0, 0.0, 0.5, 0.0
0.00847457627118644, 0.0, 0.0, 0.5, 0.0
0.00847457627118644, 0.0, 0.0, 0.5, 0.0
0.0, 0.0, 0.0, 0.0, 0.0
0.019444444444444445, 0.0, 0.0, 0.6666666666666667, 0.0
0.01129943502824859, 0.0, 0.0, 0.6666666666666667, 0.0
0.008771929824561403, 0.0, 0.0, 0.5, 0.0
0.00847457627118644, 0.0, 0.0, 0.5, 0.0
0.0, 0.0, 0.0, 0.0, 0.0
0.008333333333333333, 0.0, 0.0, 0.5, 0.0
