0.44210377585377614, 0.4285714285714286, 0.19999999999999996, 0.6666666666666667, 0.0
0.4467054132308372, 0.5, 0.0, 0.6923076923076923, 0.0
0.43874130919585486, 0.4444444444444444, 0.0, 0.625, 0.0
0.4377091719196986, 0.4545454545454546, 0.0, 0.7142857142857143, 0.0
0.4403305028305032, 0.5, 0.0, 0.6923076923076923, 0.0
0.4441497297429504, 0.5, 0.0, 0.6666666666666667, 0.0
0.44551612180922573, 0.4444444444444444, 0.25, 0.6666666666666667, 0.0
0.4249452193896642, 0.4365079365079365, 0.0, 0.6, 0.0
0.4253106121750192, 0.4, 0.25, 0.6666666666666667, 0.0
0.4740254652754655, 0.5, 0.0, 0.7142857142857143, 0.0
0.43946280991735576, 0.5, 0.0, 0.6666666666666667, 0.0
0.43113718640034465, 0.5, 0.0, 0.6666666666666667, 0.0
0.42554112554112583, 0.4, 0.0, 0.6666666666666667, 0.0
0.4205052950815666, 0.5, 0.0, 0.75, 0.0
0.48217823842823876, 0.5, 0.0, 0.625, 0.0
0.4166673347228905, 0.5, 0.0, 0.7142857142857143, 0.0
0.4285901102865392, 0.4285714285714286, 0.0, 0.7142857142857143, 0.0
0.4592694499474164, 0.5, 0.0, 0.6363636363636364, 0.0
0.4531043856936719, 0.5, 0.0, 0.6666666666666667, 0.0
0.4355092276144912, 0.5, 0.0, 0.6666666666666667, 0.0
0.4038119288119291, 0.4444444444444444, 0.0, 0.6666666666666667, 0.0
0.41288359788359813, 0.4142857142857143, 0.0, 0.7, 0.0
0.44236411736411774, 0.5, 0.0, 0.6666666666666667, 0.0
0.4246710664814117, 0.5, 0.0, 0.625, 0.0
0.4487308987308991, 0.5, 0.0, 0.7142857142857143, 0.0
0.4013860408597253, 0.4285714285714286, 0.0, 0.6666666666666667, 0.0
0.4179566832344613, 0.5, 0.0, 0.6666666666666667, 0.0
0.4461213116385534, 0.4444444444444444, 0.0, 0.6666666666666667, 0.0
0.39617298896959946, 0.4, 0.0, 0.625, 0.0
0.44597643097643136, 0.5, 0.0, 0.6666666666666667, 0.0
0.41750136836343765, 0.4722222222222222, 0.0, 0.625, 0.0
0.4368450741178017, 0.4285714285714286, 0.16666666666666663, 0.6666666666666667, 0.0
0.45277849927849956, 0.5, 0.0, 0.6428571428571428, 0.0
0.433158970658971, 0.5, 0.0, 0.6, 0.0
0.4338209683037272, 0.5, 0.0, 0.6666666666666667, 0.0
0.46010987063618675, 0.5, 0.25, 0.6666666666666667, 0.0
0.42940053241777404, 0.4365079365079365, 0.0, 0.6363636363636364, 0.0
0.44969757094757135, 0.5, 0.0, 0.6666666666666667, 0.0
0.44740079365079394, 0.5, 0.0, 0.6666666666666667, 0.0
0.4399344702916134, 0.5, 0.0, 0.7692307692307692, 0.0
0.43811992101465813, 0.5, 0.0, 0.6666666666666667, 0.0
0.4105238152651948, 0.4365079365079365, 0.0, 0.6923076923076923, 0.0
0.4598219032429562, 0.5, 0.0, 0.6666666666666667, 0.0
0.43975619484094086, 0.5, 0.0, 0.6666666666666667, 0.0
0.41968915343915375, 0.4772727272727273, 0.0, 0.6666666666666667, 0.0
0.4537487366434737, 0.5, 0.0, 0.6666666666666667, 0.0
0.43737183868762847, 0.5, 0.0, 0.625, 0.0
0.4386040859725073, 0.5, 0.0, 0.6666666666666667, 0.0
0.44423340548340573, 0.5, 0.0, 0.6666666666666667, 0.0
0.4642987759367073, 0.5, 0.0, 0.7142857142857143, 0.0
0.42378962034134476, 0.5, 0.0, 0.6666666666666667, 0.0
0.3924253242049856, 0.4285714285714286, 0.0, 0.7142857142857143, 0.0
0.46098199780017995, 0.5, 0.0, 0.6666666666666667, 0.0
0.46730116288939855, 0.5, 0.25, 0.625, 0.0
0.44195466570466607, 0.5, 0.0, 0.6666666666666667, 0.0
0.46601853889989503, 0.5, 0.0, 0.7, 0.0
0.4165474902082048, 0.5, 0.0, 0.625, 0.0
0.45616883116883145, 0.5, 0.0, 0.625, 0.0
0.4224611158821689, 0.4444444444444444, 0.0, 0.6153846153846154, 0.0
0.46265866901460145, 0.5, 0.0, 0.7, 0.0
0.4315594367318508, 0.5, 0.0, 0.7142857142857143, 0.0
0.4600858206121369, 0.5, 0.0, 0.7142857142857143, 0.0
0.4420616261133505, 0.5, 0.0, 0.6666666666666667, 0.0
0.456537311894455, 0.5, 0.0, 0.6666666666666667, 0.0
0.4537636827110515, 0.4545454545454546, 0.25, 0.6923076923076923, 0.0
0.4390664890664893, 0.4722222222222222, 0.0, 0.6666666666666667, 0.0
0.4559283309283313, 0.5, 0.0, 0.75, 0.0
0.41590876167147384, 0.4285714285714286, 0.0, 0.6666666666666667, 0.0
0.45740550601661745, 0.5, 0.0, 0.7272727272727273, 0.0
0.44372233228165453, 0.5, 0.0, 0.6363636363636364, 0.0
0.45706137731999824, 0.5, 0.0, 0.625, 0.0
0.42772519382688895, 0.5, 0.0, 0.6363636363636364, 0.0
0.4402848639455785, 0.5, 0.0, 0.7142857142857143, 0.0
0.4550098206877871, 0.5, 0.0, 0.7, 0.0
0.4466505246166267, 0.5, 0.0, 0.6666666666666667, 0.0
0.43680792891319237, 0.4444444444444444, 0.0, 0.625, 0.0
0.44424873372241813, 0.5, 0.0, 0.6923076923076923, 0.0
0.4255005411255413, 0.4772727272727273, 0.0, 0.7142857142857143, 0.0
0.4518984368122303, 0.5, 0.0, 0.6923076923076923, 0.0
0.4190259740259744, 0.4444444444444444, 0.0, 0.625, 0.0
0.46817105896053307, 0.5, 0.19999999999999996, 0.6666666666666667, 0.0
0.4399640848793394, 0.5, 0.0, 0.625, 0.0
0.4262552889671535, 0.4444444444444444, 0.0, 0.5833333333333333, 0.0
0.4247037684537688, 0.4722222222222222, 0.0, 0.6363636363636364, 0.0
0.4168704589757223, 0.4, 0.0, 0.6363636363636364, 0.0
0.4799369691611074, 0.5, 0.0, 0.7142857142857143, 0.0
0.4170261512366778, 0.4285714285714286, 0.0, 0.6666666666666667, 0.0
0.4562445887445892, 0.5, 0.0, 0.6666666666666667, 0.0
0.49948883508205594, 0.5, 0.25, 0.7142857142857143, 0.0
0.4799273044962704, 0.5, 0.0, 0.6923076923076923, 0.0
0.4711451448739588, 0.5, 0.25, 0.625, 0.0
0.4421779370055236, 0.4722222222222222, 0.0, 0.6363636363636364, 0.0
0.3867952928297758, 0.4, 0.0, 0.6, 0.0
0.4211242293060478, 0.4444444444444444, 0.0, 0.6666666666666667, 0.0
0.4553061947798794, 0.5, 0.0, 0.7142857142857143, 0.0
0.4558776992987522, 0.5, 0.0, 0.7142857142857143, 0.0
0.42320806588047993, 0.5, 0.0, 0.6, 0.0
0.4196083643452066, 0.5, 0.0, 0.6666666666666667, 0.0
0.4409586940836943, 0.4285714285714286, 0.19999999999999996, 0.6666666666666667, 0.0
0.4511309840257211, 0.5, 0.0, 0.625, 0.0
