0.6980848399966049, 0.7142857142857143, 0.4, 0.8125, 0.0
0.6968617983323867, 0.7, 0.5714285714285714, 0.7777777777777778, 0.0
0.6861915861915863, 0.7142857142857143, 0.6, 0.75, 0.0
0.7060545935545935, 0.7032967032967032, 0.6153846153846154, 0.7857142857142857, 0.0
0.6778382331953762, 0.7071428571428571, 0.5, 0.75, 0.0
0.7221163451932683, 0.7272727272727273, 0.6428571428571428, 0.7692307692307692, 0.0
0.6629495504495505, 0.6666666666666667, 0.5, 0.75, 0.0
0.6845924908424909, 0.6961538461538461, 0.6, 0.7857142857142857, 0.0
0.7399062394277706, 0.75, 0.6, 0.8333333333333334, 0.0
0.6605577429106843, 0.6666666666666667, 0.5, 0.8, 0.0
0.7152124486158102, 0.7142857142857143, 0.6363636363636364, 0.8, 0.0
0.6958996477378832, 0.7029411764705882, 0.6, 0.8, 0.0
0.731772486772487, 0.75, 0.6153846153846154, 0.8, 0.0
0.6938228438228439, 0.7032967032967032, 0.5714285714285714, 0.75, 0.0
0.7023063356396692, 0.7238095238095239, 0.5, 0.8333333333333334, 0.0
0.6952212470069614, 0.7071428571428571, 0.6, 0.8333333333333334, 0.0
0.6941702741702743, 0.7142857142857143, 0.5333333333333333, 0.8, 0.0
0.7318259953554073, 0.7333333333333334, 0.6153846153846154, 0.8333333333333334, 0.0
0.7058678163941323, 0.7272727272727273, 0.5555555555555556, 0.8125, 0.0
0.6913971649265768, 0.7, 0.6, 0.7777777777777778, 0.0
0.6943473193473195, 0.6923076923076923, 0.6428571428571428, 0.8, 0.0
0.7032176157176158, 0.7142857142857143, 0.6, 0.8, 0.0
0.7034071509184632, 0.7142857142857143, 0.6, 0.7692307692307692, 0.0
0.7032051282051283, 0.6794871794871795, 0.6666666666666667, 0.8, 0.0
0.6936961186961189, 0.6923076923076923, 0.625, 0.7777777777777778, 0.0
0.688324910383734, 0.7029411764705882, 0.5714285714285714, 0.7857142857142857, 0.0
0.6891301060051062, 0.6899038461538461, 0.5454545454545454, 0.8, 0.0
0.7105264308520612, 0.6990950226244343, 0.6, 0.8181818181818181, 0.0
0.7179380448611219, 0.7272727272727273, 0.6, 0.7777777777777778, 0.0
0.6716510341510342, 0.6904761904761905, 0.5, 0.75, 0.0
0.708957708957709, 0.7032967032967032, 0.5833333333333333, 0.8181818181818181, 0.0
0.6961573845224365, 0.7058823529411764, 0.5714285714285714, 0.7777777777777778, 0.0
0.6792938542938545, 0.6666666666666667, 0.5454545454545454, 0.8461538461538461, 0.0
0.694071521912431, 0.6770833333333334, 0.5714285714285714, 0.8571428571428572, 0.0
0.7285101707561601, 0.7272727272727273, 0.6923076923076923, 0.7692307692307692, 0.0
0.7088383838383838, 0.7207792207792207, 0.5714285714285714, 0.7777777777777778, 0.0
0.6884295392107893, 0.6899038461538461, 0.5714285714285714, 0.8, 0.0
0.7161927211075818, 0.7272727272727273, 0.5714285714285714, 0.8421052631578947, 0.0
0.7272828733766236, 0.7207792207792207, 0.6, 0.8181818181818181, 0.0
0.704035425358955, 0.7029411764705882, 0.6, 0.8, 0.0
0.701292110667111, 0.6833333333333333, 0.6, 0.8, 0.0
0.7153346653346654, 0.7142857142857143, 0.6666666666666667, 0.8181818181818181, 0.0
0.7232371794871797, 0.7416666666666667, 0.5714285714285714, 0.8, 0.0
0.7056365509490511, 0.7142857142857143, 0.6, 0.8461538461538461, 0.0
0.6838181426416722, 0.7142857142857143, 0.5, 0.75, 0.0
0.7019473445944038, 0.6794871794871795, 0.6, 0.8, 0.0
0.7112151608281642, 0.7142857142857143, 0.6, 0.7857142857142857, 0.0
0.6837880256997904, 0.6875, 0.6, 0.75, 0.0
0.7179850064465451, 0.7142857142857143, 0.6666666666666667, 0.7777777777777778, 0.0
0.7280219780219781, 0.7142857142857143, 0.6, 0.8333333333333334, 0.0
0.6925450811814449, 0.6923076923076923, 0.5454545454545454, 0.7777777777777778, 0.0
0.6926157176157177, 0.6923076923076923, 0.6153846153846154, 0.8, 0.0
0.6956240188383047, 0.7142857142857143, 0.6, 0.7857142857142857, 0.0
0.6863146113146112, 0.6794871794871795, 0.6, 0.8333333333333334, 0.0
0.6849816849816851, 0.6923076923076923, 0.6428571428571428, 0.7142857142857143, 0.0
0.7004802836052837, 0.7032967032967032, 0.6, 0.8, 0.0
0.7192640692640693, 0.7142857142857143, 0.6666666666666667, 0.7857142857142857, 0.0
0.7234251859251861, 0.7142857142857143, 0.6666666666666667, 0.8, 0.0
0.7013305147233719, 0.7032967032967032, 0.625, 0.8, 0.0
0.707886557886558, 0.7142857142857143, 0.6428571428571428, 0.7777777777777778, 0.0
0.7227357609710553, 0.7333333333333334, 0.5714285714285714, 0.8333333333333334, 0.0
0.6794449140602986, 0.6923076923076923, 0.6, 0.7333333333333334, 0.0
0.7088157112924918, 0.7058823529411764, 0.6, 0.8, 0.0
0.7010726310726311, 0.7272727272727273, 0.5, 0.8181818181818181, 0.0
0.67249000999001, 0.6666666666666667, 0.5714285714285714, 0.8, 0.0
0.6983620546120548, 0.7008928571428572, 0.6, 0.8, 0.0
0.7079080641580643, 0.6961538461538461, 0.6363636363636364, 0.8, 0.0
0.6736303612354033, 0.6666666666666667, 0.6, 0.75, 0.0
0.6916132886721122, 0.6990950226244343, 0.5454545454545454, 0.8, 0.0
0.6729089393881783, 0.6875, 0.5, 0.8, 0.0
0.7114343989343989, 0.75, 0.5, 0.8, 0.0
0.7289298201798202, 0.7303030303030303, 0.6666666666666667, 0.7857142857142857, 0.0
0.7066436768359845, 0.7, 0.625, 0.8125, 0.0
0.7042197385947387, 0.7207792207792207, 0.5, 0.8, 0.0
0.6942740592740593, 0.6961538461538461, 0.6363636363636364, 0.75, 0.0
0.7224945642592701, 0.7386363636363636, 0.5, 0.8571428571428572, 0.0
0.6869934419674905, 0.6923076923076923, 0.5714285714285714, 0.7857142857142857, 0.0
0.7151606495356496, 0.7142857142857143, 0.6875, 0.7777777777777778, 0.0
0.7090483920841065, 0.7071428571428571, 0.6666666666666667, 0.8, 0.0
0.7495166122004356, 0.75, 0.7, 0.8125, 0.0
0.7160387231815805, 0.7238095238095239, 0.6153846153846154, 0.8, 0.0
0.691254380540095, 0.7, 0.6, 0.7777777777777778, 0.0
0.6762297226582943, 0.6794871794871795, 0.5833333333333333, 0.8571428571428572, 0.0
0.6761938582251081, 0.69375, 0.5714285714285714, 0.75, 0.0
0.6875664018521164, 0.6794871794871795, 0.5, 0.7777777777777778, 0.0
0.7015516686472569, 0.69375, 0.625, 0.7857142857142857, 0.0
0.7145706145706145, 0.7142857142857143, 0.6, 0.8, 0.0
0.7160843430074201, 0.7, 0.6428571428571428, 0.8, 0.0
0.6827380952380953, 0.7142857142857143, 0.6, 0.75, 0.0
0.6970352564102565, 0.7071428571428571, 0.6, 0.7857142857142857, 0.0
0.706142314475648, 0.7207792207792207, 0.5714285714285714, 0.8, 0.0
0.6958059797345514, 0.6794871794871795, 0.6153846153846154, 0.7857142857142857, 0.0
0.67188008070361, 0.6666666666666667, 0.5833333333333333, 0.75, 0.0
0.7225411625411627, 0.7142857142857143, 0.6363636363636364, 0.7857142857142857, 0.0
0.6908864137370927, 0.6923076923076923, 0.6428571428571428, 0.7857142857142857, 0.0
0.689200085628657, 0.7, 0.6, 0.75, 0.0
0.6881785953017573, 0.6666666666666667, 0.5555555555555556, 0.8, 0.0
0.6930016062369003, 0.7, 0.6, 0.7692307692307692, 0.0
0.6938071188071189, 0.6875, 0.6, 0.8125, 0.0
0.6841176570343238, 0.6923076923076923, 0.5555555555555556, 0.8125, 0.0
0.7035702392845252, 0.7071428571428571, 0.6, 0.8333333333333334, 0.0
0.6678480373792874, 0.6666666666666667, 0.5555555555555556, 0.7857142857142857, 0.0
0.698456351340967, 0.6923076923076923, 0.6153846153846154, 0.8181818181818181, 0.0
0.6829562594268478, 0.7142857142857143, 0.4285714285714286, 0.75, 0.0
0.6959573759573761, 0.7071428571428571, 0.5714285714285714, 0.75, 0.0
0.7166078058811626, 0.7142857142857143, 0.6, 0.8, 0.0
0.6865230008087152, 0.7071428571428571, 0.5, 0.7692307692307692, 0.0
0.7391098952950167, 0.7272727272727273, 0.6666666666666667, 0.8125, 0.0
0.6838369963369964, 0.6794871794871795, 0.5714285714285714, 0.75, 0.0
0.7194777444777447, 0.7166666666666667, 0.6363636363636364, 0.7777777777777778, 0.0
0.6930479776633623, 0.6923076923076923, 0.6, 0.8, 0.0
0.6780752580752581, 0.6666666666666667, 0.6153846153846154, 0.7272727272727273, 0.0
0.6810475848937388, 0.6666666666666667, 0.6, 0.8, 0.0
0.699747104747105, 0.6923076923076923, 0.5555555555555556, 0.8571428571428572, 0.0
0.7153335553335556, 0.7272727272727273, 0.5714285714285714, 0.8333333333333334, 0.0
0.6903588708210558, 0.6666666666666667, 0.6, 0.8, 0.0
0.6830471611721612, 0.6923076923076923, 0.6, 0.75, 0.0
0.6790251415251416, 0.6875, 0.5384615384615384, 0.75, 0.0
0.7122224181047714, 0.7272727272727273, 0.6, 0.8, 0.0
0.7035748510748513, 0.6923076923076923, 0.6, 0.8333333333333334, 0.0
0.7091424448567305, 0.7142857142857143, 0.6, 0.8333333333333334, 0.0
0.7119258519258521, 0.7272727272727273, 0.5714285714285714, 0.8, 0.0
0.7132234432234433, 0.7142857142857143, 0.5714285714285714, 0.8, 0.0
0.6981442168942169, 0.7032967032967032, 0.5714285714285714, 0.8, 0.0
0.6789449439449439, 0.6923076923076923, 0.5, 0.7692307692307692, 0.0
0.7153482465247173, 0.7272727272727273, 0.6153846153846154, 0.7692307692307692, 0.0
0.6638062917474684, 0.6666666666666667, 0.5, 0.7692307692307692, 0.0
0.6854663193948909, 0.7, 0.5333333333333333, 0.75, 0.0
0.7026406926406927, 0.7142857142857143, 0.6363636363636364, 0.8, 0.0
0.6966117216117218, 0.7142857142857143, 0.6, 0.8461538461538461, 0.0
0.7132277978431826, 0.7222222222222222, 0.6428571428571428, 0.8, 0.0
0.6803529803529804, 0.6666666666666667, 0.6, 0.75, 0.0
0.7247008547008547, 0.725, 0.6666666666666667, 0.8125, 0.0
0.711832810047096, 0.7142857142857143, 0.6, 0.7857142857142857, 0.0
0.7060624560624561, 0.7142857142857143, 0.6153846153846154, 0.8, 0.0
0.6843523143523146, 0.6666666666666667, 0.6, 0.8, 0.0
0.6890971773324717, 0.6875, 0.5384615384615384, 0.8125, 0.0
0.7166020720642571, 0.7071428571428571, 0.5714285714285714, 0.8823529411764706, 0.0
0.6662778579445247, 0.6666666666666667, 0.5555555555555556, 0.8, 0.0
0.7002194386809772, 0.7142857142857143, 0.5714285714285714, 0.7777777777777778, 0.0
0.703712510645284, 0.7100840336134453, 0.5, 0.8, 0.0
0.6885126777983922, 0.7, 0.5, 0.8333333333333334, 0.0
0.708251048259699, 0.7272727272727273, 0.5555555555555556, 0.7857142857142857, 0.0
0.6685044734677089, 0.6770833333333334, 0.5, 0.8, 0.0
0.7106532356532359, 0.7272727272727273, 0.6153846153846154, 0.7857142857142857, 0.0
0.6732207292191813, 0.6666666666666667, 0.5454545454545454, 0.8125, 0.0
0.694669325772267, 0.6794871794871795, 0.6, 0.8181818181818181, 0.0
0.7251822251822254, 0.7303030303030303, 0.6, 0.8, 0.0
0.7123992673992674, 0.7071428571428571, 0.6428571428571428, 0.8, 0.0
0.6586483886483888, 0.6666666666666667, 0.5, 0.7777777777777778, 0.0
0.7380793226381462, 0.75, 0.6666666666666667, 0.8, 0.0
0.6992951492951494, 0.7, 0.6428571428571428, 0.7272727272727273, 0.0
0.7170548201798204, 0.7207792207792207, 0.5714285714285714, 0.8, 0.0
0.7273156136792501, 0.75, 0.6428571428571428, 0.8, 0.0
0.6617529529294235, 0.6666666666666667, 0.5, 0.8, 0.0
0.6974473443223446, 0.6961538461538461, 0.6, 0.8, 0.0
0.7152318269965331, 0.7142857142857143, 0.6, 0.8333333333333334, 0.0
0.7279278891043598, 0.7333333333333334, 0.6363636363636364, 0.8, 0.0
0.7198849267347721, 0.7142857142857143, 0.5, 0.8666666666666667, 0.0
0.694935064935065, 0.7071428571428571, 0.5714285714285714, 0.75, 0.0
0.7115319865319868, 0.7207792207792207, 0.6, 0.8333333333333334, 0.0
0.6986167876241407, 0.7071428571428571, 0.5, 0.8, 0.0
0.7140038665038666, 0.7142857142857143, 0.625, 0.8333333333333334, 0.0
0.7112926887926889, 0.7142857142857143, 0.6, 0.8, 0.0
0.7172655542403444, 0.7207792207792207, 0.6428571428571428, 0.7777777777777778, 0.0
0.7085122439289108, 0.7142857142857143, 0.625, 0.8, 0.0
0.6797344630677966, 0.6794871794871795, 0.5, 0.7857142857142857, 0.0
0.6853335553335553, 0.6666666666666667, 0.6, 0.8, 0.0
0.6759542540792541, 0.6961538461538461, 0.5714285714285714, 0.75, 0.0
0.6917427810284954, 0.6923076923076923, 0.6, 0.75, 0.0
0.7061247575953461, 0.7142857142857143, 0.6153846153846154, 0.8, 0.0
0.6955129021305494, 0.6961538461538461, 0.6, 0.8, 0.0
0.6903148133917367, 0.7, 0.6, 0.7692307692307692, 0.0
0.6860689018583757, 0.7142857142857143, 0.5333333333333333, 0.8, 0.0
0.6923160173160174, 0.7, 0.625, 0.75, 0.0
0.6887814962814964, 0.6923076923076923, 0.6, 0.7692307692307692, 0.0
0.6834717978100332, 0.6833333333333333, 0.625, 0.75, 0.0
0.6869859307359308, 0.7071428571428571, 0.5, 0.7857142857142857, 0.0
0.6983330939213293, 0.7100840336134453, 0.6, 0.7777777777777778, 0.0
0.7050976800976801, 0.7142857142857143, 0.5714285714285714, 0.8333333333333334, 0.0
0.6888883552345091, 0.6923076923076923, 0.6, 0.75, 0.0
0.7093998015873019, 0.7, 0.5833333333333333, 0.8333333333333334, 0.0
0.6930673493173495, 0.7207792207792207, 0.5, 0.8333333333333334, 0.0
0.697568457183842, 0.7142857142857143, 0.625, 0.75, 0.0
0.6873376623376625, 0.6666666666666667, 0.6, 0.8, 0.0
0.6827037545787547, 0.7032967032967032, 0.5, 0.8181818181818181, 0.0
0.7143994893994895, 0.7142857142857143, 0.5714285714285714, 0.8333333333333334, 0.0
0.7037608225108226, 0.7142857142857143, 0.625, 0.75, 0.0
0.6833880700230183, 0.6666666666666667, 0.5555555555555556, 0.7857142857142857, 0.0
0.712452931683701, 0.7142857142857143, 0.6, 0.8, 0.0
0.7095917970917971, 0.7142857142857143, 0.625, 0.8181818181818181, 0.0
0.7198005698005698, 0.7333333333333334, 0.6666666666666667, 0.7692307692307692, 0.0
0.6871473764330908, 0.6666666666666667, 0.6, 0.7857142857142857, 0.0
0.6964960964960967, 0.7142857142857143, 0.6, 0.8181818181818181, 0.0
0.7059512709512712, 0.7, 0.625, 0.8, 0.0
0.7157263371549087, 0.7142857142857143, 0.6363636363636364, 0.8, 0.0
0.6931975431975432, 0.6923076923076923, 0.4444444444444444, 0.8181818181818181, 0.0
0.70416709193799, 0.7333333333333334, 0.5, 0.8, 0.0
0.7245716585002301, 0.7272727272727273, 0.625, 0.8181818181818181, 0.0
0.7073806535344997, 0.7333333333333334, 0.5555555555555556, 0.7692307692307692, 0.0
