 , , , , 
0.0, 0.0, 0.0, 0.0, 0.0
 , , , , 
0.0, 0.0, 0.0, 0.0, 0.0
0.0, 0.0, 0.0, 0.0, 0.0
0.0, 0.0, 0.0, 0.0, 0.0
0.0, 0.0, 0.0, 0.0, 0.0
0.0, 0.0, 0.0, 0.0, 0.0
0.0, 0.0, 0.0, 0.0, 0.0
 , , , , 
0.4166666666666667, 0.5833333333333334, 0.0, 0.6666666666666667, 0.0
0.0, 0.0, 0.0, 0.0, 0.0
0.1, 0.0, 0.0, 0.5, 0.0
0.25, 0.25, 0.0, 0.5, 0.0
0.2714285714285714, 0.4, 0.0, 0.5, 0.0
0.1, 0.0, 0.0, 0.5, 0.0
0.0, 0.0, 0.0, 0.0, 0.0
0.0, 0.0, 0.0, 0.0, 0.0
0.6666666666666667, 0.6666666666666667, 0.6666666666666667, 0.6666666666666667, 0.0
0.25, 0.25, 0.0, 0.5, 0.0
0.5, 0.5, 0.5, 0.5, 0.5
 , , , , 
0.0, 0.0, 0.0, 0.0, 0.0
0.0, 0.0, 0.0, 0.0, 0.0
0.16666666666666666, 0.0, 0.0, 0.5, 0.0
0.0, 0.0, 0.0, 0.0, 0.0
0.0, 0.0, 0.0, 0.0, 0.0
0.0, 0.0, 0.0, 0.0, 0.0
0.25, 0.25, 0.0, 0.5, 0.0
0.2916666666666667, 0.25, 0.0, 0.6666666666666667, 0.0
0.0, 0.0, 0.0, 0.0, 0.0
0.25, 0.25, 0.0, 0.5, 0.0
0.2666666666666667, 0.2, 0.0, 0.6666666666666667, 0.0
0.0, 0.0, 0.0, 0.0, 0.0
0.3888888888888889, 0.5, 0.0, 0.6666666666666667, 0.0
0.1, 0.0, 0.0, 0.4, 0.0
0.4, 0.4, 0.4, 0.4, 0.4
0.25, 0.25, 0.0, 0.5, 0.0
0.0, 0.0, 0.0, 0.0, 0.0
0.0, 0.0, 0.0, 0.0, 0.0
0.0, 0.0, 0.0, 0.0, 0.0
0.0, 0.0, 0.0, 0.0, 0.0
0.0, 0.0, 0.0, 0.0, 0.0
0.0, 0.0, 0.0, 0.0, 0.0
0.0, 0.0, 0.0, 0.0, 0.0
0.0, 0.0, 0.0, 0.0, 0.0
0.4, 0.4, 0.4, 0.4, 0.0
0.3555555555555556, 0.4, 0.0, 0.6666666666666667, 0.0
0.5, 0.5, 0.5, 0.5, 0.5
0.0, 0.0, 0.0, 0.0, 0.0
 , , , , 
0.3555555555555556, 0.4, 0.0, 0.6666666666666667, 0.0
 , , , , 
0.26666666666666666, 0.4, 0.0, 0.4, 0.0
0.16666666666666666, 0.0, 0.0, 0.5, 0.0
 , , , , 
0.0, 0.0, 0.0, 0.0, 0.0
0.3888888888888889, 0.5, 0.0, 0.6666666666666667, 0.0
 , , , , 
0.0, 0.0, 0.0, 0.0, 0.0
0.22222222222222224, 0.0, 0.0, 0.6666666666666667, 0.0
0.0, 0.0, 0.0, 0.0, 0.0
0.3333333333333333, 0.5, 0.0, 0.5, 0.0
0.0, 0.0, 0.0, 0.0, 0.0
0.0, 0.0, 0.0, 0.0, 0.0
0.4, 0.4, 0.4, 0.4, 0.4
0.0, 0.0, 0.0, 0.0, 0.0
0.0, 0.0, 0.0, 0.0, 0.0
0.16666666666666666, 0.0, 0.0, 0.5, 0.0
0.0, 0.0, 0.0, 0.0, 0.0
0.1, 0.0, 0.0, 0.4, 0.0
0.0, 0.0, 0.0, 0.0, 0.0
0.0, 0.0, 0.0, 0.0, 0.0
0.0, 0.0, 0.0, 0.0, 0.0
 , , , , 
0.33333333333333337, 0.33333333333333337, 0.0, 0.6666666666666667, 0.0
0.6666666666666667, 0.6666666666666667, 0.6666666666666667, 0.6666666666666667, 0.6666666666666667
 , , , , 
0.0, 0.0, 0.0, 0.0, 0.0
0.0, 0.0, 0.0, 0.0, 0.0
0.125, 0.0, 0.0, 0.5, 0.0
0.0, 0.0, 0.0, 0.0, 0.0
0.0, 0.0, 0.0, 0.0, 0.0
0.0, 0.0, 0.0, 0.0, 0.0
0.0, 0.0, 0.0, 0.0, 0.0
0.33333333333333337, 0.33333333333333337, 0.0, 0.6666666666666667, 0.0
 , , , , 
0.25, 0.25, 0.0, 0.5, 0.0
0.0, 0.0, 0.0, 0.0, 0.0
0.0, 0.0, 0.0, 0.0, 0.0
0.0, 0.0, 0.0, 0.0, 0.0
0.0, 0.0, 0.0, 0.0, 0.0
0.0, 0.0, 0.0, 0.0, 0.0
0.0, 0.0, 0.0, 0.0, 0.0
0.0, 0.0, 0.0, 0.0, 0.0
0.0, 0.0, 0.0, 0.0, 0.0
0.13333333333333336, 0.0, 0.0, 0.6666666666666667, 0.0
0.08, 0.0, 0.0, 0.4, 0.0
0.11111111111111112, 0.0, 0.0, 0.6666666666666667, 0.0
0.2, 0.2, 0.0, 0.4, 0.0
0.16666666666666666, 0.0, 0.0, 0.5, 0.0
0.3333333333333333, 0.5, 0.0, 0.5, 0.0
0.33333333333333337, 0.33333333333333337, 0.0, 0.6666666666666667, 0.0
0.0, 0.0, 0.0, 0.0, 0.0
0.0, 0.0, 0.0, 0.0, 0.0
0.0, 0.0, 0.0, 0.0, 0.0
 , , , , 
0.5, 0.5, 0.5, 0.5, 0.5
0.25, 0.25, 0.0, 0.5, 0.0
0.0, 0.0, 0.0, 0.0, 0.0
0.0, 0.0, 0.0, 0.0, 0.0
0.0, 0.0, 0.0, 0.0, 0.0
0.0, 0.0, 0.0, 0.0, 0.0
0.16666666666666666, 0.0, 0.0, 0.5, 0.0
0.125, 0.0, 0.0, 0.5, 0.0
0.0, 0.0, 0.0, 0.0, 0.0
 , , , , 
0.0, 0.0, 0.0, 0.0, 0.0
0.0, 0.0, 0.0, 0.0, 0.0
0.0, 0.0, 0.0, 0.0, 0.0
0.25, 0.25, 0.0, 0.5, 0.0
0.0, 0.0, 0.0, 0.0, 0.0
0.13333333333333333, 0.0, 0.0, 0.4, 0.0
0.0, 0.0, 0.0, 0.0, 0.0
0.0, 0.0, 0.0, 0.0, 0.0
0.1, 0.0, 0.0, 0.5, 0.0
0.25, 0.25, 0.0, 0.5, 0.0
0.16666666666666666, 0.0, 0.0, 0.5, 0.0
0.2, 0.2, 0.0, 0.4, 0.0
0.0, 0.0, 0.0, 0.0, 0.0
0.0, 0.0, 0.0, 0.0, 0.0
 , , , , 
0.0, 0.0, 0.0, 0.0, 0.0
0.0, 0.0, 0.0, 0.0, 0.0
0.0, 0.0, 0.0, 0.0, 0.0
0.125, 0.0, 0.0, 0.5, 0.0
0.0, 0.0, 0.0, 0.0, 0.0
0.0, 0.0, 0.0, 0.0, 0.0
0.0, 0.0, 0.0, 0.0, 0.0
 , , , , 
0.0, 0.0, 0.0, 0.0, 0.0
0.125, 0.0, 0.0, 0.5, 0.0
 , , , , 
0.125, 0.0, 0.0, 0.5, 0.0
0.0, 0.0, 0.0, 0.0, 0.0
 , , , , 
0.16666666666666666, 0.0, 0.0, 0.5, 0.0
0.0, 0.0, 0.0, 0.0, 0.0
0.0, 0.0, 0.0, 0.0, 0.0
0.13333333333333333, 0.0, 0.0, 0.4, 0.0
0.0, 0.0, 0.0, 0.0, 0.0
0.08, 0.0, 0.0, 0.4, 0.0
 , , , , 
0.0, 0.0, 0.0, 0.0, 0.0
0.0, 0.0, 0.0, 0.0, 0.0
 , , , , 
0.0, 0.0, 0.0, 0.0, 0.0
0.5, 0.5, 0.5, 0.5, 0.5
0.0, 0.0, 0.0, 0.0, 0.0
0.0, 0.0, 0.0, 0.0, 0.0
0.5, 0.5, 0.5, 0.5, 0.5
0.0, 0.0, 0.0, 0.0, 0.0
0.0, 0.0, 0.0, 0.0, 0.0
0.0, 0.0, 0.0, 0.0, 0.0
 , , , , 
0.0, 0.0, 0.0, 0.0, 0.0
 , , , , 
0.25, 0.25, 0.0, 0.5, 0.0
 , , , , 
 , , , , 
0.0, 0.0, 0.0, 0.0, 0.0
0.125, 0.0, 0.0, 0.5, 0.0
0.0, 0.0, 0.0, 0.0, 0.0
0.25, 0.25, 0.0, 0.5, 0.0
0.0, 0.0, 0.0, 0.0, 0.0
0.0, 0.0, 0.0, 0.0, 0.0
0.16666666666666666, 0.0, 0.0, 0.5, 0.0
0.0, 0.0, 0.0, 0.0, 0.0
0.0, 0.0, 0.0, 0.0, 0.0
0.0, 0.0, 0.0, 0.0, 0.0
0.0, 0.0, 0.0, 0.0, 0.0
0.5, 0.5, 0.5, 0.5, 0.0
0.0, 0.0, 0.0, 0.0, 0.0
0.5, 0.5, 0.5, 0.5, 0.5
0.0, 0.0, 0.0, 0.0, 0.0
 , , , , 
0.0, 0.0, 0.0, 0.0, 0.0
0.0, 0.0, 0.0, 0.0, 0.0
 , , , , 
0.0, 0.0, 0.0, 0.0, 0.0
0.0, 0.0, 0.0, 0.0, 0.0
0.0, 0.0, 0.0, 0.0, 0.0
0.2, 0.2, 0.0, 0.4, 0.0
0.1, 0.0, 0.0, 0.4, 0.0
0.33333333333333337, 0.33333333333333337, 0.0, 0.6666666666666667, 0.0
0.0, 0.0, 0.0, 0.0, 0.0
0.0, 0.0, 0.0, 0.0, 0.0
0.0, 0.0, 0.0, 0.0, 0.0
0.0, 0.0, 0.0, 0.0, 0.0
0.0, 0.0, 0.0, 0.0, 0.0
0.0, 0.0, 0.0, 0.0, 0.0
0.25, 0.25, 0.0, 0.5, 0.0
0.0, 0.0, 0.0, 0.0, 0.0
0.0, 0.0, 0.0, 0.0, 0.0
0.0, 0.0, 0.0, 0.0, 0.0
0.0, 0.0, 0.0, 0.0, 0.0
 , , , , 
0.0, 0.0, 0.0, 0.0, 0.0
0.33333333333333337, 0.33333333333333337, 0.0, 0.6666666666666667, 0.0
0.125, 0.0, 0.0, 0.5, 0.0
0.1, 0.0, 0.0, 0.5, 0.0
0.0, 0.0, 0.0, 0.0, 0.0
 , , , , 
0.0, 0.0, 0.0, 0.0, 0.0
0.0, 0.0, 0.0, 0.0, 0.0
0.0, 0.0, 0.0, 0.0, 0.0
0.0, 0.0, 0.0, 0.0, 0.0
0.0, 0.0, 0.0, 0.0, 0.0
0.0, 0.0, 0.0, 0.0, 0.0
0.25, 0.25, 0.0, 0.5, 0.0
0.0, 0.0, 0.0, 0.0, 0.0
0.0, 0.0, 0.0, 0.0, 0.0
0.0, 0.0, 0.0, 0.0, 0.0
0.0, 0.0, 0.0, 0.0, 0.0
0.5333333333333334, 0.5333333333333334, 0.4, 0.6666666666666667, 0.0
0.0, 0.0, 0.0, 0.0, 0.0
0.0, 0.0, 0.0, 0.0, 0.0
0.22222222222222224, 0.0, 0.0, 0.6666666666666667, 0.0
0.0, 0.0, 0.0, 0.0, 0.0
0.0, 0.0, 0.0, 0.0, 0.0
0.33333333333333337, 0.33333333333333337, 0.0, 0.6666666666666667, 0.0
0.125, 0.0, 0.0, 0.5, 0.0
 , , , , 
0.0, 0.0, 0.0, 0.0, 0.0
0.125, 0.0, 0.0, 0.5, 0.0
0.13333333333333333, 0.0, 0.0, 0.4, 0.0
0.125, 0.0, 0.0, 0.5, 0.0
0.0, 0.0, 0.0, 0.0, 0.0
0.25, 0.25, 0.0, 0.5, 0.0
0.0, 0.0, 0.0, 0.0, 0.0
0.0, 0.0, 0.0, 0.0, 0.0
0.0, 0.0, 0.0, 0.0, 0.0
0.0, 0.0, 0.0, 0.0, 0.0
0.0, 0.0, 0.0, 0.0, 0.0
0.0, 0.0, 0.0, 0.0, 0.0
0.0, 0.0, 0.0, 0.0, 0.0
0.0, 0.0, 0.0, 0.0, 0.0
0.1, 0.0, 0.0, 0.5, 0.0
0.0, 0.0, 0.0, 0.0, 0.0
0.0, 0.0, 0.0, 0.0, 0.0
0.22222222222222224, 0.0, 0.0, 0.6666666666666667, 0.0
 , , , , 
0.0, 0.0, 0.0, 0.0, 0.0
0.0, 0.0, 0.0, 0.0, 0.0
0.0, 0.0, 0.0, 0.0, 0.0
0.0, 0.0, 0.0, 0.0, 0.0
0.0, 0.0, 0.0, 0.0, 0.0
0.0, 0.0, 0.0, 0.0, 0.0
0.1, 0.0, 0.0, 0.4, 0.0
0.16666666666666666, 0.0, 0.0, 0.5, 0.0
0.0, 0.0, 0.0, 0.0, 0.0
0.0, 0.0, 0.0, 0.0, 0.0
0.0, 0.0, 0.0, 0.0, 0.0
0.0, 0.0, 0.0, 0.0, 0.0
0.0, 0.0, 0.0, 0.0, 0.0
0.0, 0.0, 0.0, 0.0, 0.0
 , , , , 
0.0, 0.0, 0.0, 0.0, 0.0
0.22222222222222224, 0.0, 0.0, 0.6666666666666667, 0.0
0.08, 0.0, 0.0, 0.4, 0.0
0.0, 0.0, 0.0, 0.0, 0.0
0.5, 0.5, 0.5, 0.5, 0.5
0.0, 0.0, 0.0, 0.0, 0.0
0.0, 0.0, 0.0, 0.0, 0.0
0.16666666666666666, 0.0, 0.0, 0.5, 0.0
0.0, 0.0, 0.0, 0.0, 0.0
0.0, 0.0, 0.0, 0.0, 0.0
0.33333333333333337, 0.33333333333333337, 0.0, 0.6666666666666667, 0.0
0.25, 0.25, 0.0, 0.5, 0.0
0.0, 0.0, 0.0, 0.0, 0.0
0.125, 0.0, 0.0, 0.5, 0.0
0.16666666666666669, 0.0, 0.0, 0.6666666666666667, 0.0
 , , , , 
0.2611111111111111, 0.2, 0.0, 0.6666666666666667, 0.0
0.0, 0.0, 0.0, 0.0, 0.0
0.22222222222222224, 0.0, 0.0, 0.6666666666666667, 0.0
0.0, 0.0, 0.0, 0.0, 0.0
0.0, 0.0, 0.0, 0.0, 0.0
0.13333333333333333, 0.0, 0.0, 0.4, 0.0
0.0, 0.0, 0.0, 0.0, 0.0
0.0, 0.0, 0.0, 0.0, 0.0
0.0, 0.0, 0.0, 0.0, 0.0
0.0, 0.0, 0.0, 0.0, 0.0
0.0, 0.0, 0.0, 0.0, 0.0
0.0, 0.0, 0.0, 0.0, 0.0
0.16666666666666666, 0.0, 0.0, 0.5, 0.0
0.16666666666666666, 0.0, 0.0, 0.5, 0.0
0.0, 0.0, 0.0, 0.0, 0.0
0.0, 0.0, 0.0, 0.0, 0.0
0.0, 0.0, 0.0, 0.0, 0.0
0.0, 0.0, 0.0, 0.0, 0.0
0.0, 0.0, 0.0, 0.0, 0.0
0.0, 0.0, 0.0, 0.0, 0.0
0.25, 0.25, 0.0, 0.5, 0.0
0.0, 0.0, 0.0, 0.0, 0.0
0.5, 0.5, 0.5, 0.5, 0.5
0.0, 0.0, 0.0, 0.0, 0.0
0.0, 0.0, 0.0, 0.0, 0.0
0.0, 0.0, 0.0, 0.0, 0.0
0.33333333333333337, 0.33333333333333337, 0.0, 0.6666666666666667, 0.0
0.4, 0.4, 0.4, 0.4, 0.4
0.0, 0.0, 0.0, 0.0, 0.0
0.0, 0.0, 0.0, 0.0, 0.0
0.0, 0.0, 0.0, 0.0, 0.0
0.22222222222222224, 0.0, 0.0, 0.6666666666666667, 0.0
0.0, 0.0, 0.0, 0.0, 0.0
0.0, 0.0, 0.0, 0.0, 0.0
0.0, 0.0, 0.0, 0.0, 0.0
0.6666666666666667, 0.6666666666666667, 0.6666666666666667, 0.6666666666666667, 0.6666666666666667
0.0, 0.0, 0.0, 0.0, 0.0
0.2, 0.2, 0.0, 0.4, 0.0
0.0, 0.0, 0.0, 0.0, 0.0
0.5, 0.5, 0.5, 0.5, 0.5
 , , , , 
0.0, 0.0, 0.0, 0.0, 0.0
 , , , , 
0.22222222222222224, 0.0, 0.0, 0.6666666666666667, 0.0
0.0, 0.0, 0.0, 0.0, 0.0
0.0, 0.0, 0.0, 0.0, 0.0
0.48888888888888893, 0.4, 0.4, 0.6666666666666667, 0.0
0.0, 0.0, 0.0, 0.0, 0.0
0.0, 0.0, 0.0, 0.0, 0.0
0.25, 0.25, 0.0, 0.5, 0.0
0.0, 0.0, 0.0, 0.0, 0.0
0.0, 0.0, 0.0, 0.0, 0.0
 , , , , 
0.6666666666666667, 0.6666666666666667, 0.6666666666666667, 0.6666666666666667, 0.6666666666666667
0.0, 0.0, 0.0, 0.0, 0.0
 , , , , 
0.0, 0.0, 0.0, 0.0, 0.0
0.0, 0.0, 0.0, 0.0, 0.0
0.0, 0.0, 0.0, 0.0, 0.0
0.0, 0.0, 0.0, 0.0, 0.0
0.33333333333333337, 0.33333333333333337, 0.0, 0.6666666666666667, 0.0
0.2, 0.2, 0.0, 0.4, 0.0
0.0, 0.0, 0.0, 0.0, 0.0
0.0, 0.0, 0.0, 0.0, 0.0
0.35, 0.45, 0.0, 0.5, 0.0
 , , , , 
0.25, 0.25, 0.0, 0.5, 0.0
0.0, 0.0, 0.0, 0.0, 0.0
0.0, 0.0, 0.0, 0.0, 0.0
0.0, 0.0, 0.0, 0.0, 0.0
0.5, 0.5, 0.5, 0.5, 0.0
0.0, 0.0, 0.0, 0.0, 0.0
 , , , , 
 , , , , 
0.0, 0.0, 0.0, 0.0, 0.0
0.0, 0.0, 0.0, 0.0, 0.0
0.0, 0.0, 0.0, 0.0, 0.0
0.25, 0.25, 0.0, 0.5, 0.0
0.0, 0.0, 0.0, 0.0, 0.0
0.0, 0.0, 0.0, 0.0, 0.0
0.0, 0.0, 0.0, 0.0, 0.0
0.0, 0.0, 0.0, 0.0, 0.0
0.1, 0.0, 0.0, 0.5, 0.0
0.0, 0.0, 0.0, 0.0, 0.0
0.0, 0.0, 0.0, 0.0, 0.0
 , , , , 
0.0, 0.0, 0.0, 0.0, 0.0
0.22222222222222224, 0.0, 0.0, 0.6666666666666667, 0.0
0.0, 0.0, 0.0, 0.0, 0.0
0.0, 0.0, 0.0, 0.0, 0.0
0.0, 0.0, 0.0, 0.0, 0.0
0.0, 0.0, 0.0, 0.0, 0.0
0.0, 0.0, 0.0, 0.0, 0.0
0.4, 0.4, 0.4, 0.4, 0.4
0.6666666666666667, 0.6666666666666667, 0.6666666666666667, 0.6666666666666667, 0.0
 , , , , 
0.0, 0.0, 0.0, 0.0, 0.0
 , , , , 
0.22222222222222224, 0.0, 0.0, 0.6666666666666667, 0.0
 , , , , 
0.0, 0.0, 0.0, 0.0, 0.0
0.13333333333333333, 0.0, 0.0, 0.4, 0.0
0.0, 0.0, 0.0, 0.0, 0.0
0.3888888888888889, 0.5, 0.0, 0.6666666666666667, 0.0
0.0, 0.0, 0.0, 0.0, 0.0
0.0, 0.0, 0.0, 0.0, 0.0
0.25, 0.25, 0.0, 0.5, 0.0
0.25, 0.25, 0.0, 0.5, 0.0
0.0, 0.0, 0.0, 0.0, 0.0
0.0, 0.0, 0.0, 0.0, 0.0
0.0, 0.0, 0.0, 0.0, 0.0
0.0, 0.0, 0.0, 0.0, 0.0
0.0, 0.0, 0.0, 0.0, 0.0
0.22222222222222224, 0.0, 0.0, 0.6666666666666667, 0.0
0.0, 0.0, 0.0, 0.0, 0.0
0.2916666666666667, 0.25, 0.0, 0.6666666666666667, 0.0
0.0, 0.0, 0.0, 0.0, 0.0
