0.6666666666666667, 0.6666666666666667, 0.6666666666666667, 0.6666666666666667, 0.6666666666666667
0.16666666666666666, 0.0, 0.0, 0.5, 0.0
 , , , , 
0.25, 0.25, 0.0, 0.5, 0.0
0.0, 0.0, 0.0, 0.0, 0.0
0.5, 0.5, 0.5, 0.5, 0.5
0.0, 0.0, 0.0, 0.0, 0.0
0.0, 0.0, 0.0, 0.0, 0.0
 , , , , 
0.0, 0.0, 0.0, 0.0, 0.0
 , , , , 
0.0, 0.0, 0.0, 0.0, 0.0
0.0, 0.0, 0.0, 0.0, 0.0
0.0, 0.0, 0.0, 0.0, 0.0
0.0, 0.0, 0.0, 0.0, 0.0
0.125, 0.0, 0.0, 0.5, 0.0
0.0, 0.0, 0.0, 0.0, 0.0
 , , , , 
0.0, 0.0, 0.0, 0.0, 0.0
0.0, 0.0, 0.0, 0.0, 0.0
0.0, 0.0, 0.0, 0.0, 0.0
0.0, 0.0, 0.0, 0.0, 0.0
0.0, 0.0, 0.0, 0.0, 0.0
0.0, 0.0, 0.0, 0.0, 0.0
0.0, 0.0, 0.0, 0.0, 0.0
0.0, 0.0, 0.0, 0.0, 0.0
0.16666666666666666, 0.0, 0.0, 0.5, 0.0
0.16666666666666666, 0.0, 0.0, 0.5, 0.0
0.0, 0.0, 0.0, 0.0, 0.0
0.25, 0.25, 0.0, 0.5, 0.0
0.16666666666666666, 0.0, 0.0, 0.5, 0.0
0.1, 0.0, 0.0, 0.4, 0.0
0.25, 0.25, 0.0, 0.5, 0.0
0.0, 0.0, 0.0, 0.0, 0.0
0.0, 0.0, 0.0, 0.0, 0.0
0.1, 0.0, 0.0, 0.4, 0.0
0.0, 0.0, 0.0, 0.0, 0.0
0.0, 0.0, 0.0, 0.0, 0.0
 , , , , 
0.35, 0.45, 0.0, 0.5, 0.0
0.6666666666666667, 0.6666666666666667, 0.6666666666666667, 0.6666666666666667, 0.6666666666666667
0.0, 0.0, 0.0, 0.0, 0.0
0.0, 0.0, 0.0, 0.0, 0.0
0.0, 0.0, 0.0, 0.0, 0.0
 , , , , 
 , , , , 
0.33333333333333337, 0.33333333333333337, 0.0, 0.6666666666666667, 0.0
 , , , , 
0.0, 0.0, 0.0, 0.0, 0.0
0.16666666666666666, 0.0, 0.0, 0.5, 0.0
0.0, 0.0, 0.0, 0.0, 0.0
0.0, 0.0, 0.0, 0.0, 0.0
0.225, 0.2, 0.0, 0.5, 0.0
0.18, 0.0, 0.0, 0.5, 0.0
0.22222222222222224, 0.0, 0.0, 0.6666666666666667, 0.0
0.16666666666666666, 0.0, 0.0, 0.5, 0.0
0.125, 0.0, 0.0, 0.5, 0.0
0.0, 0.0, 0.0, 0.0, 0.0
0.0, 0.0, 0.0, 0.0, 0.0
0.25, 0.25, 0.0, 0.5, 0.0
0.08333333333333333, 0.0, 0.0, 0.5, 0.0
0.22222222222222224, 0.0, 0.0, 0.6666666666666667, 0.0
0.0, 0.0, 0.0, 0.0, 0.0
0.0, 0.0, 0.0, 0.0, 0.0
0.0, 0.0, 0.0, 0.0, 0.0
0.0, 0.0, 0.0, 0.0, 0.0
0.6666666666666667, 0.6666666666666667, 0.6666666666666667, 0.6666666666666667, 0.6666666666666667
0.0, 0.0, 0.0, 0.0, 0.0
0.0, 0.0, 0.0, 0.0, 0.0
0.0, 0.0, 0.0, 0.0, 0.0
0.22222222222222224, 0.0, 0.0, 0.6666666666666667, 0.0
0.4, 0.4, 0.4, 0.4, 0.4
0.0, 0.0, 0.0, 0.0, 0.0
0.33333333333333337, 0.33333333333333337, 0.0, 0.6666666666666667, 0.0
0.0, 0.0, 0.0, 0.0, 0.0
0.13333333333333336, 0.0, 0.0, 0.6666666666666667, 0.0
0.3, 0.4, 0.0, 0.5, 0.0
0.22222222222222224, 0.0, 0.0, 0.6666666666666667, 0.0
0.0, 0.0, 0.0, 0.0, 0.0
0.1, 0.0, 0.0, 0.4, 0.0
0.13333333333333333, 0.0, 0.0, 0.4, 0.0
0.0, 0.0, 0.0, 0.0, 0.0
0.0, 0.0, 0.0, 0.0, 0.0
0.0, 0.0, 0.0, 0.0, 0.0
0.0, 0.0, 0.0, 0.0, 0.0
0.0, 0.0, 0.0, 0.0, 0.0
0.22222222222222224, 0.0, 0.0, 0.6666666666666667, 0.0
0.0, 0.0, 0.0, 0.0, 0.0
0.0, 0.0, 0.0, 0.0, 0.0
0.0, 0.0, 0.0, 0.0, 0.0
0.0, 0.0, 0.0, 0.0, 0.0
0.0, 0.0, 0.0, 0.0, 0.0
0.0, 0.0, 0.0, 0.0, 0.0
0.25, 0.25, 0.0, 0.5, 0.0
0.0, 0.0, 0.0, 0.0, 0.0
0.0, 0.0, 0.0, 0.0, 0.0
0.0, 0.0, 0.0, 0.0, 0.0
0.0, 0.0, 0.0, 0.0, 0.0
0.0, 0.0, 0.0, 0.0, 0.0
0.0, 0.0, 0.0, 0.0, 0.0
0.0, 0.0, 0.0, 0.0, 0.0
0.0, 0.0, 0.0, 0.0, 0.0
0.0, 0.0, 0.0, 0.0, 0.0
0.2, 0.2, 0.0, 0.4, 0.0
0.13333333333333336, 0.0, 0.0, 0.6666666666666667, 0.0
0.16666666666666666, 0.0, 0.0, 0.5, 0.0
0.0, 0.0, 0.0, 0.0, 0.0
0.0, 0.0, 0.0, 0.0, 0.0
0.0, 0.0, 0.0, 0.0, 0.0
0.0, 0.0, 0.0, 0.0, 0.0
0.25, 0.25, 0.0, 0.5, 0.0
0.25, 0.25, 0.0, 0.5, 0.0
0.0, 0.0, 0.0, 0.0, 0.0
0.4, 0.4, 0.4, 0.4, 0.4
0.0, 0.0, 0.0, 0.0, 0.0
0.0, 0.0, 0.0, 0.0, 0.0
0.0, 0.0, 0.0, 0.0, 0.0
0.33333333333333337, 0.33333333333333337, 0.0, 0.6666666666666667, 0.0
 , , , , 
0.0, 0.0, 0.0, 0.0, 0.0
0.0, 0.0, 0.0, 0.0, 0.0
0.0, 0.0, 0.0, 0.0, 0.0
0.16666666666666666, 0.0, 0.0, 0.5, 0.0
0.16666666666666669, 0.0, 0.0, 0.6666666666666667, 0.0
0.0, 0.0, 0.0, 0.0, 0.0
0.0, 0.0, 0.0, 0.0, 0.0
0.0, 0.0, 0.0, 0.0, 0.0
0.1, 0.0, 0.0, 0.4, 0.0
0.22222222222222224, 0.0, 0.0, 0.6666666666666667, 0.0
0.0, 0.0, 0.0, 0.0, 0.0
0.6666666666666667, 0.6666666666666667, 0.6666666666666667, 0.6666666666666667, 0.6666666666666667
0.16666666666666666, 0.0, 0.0, 0.5, 0.0
0.4, 0.4, 0.4, 0.4, 0.4
0.0, 0.0, 0.0, 0.0, 0.0
 , , , , 
0.0, 0.0, 0.0, 0.0, 0.0
0.0, 0.0, 0.0, 0.0, 0.0
0.16666666666666666, 0.0, 0.0, 0.5, 0.0
 , , , , 
 , , , , 
0.16666666666666666, 0.0, 0.0, 0.5, 0.0
0.25, 0.25, 0.0, 0.5, 0.0
0.0, 0.0, 0.0, 0.0, 0.0
0.0, 0.0, 0.0, 0.0, 0.0
0.0, 0.0, 0.0, 0.0, 0.0
0.0, 0.0, 0.0, 0.0, 0.0
0.0, 0.0, 0.0, 0.0, 0.0
0.0, 0.0, 0.0, 0.0, 0.0
0.4444444444444445, 0.6666666666666667, 0.0, 0.6666666666666667, 0.0
0.0, 0.0, 0.0, 0.0, 0.0
0.0, 0.0, 0.0, 0.0, 0.0
0.0, 0.0, 0.0, 0.0, 0.0
0.0, 0.0, 0.0, 0.0, 0.0
0.0, 0.0, 0.0, 0.0, 0.0
0.0, 0.0, 0.0, 0.0, 0.0
0.0, 0.0, 0.0, 0.0, 0.0
0.5, 0.5, 0.5, 0.5, 0.5
0.0, 0.0, 0.0, 0.0, 0.0
0.0, 0.0, 0.0, 0.0, 0.0
0.33333333333333337, 0.33333333333333337, 0.0, 0.6666666666666667, 0.0
0.0, 0.0, 0.0, 0.0, 0.0
0.5, 0.5, 0.5, 0.5, 0.5
0.0, 0.0, 0.0, 0.0, 0.0
 , , , , 
0.18, 0.0, 0.0, 0.5, 0.0
0.16666666666666666, 0.0, 0.0, 0.5, 0.0
0.16666666666666666, 0.0, 0.0, 0.5, 0.0
0.13333333333333333, 0.0, 0.0, 0.4, 0.0
0.0, 0.0, 0.0, 0.0, 0.0
0.0, 0.0, 0.0, 0.0, 0.0
0.16666666666666669, 0.0, 0.0, 0.6666666666666667, 0.0
0.0, 0.0, 0.0, 0.0, 0.0
 , , , , 
0.0, 0.0, 0.0, 0.0, 0.0
0.0, 0.0, 0.0, 0.0, 0.0
0.0, 0.0, 0.0, 0.0, 0.0
0.5, 0.5, 0.5, 0.5, 0.5
0.0, 0.0, 0.0, 0.0, 0.0
0.0, 0.0, 0.0, 0.0, 0.0
0.16666666666666666, 0.0, 0.0, 0.5, 0.0
0.6666666666666667, 0.6666666666666667, 0.6666666666666667, 0.6666666666666667, 0.6666666666666667
0.0, 0.0, 0.0, 0.0, 0.0
0.0, 0.0, 0.0, 0.0, 0.0
 , , , , 
0.0, 0.0, 0.0, 0.0, 0.0
0.5, 0.5, 0.5, 0.5, 0.5
0.0, 0.0, 0.0, 0.0, 0.0
 , , , , 
0.125, 0.0, 0.0, 0.5, 0.0
0.0, 0.0, 0.0, 0.0, 0.0
0.0, 0.0, 0.0, 0.0, 0.0
0.5, 0.5, 0.5, 0.5, 0.5
0.0, 0.0, 0.0, 0.0, 0.0
 , , , , 
 , , , , 
0.0, 0.0, 0.0, 0.0, 0.0
0.0, 0.0, 0.0, 0.0, 0.0
0.0, 0.0, 0.0, 0.0, 0.0
0.0, 0.0, 0.0, 0.0, 0.0
0.1, 0.0, 0.0, 0.4, 0.0
0.0, 0.0, 0.0, 0.0, 0.0
0.0, 0.0, 0.0, 0.0, 0.0
0.5, 0.5, 0.5, 0.5, 0.5
0.0, 0.0, 0.0, 0.0, 0.0
0.18, 0.0, 0.0, 0.5, 0.0
0.22222222222222224, 0.0, 0.0, 0.6666666666666667, 0.0
0.6666666666666667, 0.6666666666666667, 0.6666666666666667, 0.6666666666666667, 0.6666666666666667
0.0, 0.0, 0.0, 0.0, 0.0
0.1, 0.0, 0.0, 0.4, 0.0
0.0, 0.0, 0.0, 0.0, 0.0
0.0, 0.0, 0.0, 0.0, 0.0
0.0, 0.0, 0.0, 0.0, 0.0
0.0, 0.0, 0.0, 0.0, 0.0
0.25, 0.25, 0.0, 0.5, 0.0
0.0, 0.0, 0.0, 0.0, 0.0
0.5, 0.5, 0.5, 0.5, 0.5
 , , , , 
0.0, 0.0, 0.0, 0.0, 0.0
0.0, 0.0, 0.0, 0.0, 0.0
0.0, 0.0, 0.0, 0.0, 0.0
0.5, 0.5, 0.5, 0.5, 0.5
0.25, 0.25, 0.0, 0.5, 0.0
0.6666666666666667, 0.6666666666666667, 0.6666666666666667, 0.6666666666666667, 0.6666666666666667
0.0, 0.0, 0.0, 0.0, 0.0
0.3888888888888889, 0.5, 0.0, 0.6666666666666667, 0.0
0.0, 0.0, 0.0, 0.0, 0.0
0.125, 0.0, 0.0, 0.5, 0.0
0.2, 0.2, 0.0, 0.4, 0.0
0.0, 0.0, 0.0, 0.0, 0.0
0.0, 0.0, 0.0, 0.0, 0.0
0.0, 0.0, 0.0, 0.0, 0.0
0.0, 0.0, 0.0, 0.0, 0.0
0.0, 0.0, 0.0, 0.0, 0.0
0.2666666666666667, 0.0, 0.0, 0.6666666666666667, 0.0
 , , , , 
 , , , , 
0.0, 0.0, 0.0, 0.0, 0.0
0.16, 0.0, 0.0, 0.4, 0.0
0.25, 0.25, 0.0, 0.5, 0.0
0.2, 0.2, 0.0, 0.4, 0.0
0.0, 0.0, 0.0, 0.0, 0.0
0.0, 0.0, 0.0, 0.0, 0.0
0.25, 0.25, 0.0, 0.5, 0.0
 , , , , 
0.16666666666666669, 0.0, 0.0, 0.6666666666666667, 0.0
0.0, 0.0, 0.0, 0.0, 0.0
 , , , , 
0.5, 0.5, 0.5, 0.5, 0.5
 , , , , 
0.0, 0.0, 0.0, 0.0, 0.0
0.33333333333333337, 0.33333333333333337, 0.0, 0.6666666666666667, 0.0
0.33333333333333337, 0.33333333333333337, 0.0, 0.6666666666666667, 0.0
0.0, 0.0, 0.0, 0.0, 0.0
0.25, 0.25, 0.0, 0.5, 0.0
0.125, 0.0, 0.0, 0.5, 0.0
0.0, 0.0, 0.0, 0.0, 0.0
0.0, 0.0, 0.0, 0.0, 0.0
0.0, 0.0, 0.0, 0.0, 0.0
 , , , , 
0.16666666666666666, 0.0, 0.0, 0.5, 0.0
0.4444444444444445, 0.6666666666666667, 0.0, 0.6666666666666667, 0.0
0.18, 0.0, 0.0, 0.5, 0.0
0.3666666666666667, 0.5, 0.0, 0.6666666666666667, 0.0
0.3, 0.4, 0.0, 0.5, 0.0
0.1, 0.0, 0.0, 0.4, 0.0
0.22222222222222224, 0.0, 0.0, 0.6666666666666667, 0.0
0.16666666666666669, 0.0, 0.0, 0.6666666666666667, 0.0
0.0, 0.0, 0.0, 0.0, 0.0
 , , , , 
0.0, 0.0, 0.0, 0.0, 0.0
0.0, 0.0, 0.0, 0.0, 0.0
0.0, 0.0, 0.0, 0.0, 0.0
0.0, 0.0, 0.0, 0.0, 0.0
0.2, 0.2, 0.0, 0.4, 0.0
0.13333333333333333, 0.0, 0.0, 0.4, 0.0
0.0, 0.0, 0.0, 0.0, 0.0
0.3, 0.4, 0.0, 0.5, 0.0
0.25, 0.25, 0.0, 0.5, 0.0
0.0, 0.0, 0.0, 0.0, 0.0
0.0, 0.0, 0.0, 0.0, 0.0
0.5, 0.5, 0.5, 0.5, 0.5
0.22222222222222224, 0.0, 0.0, 0.6666666666666667, 0.0
0.0, 0.0, 0.0, 0.0, 0.0
0.0, 0.0, 0.0, 0.0, 0.0
0.0, 0.0, 0.0, 0.0, 0.0
0.0, 0.0, 0.0, 0.0, 0.0
0.0, 0.0, 0.0, 0.0, 0.0
0.0, 0.0, 0.0, 0.0, 0.0
0.0, 0.0, 0.0, 0.0, 0.0
0.0, 0.0, 0.0, 0.0, 0.0
0.0, 0.0, 0.0, 0.0, 0.0
0.0, 0.0, 0.0, 0.0, 0.0
0.0, 0.0, 0.0, 0.0, 0.0
0.0, 0.0, 0.0, 0.0, 0.0
0.0, 0.0, 0.0, 0.0, 0.0
0.0, 0.0, 0.0, 0.0, 0.0
0.0, 0.0, 0.0, 0.0, 0.0
0.0, 0.0, 0.0, 0.0, 0.0
0.0, 0.0, 0.0, 0.0, 0.0
0.0, 0.0, 0.0, 0.0, 0.0
 , , , , 
0.0, 0.0, 0.0, 0.0, 0.0
0.0, 0.0, 0.0, 0.0, 0.0
0.22222222222222224, 0.0, 0.0, 0.6666666666666667, 0.0
0.22222222222222224, 0.0, 0.0, 0.6666666666666667, 0.0
0.0, 0.0, 0.0, 0.0, 0.0
0.0, 0.0, 0.0, 0.0, 0.0
0.0, 0.0, 0.0, 0.0, 0.0
0.0, 0.0, 0.0, 0.0, 0.0
0.0, 0.0, 0.0, 0.0, 0.0
0.3, 0.4, 0.0, 0.5, 0.0
0.13333333333333333, 0.0, 0.0, 0.4, 0.0
0.0, 0.0, 0.0, 0.0, 0.0
0.125, 0.0, 0.0, 0.5, 0.0
0.0, 0.0, 0.0, 0.0, 0.0
0.0, 0.0, 0.0, 0.0, 0.0
0.0, 0.0, 0.0, 0.0, 0.0
0.5, 0.5, 0.5, 0.5, 0.5
 , , , , 
 , , , , 
0.2916666666666667, 0.25, 0.0, 0.6666666666666667, 0.0
0.0, 0.0, 0.0, 0.0, 0.0
0.5, 0.5, 0.5, 0.5, 0.5
0.0, 0.0, 0.0, 0.0, 0.0
0.25, 0.25, 0.0, 0.5, 0.0
0.0, 0.0, 0.0, 0.0, 0.0
0.1, 0.0, 0.0, 0.4, 0.0
0.0, 0.0, 0.0, 0.0, 0.0
0.2, 0.2, 0.0, 0.4, 0.0
0.0, 0.0, 0.0, 0.0, 0.0
0.25, 0.25, 0.0, 0.5, 0.0
0.0, 0.0, 0.0, 0.0, 0.0
 , , , , 
0.21333333333333337, 0.0, 0.0, 0.6666666666666667, 0.0
0.16666666666666669, 0.0, 0.0, 0.6666666666666667, 0.0
0.2, 0.0, 0.0, 0.5, 0.0
0.0, 0.0, 0.0, 0.0, 0.0
 , , , , 
0.25, 0.25, 0.0, 0.5, 0.0
 , , , , 
0.0, 0.0, 0.0, 0.0, 0.0
0.0, 0.0, 0.0, 0.0, 0.0
0.0, 0.0, 0.0, 0.0, 0.0
0.0, 0.0, 0.0, 0.0, 0.0
0.0, 0.0, 0.0, 0.0, 0.0
0.25, 0.25, 0.0, 0.5, 0.0
0.0, 0.0, 0.0, 0.0, 0.0
0.0, 0.0, 0.0, 0.0, 0.0
0.0, 0.0, 0.0, 0.0, 0.0
0.0, 0.0, 0.0, 0.0, 0.0
0.5333333333333334, 0.5333333333333334, 0.4, 0.6666666666666667, 0.0
0.22222222222222224, 0.0, 0.0, 0.6666666666666667, 0.0
0.0, 0.0, 0.0, 0.0, 0.0
0.19444444444444445, 0.0, 0.0, 0.6666666666666667, 0.0
 , , , , 
0.0, 0.0, 0.0, 0.0, 0.0
0.0, 0.0, 0.0, 0.0, 0.0
0.0, 0.0, 0.0, 0.0, 0.0
0.13333333333333333, 0.0, 0.0, 0.4, 0.0
0.125, 0.0, 0.0, 0.5, 0.0
0.0, 0.0, 0.0, 0.0, 0.0
0.0, 0.0, 0.0, 0.0, 0.0
0.13333333333333333, 0.0, 0.0, 0.4, 0.0
0.0, 0.0, 0.0, 0.0, 0.0
0.0, 0.0, 0.0, 0.0, 0.0
0.0, 0.0, 0.0, 0.0, 0.0
0.5, 0.5, 0.5, 0.5, 0.5
0.18, 0.0, 0.0, 0.5, 0.0
 , , , , 
0.33333333333333337, 0.33333333333333337, 0.0, 0.6666666666666667, 0.0
0.22222222222222224, 0.0, 0.0, 0.6666666666666667, 0.0
 , , , , 
0.0, 0.0, 0.0, 0.0, 0.0
0.0, 0.0, 0.0, 0.0, 0.0
0.0, 0.0, 0.0, 0.0, 0.0
0.125, 0.0, 0.0, 0.5, 0.0
0.0, 0.0, 0.0, 0.0, 0.0
0.0, 0.0, 0.0, 0.0, 0.0
 , , , , 
 , , , , 
0.1285714285714286, 0.0, 0.0, 0.5, 0.0
0.0, 0.0, 0.0, 0.0, 0.0
 , , , , 
0.0, 0.0, 0.0, 0.0, 0.0
0.22222222222222224, 0.0, 0.0, 0.6666666666666667, 0.0
0.0, 0.0, 0.0, 0.0, 0.0
0.13333333333333333, 0.0, 0.0, 0.4, 0.0
0.0, 0.0, 0.0, 0.0, 0.0
 , , , , 
0.31333333333333335, 0.4, 0.0, 0.6666666666666667, 0.0
0.5, 0.5, 0.5, 0.5, 0.5
0.0, 0.0, 0.0, 0.0, 0.0
0.0, 0.0, 0.0, 0.0, 0.0
0.0, 0.0, 0.0, 0.0, 0.0
0.16666666666666666, 0.0, 0.0, 0.5, 0.0
0.16666666666666666, 0.0, 0.0, 0.5, 0.0
0.16666666666666666, 0.0, 0.0, 0.5, 0.0
0.0, 0.0, 0.0, 0.0, 0.0
0.16666666666666666, 0.0, 0.0, 0.5, 0.0
0.13333333333333333, 0.0, 0.0, 0.4, 0.0
