0.11452380952380954, 0.0, 0.0, 0.6666666666666667, 0.0
0.0916666666666667, 0.0, 0.0, 0.6666666666666667, 0.0
0.09473684210526316, 0.0, 0.0, 0.6666666666666667, 0.0
0.09195402298850577, 0.0, 0.0, 0.6666666666666667, 0.0
0.09310344827586207, 0.0, 0.0, 0.6666666666666667, 0.0
0.05689655172413794, 0.0, 0.0, 0.6666666666666667, 0.0
0.07857142857142858, 0.0, 0.0, 0.6666666666666667, 0.0
0.0845648604269294, 0.0, 0.0, 0.6666666666666667, 0.0
0.14862155388471182, 0.0, 0.0, 0.6666666666666667, 0.0
0.08166666666666669, 0.0, 0.0, 0.6666666666666667, 0.0
0.07627118644067798, 0.0, 0.0, 0.6666666666666667, 0.0
0.10333333333333336, 0.0, 0.0, 0.6666666666666667, 0.0
0.1574712643678161, 0.0, 0.0, 0.6666666666666667, 0.0
0.08870056497175142, 0.0, 0.0, 0.6666666666666667, 0.0
0.11500000000000002, 0.0, 0.0, 0.6666666666666667, 0.0
0.10564971751412432, 0.0, 0.0, 0.6666666666666667, 0.0
0.18926553672316382, 0.0, 0.0, 0.6666666666666667, 0.0
0.047222222222222235, 0.0, 0.0, 0.6666666666666667, 0.0
0.05964912280701755, 0.0, 0.0, 0.6666666666666667, 0.0
0.10295566502463056, 0.0, 0.0, 0.6666666666666667, 0.0
0.14080459770114945, 0.0, 0.0, 0.6666666666666667, 0.0
0.15057471264367817, 0.0, 0.0, 0.6666666666666667, 0.0
0.14858757062146893, 0.0, 0.0, 0.6666666666666667, 0.0
0.10000000000000003, 0.0, 0.0, 0.6666666666666667, 0.0
0.1418079096045198, 0.0, 0.0, 0.6666666666666667, 0.0
0.07062146892655369, 0.0, 0.0, 0.6666666666666667, 0.0
0.12307060755336621, 0.0, 0.0, 0.6666666666666667, 0.0
0.09548022598870058, 0.0, 0.0, 0.6666666666666667, 0.0
0.10229885057471265, 0.0, 0.0, 0.6666666666666667, 0.0
0.1319047619047619, 0.0, 0.0, 0.6666666666666667, 0.0
0.0593220338983051, 0.0, 0.0, 0.6666666666666667, 0.0
0.06335754640839387, 0.0, 0.0, 0.6666666666666667, 0.0
0.13505747126436785, 0.0, 0.0, 0.6666666666666667, 0.0
0.15862068965517243, 0.0, 0.0, 0.6666666666666667, 0.0
0.07873563218390804, 0.0, 0.0, 0.6666666666666667, 0.0
0.09611111111111112, 0.0, 0.0, 0.8, 0.0
0.07873563218390806, 0.0, 0.0, 0.6666666666666667, 0.0
0.0927360774818402, 0.0, 0.0, 0.6666666666666667, 0.0
0.08333333333333336, 0.0, 0.0, 0.6666666666666667, 0.0
0.10892857142857144, 0.0, 0.0, 0.6666666666666667, 0.0
0.08611111111111112, 0.0, 0.0, 0.6666666666666667, 0.0
0.12019704433497538, 0.0, 0.0, 0.6666666666666667, 0.0
0.17192982456140352, 0.0, 0.0, 0.6666666666666667, 0.0
0.10057471264367819, 0.0, 0.0, 0.6666666666666667, 0.0
0.07777777777777778, 0.0, 0.0, 0.6666666666666667, 0.0
0.06896825396825397, 0.0, 0.0, 0.6666666666666667, 0.0
0.05488297013720743, 0.0, 0.0, 0.6666666666666667, 0.0
0.084180790960452, 0.0, 0.0, 0.6666666666666667, 0.0
0.11000000000000001, 0.0, 0.0, 0.6666666666666667, 0.0
0.08507936507936509, 0.0, 0.0, 0.6666666666666667, 0.0
0.10500000000000001, 0.0, 0.0, 0.6666666666666667, 0.0
0.07344632768361582, 0.0, 0.0, 0.6666666666666667, 0.0
0.12514619883040937, 0.0, 0.0, 0.6666666666666667, 0.0
0.09548022598870057, 0.0, 0.0, 0.6666666666666667, 0.0
0.08275862068965519, 0.0, 0.0, 0.6666666666666667, 0.0
0.04842767295597484, 0.0, 0.0, 0.6666666666666667, 0.0
0.06896551724137932, 0.0, 0.0, 0.6666666666666667, 0.0
0.07062146892655367, 0.0, 0.0, 0.6666666666666667, 0.0
0.07298850574712644, 0.0, 0.0, 0.6666666666666667, 0.0
0.10222222222222224, 0.0, 0.0, 0.6666666666666667, 0.0
0.07966101694915256, 0.0, 0.0, 0.6666666666666667, 0.0
0.13166666666666668, 0.0, 0.0, 0.6666666666666667, 0.0
0.11611111111111112, 0.0, 0.0, 0.6666666666666667, 0.0
0.11762740183792818, 0.0, 0.0, 0.6666666666666667, 0.0
0.03672316384180791, 0.0, 0.0, 0.6666666666666667, 0.0
0.06158192090395481, 0.0, 0.0, 0.6666666666666667, 0.0
0.12865497076023397, 0.0, 0.0, 0.6666666666666667, 0.0
0.053492063492063494, 0.0, 0.0, 0.6666666666666667, 0.0
0.10169491525423732, 0.0, 0.0, 0.6666666666666667, 0.0
0.10175438596491229, 0.0, 0.0, 0.6666666666666667, 0.0
0.07298850574712645, 0.0, 0.0, 0.6666666666666667, 0.0
0.12380952380952384, 0.0, 0.0, 0.6666666666666667, 0.0
0.10574712643678164, 0.0, 0.0, 0.6666666666666667, 0.0
0.10944444444444446, 0.0, 0.0, 0.6666666666666667, 0.0
0.09356725146198833, 0.0, 0.0, 0.6666666666666667, 0.0
0.06892655367231638, 0.0, 0.0, 0.6666666666666667, 0.0
0.1603448275862069, 0.0, 0.0, 0.6666666666666667, 0.0
0.09356725146198833, 0.0, 0.0, 0.6666666666666667, 0.0
0.08735632183908047, 0.0, 0.0, 0.6666666666666667, 0.0
0.10674603174603177, 0.0, 0.0, 0.6666666666666667, 0.0
0.12777777777777782, 0.0, 0.0, 0.6666666666666667, 0.0
0.07344632768361582, 0.0, 0.0, 0.6666666666666667, 0.0
0.09555555555555557, 0.0, 0.0, 0.6666666666666667, 0.0
0.09265536723163843, 0.0, 0.0, 0.6666666666666667, 0.0
0.1192897497982244, 0.0, 0.0, 0.6666666666666667, 0.0
0.09444444444444447, 0.0, 0.0, 0.6666666666666667, 0.0
0.15000000000000002, 0.0, 0.0, 0.6666666666666667, 0.0
0.084180790960452, 0.0, 0.0, 0.6666666666666667, 0.0
0.10008210180623976, 0.0, 0.0, 0.6666666666666667, 0.0
0.07062146892655369, 0.0, 0.0, 0.6666666666666667, 0.0
0.10747126436781611, 0.0, 0.0, 0.6666666666666667, 0.0
0.09000000000000002, 0.0, 0.0, 0.6666666666666667, 0.0
0.12181818181818185, 0.0, 0.0, 0.6666666666666667, 0.0
0.08045977011494256, 0.0, 0.0, 0.6666666666666667, 0.0
0.09322033898305086, 0.0, 0.0, 0.6666666666666667, 0.0
0.1073446327683616, 0.0, 0.0, 0.6666666666666667, 0.0
0.08022598870056499, 0.0, 0.0, 0.6666666666666667, 0.0
0.12485875706214693, 0.0, 0.0, 0.6666666666666667, 0.0
0.06609195402298852, 0.0, 0.0, 0.6666666666666667, 0.0
0.10935672514619885, 0.0, 0.0, 0.6666666666666667, 0.0
