0.8095238095238095, 0.8125, 0.8181818181818181, 0.8095238095238095, 0.8064516129032258, 0.8260869565217391, 0.8064516129032258, 0.8181818181818181, 0.8181818181818181, 0.8125,        
0.8125, 0.8095238095238095, 0.8125, 0.8125, 0.8095238095238095, 0.8181818181818181, 0.7894736842105263, 0.7894736842105263, 0.8095238095238095, 0.8181818181818181,        
0.8125, 0.8181818181818181, 0.8125, 0.8, 0.8181818181818181, 0.8095238095238095, 0.8064516129032258, 0.8181818181818181, 0.8095238095238095, 0.8095238095238095,        
0.8064516129032258, 0.8125, 0.8125, 0.8064516129032258, 0.8064516129032258, 0.8095238095238095, 0.8095238095238095, 0.8064516129032258, 0.8095238095238095, 0.8,        
0.8095238095238095, 0.8181818181818181, 0.8125, 0.8125, 0.8125, 0.8095238095238095, 0.8181818181818181, 0.8064516129032258, 0.8, 0.8260869565217391,        
0.8064516129032258, 0.8095238095238095, 0.8181818181818181, 0.8125, 0.8, 0.8260869565217391, 0.8095238095238095, 0.8095238095238095, 0.8, 0.8125,        
0.8064516129032258, 0.8095238095238095, 0.8125, 0.8125, 0.8181818181818181, 0.8181818181818181, 0.8064516129032258, 0.7916666666666666, 0.8, 0.8095238095238095,        
0.8260869565217391, 0.8, 0.8064516129032258, 0.8181818181818181, 0.8095238095238095, 0.8260869565217391, 0.8125, 0.8, 0.8095238095238095, 0.8095238095238095,        
0.8, 0.8125, 0.8064516129032258, 0.8, 0.8064516129032258, 0.8095238095238095, 0.8181818181818181, 0.8064516129032258, 0.8095238095238095, 0.8181818181818181,        
0.7894736842105263, 0.8064516129032258, 0.8181818181818181, 0.8125, 0.8, 0.8181818181818181, 0.8181818181818181, 0.8181818181818181, 0.8, 0.8125,        
0.8260869565217391, 0.8064516129032258, 0.8181818181818181, 0.782608695652174, 0.8095238095238095, 0.8260869565217391, 0.8125, 0.8064516129032258, 0.8181818181818181, 0.8064516129032258,        
0.8095238095238095, 0.8064516129032258, 0.8064516129032258, 0.8125, 0.8181818181818181, 0.8260869565217391, 0.8095238095238095, 0.8064516129032258, 0.8181818181818181, 0.8064516129032258,        
0.8064516129032258, 0.8181818181818181, 0.8181818181818181, 0.8, 0.8095238095238095, 0.8181818181818181, 0.8064516129032258, 0.8064516129032258, 0.8181818181818181, 0.8181818181818181,        
0.8181818181818181, 0.8095238095238095, 0.8064516129032258, 0.8095238095238095, 0.8064516129032258, 0.8095238095238095, 0.8181818181818181, 0.8095238095238095, 0.8181818181818181, 0.8181818181818181,        
0.8064516129032258, 0.8125, 0.8181818181818181, 0.8181818181818181, 0.8, 0.8095238095238095, 0.8, 0.8064516129032258, 0.8181818181818181, 0.8181818181818181,        
0.8, 0.8095238095238095, 0.8, 0.8, 0.8181818181818181, 0.8181818181818181, 0.8, 0.8181818181818181, 0.8095238095238095, 0.8064516129032258,        
0.8125, 0.8125, 0.8260869565217391, 0.8181818181818181, 0.8125, 0.8260869565217391, 0.8, 0.8125, 0.8, 0.8064516129032258,        
0.8125, 0.8125, 0.8125, 0.8125, 0.8181818181818181, 0.8260869565217391, 0.8125, 0.8125, 0.8095238095238095, 0.8,        
0.8064516129032258, 0.8, 0.8181818181818181, 0.8095238095238095, 0.8095238095238095, 0.8260869565217391, 0.8125, 0.8095238095238095, 0.8235294117647058, 0.8064516129032258,        
0.8064516129032258, 0.8095238095238095, 0.8125, 0.8181818181818181, 0.8181818181818181, 0.8181818181818181, 0.8064516129032258, 0.8095238095238095, 0.8181818181818181, 0.8125,        
0.8125, 0.8181818181818181, 0.8181818181818181, 0.8064516129032258, 0.8, 0.8181818181818181, 0.8095238095238095, 0.8095238095238095, 0.8125, 0.8,        
0.8, 0.8125, 0.8181818181818181, 0.8064516129032258, 0.8064516129032258, 0.8181818181818181, 0.8064516129032258, 0.8095238095238095, 0.8095238095238095, 0.8064516129032258,        
0.8125, 0.8064516129032258, 0.8125, 0.8125, 0.8095238095238095, 0.8181818181818181, 0.8, 0.8095238095238095, 0.8181818181818181, 0.8181818181818181,        
0.8260869565217391, 0.8181818181818181, 0.8125, 0.8064516129032258, 0.8181818181818181, 0.8260869565217391, 0.8260869565217391, 0.8064516129032258, 0.8181818181818181, 0.8095238095238095,        
0.8181818181818181, 0.8064516129032258, 0.8125, 0.8064516129032258, 0.8125, 0.8260869565217391, 0.8181818181818181, 0.8064516129032258, 0.8181818181818181, 0.8095238095238095,        
0.8125, 0.8064516129032258, 0.8125, 0.8095238095238095, 0.8260869565217391, 0.8260869565217391, 0.8181818181818181, 0.7894736842105263, 0.8181818181818181, 0.8064516129032258,        
0.8095238095238095, 0.8125, 0.8064516129032258, 0.7916666666666666, 0.8095238095238095, 0.8181818181818181, 0.7894736842105263, 0.8, 0.8, 0.8095238095238095,        
0.8181818181818181, 0.8095238095238095, 0.8064516129032258, 0.8064516129032258, 0.8, 0.8260869565217391, 0.8, 0.8, 0.8095238095238095, 0.8181818181818181,        
0.8095238095238095, 0.8064516129032258, 0.8064516129032258, 0.8125, 0.8064516129032258, 0.8095238095238095, 0.8125, 0.8, 0.8, 0.8125,        
0.8095238095238095, 0.8095238095238095, 0.8125, 0.8095238095238095, 0.8181818181818181, 0.8181818181818181, 0.8064516129032258, 0.7894736842105263, 0.8095238095238095, 0.8064516129032258,        
0.8095238095238095, 0.8, 0.8064516129032258, 0.8095238095238095, 0.8095238095238095, 0.8181818181818181, 0.8095238095238095, 0.8095238095238095, 0.8181818181818181, 0.8181818181818181,        
0.8064516129032258, 0.8095238095238095, 0.8, 0.8, 0.8, 0.8181818181818181, 0.8181818181818181, 0.8095238095238095, 0.8, 0.8064516129032258,        
0.8125, 0.8095238095238095, 0.8125, 0.8, 0.8095238095238095, 0.8181818181818181, 0.8, 0.8181818181818181, 0.8, 0.8,        
0.8181818181818181, 0.8064516129032258, 0.8064516129032258, 0.8125, 0.8064516129032258, 0.8260869565217391, 0.8095238095238095, 0.8260869565217391, 0.8181818181818181, 0.8064516129032258,        
0.8064516129032258, 0.8125, 0.8125, 0.8095238095238095, 0.8181818181818181, 0.8181818181818181, 0.8125, 0.8, 0.7916666666666666, 0.8064516129032258,        
0.8, 0.8125, 0.8181818181818181, 0.8125, 0.8125, 0.8181818181818181, 0.8095238095238095, 0.8064516129032258, 0.8181818181818181, 0.8125,        
0.8095238095238095, 0.8095238095238095, 0.8235294117647058, 0.8095238095238095, 0.8095238095238095, 0.8181818181818181, 0.8095238095238095, 0.8095238095238095, 0.8181818181818181, 0.8064516129032258,        
0.8, 0.8125, 0.8181818181818181, 0.8260869565217391, 0.8095238095238095, 0.8260869565217391, 0.8064516129032258, 0.8064516129032258, 0.8181818181818181, 0.8181818181818181,        
0.8181818181818181, 0.8064516129032258, 0.8095238095238095, 0.8064516129032258, 0.8095238095238095, 0.8181818181818181, 0.7894736842105263, 0.8064516129032258, 0.8181818181818181, 0.8064516129032258,        
0.8125, 0.8064516129032258, 0.8125, 0.8, 0.8095238095238095, 0.8260869565217391, 0.8095238095238095, 0.8, 0.8095238095238095, 0.8,        
0.8064516129032258, 0.8, 0.8181818181818181, 0.8064516129032258, 0.8181818181818181, 0.8333333333333334, 0.8095238095238095, 0.8064516129032258, 0.8181818181818181, 0.8095238095238095,        
0.8, 0.8095238095238095, 0.8064516129032258, 0.8125, 0.8, 0.8260869565217391, 0.8260869565217391, 0.8095238095238095, 0.8095238095238095, 0.8,        
0.8125, 0.8064516129032258, 0.8235294117647058, 0.8095238095238095, 0.8181818181818181, 0.8260869565217391, 0.8181818181818181, 0.8181818181818181, 0.8181818181818181, 0.8181818181818181,        
0.8125, 0.8, 0.8125, 0.8181818181818181, 0.8095238095238095, 0.8181818181818181, 0.8125, 0.8125, 0.8095238095238095, 0.8064516129032258,        
0.8095238095238095, 0.8181818181818181, 0.8260869565217391, 0.8095238095238095, 0.8095238095238095, 0.8181818181818181, 0.8064516129032258, 0.8064516129032258, 0.8, 0.8125,        
0.8095238095238095, 0.8260869565217391, 0.8181818181818181, 0.8125, 0.8181818181818181, 0.8181818181818181, 0.8, 0.8125, 0.8181818181818181, 0.8181818181818181,        
0.8064516129032258, 0.8125, 0.8064516129032258, 0.8181818181818181, 0.8095238095238095, 0.8181818181818181, 0.8064516129032258, 0.8, 0.8095238095238095, 0.8125,        
0.8181818181818181, 0.8064516129032258, 0.8064516129032258, 0.8095238095238095, 0.8181818181818181, 0.8275862068965517, 0.8125, 0.8064516129032258, 0.8181818181818181, 0.8125,        
0.8, 0.8064516129032258, 0.8125, 0.8125, 0.8125, 0.8260869565217391, 0.8125, 0.8, 0.8095238095238095, 0.8125,        
0.8095238095238095, 0.8064516129032258, 0.8, 0.8125, 0.8181818181818181, 0.8260869565217391, 0.8095238095238095, 0.7894736842105263, 0.8, 0.8064516129032258,        
0.8095238095238095, 0.8, 0.8125, 0.8, 0.8125, 0.7894736842105263, 0.8095238095238095, 0.8125, 0.8095238095238095, 0.8,        
0.8125, 0.8181818181818181, 0.8064516129032258, 0.8064516129032258, 0.8181818181818181, 0.8181818181818181, 0.8064516129032258, 0.8125, 0.8095238095238095, 0.8181818181818181,        
0.8064516129032258, 0.8, 0.8064516129032258, 0.8235294117647058, 0.8125, 0.8260869565217391, 0.8125, 0.8095238095238095, 0.8095238095238095, 0.8095238095238095,        
0.8125, 0.8181818181818181, 0.8064516129032258, 0.8181818181818181, 0.8095238095238095, 0.8181818181818181, 0.8125, 0.8181818181818181, 0.8181818181818181, 0.8,        
0.8, 0.8095238095238095, 0.8064516129032258, 0.8125, 0.8095238095238095, 0.8095238095238095, 0.8064516129032258, 0.8095238095238095, 0.8095238095238095, 0.8064516129032258,        
0.8181818181818181, 0.8181818181818181, 0.8125, 0.8, 0.8125, 0.8181818181818181, 0.8095238095238095, 0.8181818181818181, 0.8095238095238095, 0.8125,        
0.8125, 0.8095238095238095, 0.8125, 0.8, 0.8095238095238095, 0.8181818181818181, 0.8064516129032258, 0.7894736842105263, 0.8260869565217391, 0.8095238095238095,        
0.8064516129032258, 0.8095238095238095, 0.8, 0.8125, 0.8125, 0.8181818181818181, 0.8064516129032258, 0.8125, 0.8, 0.8095238095238095,        
0.8064516129032258, 0.8125, 0.8, 0.8, 0.8095238095238095, 0.8095238095238095, 0.8064516129032258, 0.8125, 0.8095238095238095, 0.8095238095238095,        
0.8125, 0.8064516129032258, 0.8181818181818181, 0.8181818181818181, 0.8235294117647058, 0.8181818181818181, 0.8, 0.8095238095238095, 0.8095238095238095, 0.7727272727272727,        
0.8064516129032258, 0.8095238095238095, 0.8064516129032258, 0.8181818181818181, 0.8125, 0.8333333333333334, 0.8, 0.8, 0.8095238095238095, 0.8064516129032258,        
0.8064516129032258, 0.7741935483870968, 0.8, 0.8181818181818181, 0.8181818181818181, 0.8181818181818181, 0.8064516129032258, 0.8125, 0.8181818181818181, 0.8064516129032258,        
0.8064516129032258, 0.8095238095238095, 0.8, 0.8181818181818181, 0.8, 0.8181818181818181, 0.8095238095238095, 0.8181818181818181, 0.8095238095238095, 0.8064516129032258,        
0.8064516129032258, 0.8064516129032258, 0.8064516129032258, 0.8064516129032258, 0.8095238095238095, 0.8181818181818181, 0.8181818181818181, 0.8095238095238095, 0.8, 0.8095238095238095,        
0.8064516129032258, 0.8, 0.8181818181818181, 0.8, 0.8064516129032258, 0.8181818181818181, 0.8095238095238095, 0.8064516129032258, 0.8181818181818181, 0.8095238095238095,        
0.8095238095238095, 0.8064516129032258, 0.8260869565217391, 0.8095238095238095, 0.8095238095238095, 0.8, 0.8235294117647058, 0.8064516129032258, 0.8181818181818181, 0.8095238095238095,        
0.8064516129032258, 0.8181818181818181, 0.8260869565217391, 0.8064516129032258, 0.8095238095238095, 0.8181818181818181, 0.8095238095238095, 0.8125, 0.8, 0.8095238095238095,        
0.8095238095238095, 0.8064516129032258, 0.8235294117647058, 0.8, 0.8064516129032258, 0.8260869565217391, 0.8181818181818181, 0.8095238095238095, 0.8181818181818181, 0.8125,        
0.8125, 0.8095238095238095, 0.8125, 0.8125, 0.8181818181818181, 0.8095238095238095, 0.8125, 0.8095238095238095, 0.8, 0.8125,        
0.8095238095238095, 0.8064516129032258, 0.8064516129032258, 0.8095238095238095, 0.8095238095238095, 0.8095238095238095, 0.8181818181818181, 0.8095238095238095, 0.8, 0.8,        
0.8181818181818181, 0.8095238095238095, 0.8125, 0.8, 0.8260869565217391, 0.8181818181818181, 0.8095238095238095, 0.8181818181818181, 0.8181818181818181, 0.8181818181818181,        
0.8095238095238095, 0.8125, 0.8064516129032258, 0.8181818181818181, 0.8095238095238095, 0.8260869565217391, 0.8, 0.8095238095238095, 0.8095238095238095, 0.8,        
0.8125, 0.8064516129032258, 0.8260869565217391, 0.8125, 0.8064516129032258, 0.8181818181818181, 0.782608695652174, 0.8181818181818181, 0.8, 0.8095238095238095,        
0.8064516129032258, 0.8064516129032258, 0.8260869565217391, 0.8064516129032258, 0.8064516129032258, 0.8181818181818181, 0.8095238095238095, 0.8064516129032258, 0.8, 0.8,        
0.8125, 0.7894736842105263, 0.8125, 0.7916666666666666, 0.8181818181818181, 0.8181818181818181, 0.8095238095238095, 0.8064516129032258, 0.8181818181818181, 0.8064516129032258,        
0.8, 0.8064516129032258, 0.8260869565217391, 0.8095238095238095, 0.8095238095238095, 0.8181818181818181, 0.8125, 0.8064516129032258, 0.8181818181818181, 0.8125,        
0.8, 0.8260869565217391, 0.8125, 0.8095238095238095, 0.8095238095238095, 0.8181818181818181, 0.8181818181818181, 0.8125, 0.7894736842105263, 0.8,        
0.8125, 0.8, 0.8181818181818181, 0.8064516129032258, 0.8095238095238095, 0.8181818181818181, 0.8064516129032258, 0.8064516129032258, 0.8095238095238095, 0.8095238095238095,        
0.8064516129032258, 0.7916666666666666, 0.8333333333333334, 0.8125, 0.8095238095238095, 0.8181818181818181, 0.8095238095238095, 0.8181818181818181, 0.8095238095238095, 0.8125,        
0.8125, 0.8064516129032258, 0.8095238095238095, 0.8095238095238095, 0.8095238095238095, 0.8181818181818181, 0.8095238095238095, 0.8181818181818181, 0.8095238095238095, 0.8181818181818181,        
0.8095238095238095, 0.8125, 0.8064516129032258, 0.8181818181818181, 0.8095238095238095, 0.8181818181818181, 0.8064516129032258, 0.8095238095238095, 0.8, 0.8,        
0.8, 0.8181818181818181, 0.8064516129032258, 0.8181818181818181, 0.8181818181818181, 0.8260869565217391, 0.8064516129032258, 0.8125, 0.8181818181818181, 0.8125,        
0.8064516129032258, 0.8125, 0.8125, 0.8181818181818181, 0.8095238095238095, 0.7916666666666666, 0.8095238095238095, 0.8095238095238095, 0.8181818181818181, 0.8095238095238095,        
0.8064516129032258, 0.8, 0.8, 0.8064516129032258, 0.8, 0.8181818181818181, 0.8, 0.8181818181818181, 0.8095238095238095, 0.8125,        
0.8095238095238095, 0.8181818181818181, 0.8064516129032258, 0.8095238095238095, 0.8181818181818181, 0.8260869565217391, 0.8125, 0.8181818181818181, 0.8095238095238095, 0.8125,        
0.8, 0.8095238095238095, 0.8064516129032258, 0.8125, 0.8181818181818181, 0.8181818181818181, 0.7619047619047619, 0.8095238095238095, 0.8095238095238095, 0.8,        
0.7894736842105263, 0.8064516129032258, 0.8148148148148149, 0.8095238095238095, 0.8181818181818181, 0.8235294117647058, 0.8095238095238095, 0.8064516129032258, 0.8095238095238095, 0.8095238095238095,        
0.8064516129032258, 0.8, 0.8125, 0.8064516129032258, 0.8095238095238095, 0.8181818181818181, 0.8095238095238095, 0.8064516129032258, 0.8, 0.8181818181818181,        
0.8125, 0.8, 0.8064516129032258, 0.8095238095238095, 0.8, 0.8181818181818181, 0.8181818181818181, 0.8125, 0.7894736842105263, 0.8095238095238095,        
0.8095238095238095, 0.8064516129032258, 0.8, 0.8125, 0.8095238095238095, 0.8181818181818181, 0.8125, 0.8125, 0.8, 0.8125,        
0.8181818181818181, 0.8064516129032258, 0.8064516129032258, 0.8125, 0.8181818181818181, 0.8181818181818181, 0.8064516129032258, 0.8095238095238095, 0.8095238095238095, 0.8181818181818181,        
0.8125, 0.8095238095238095, 0.8181818181818181, 0.8125, 0.8181818181818181, 0.8260869565217391, 0.8095238095238095, 0.8, 0.8181818181818181, 0.8125,        
0.8, 0.8064516129032258, 0.8064516129032258, 0.8095238095238095, 0.8, 0.8095238095238095, 0.8064516129032258, 0.8181818181818181, 0.8181818181818181, 0.8,        
0.8064516129032258, 0.8095238095238095, 0.8260869565217391, 0.8181818181818181, 0.8064516129032258, 0.8260869565217391, 0.8, 0.8095238095238095, 0.8095238095238095, 0.8181818181818181,        
0.8, 0.7916666666666666, 0.8064516129032258, 0.8181818181818181, 0.8235294117647058, 0.8181818181818181, 0.8181818181818181, 0.8125, 0.8181818181818181, 0.8095238095238095,        
0.8181818181818181, 0.8064516129032258, 0.8125, 0.8095238095238095, 0.8125, 0.8181818181818181, 0.8125, 0.8095238095238095, 0.7894736842105263, 0.8095238095238095,        
0.8125, 0.8064516129032258, 0.8235294117647058, 0.8181818181818181, 0.8181818181818181, 0.8, 0.8181818181818181, 0.8064516129032258, 0.8260869565217391, 0.8064516129032258,        
0.8260869565217391, 0.8064516129032258, 0.8064516129032258, 0.8064516129032258, 0.7894736842105263, 0.8095238095238095, 0.8181818181818181, 0.8095238095238095, 0.8095238095238095, 0.8095238095238095,        
0.8181818181818181, 0.8181818181818181, 0.8181818181818181, 0.8095238095238095, 0.8095238095238095, 0.8181818181818181, 0.8064516129032258, 0.8064516129032258, 0.8260869565217391, 0.8,        
0.8064516129032258, 0.8, 0.8064516129032258, 0.8181818181818181, 0.8095238095238095, 0.8260869565217391, 0.8, 0.8095238095238095, 0.8181818181818181, 0.8,        
0.8125, 0.8181818181818181, 0.8064516129032258, 0.8125, 0.8095238095238095, 0.8181818181818181, 0.8, 0.8, 0.8095238095238095, 0.8125,        
0.8064516129032258, 0.8, 0.8333333333333334, 0.8064516129032258, 0.8095238095238095, 0.8181818181818181, 0.8125, 0.8181818181818181, 0.8095238095238095, 0.8181818181818181,        
0.7894736842105263, 0.8064516129032258, 0.8181818181818181, 0.8181818181818181, 0.8260869565217391, 0.8181818181818181, 0.8181818181818181, 0.8, 0.8095238095238095, 0.8125,        
0.8, 0.8125, 0.8064516129032258, 0.8095238095238095, 0.8095238095238095, 0.8260869565217391, 0.8, 0.8, 0.7894736842105263, 0.7727272727272727,        
0.8, 0.8125, 0.8064516129032258, 0.8125, 0.8095238095238095, 0.8181818181818181, 0.8095238095238095, 0.8181818181818181, 0.7894736842105263, 0.8095238095238095,        
0.8, 0.8064516129032258, 0.8125, 0.8064516129032258, 0.8125, 0.8260869565217391, 0.8064516129032258, 0.8125, 0.8, 0.8095238095238095,        
0.8095238095238095, 0.8095238095238095, 0.8260869565217391, 0.8064516129032258, 0.8125, 0.8260869565217391, 0.8064516129032258, 0.8064516129032258, 0.8181818181818181, 0.8181818181818181,        
0.8095238095238095, 0.8, 0.8064516129032258, 0.8181818181818181, 0.8095238095238095, 0.8095238095238095, 0.8095238095238095, 0.8064516129032258, 0.8, 0.8181818181818181,        
0.8181818181818181, 0.8181818181818181, 0.8125, 0.8064516129032258, 0.8095238095238095, 0.8, 0.8, 0.8095238095238095, 0.8181818181818181, 0.8064516129032258,        
0.8064516129032258, 0.8095238095238095, 0.8125, 0.8095238095238095, 0.7894736842105263, 0.8181818181818181, 0.8095238095238095, 0.8095238095238095, 0.8181818181818181, 0.8095238095238095,        
0.8095238095238095, 0.8095238095238095, 0.8181818181818181, 0.8125, 0.8, 0.8181818181818181, 0.8125, 0.8064516129032258, 0.8181818181818181, 0.8095238095238095,        
0.8, 0.8, 0.8125, 0.8095238095238095, 0.8125, 0.7894736842105263, 0.8181818181818181, 0.8, 0.8181818181818181, 0.8095238095238095,        
0.8181818181818181, 0.8064516129032258, 0.8333333333333334, 0.8125, 0.8333333333333334, 0.8260869565217391, 0.8, 0.8, 0.8, 0.8095238095238095,        
0.8, 0.8095238095238095, 0.8064516129032258, 0.8095238095238095, 0.8181818181818181, 0.8095238095238095, 0.8125, 0.8, 0.8181818181818181, 0.8,        
0.8125, 0.8095238095238095, 0.8181818181818181, 0.8181818181818181, 0.8181818181818181, 0.8125, 0.8125, 0.8125, 0.8181818181818181, 0.8095238095238095,        
0.8, 0.8125, 0.8125, 0.8095238095238095, 0.8064516129032258, 0.8181818181818181, 0.8181818181818181, 0.8095238095238095, 0.8, 0.8064516129032258,        
0.8095238095238095, 0.8095238095238095, 0.8214285714285714, 0.8181818181818181, 0.8095238095238095, 0.8095238095238095, 0.8095238095238095, 0.8064516129032258, 0.8095238095238095, 0.8064516129032258,        
0.8064516129032258, 0.8095238095238095, 0.8064516129032258, 0.8064516129032258, 0.8, 0.8095238095238095, 0.8125, 0.8064516129032258, 0.8095238095238095, 0.8125,        
0.8, 0.8095238095238095, 0.8125, 0.8064516129032258, 0.8181818181818181, 0.8260869565217391, 0.8064516129032258, 0.8095238095238095, 0.8095238095238095, 0.8125,        
0.8095238095238095, 0.8181818181818181, 0.8181818181818181, 0.7916666666666666, 0.8, 0.8260869565217391, 0.8181818181818181, 0.8181818181818181, 0.8095238095238095, 0.8095238095238095,        
0.8064516129032258, 0.8095238095238095, 0.8095238095238095, 0.8125, 0.8181818181818181, 0.8260869565217391, 0.7916666666666666, 0.8064516129032258, 0.8095238095238095, 0.8095238095238095,        
0.8125, 0.8064516129032258, 0.8260869565217391, 0.8064516129032258, 0.8095238095238095, 0.8260869565217391, 0.8095238095238095, 0.8095238095238095, 0.8095238095238095, 0.8181818181818181,        
0.8064516129032258, 0.8064516129032258, 0.8125, 0.8064516129032258, 0.8064516129032258, 0.8181818181818181, 0.8, 0.8125, 0.8181818181818181, 0.8095238095238095,        
0.8, 0.8064516129032258, 0.8260869565217391, 0.8064516129032258, 0.8125, 0.8095238095238095, 0.8181818181818181, 0.8125, 0.8181818181818181, 0.8125,        
0.8064516129032258, 0.8095238095238095, 0.8181818181818181, 0.8125, 0.8064516129032258, 0.8181818181818181, 0.8095238095238095, 0.8064516129032258, 0.8095238095238095, 0.8,        
0.8095238095238095, 0.8064516129032258, 0.8125, 0.8181818181818181, 0.8064516129032258, 0.8181818181818181, 0.8125, 0.8064516129032258, 0.8, 0.8064516129032258,        
0.8095238095238095, 0.8095238095238095, 0.8125, 0.8181818181818181, 0.8181818181818181, 0.8181818181818181, 0.8095238095238095, 0.8064516129032258, 0.8095238095238095, 0.8064516129032258,        
0.8095238095238095, 0.8095238095238095, 0.8064516129032258, 0.8125, 0.8064516129032258, 0.8260869565217391, 0.8095238095238095, 0.8125, 0.8260869565217391, 0.8095238095238095,        
0.8064516129032258, 0.7666666666666666, 0.8181818181818181, 0.8, 0.8095238095238095, 0.8260869565217391, 0.8095238095238095, 0.8064516129032258, 0.8095238095238095, 0.8095238095238095,        
0.8095238095238095, 0.8064516129032258, 0.8125, 0.8125, 0.8125, 0.8181818181818181, 0.8148148148148149, 0.8095238095238095, 0.8095238095238095, 0.8125,        
0.8125, 0.8125, 0.8181818181818181, 0.8095238095238095, 0.8095238095238095, 0.7894736842105263, 0.8125, 0.8064516129032258, 0.8095238095238095, 0.8,        
0.8181818181818181, 0.8064516129032258, 0.8125, 0.8181818181818181, 0.8181818181818181, 0.8181818181818181, 0.8095238095238095, 0.8064516129032258, 0.8095238095238095, 0.7894736842105263,        
0.8181818181818181, 0.8095238095238095, 0.8064516129032258, 0.8, 0.8095238095238095, 0.8235294117647058, 0.8, 0.8095238095238095, 0.8095238095238095, 0.8,        
0.8, 0.8064516129032258, 0.8181818181818181, 0.8064516129032258, 0.8, 0.8181818181818181, 0.8076923076923077, 0.8095238095238095, 0.8181818181818181, 0.8125,        
0.8, 0.8125, 0.8333333333333334, 0.8, 0.8095238095238095, 0.8260869565217391, 0.8, 0.8181818181818181, 0.8181818181818181, 0.7894736842105263,        
0.8, 0.8064516129032258, 0.8064516129032258, 0.8095238095238095, 0.8064516129032258, 0.8260869565217391, 0.8181818181818181, 0.8064516129032258, 0.8181818181818181, 0.8181818181818181,        
0.8, 0.8064516129032258, 0.8125, 0.8125, 0.8125, 0.8181818181818181, 0.8125, 0.8, 0.8095238095238095, 0.8,        
0.8181818181818181, 0.8125, 0.8064516129032258, 0.8181818181818181, 0.8125, 0.8181818181818181, 0.8095238095238095, 0.8125, 0.8095238095238095, 0.8181818181818181,        
0.8095238095238095, 0.8095238095238095, 0.8125, 0.8125, 0.8, 0.8260869565217391, 0.8095238095238095, 0.8, 0.8095238095238095, 0.7647058823529411,        
0.8125, 0.8095238095238095, 0.8181818181818181, 0.8181818181818181, 0.8095238095238095, 0.8181818181818181, 0.8, 0.8064516129032258, 0.8095238095238095, 0.8181818181818181,        
0.8181818181818181, 0.8064516129032258, 0.8064516129032258, 0.8125, 0.8, 0.8260869565217391, 0.8125, 0.8125, 0.8, 0.8064516129032258,        
0.8095238095238095, 0.8181818181818181, 0.8, 0.8181818181818181, 0.8095238095238095, 0.8260869565217391, 0.8, 0.8181818181818181, 0.8181818181818181, 0.8,        
0.8181818181818181, 0.8064516129032258, 0.8064516129032258, 0.8064516129032258, 0.8064516129032258, 0.8260869565217391, 0.8064516129032258, 0.8095238095238095, 0.8181818181818181, 0.8125,        
0.8095238095238095, 0.8095238095238095, 0.8095238095238095, 0.8064516129032258, 0.8064516129032258, 0.8, 0.8125, 0.8, 0.8181818181818181, 0.8064516129032258,        
0.8, 0.8095238095238095, 0.8064516129032258, 0.8, 0.8181818181818181, 0.8260869565217391, 0.8095238095238095, 0.8064516129032258, 0.8, 0.8125,        
0.8181818181818181, 0.8125, 0.8181818181818181, 0.8125, 0.8095238095238095, 0.8181818181818181, 0.8, 0.8095238095238095, 0.8095238095238095, 0.8181818181818181,        
0.8095238095238095, 0.8181818181818181, 0.8125, 0.8095238095238095, 0.8095238095238095, 0.8095238095238095, 0.8095238095238095, 0.8095238095238095, 0.8095238095238095, 0.8095238095238095,        
0.8125, 0.8064516129032258, 0.8064516129032258, 0.8095238095238095, 0.8064516129032258, 0.8260869565217391, 0.8064516129032258, 0.8064516129032258, 0.8181818181818181, 0.8181818181818181,        
0.8064516129032258, 0.8, 0.8235294117647058, 0.8260869565217391, 0.8, 0.8333333333333334, 0.8095238095238095, 0.8064516129032258, 0.8095238095238095, 0.8181818181818181,        
0.8181818181818181, 0.8095238095238095, 0.8181818181818181, 0.8064516129032258, 0.8125, 0.8095238095238095, 0.8181818181818181, 0.8095238095238095, 0.8, 0.8095238095238095,        
0.8095238095238095, 0.8064516129032258, 0.8181818181818181, 0.8064516129032258, 0.8064516129032258, 0.8181818181818181, 0.8, 0.8095238095238095, 0.8095238095238095, 0.8181818181818181,        
0.8181818181818181, 0.78125, 0.8125, 0.8125, 0.8064516129032258, 0.8260869565217391, 0.8125, 0.8125, 0.8181818181818181, 0.8095238095238095,        
0.8181818181818181, 0.8, 0.8333333333333334, 0.8095238095238095, 0.8125, 0.8181818181818181, 0.8125, 0.8064516129032258, 0.8095238095238095, 0.8064516129032258,        
0.8095238095238095, 0.8181818181818181, 0.8095238095238095, 0.8095238095238095, 0.8181818181818181, 0.8095238095238095, 0.8064516129032258, 0.8064516129032258, 0.8095238095238095, 0.8181818181818181,        
0.8095238095238095, 0.8095238095238095, 0.8064516129032258, 0.8, 0.8, 0.8181818181818181, 0.8, 0.8095238095238095, 0.8095238095238095, 0.8,        
0.8, 0.8181818181818181, 0.8181818181818181, 0.8095238095238095, 0.8181818181818181, 0.8095238095238095, 0.8095238095238095, 0.8, 0.8095238095238095, 0.8095238095238095,        
0.7894736842105263, 0.8064516129032258, 0.8064516129032258, 0.8181818181818181, 0.8064516129032258, 0.8181818181818181, 0.8064516129032258, 0.8064516129032258, 0.8181818181818181, 0.8064516129032258,        
0.8, 0.8064516129032258, 0.8260869565217391, 0.8095238095238095, 0.8181818181818181, 0.8181818181818181, 0.8, 0.8181818181818181, 0.8095238095238095, 0.8260869565217391,        
0.8260869565217391, 0.8095238095238095, 0.8125, 0.8095238095238095, 0.8095238095238095, 0.8235294117647058, 0.8095238095238095, 0.782608695652174, 0.8, 0.8125,        
0.8064516129032258, 0.8095238095238095, 0.8095238095238095, 0.8064516129032258, 0.8125, 0.8181818181818181, 0.8064516129032258, 0.8125, 0.8095238095238095, 0.8125,        
0.8, 0.8095238095238095, 0.8181818181818181, 0.7916666666666666, 0.8064516129032258, 0.8181818181818181, 0.8125, 0.8064516129032258, 0.8181818181818181, 0.8181818181818181,        
0.8064516129032258, 0.8095238095238095, 0.8064516129032258, 0.8125, 0.8095238095238095, 0.8260869565217391, 0.8095238095238095, 0.8095238095238095, 0.8095238095238095, 0.8,        
0.8, 0.8095238095238095, 0.8125, 0.8095238095238095, 0.7894736842105263, 0.8260869565217391, 0.8181818181818181, 0.8, 0.8181818181818181, 0.8095238095238095,        
0.8181818181818181, 0.8, 0.8, 0.8, 0.8095238095238095, 0.8095238095238095, 0.8064516129032258, 0.8181818181818181, 0.8181818181818181, 0.8181818181818181,        
0.782608695652174, 0.8125, 0.8064516129032258, 0.7894736842105263, 0.8260869565217391, 0.8, 0.8, 0.8064516129032258, 0.8095238095238095, 0.8125,        
0.8064516129032258, 0.8125, 0.8064516129032258, 0.8125, 0.8125, 0.8181818181818181, 0.8064516129032258, 0.8064516129032258, 0.8095238095238095, 0.8095238095238095,        
0.8064516129032258, 0.8181818181818181, 0.8260869565217391, 0.8260869565217391, 0.8095238095238095, 0.8181818181818181, 0.8, 0.8, 0.8181818181818181, 0.8181818181818181,        
0.8064516129032258, 0.8095238095238095, 0.8333333333333334, 0.7727272727272727, 0.8, 0.8260869565217391, 0.8095238095238095, 0.8064516129032258, 0.8181818181818181, 0.8,        
0.8125, 0.8125, 0.8387096774193549, 0.8, 0.8064516129032258, 0.8181818181818181, 0.8064516129032258, 0.8064516129032258, 0.8095238095238095, 0.8,        
0.8095238095238095, 0.8064516129032258, 0.8, 0.8125, 0.8095238095238095, 0.8260869565217391, 0.8125, 0.8125, 0.8, 0.8181818181818181,        
0.8095238095238095, 0.8125, 0.8125, 0.8181818181818181, 0.8181818181818181, 0.8181818181818181, 0.7916666666666666, 0.8095238095238095, 0.8095238095238095, 0.8095238095238095,        
0.7894736842105263, 0.8, 0.8260869565217391, 0.7666666666666666, 0.8260869565217391, 0.8260869565217391, 0.8095238095238095, 0.8181818181818181, 0.8, 0.8095238095238095,        
0.8064516129032258, 0.8064516129032258, 0.8125, 0.8181818181818181, 0.8181818181818181, 0.8333333333333334, 0.8181818181818181, 0.7894736842105263, 0.8, 0.8125,        
0.8181818181818181, 0.8095238095238095, 0.8181818181818181, 0.8095238095238095, 0.8095238095238095, 0.8260869565217391, 0.8, 0.8181818181818181, 0.8095238095238095, 0.8095238095238095,        
0.8095238095238095, 0.8064516129032258, 0.8235294117647058, 0.8, 0.8181818181818181, 0.8181818181818181, 0.7894736842105263, 0.8064516129032258, 0.8095238095238095, 0.8064516129032258,        
0.8095238095238095, 0.8181818181818181, 0.8260869565217391, 0.8064516129032258, 0.7916666666666666, 0.8181818181818181, 0.8095238095238095, 0.8095238095238095, 0.8095238095238095, 0.8181818181818181,        
0.8, 0.7894736842105263, 0.8125, 0.8, 0.8095238095238095, 0.8095238095238095, 0.8064516129032258, 0.8181818181818181, 0.8095238095238095, 0.8,        
0.8064516129032258, 0.8, 0.8181818181818181, 0.8, 0.8181818181818181, 0.8181818181818181, 0.8064516129032258, 0.8, 0.8095238095238095, 0.8,        
0.8064516129032258, 0.8125, 0.8064516129032258, 0.8260869565217391, 0.8095238095238095, 0.8181818181818181, 0.8181818181818181, 0.8095238095238095, 0.8095238095238095, 0.8125,        
0.8125, 0.8125, 0.8235294117647058, 0.8125, 0.8125, 0.8260869565217391, 0.8125, 0.8095238095238095, 0.8095238095238095, 0.8181818181818181,        
0.8, 0.8064516129032258, 0.8181818181818181, 0.8125, 0.8095238095238095, 0.8260869565217391, 0.8125, 0.8095238095238095, 0.8181818181818181, 0.8,        
0.8064516129032258, 0.8125, 0.8260869565217391, 0.7894736842105263, 0.7894736842105263, 0.8181818181818181, 0.8095238095238095, 0.8, 0.7727272727272727, 0.8181818181818181,        
0.8064516129032258, 0.8064516129032258, 0.8064516129032258, 0.8095238095238095, 0.8064516129032258, 0.8260869565217391, 0.8095238095238095, 0.8125, 0.8, 0.8125,        
0.8125, 0.8125, 0.8260869565217391, 0.8125, 0.8125, 0.8181818181818181, 0.8125, 0.8148148148148149, 0.8095238095238095, 0.8181818181818181,        
0.8095238095238095, 0.8064516129032258, 0.8260869565217391, 0.8125, 0.8095238095238095, 0.8260869565217391, 0.8095238095238095, 0.8, 0.8095238095238095, 0.8,        
0.8095238095238095, 0.8064516129032258, 0.8260869565217391, 0.8064516129032258, 0.8095238095238095, 0.8181818181818181, 0.8095238095238095, 0.8125, 0.7894736842105263, 0.8064516129032258,        
0.8, 0.8181818181818181, 0.8125, 0.8181818181818181, 0.8181818181818181, 0.8181818181818181, 0.8095238095238095, 0.8125, 0.8095238095238095, 0.8064516129032258,        
0.8125, 0.8, 0.8181818181818181, 0.8181818181818181, 0.8064516129032258, 0.8181818181818181, 0.8095238095238095, 0.8064516129032258, 0.8181818181818181, 0.7894736842105263,        
0.8095238095238095, 0.8064516129032258, 0.8125, 0.8, 0.8125, 0.8260869565217391, 0.8260869565217391, 0.8095238095238095, 0.8095238095238095, 0.8095238095238095,        
0.8064516129032258, 0.8181818181818181, 0.8, 0.8095238095238095, 0.8, 0.8260869565217391, 0.8181818181818181, 0.8, 0.8260869565217391, 0.8095238095238095,        
0.8181818181818181, 0.8, 0.8064516129032258, 0.8064516129032258, 0.8181818181818181, 0.8181818181818181, 0.8064516129032258, 0.8064516129032258, 0.8095238095238095, 0.8064516129032258,        
0.8095238095238095, 0.8064516129032258, 0.8181818181818181, 0.8125, 0.8125, 0.8260869565217391, 0.8260869565217391, 0.8095238095238095, 0.8095238095238095, 0.8125,        
0.8181818181818181, 0.8, 0.8125, 0.8064516129032258, 0.7894736842105263, 0.8181818181818181, 0.8095238095238095, 0.8064516129032258, 0.8095238095238095, 0.8,        
0.8095238095238095, 0.8260869565217391, 0.8260869565217391, 0.8064516129032258, 0.8, 0.8095238095238095, 0.8064516129032258, 0.8095238095238095, 0.8181818181818181, 0.8064516129032258,        
0.8064516129032258, 0.8064516129032258, 0.8275862068965517, 0.8181818181818181, 0.8181818181818181, 0.8181818181818181, 0.8095238095238095, 0.8125, 0.8095238095238095, 0.8125,        
0.8181818181818181, 0.8064516129032258, 0.8181818181818181, 0.8260869565217391, 0.8095238095238095, 0.8181818181818181, 0.8064516129032258, 0.8181818181818181, 0.8260869565217391, 0.8095238095238095,        
0.8, 0.8095238095238095, 0.8125, 0.8125, 0.8, 0.8148148148148149, 0.8064516129032258, 0.7878787878787878, 0.8095238095238095, 0.8095238095238095,        
0.8095238095238095, 0.8, 0.8095238095238095, 0.8095238095238095, 0.8095238095238095, 0.8181818181818181, 0.8125, 0.8064516129032258, 0.8095238095238095, 0.8095238095238095,        
0.8, 0.8095238095238095, 0.8064516129032258, 0.8095238095238095, 0.8095238095238095, 0.8181818181818181, 0.8125, 0.8064516129032258, 0.7916666666666666, 0.8,        
0.8125, 0.8181818181818181, 0.8064516129032258, 0.8095238095238095, 0.8181818181818181, 0.8260869565217391, 0.78125, 0.8064516129032258, 0.8095238095238095, 0.8181818181818181,        
0.8064516129032258, 0.8181818181818181, 0.8, 0.8181818181818181, 0.7916666666666666, 0.8181818181818181, 0.8064516129032258, 0.8125, 0.8, 0.8125,        
0.8181818181818181, 0.7894736842105263, 0.8181818181818181, 0.8064516129032258, 0.8095238095238095, 0.8181818181818181, 0.8095238095238095, 0.8, 0.8095238095238095, 0.8,        
0.8064516129032258, 0.8181818181818181, 0.8064516129032258, 0.8095238095238095, 0.8125, 0.8095238095238095, 0.8095238095238095, 0.8, 0.8181818181818181, 0.8095238095238095,        
0.8095238095238095, 0.8260869565217391, 0.8181818181818181, 0.8064516129032258, 0.8064516129032258, 0.8181818181818181, 0.8064516129032258, 0.8125, 0.8095238095238095, 0.8125,        
0.8125, 0.8125, 0.8260869565217391, 0.8125, 0.8095238095238095, 0.8095238095238095, 0.8, 0.8125, 0.8181818181818181, 0.8095238095238095,        
0.8125, 0.8064516129032258, 0.8064516129032258, 0.8181818181818181, 0.8181818181818181, 0.8181818181818181, 0.8125, 0.8181818181818181, 0.8095238095238095, 0.8064516129032258,        
0.8125, 0.8, 0.8125, 0.8, 0.8260869565217391, 0.8260869565217391, 0.8181818181818181, 0.8064516129032258, 0.8095238095238095, 0.8,        
0.8125, 0.8181818181818181, 0.8125, 0.8260869565217391, 0.8064516129032258, 0.8181818181818181, 0.8, 0.8, 0.8095238095238095, 0.8181818181818181,        
0.8125, 0.8095238095238095, 0.8064516129032258, 0.8095238095238095, 0.8, 0.8260869565217391, 0.8095238095238095, 0.8, 0.8095238095238095, 0.8095238095238095,        
0.8, 0.8064516129032258, 0.8181818181818181, 0.8125, 0.8095238095238095, 0.8095238095238095, 0.8095238095238095, 0.8095238095238095, 0.8181818181818181, 0.8064516129032258,        
0.8064516129032258, 0.8125, 0.7878787878787878, 0.8064516129032258, 0.7894736842105263, 0.8095238095238095, 0.8181818181818181, 0.8, 0.8181818181818181, 0.8064516129032258,        
0.8064516129032258, 0.8181818181818181, 0.8125, 0.8064516129032258, 0.8095238095238095, 0.8260869565217391, 0.8125, 0.8064516129032258, 0.8095238095238095, 0.782608695652174,        
0.8095238095238095, 0.8125, 0.8125, 0.8, 0.8095238095238095, 0.7916666666666666, 0.8, 0.8125, 0.8095238095238095, 0.8064516129032258,        
0.8064516129032258, 0.8, 0.8125, 0.8064516129032258, 0.8095238095238095, 0.8181818181818181, 0.8095238095238095, 0.8181818181818181, 0.8181818181818181, 0.8064516129032258,        
0.8064516129032258, 0.8125, 0.8181818181818181, 0.8095238095238095, 0.8125, 0.8181818181818181, 0.8064516129032258, 0.8095238095238095, 0.8095238095238095, 0.8064516129032258,        
0.8181818181818181, 0.8064516129032258, 0.8181818181818181, 0.8064516129032258, 0.8095238095238095, 0.8260869565217391, 0.8095238095238095, 0.8064516129032258, 0.8181818181818181, 0.7916666666666666,        
0.8125, 0.7894736842105263, 0.8181818181818181, 0.8095238095238095, 0.8125, 0.8181818181818181, 0.8125, 0.7916666666666666, 0.8, 0.8,        
0.8064516129032258, 0.8064516129032258, 0.8181818181818181, 0.8095238095238095, 0.8095238095238095, 0.8181818181818181, 0.8181818181818181, 0.8125, 0.8181818181818181, 0.8181818181818181,        
0.8125, 0.8095238095238095, 0.8064516129032258, 0.8064516129032258, 0.8125, 0.8333333333333334, 0.8125, 0.8064516129032258, 0.8095238095238095, 0.8125,        
0.8095238095238095, 0.8064516129032258, 0.8181818181818181, 0.8181818181818181, 0.8125, 0.8260869565217391, 0.8125, 0.8095238095238095, 0.8095238095238095, 0.8095238095238095,        
0.8095238095238095, 0.8095238095238095, 0.8181818181818181, 0.8125, 0.8095238095238095, 0.8181818181818181, 0.8181818181818181, 0.8095238095238095, 0.8181818181818181, 0.8064516129032258,        
0.8064516129032258, 0.8095238095238095, 0.8095238095238095, 0.8181818181818181, 0.8125, 0.8181818181818181, 0.8125, 0.8095238095238095, 0.8, 0.8,        
0.8095238095238095, 0.8064516129032258, 0.8125, 0.8064516129032258, 0.8095238095238095, 0.8095238095238095, 0.8125, 0.8064516129032258, 0.8181818181818181, 0.8,        
0.8064516129032258, 0.8, 0.8260869565217391, 0.8064516129032258, 0.8095238095238095, 0.8181818181818181, 0.8095238095238095, 0.8095238095238095, 0.8181818181818181, 0.8181818181818181,        
0.8181818181818181, 0.8064516129032258, 0.8, 0.8181818181818181, 0.8181818181818181, 0.8260869565217391, 0.8, 0.8064516129032258, 0.8095238095238095, 0.8125,        
0.8181818181818181, 0.8095238095238095, 0.8, 0.8064516129032258, 0.8064516129032258, 0.8181818181818181, 0.8095238095238095, 0.7894736842105263, 0.8095238095238095, 0.8181818181818181,        
0.8095238095238095, 0.8064516129032258, 0.8260869565217391, 0.8064516129032258, 0.8181818181818181, 0.8260869565217391, 0.7894736842105263, 0.8064516129032258, 0.8095238095238095, 0.8064516129032258,        
0.8095238095238095, 0.8095238095238095, 0.8181818181818181, 0.8064516129032258, 0.7894736842105263, 0.8260869565217391, 0.8064516129032258, 0.8333333333333334, 0.8, 0.8,        
0.8095238095238095, 0.8095238095238095, 0.8064516129032258, 0.8125, 0.8, 0.8181818181818181, 0.7727272727272727, 0.8064516129032258, 0.8181818181818181, 0.8,        
0.8095238095238095, 0.8181818181818181, 0.8, 0.8181818181818181, 0.7894736842105263, 0.8095238095238095, 0.8095238095238095, 0.8064516129032258, 0.8095238095238095, 0.8,        
0.8064516129032258, 0.7916666666666666, 0.8125, 0.8064516129032258, 0.8125, 0.8260869565217391, 0.8, 0.8181818181818181, 0.8181818181818181, 0.8064516129032258,        
0.8125, 0.7741935483870968, 0.8181818181818181, 0.8181818181818181, 0.8064516129032258, 0.8181818181818181, 0.8064516129032258, 0.8095238095238095, 0.8095238095238095, 0.8095238095238095,        
0.8095238095238095, 0.8076923076923077, 0.8095238095238095, 0.8, 0.8095238095238095, 0.8260869565217391, 0.8095238095238095, 0.8064516129032258, 0.7894736842105263, 0.8095238095238095,        
0.782608695652174, 0.8181818181818181, 0.8064516129032258, 0.8095238095238095, 0.8181818181818181, 0.8260869565217391, 0.8064516129032258, 0.8064516129032258, 0.8181818181818181, 0.8064516129032258,        
0.8064516129032258, 0.8095238095238095, 0.8095238095238095, 0.8125, 0.8, 0.8235294117647058, 0.8181818181818181, 0.8125, 0.8095238095238095, 0.8181818181818181,        
0.8095238095238095, 0.8095238095238095, 0.8, 0.8, 0.8064516129032258, 0.8181818181818181, 0.8125, 0.8095238095238095, 0.8235294117647058, 0.8125,        
0.8095238095238095, 0.8, 0.8, 0.8064516129032258, 0.8095238095238095, 0.8260869565217391, 0.8181818181818181, 0.8, 0.8, 0.8125,        
0.8064516129032258, 0.8064516129032258, 0.8064516129032258, 0.8181818181818181, 0.8, 0.8260869565217391, 0.8095238095238095, 0.8064516129032258, 0.8095238095238095, 0.8064516129032258,        
0.8095238095238095, 0.8064516129032258, 0.8, 0.8181818181818181, 0.8095238095238095, 0.8260869565217391, 0.8181818181818181, 0.8181818181818181, 0.8181818181818181, 0.8181818181818181,        
0.8095238095238095, 0.8, 0.8260869565217391, 0.8181818181818181, 0.8181818181818181, 0.8181818181818181, 0.8095238095238095, 0.8181818181818181, 0.8095238095238095, 0.8095238095238095,        
0.8181818181818181, 0.8095238095238095, 0.8064516129032258, 0.8064516129032258, 0.8095238095238095, 0.8260869565217391, 0.8095238095238095, 0.8, 0.8, 0.8125,        
0.8064516129032258, 0.8064516129032258, 0.8095238095238095, 0.8064516129032258, 0.8095238095238095, 0.8260869565217391, 0.8095238095238095, 0.8095238095238095, 0.8095238095238095, 0.8095238095238095,        
0.8095238095238095, 0.8095238095238095, 0.8125, 0.8125, 0.8125, 0.8095238095238095, 0.8125, 0.8095238095238095, 0.8095238095238095, 0.8,        
0.8125, 0.8064516129032258, 0.8333333333333334, 0.8125, 0.8181818181818181, 0.8095238095238095, 0.8095238095238095, 0.8181818181818181, 0.8, 0.8181818181818181,        
0.8125, 0.8064516129032258, 0.8181818181818181, 0.8064516129032258, 0.8, 0.8333333333333334, 0.8125, 0.8125, 0.8181818181818181, 0.8125,        
0.8, 0.8181818181818181, 0.8064516129032258, 0.8064516129032258, 0.8181818181818181, 0.8181818181818181, 0.8095238095238095, 0.8095238095238095, 0.8181818181818181, 0.8181818181818181,        
0.8, 0.8125, 0.8125, 0.8, 0.8125, 0.8181818181818181, 0.8095238095238095, 0.8064516129032258, 0.8095238095238095, 0.8181818181818181,        
0.8064516129032258, 0.8095238095238095, 0.8125, 0.8181818181818181, 0.8181818181818181, 0.8095238095238095, 0.8064516129032258, 0.8125, 0.8181818181818181, 0.8095238095238095,        
0.8064516129032258, 0.8, 0.8260869565217391, 0.8, 0.8095238095238095, 0.8260869565217391, 0.8181818181818181, 0.8095238095238095, 0.8181818181818181, 0.8095238095238095,        
0.8095238095238095, 0.8125, 0.8148148148148149, 0.8095238095238095, 0.8095238095238095, 0.8095238095238095, 0.8181818181818181, 0.8095238095238095, 0.8181818181818181, 0.8125,        
0.8095238095238095, 0.8095238095238095, 0.8064516129032258, 0.8, 0.8064516129032258, 0.8260869565217391, 0.8, 0.8181818181818181, 0.8095238095238095, 0.8,        
0.8064516129032258, 0.8095238095238095, 0.8181818181818181, 0.8181818181818181, 0.8095238095238095, 0.8125, 0.8095238095238095, 0.8095238095238095, 0.8095238095238095, 0.8064516129032258,        
0.8, 0.8125, 0.8260869565217391, 0.8064516129032258, 0.8095238095238095, 0.8260869565217391, 0.8095238095238095, 0.8064516129032258, 0.8095238095238095, 0.8064516129032258,        
0.8064516129032258, 0.8, 0.8260869565217391, 0.7894736842105263, 0.8181818181818181, 0.8235294117647058, 0.8095238095238095, 0.8181818181818181, 0.8095238095238095, 0.8125,        
0.8064516129032258, 0.8064516129032258, 0.8125, 0.8095238095238095, 0.8064516129032258, 0.8181818181818181, 0.8095238095238095, 0.8125, 0.8, 0.8125,        
0.8064516129032258, 0.8064516129032258, 0.8260869565217391, 0.8095238095238095, 0.8095238095238095, 0.8181818181818181, 0.8095238095238095, 0.8125, 0.8095238095238095, 0.8095238095238095,        
0.8, 0.8260869565217391, 0.8125, 0.8333333333333334, 0.8064516129032258, 0.8181818181818181, 0.8095238095238095, 0.8181818181818181, 0.8181818181818181, 0.8064516129032258,        
0.8095238095238095, 0.8095238095238095, 0.8125, 0.8095238095238095, 0.8181818181818181, 0.8181818181818181, 0.8095238095238095, 0.8095238095238095, 0.8260869565217391, 0.8095238095238095,        
0.8260869565217391, 0.8095238095238095, 0.8064516129032258, 0.8181818181818181, 0.8064516129032258, 0.8260869565217391, 0.8181818181818181, 0.8181818181818181, 0.8, 0.8095238095238095,        
0.8095238095238095, 0.8064516129032258, 0.8260869565217391, 0.8181818181818181, 0.8125, 0.8181818181818181, 0.8181818181818181, 0.8064516129032258, 0.8095238095238095, 0.8181818181818181,        
0.8064516129032258, 0.8095238095238095, 0.8235294117647058, 0.8125, 0.8181818181818181, 0.8181818181818181, 0.8095238095238095, 0.8125, 0.8181818181818181, 0.8064516129032258,        
0.8095238095238095, 0.8181818181818181, 0.8125, 0.8125, 0.8064516129032258, 0.8181818181818181, 0.8064516129032258, 0.8095238095238095, 0.8095238095238095, 0.8095238095238095,        
0.8064516129032258, 0.8095238095238095, 0.8260869565217391, 0.8181818181818181, 0.8181818181818181, 0.8260869565217391, 0.8, 0.8181818181818181, 0.8181818181818181, 0.8064516129032258,        
0.8125, 0.8181818181818181, 0.8125, 0.8064516129032258, 0.8064516129032258, 0.8181818181818181, 0.8095238095238095, 0.8064516129032258, 0.8181818181818181, 0.8095238095238095,        
0.8095238095238095, 0.8181818181818181, 0.8125, 0.8095238095238095, 0.8260869565217391, 0.8260869565217391, 0.8064516129032258, 0.8064516129032258, 0.8, 0.7894736842105263,        
0.8095238095238095, 0.8, 0.8125, 0.8064516129032258, 0.8125, 0.8260869565217391, 0.8064516129032258, 0.8125, 0.8, 0.8064516129032258,        
0.8095238095238095, 0.8181818181818181, 0.8125, 0.8064516129032258, 0.8095238095238095, 0.8095238095238095, 0.8064516129032258, 0.8181818181818181, 0.8181818181818181, 0.8095238095238095,        
0.8181818181818181, 0.8148148148148149, 0.8064516129032258, 0.8125, 0.8095238095238095, 0.8181818181818181, 0.8095238095238095, 0.8095238095238095, 0.8181818181818181, 0.8064516129032258,        
0.8, 0.8125, 0.8181818181818181, 0.8064516129032258, 0.8, 0.8, 0.8125, 0.8095238095238095, 0.8, 0.8181818181818181,        
0.8095238095238095, 0.8095238095238095, 0.8125, 0.8260869565217391, 0.8125, 0.8235294117647058, 0.8125, 0.8095238095238095, 0.8095238095238095, 0.8095238095238095,        
0.8064516129032258, 0.8, 0.8260869565217391, 0.8125, 0.8095238095238095, 0.8181818181818181, 0.8, 0.8, 0.8181818181818181, 0.8095238095238095,        
0.8125, 0.8125, 0.78125, 0.8181818181818181, 0.8125, 0.8095238095238095, 0.8, 0.8, 0.8095238095238095, 0.8064516129032258,        
0.8095238095238095, 0.8181818181818181, 0.8, 0.8181818181818181, 0.8095238095238095, 0.8260869565217391, 0.7894736842105263, 0.8095238095238095, 0.8181818181818181, 0.7727272727272727,        
0.8095238095238095, 0.8095238095238095, 0.8125, 0.8064516129032258, 0.8181818181818181, 0.8260869565217391, 0.8, 0.8, 0.8260869565217391, 0.8064516129032258,        
0.8064516129032258, 0.8095238095238095, 0.8125, 0.8, 0.8064516129032258, 0.8181818181818181, 0.7878787878787878, 0.8181818181818181, 0.8, 0.8181818181818181,        
0.8, 0.8095238095238095, 0.8181818181818181, 0.8125, 0.8064516129032258, 0.8260869565217391, 0.8064516129032258, 0.8, 0.8095238095238095, 0.8095238095238095,        
0.8, 0.8181818181818181, 0.8064516129032258, 0.8125, 0.8095238095238095, 0.8095238095238095, 0.8095238095238095, 0.8064516129032258, 0.8095238095238095, 0.8064516129032258,        
0.8181818181818181, 0.8125, 0.8125, 0.8064516129032258, 0.8125, 0.8181818181818181, 0.8181818181818181, 0.8, 0.8095238095238095, 0.8125,        
0.8095238095238095, 0.7894736842105263, 0.8125, 0.8181818181818181, 0.8, 0.8181818181818181, 0.8095238095238095, 0.8095238095238095, 0.8181818181818181, 0.8181818181818181,        
0.8125, 0.8064516129032258, 0.8181818181818181, 0.8064516129032258, 0.8125, 0.8260869565217391, 0.8125, 0.8181818181818181, 0.8181818181818181, 0.8064516129032258,        
0.8181818181818181, 0.8064516129032258, 0.8064516129032258, 0.8, 0.8125, 0.8181818181818181, 0.8125, 0.8181818181818181, 0.8095238095238095, 0.8181818181818181,        
0.8064516129032258, 0.8181818181818181, 0.8125, 0.8095238095238095, 0.8095238095238095, 0.8181818181818181, 0.8, 0.8064516129032258, 0.8095238095238095, 0.8095238095238095,        
0.8095238095238095, 0.8064516129032258, 0.8260869565217391, 0.8064516129032258, 0.8125, 0.8260869565217391, 0.7894736842105263, 0.8064516129032258, 0.8095238095238095, 0.8095238095238095,        
0.8181818181818181, 0.8181818181818181, 0.8181818181818181, 0.8095238095238095, 0.8181818181818181, 0.8181818181818181, 0.8095238095238095, 0.8181818181818181, 0.8095238095238095, 0.8,        
0.8181818181818181, 0.8, 0.8181818181818181, 0.8125, 0.8095238095238095, 0.8181818181818181, 0.8125, 0.8125, 0.8181818181818181, 0.8181818181818181,        
0.8095238095238095, 0.8125, 0.8, 0.8181818181818181, 0.8064516129032258, 0.8181818181818181, 0.8181818181818181, 0.8064516129032258, 0.8181818181818181, 0.8064516129032258,        
0.8, 0.8125, 0.8064516129032258, 0.8125, 0.8, 0.8181818181818181, 0.8125, 0.7894736842105263, 0.8095238095238095, 0.8,        
0.8064516129032258, 0.8125, 0.8125, 0.8064516129032258, 0.8125, 0.8260869565217391, 0.8095238095238095, 0.8064516129032258, 0.8095238095238095, 0.8064516129032258,        
0.8, 0.8, 0.8125, 0.8181818181818181, 0.8, 0.8260869565217391, 0.8095238095238095, 0.8125, 0.8181818181818181, 0.8064516129032258,        
0.8095238095238095, 0.8, 0.8, 0.8125, 0.8, 0.8260869565217391, 0.8095238095238095, 0.8095238095238095, 0.8095238095238095, 0.8064516129032258,        
0.8125, 0.8181818181818181, 0.8125, 0.8, 0.8095238095238095, 0.8181818181818181, 0.8125, 0.8095238095238095, 0.8095238095238095, 0.8181818181818181,        
0.8125, 0.8181818181818181, 0.8260869565217391, 0.8181818181818181, 0.8064516129032258, 0.8181818181818181, 0.8125, 0.8095238095238095, 0.8095238095238095, 0.8064516129032258,        
0.8064516129032258, 0.8095238095238095, 0.8064516129032258, 0.8181818181818181, 0.8181818181818181, 0.8181818181818181, 0.8125, 0.8125, 0.8, 0.8064516129032258,        
0.8, 0.8064516129032258, 0.8181818181818181, 0.8064516129032258, 0.8181818181818181, 0.8181818181818181, 0.8095238095238095, 0.8064516129032258, 0.8181818181818181, 0.8,        
0.8064516129032258, 0.8125, 0.8260869565217391, 0.8181818181818181, 0.8125, 0.8181818181818181, 0.8, 0.8181818181818181, 0.8, 0.8095238095238095,        
0.8181818181818181, 0.8125, 0.8125, 0.8260869565217391, 0.8064516129032258, 0.8181818181818181, 0.8095238095238095, 0.8181818181818181, 0.8095238095238095, 0.8181818181818181,        
0.8181818181818181, 0.8181818181818181, 0.8095238095238095, 0.8095238095238095, 0.8181818181818181, 0.8260869565217391, 0.8064516129032258, 0.8064516129032258, 0.8095238095238095, 0.8125,        
0.8095238095238095, 0.8095238095238095, 0.8064516129032258, 0.8095238095238095, 0.8181818181818181, 0.8181818181818181, 0.8181818181818181, 0.8095238095238095, 0.8181818181818181, 0.8095238095238095,        
0.8181818181818181, 0.8095238095238095, 0.8260869565217391, 0.8095238095238095, 0.8260869565217391, 0.8095238095238095, 0.8125, 0.8064516129032258, 0.8095238095238095, 0.8181818181818181,        
0.8125, 0.8181818181818181, 0.8064516129032258, 0.8181818181818181, 0.8125, 0.8260869565217391, 0.8095238095238095, 0.8064516129032258, 0.8181818181818181, 0.8095238095238095,        
0.8, 0.8095238095238095, 0.8064516129032258, 0.8125, 0.8181818181818181, 0.8181818181818181, 0.8095238095238095, 0.8064516129032258, 0.7916666666666666, 0.8181818181818181,        
0.8095238095238095, 0.8181818181818181, 0.8, 0.8064516129032258, 0.8125, 0.8260869565217391, 0.8095238095238095, 0.8064516129032258, 0.8095238095238095, 0.8064516129032258,        
0.8181818181818181, 0.8064516129032258, 0.8125, 0.8064516129032258, 0.782608695652174, 0.8260869565217391, 0.8125, 0.8, 0.8181818181818181, 0.8,        
0.8095238095238095, 0.8, 0.8260869565217391, 0.8181818181818181, 0.8095238095238095, 0.8125, 0.8125, 0.8064516129032258, 0.8125, 0.8095238095238095,        
0.8125, 0.8095238095238095, 0.8, 0.8095238095238095, 0.8, 0.8260869565217391, 0.8064516129032258, 0.8064516129032258, 0.8095238095238095, 0.8,        
0.8095238095238095, 0.8064516129032258, 0.8125, 0.8095238095238095, 0.8125, 0.8260869565217391, 0.8095238095238095, 0.8095238095238095, 0.8095238095238095, 0.8064516129032258,        
0.8, 0.8064516129032258, 0.8181818181818181, 0.8125, 0.8, 0.8181818181818181, 0.8181818181818181, 0.8064516129032258, 0.8181818181818181, 0.8095238095238095,        
0.8, 0.8095238095238095, 0.8181818181818181, 0.8064516129032258, 0.8181818181818181, 0.8260869565217391, 0.8181818181818181, 0.8095238095238095, 0.8095238095238095, 0.8064516129032258,        
0.8095238095238095, 0.8125, 0.8181818181818181, 0.8181818181818181, 0.8095238095238095, 0.8181818181818181, 0.8181818181818181, 0.8095238095238095, 0.8181818181818181, 0.8064516129032258,        
0.8095238095238095, 0.8095238095238095, 0.8125, 0.8125, 0.8181818181818181, 0.8181818181818181, 0.8064516129032258, 0.8, 0.8181818181818181, 0.8095238095238095,        
0.8064516129032258, 0.8064516129032258, 0.8181818181818181, 0.7878787878787878, 0.8, 0.8181818181818181, 0.8095238095238095, 0.8064516129032258, 0.8, 0.8064516129032258,        
0.8095238095238095, 0.8095238095238095, 0.8064516129032258, 0.8064516129032258, 0.8064516129032258, 0.8095238095238095, 0.8095238095238095, 0.8095238095238095, 0.8181818181818181, 0.8095238095238095,        
0.8064516129032258, 0.8, 0.8125, 0.8, 0.8125, 0.8260869565217391, 0.8125, 0.8095238095238095, 0.7727272727272727, 0.8125,        
0.8, 0.8095238095238095, 0.8260869565217391, 0.8181818181818181, 0.7916666666666666, 0.8181818181818181, 0.8125, 0.8125, 0.8095238095238095, 0.8181818181818181,        
0.8, 0.8125, 0.8064516129032258, 0.8181818181818181, 0.7931034482758621, 0.8095238095238095, 0.8095238095238095, 0.8125, 0.8181818181818181, 0.8125,        
0.8, 0.8095238095238095, 0.8095238095238095, 0.8, 0.8095238095238095, 0.8260869565217391, 0.8095238095238095, 0.8095238095238095, 0.8, 0.8095238095238095,        
0.8095238095238095, 0.8064516129032258, 0.8125, 0.8181818181818181, 0.8, 0.8095238095238095, 0.8095238095238095, 0.8181818181818181, 0.8181818181818181, 0.8,        
0.8095238095238095, 0.8064516129032258, 0.8181818181818181, 0.8181818181818181, 0.8095238095238095, 0.8333333333333334, 0.8095238095238095, 0.8181818181818181, 0.8181818181818181, 0.8,        
0.8064516129032258, 0.8095238095238095, 0.8095238095238095, 0.8064516129032258, 0.8235294117647058, 0.8181818181818181, 0.8, 0.8125, 0.8125, 0.8095238095238095,        
0.8095238095238095, 0.8260869565217391, 0.8125, 0.8095238095238095, 0.8095238095238095, 0.8181818181818181, 0.8181818181818181, 0.8125, 0.8181818181818181, 0.8095238095238095,        
0.8148148148148149, 0.8095238095238095, 0.8235294117647058, 0.8, 0.8, 0.8181818181818181, 0.8, 0.8181818181818181, 0.8, 0.7894736842105263,        
0.8125, 0.8064516129032258, 0.8064516129032258, 0.8181818181818181, 0.8181818181818181, 0.8260869565217391, 0.8, 0.8095238095238095, 0.8181818181818181, 0.8,        
0.8064516129032258, 0.8064516129032258, 0.8260869565217391, 0.8181818181818181, 0.8095238095238095, 0.8181818181818181, 0.8095238095238095, 0.8, 0.8095238095238095, 0.8181818181818181,        
0.8095238095238095, 0.8064516129032258, 0.8064516129032258, 0.7894736842105263, 0.8181818181818181, 0.8095238095238095, 0.8095238095238095, 0.8181818181818181, 0.8095238095238095, 0.8125,        
0.8181818181818181, 0.8181818181818181, 0.8064516129032258, 0.8181818181818181, 0.8064516129032258, 0.8125, 0.8125, 0.8125, 0.8095238095238095, 0.8181818181818181,        
0.8181818181818181, 0.8, 0.8064516129032258, 0.7931034482758621, 0.8064516129032258, 0.8260869565217391, 0.8095238095238095, 0.8, 0.8, 0.8095238095238095,        
0.8, 0.8064516129032258, 0.8, 0.8064516129032258, 0.8125, 0.8333333333333334, 0.8064516129032258, 0.8125, 0.8181818181818181, 0.8,        
0.8125, 0.8064516129032258, 0.8, 0.8064516129032258, 0.8260869565217391, 0.8260869565217391, 0.8064516129032258, 0.7916666666666666, 0.8095238095238095, 0.8125,        
0.8125, 0.8064516129032258, 0.8064516129032258, 0.8181818181818181, 0.8181818181818181, 0.8260869565217391, 0.8181818181818181, 0.8, 0.8095238095238095, 0.8,        
0.8064516129032258, 0.8, 0.8125, 0.8064516129032258, 0.8181818181818181, 0.8260869565217391, 0.8095238095238095, 0.8095238095238095, 0.8095238095238095, 0.8095238095238095,        
0.8095238095238095, 0.8064516129032258, 0.8125, 0.8095238095238095, 0.8181818181818181, 0.8181818181818181, 0.8064516129032258, 0.8, 0.8095238095238095, 0.8125,        
0.8125, 0.8181818181818181, 0.8260869565217391, 0.8095238095238095, 0.8181818181818181, 0.8095238095238095, 0.8125, 0.8064516129032258, 0.8181818181818181, 0.7894736842105263,        
0.8095238095238095, 0.8125, 0.8125, 0.8095238095238095, 0.8125, 0.8333333333333334, 0.8095238095238095, 0.8125, 0.8095238095238095, 0.8,        
0.8064516129032258, 0.8064516129032258, 0.8125, 0.8, 0.8095238095238095, 0.8181818181818181, 0.8125, 0.8095238095238095, 0.8095238095238095, 0.8125,        
0.8064516129032258, 0.8064516129032258, 0.8064516129032258, 0.8125, 0.8064516129032258, 0.8095238095238095, 0.8, 0.8181818181818181, 0.8095238095238095, 0.8064516129032258,        
0.8, 0.8064516129032258, 0.8064516129032258, 0.8095238095238095, 0.8095238095238095, 0.8, 0.8181818181818181, 0.8095238095238095, 0.8095238095238095, 0.8125,        
0.8095238095238095, 0.8, 0.8064516129032258, 0.8181818181818181, 0.8125, 0.8095238095238095, 0.8, 0.8064516129032258, 0.8095238095238095, 0.8125,        
0.8095238095238095, 0.8095238095238095, 0.8181818181818181, 0.8, 0.8181818181818181, 0.8260869565217391, 0.8181818181818181, 0.8064516129032258, 0.8095238095238095, 0.8125,        
0.8064516129032258, 0.7894736842105263, 0.8064516129032258, 0.8095238095238095, 0.8, 0.8333333333333334, 0.8181818181818181, 0.8064516129032258, 0.8095238095238095, 0.8095238095238095,        
0.7894736842105263, 0.8095238095238095, 0.8064516129032258, 0.8, 0.8095238095238095, 0.8095238095238095, 0.8125, 0.8, 0.8095238095238095, 0.7916666666666666,        
0.8125, 0.8064516129032258, 0.8064516129032258, 0.8095238095238095, 0.8064516129032258, 0.8181818181818181, 0.8064516129032258, 0.8125, 0.8181818181818181, 0.8,        
0.7894736842105263, 0.8, 0.8095238095238095, 0.8181818181818181, 0.8, 0.8181818181818181, 0.8064516129032258, 0.8125, 0.8095238095238095, 0.8095238095238095,        
0.8095238095238095, 0.8181818181818181, 0.8181818181818181, 0.8095238095238095, 0.8125, 0.8260869565217391, 0.8181818181818181, 0.8095238095238095, 0.8181818181818181, 0.8064516129032258,        
0.8181818181818181, 0.8125, 0.8181818181818181, 0.8125, 0.8064516129032258, 0.8260869565217391, 0.8095238095238095, 0.8181818181818181, 0.8095238095238095, 0.8095238095238095,        
0.8064516129032258, 0.8125, 0.8181818181818181, 0.8, 0.8095238095238095, 0.8260869565217391, 0.8064516129032258, 0.8095238095238095, 0.8095238095238095, 0.8125,        
0.8095238095238095, 0.8, 0.8125, 0.8095238095238095, 0.8095238095238095, 0.8260869565217391, 0.8181818181818181, 0.8125, 0.8095238095238095, 0.8095238095238095,        
0.8095238095238095, 0.8, 0.8275862068965517, 0.8181818181818181, 0.8260869565217391, 0.8181818181818181, 0.8125, 0.8125, 0.8181818181818181, 0.8064516129032258,        
0.8095238095238095, 0.8064516129032258, 0.8125, 0.8064516129032258, 0.8125, 0.8181818181818181, 0.8095238095238095, 0.8095238095238095, 0.8181818181818181, 0.8,        
0.8181818181818181, 0.8, 0.8214285714285714, 0.8064516129032258, 0.8064516129032258, 0.8181818181818181, 0.8064516129032258, 0.8, 0.8095238095238095, 0.8095238095238095,        
0.8064516129032258, 0.8125, 0.8125, 0.8064516129032258, 0.8095238095238095, 0.8260869565217391, 0.8, 0.8181818181818181, 0.8181818181818181, 0.8095238095238095,        
0.8, 0.8181818181818181, 0.8181818181818181, 0.8095238095238095, 0.8125, 0.8181818181818181, 0.8095238095238095, 0.8181818181818181, 0.8181818181818181, 0.7894736842105263,        
0.8064516129032258, 0.8181818181818181, 0.8, 0.8260869565217391, 0.8064516129032258, 0.8181818181818181, 0.8181818181818181, 0.8125, 0.8095238095238095, 0.8095238095238095,        
0.8, 0.8125, 0.8181818181818181, 0.8125, 0.8064516129032258, 0.8095238095238095, 0.8, 0.8095238095238095, 0.8095238095238095, 0.8064516129032258,        
0.8181818181818181, 0.8064516129032258, 0.8125, 0.8095238095238095, 0.8181818181818181, 0.8260869565217391, 0.8125, 0.8064516129032258, 0.8095238095238095, 0.8095238095238095,        
0.8125, 0.8, 0.8125, 0.8181818181818181, 0.8095238095238095, 0.8260869565217391, 0.7727272727272727, 0.8181818181818181, 0.8181818181818181, 0.8095238095238095,        
0.8064516129032258, 0.8095238095238095, 0.8181818181818181, 0.8095238095238095, 0.8, 0.8181818181818181, 0.8095238095238095, 0.8095238095238095, 0.8181818181818181, 0.78125,        
0.8, 0.8064516129032258, 0.8, 0.8064516129032258, 0.8095238095238095, 0.8181818181818181, 0.8, 0.8095238095238095, 0.8, 0.8095238095238095,        
0.8, 0.8095238095238095, 0.8181818181818181, 0.8, 0.78125, 0.8260869565217391, 0.8, 0.8125, 0.8095238095238095, 0.8064516129032258,        
0.8095238095238095, 0.8064516129032258, 0.8260869565217391, 0.8181818181818181, 0.8181818181818181, 0.8181818181818181, 0.8095238095238095, 0.8125, 0.8181818181818181, 0.8,        
0.8064516129032258, 0.8095238095238095, 0.8181818181818181, 0.8181818181818181, 0.8260869565217391, 0.8181818181818181, 0.8181818181818181, 0.8095238095238095, 0.8095238095238095, 0.8064516129032258,        
0.8064516129032258, 0.8064516129032258, 0.8095238095238095, 0.8095238095238095, 0.8064516129032258, 0.8260869565217391, 0.7894736842105263, 0.8, 0.8095238095238095, 0.8064516129032258,        
0.8181818181818181, 0.8064516129032258, 0.8125, 0.8064516129032258, 0.8181818181818181, 0.8181818181818181, 0.8095238095238095, 0.8064516129032258, 0.8181818181818181, 0.8,        
0.8181818181818181, 0.8, 0.8181818181818181, 0.8064516129032258, 0.8181818181818181, 0.8260869565217391, 0.8095238095238095, 0.8, 0.8095238095238095, 0.8125,        
0.8064516129032258, 0.8125, 0.8125, 0.8064516129032258, 0.8, 0.8181818181818181, 0.8, 0.8064516129032258, 0.8095238095238095, 0.8095238095238095,        
0.8181818181818181, 0.8125, 0.8125, 0.8125, 0.8181818181818181, 0.8260869565217391, 0.8125, 0.8181818181818181, 0.8, 0.8095238095238095,        
0.8125, 0.8095238095238095, 0.8125, 0.8181818181818181, 0.8181818181818181, 0.8260869565217391, 0.8181818181818181, 0.8064516129032258, 0.8181818181818181, 0.8095238095238095,        
0.8095238095238095, 0.8064516129032258, 0.8260869565217391, 0.8064516129032258, 0.8064516129032258, 0.8181818181818181, 0.8125, 0.8181818181818181, 0.8181818181818181, 0.8095238095238095,        
0.8095238095238095, 0.8125, 0.8064516129032258, 0.8, 0.8125, 0.8181818181818181, 0.8064516129032258, 0.8, 0.8095238095238095, 0.8064516129032258,        
0.8181818181818181, 0.8, 0.8064516129032258, 0.8125, 0.8125, 0.8, 0.8125, 0.8260869565217391, 0.8, 0.8095238095238095,        
0.8095238095238095, 0.8095238095238095, 0.8333333333333334, 0.8, 0.8181818181818181, 0.8260869565217391, 0.8181818181818181, 0.8, 0.8095238095238095, 0.8095238095238095,        
0.8, 0.8064516129032258, 0.8125, 0.8064516129032258, 0.8125, 0.8260869565217391, 0.8181818181818181, 0.8064516129032258, 0.8181818181818181, 0.8125,        
0.8, 0.8181818181818181, 0.8064516129032258, 0.8125, 0.8125, 0.8181818181818181, 0.8, 0.8181818181818181, 0.8181818181818181, 0.8064516129032258,        
0.8, 0.8064516129032258, 0.8181818181818181, 0.8125, 0.8181818181818181, 0.8095238095238095, 0.7894736842105263, 0.8181818181818181, 0.8181818181818181, 0.8064516129032258,        
0.8, 0.8064516129032258, 0.8125, 0.8095238095238095, 0.8095238095238095, 0.8235294117647058, 0.8125, 0.8125, 0.7894736842105263, 0.8064516129032258,        
0.8095238095238095, 0.8, 0.8260869565217391, 0.8181818181818181, 0.8095238095238095, 0.8260869565217391, 0.7894736842105263, 0.8, 0.7894736842105263, 0.8064516129032258,        
0.8064516129032258, 0.8095238095238095, 0.8125, 0.8181818181818181, 0.8095238095238095, 0.8181818181818181, 0.8, 0.8064516129032258, 0.8181818181818181, 0.8181818181818181,        
0.8, 0.8, 0.8125, 0.8064516129032258, 0.8125, 0.8125, 0.7894736842105263, 0.7931034482758621, 0.8181818181818181, 0.8095238095238095,        
0.8125, 0.8, 0.8064516129032258, 0.8260869565217391, 0.8064516129032258, 0.8095238095238095, 0.8, 0.8, 0.8095238095238095, 0.8095238095238095,        
0.8064516129032258, 0.7894736842105263, 0.8125, 0.8181818181818181, 0.8, 0.8181818181818181, 0.8064516129032258, 0.8095238095238095, 0.8095238095238095, 0.8064516129032258,        
0.8064516129032258, 0.8, 0.8181818181818181, 0.8125, 0.8095238095238095, 0.8260869565217391, 0.8181818181818181, 0.7916666666666666, 0.8181818181818181, 0.8125,        
0.8181818181818181, 0.8064516129032258, 0.8095238095238095, 0.8125, 0.8, 0.8095238095238095, 0.8095238095238095, 0.8095238095238095, 0.8125, 0.8095238095238095,        
0.8125, 0.7916666666666666, 0.8064516129032258, 0.8095238095238095, 0.8125, 0.8125, 0.8095238095238095, 0.8095238095238095, 0.8095238095238095, 0.8064516129032258,        
0.8064516129032258, 0.8064516129032258, 0.8181818181818181, 0.8181818181818181, 0.8, 0.8260869565217391, 0.8095238095238095, 0.8064516129032258, 0.8095238095238095, 0.8064516129032258,        
0.8095238095238095, 0.8095238095238095, 0.8064516129032258, 0.8125, 0.8095238095238095, 0.8095238095238095, 0.8064516129032258, 0.8095238095238095, 0.8, 0.8,        
0.8095238095238095, 0.8095238095238095, 0.7916666666666666, 0.8235294117647058, 0.8095238095238095, 0.8181818181818181, 0.8181818181818181, 0.8, 0.8181818181818181, 0.8095238095238095,        
0.8125, 0.8181818181818181, 0.8, 0.8125, 0.8095238095238095, 0.8181818181818181, 0.8095238095238095, 0.8095238095238095, 0.8260869565217391, 0.8064516129032258,        
0.8064516129032258, 0.8064516129032258, 0.8, 0.8095238095238095, 0.8095238095238095, 0.8095238095238095, 0.8095238095238095, 0.8095238095238095, 0.8181818181818181, 0.7916666666666666,        
0.8095238095238095, 0.8, 0.8125, 0.8064516129032258, 0.8125, 0.8181818181818181, 0.8064516129032258, 0.8095238095238095, 0.8, 0.8095238095238095,        
0.8181818181818181, 0.8095238095238095, 0.8181818181818181, 0.8181818181818181, 0.8125, 0.8095238095238095, 0.8064516129032258, 0.8064516129032258, 0.8, 0.8064516129032258,        
0.8064516129032258, 0.8095238095238095, 0.8181818181818181, 0.8125, 0.8095238095238095, 0.8181818181818181, 0.7894736842105263, 0.8095238095238095, 0.8095238095238095, 0.8181818181818181,        
0.8125, 0.8095238095238095, 0.8125, 0.8181818181818181, 0.8181818181818181, 0.8260869565217391, 0.8125, 0.8064516129032258, 0.8, 0.8064516129032258,        
0.8095238095238095, 0.8064516129032258, 0.8181818181818181, 0.8, 0.8181818181818181, 0.8095238095238095, 0.8064516129032258, 0.8064516129032258, 0.8095238095238095, 0.8095238095238095,        
0.8181818181818181, 0.8064516129032258, 0.8125, 0.8181818181818181, 0.8, 0.8181818181818181, 0.8095238095238095, 0.8, 0.8095238095238095, 0.8181818181818181,        
0.8095238095238095, 0.7727272727272727, 0.8, 0.8, 0.8095238095238095, 0.8125, 0.8095238095238095, 0.8095238095238095, 0.8181818181818181, 0.7894736842105263,        
0.8064516129032258, 0.8064516129032258, 0.8125, 0.8064516129032258, 0.8064516129032258, 0.8260869565217391, 0.8125, 0.8064516129032258, 0.8, 0.8125,        
0.8095238095238095, 0.8095238095238095, 0.8095238095238095, 0.8095238095238095, 0.8125, 0.7916666666666666, 0.8095238095238095, 0.8095238095238095, 0.8095238095238095, 0.8064516129032258,        
0.8125, 0.8, 0.8125, 0.8125, 0.8181818181818181, 0.8260869565217391, 0.8125, 0.8095238095238095, 0.8, 0.8095238095238095,        
0.8181818181818181, 0.8125, 0.8, 0.8, 0.8125, 0.8181818181818181, 0.8095238095238095, 0.8064516129032258, 0.7894736842105263, 0.8064516129032258,        
0.8181818181818181, 0.8125, 0.8, 0.8064516129032258, 0.8125, 0.8260869565217391, 0.8125, 0.8, 0.8181818181818181, 0.8,        
0.8095238095238095, 0.8, 0.8125, 0.8095238095238095, 0.8095238095238095, 0.8095238095238095, 0.8181818181818181, 0.8095238095238095, 0.8095238095238095, 0.8181818181818181,        
