0.8415609977329118, 0.8333333333333334, 0.8181818181818181, 0.8695652173913043, 0.0
0.8255481992339131, 0.8181818181818181, 0.7894736842105263, 0.875, 0.0
0.8442621973613582, 0.84, 0.8181818181818181, 0.8888888888888888, 0.0
0.8320401765265021, 0.8260869565217391, 0.8064516129032258, 0.8888888888888888, 0.0
0.8332881217965172, 0.8260869565217391, 0.8064516129032258, 0.875, 0.0
0.8377779299690055, 0.8333333333333334, 0.8095238095238095, 0.875, 0.0
0.8336287694245175, 0.8260869565217391, 0.7916666666666666, 0.875, 0.0
0.8399532626031482, 0.84, 0.8, 0.8695652173913043, 0.0
0.8330811078125123, 0.8333333333333334, 0.8064516129032258, 0.8666666666666667, 0.0
0.8370283581153147, 0.8333333333333334, 0.8181818181818181, 0.875, 0.0
0.8436885896991293, 0.8387096774193549, 0.8064516129032258, 0.9090909090909091, 0.0
0.8242865558526394, 0.8181818181818181, 0.8064516129032258, 0.875, 0.0
0.8370845775442852, 0.8333333333333334, 0.8064516129032258, 0.8823529411764706, 0.0
0.8323667711598748, 0.8260869565217391, 0.8095238095238095, 0.8695652173913043, 0.0
0.8418834117189417, 0.84375, 0.8064516129032258, 0.8666666666666667, 0.0
0.8424595871964293, 0.8333333333333334, 0.8181818181818181, 0.9166666666666666, 0.0
0.8321670484785619, 0.8260869565217391, 0.8125, 0.8620689655172413, 0.0
0.8386997546200444, 0.8333333333333334, 0.8125, 0.8888888888888888, 0.0
0.8377040794642477, 0.8333333333333334, 0.8095238095238095, 0.875, 0.0
0.8403462239103774, 0.8387096774193549, 0.8095238095238095, 0.8666666666666667, 0.0
0.8355583945040466, 0.8333333333333334, 0.8095238095238095, 0.875, 0.0
0.8440634186843189, 0.84, 0.8095238095238095, 0.8695652173913043, 0.0
0.8426489639672682, 0.8461538461538461, 0.8095238095238095, 0.8709677419354839, 0.0
0.843788728057127, 0.8421052631578947, 0.8064516129032258, 0.88, 0.0
0.8352378685472782, 0.8260869565217391, 0.8064516129032258, 0.8888888888888888, 0.0
0.827874222776969, 0.8260869565217391, 0.7894736842105263, 0.9166666666666666, 0.0
0.8458780668229365, 0.84375, 0.8, 0.8823529411764706, 0.0
0.8311443616380502, 0.8333333333333334, 0.8, 0.8695652173913043, 0.0
0.8347602363593973, 0.8333333333333334, 0.8, 0.875, 0.0
0.8439263755498484, 0.84375, 0.7894736842105263, 0.8823529411764706, 0.0
0.833129498520803, 0.8260869565217391, 0.8095238095238095, 0.88, 0.0
0.8300081847286188, 0.8260869565217391, 0.8095238095238095, 0.8695652173913043, 0.0
0.8373569313981213, 0.8333333333333334, 0.8181818181818181, 0.88, 0.0
0.8470884839072499, 0.8461538461538461, 0.8260869565217391, 0.8823529411764706, 0.0
0.8457058840929774, 0.8484848484848485, 0.8, 0.8695652173913043, 0.0
0.8274469133017519, 0.8181818181818181, 0.8064516129032258, 0.85, 0.0
0.8324454628746234, 0.8260869565217391, 0.8095238095238095, 0.8666666666666667, 0.0
0.8356818110983609, 0.8333333333333334, 0.8064516129032258, 0.875, 0.0
0.8408327071498317, 0.84, 0.8064516129032258, 0.875, 0.0
0.8376729164555253, 0.8260869565217391, 0.8, 0.8846153846153846, 0.0
0.8294180918896787, 0.8260869565217391, 0.8064516129032258, 0.8620689655172413, 0.0
0.8319240280653324, 0.8260869565217391, 0.8095238095238095, 0.8888888888888888, 0.0
0.8382244696590391, 0.84, 0.8181818181818181, 0.8571428571428572, 0.0
0.8417452729298425, 0.84, 0.8125, 0.8888888888888888, 0.0
0.8366105656848996, 0.8333333333333334, 0.8064516129032258, 0.8709677419354839, 0.0
0.8392446826711548, 0.8260869565217391, 0.8125, 0.8888888888888888, 0.0
0.835818138910343, 0.8260869565217391, 0.8, 0.8888888888888888, 0.0
0.8437839713954783, 0.8421052631578947, 0.8064516129032258, 0.8823529411764706, 0.0
0.8297258274704993, 0.8260869565217391, 0.8, 0.8888888888888888, 0.0
0.8394602596014719, 0.8421052631578947, 0.7894736842105263, 0.8695652173913043, 0.0
0.8484139521132853, 0.84375, 0.8125, 0.9, 0.0
0.8390195433839952, 0.84, 0.8125, 0.8823529411764706, 0.0
0.8398551567205109, 0.8333333333333334, 0.8095238095238095, 0.8888888888888888, 0.0
0.8401023842917251, 0.8333333333333334, 0.8181818181818181, 0.875, 0.0
0.8457180283605931, 0.8421052631578947, 0.8095238095238095, 0.8888888888888888, 0.0
0.8359815736625015, 0.8333333333333334, 0.8181818181818181, 0.8666666666666667, 0.0
0.836222759892852, 0.8387096774193549, 0.7894736842105263, 0.8666666666666667, 0.0
0.8406232561332485, 0.84, 0.8125, 0.8666666666666667, 0.0
0.8336016094254081, 0.8333333333333334, 0.8125, 0.8666666666666667, 0.0
0.8511570197104024, 0.8484848484848485, 0.8095238095238095, 0.9, 0.0
0.8345319579302956, 0.8260869565217391, 0.8, 0.8888888888888888, 0.0
0.8447081418623859, 0.8387096774193549, 0.8125, 0.896551724137931, 0.0
0.8422535924798544, 0.84, 0.8181818181818181, 0.875, 0.0
0.8342136909379024, 0.8333333333333334, 0.8095238095238095, 0.8529411764705882, 0.0
0.8307739426793354, 0.8260869565217391, 0.8064516129032258, 0.8823529411764706, 0.0
0.8361976544858262, 0.8387096774193549, 0.8064516129032258, 0.875, 0.0
0.8406815563663389, 0.84, 0.8125, 0.875, 0.0
0.8382561580931146, 0.8333333333333334, 0.8095238095238095, 0.875, 0.0
0.8361418472831517, 0.8333333333333334, 0.8095238095238095, 0.875, 0.0
0.8340054913655982, 0.8260869565217391, 0.8095238095238095, 0.875, 0.0
0.846548553019002, 0.8421052631578947, 0.8181818181818181, 0.8947368421052632, 0.0
0.8389077475035747, 0.8333333333333334, 0.8095238095238095, 0.9047619047619048, 0.0
0.846306681774977, 0.8484848484848485, 0.8181818181818181, 0.8823529411764706, 0.0
0.8339013774870689, 0.8260869565217391, 0.8064516129032258, 0.875, 0.0
0.8410788307843008, 0.8333333333333334, 0.8064516129032258, 0.8787878787878788, 0.0
0.8341304013193795, 0.8333333333333334, 0.8064516129032258, 0.88, 0.0
0.8301890759146485, 0.8260869565217391, 0.8125, 0.8571428571428572, 0.0
0.840304234083675, 0.8333333333333334, 0.8064516129032258, 0.8888888888888888, 0.0
0.849026516022893, 0.8518518518518519, 0.8181818181818181, 0.8888888888888888, 0.0
0.8385986155547953, 0.8387096774193549, 0.8181818181818181, 0.875, 0.0
0.8421386716919436, 0.84, 0.8095238095238095, 0.875, 0.0
0.8447684756106796, 0.84375, 0.8125, 0.875, 0.0
0.8463818576989933, 0.8484848484848485, 0.8095238095238095, 0.875, 0.0
0.8429461846137863, 0.8387096774193549, 0.8181818181818181, 0.8888888888888888, 0.0
0.8476873900280276, 0.8461538461538461, 0.8181818181818181, 0.875, 0.0
0.8328108883869755, 0.8260869565217391, 0.8095238095238095, 0.8695652173913043, 0.0
0.8376606322356674, 0.8333333333333334, 0.8064516129032258, 0.8888888888888888, 0.0
0.8317238081428331, 0.8260869565217391, 0.8064516129032258, 0.875, 0.0
0.8371089210792715, 0.8333333333333334, 0.8125, 0.8846153846153846, 0.0
0.8355413356969196, 0.8333333333333334, 0.8125, 0.8571428571428572, 0.0
0.8403163697455303, 0.8333333333333334, 0.8095238095238095, 0.8846153846153846, 0.0
0.8423234990915233, 0.8421052631578947, 0.8, 0.8787878787878788, 0.0
0.8428241723294199, 0.8333333333333334, 0.8181818181818181, 0.8695652173913043, 0.0
0.8420787840806686, 0.8333333333333334, 0.8095238095238095, 0.8947368421052632, 0.0
0.8383647111311221, 0.8333333333333334, 0.8125, 0.8695652173913043, 0.0
0.8423602693602693, 0.84, 0.8095238095238095, 0.8888888888888888, 0.0
0.8421014245391377, 0.84375, 0.8064516129032258, 0.8888888888888888, 0.0
0.8351186913793478, 0.8333333333333334, 0.8095238095238095, 0.875, 0.0
0.8345168791331042, 0.8260869565217391, 0.8064516129032258, 0.88, 0.0
0.8386169935715162, 0.84, 0.8095238095238095, 0.8666666666666667, 0.0
0.8441656386754987, 0.8421052631578947, 0.8, 0.8823529411764706, 0.0
0.8447676199932178, 0.8333333333333334, 0.8181818181818181, 0.88, 0.0
0.8394815298898116, 0.8387096774193549, 0.8, 0.8823529411764706, 0.0
0.840008348515466, 0.8387096774193549, 0.8, 0.875, 0.0
0.8383107023897484, 0.8333333333333334, 0.8181818181818181, 0.8636363636363636, 0.0
0.8480787864845836, 0.85, 0.8125, 0.9130434782608696, 0.0
0.8301204473802652, 0.8260869565217391, 0.8064516129032258, 0.8695652173913043, 0.0
0.8376274524288303, 0.8260869565217391, 0.8064516129032258, 0.8888888888888888, 0.0
0.8380450327986559, 0.8333333333333334, 0.8095238095238095, 0.88, 0.0
0.8298376152832676, 0.8181818181818181, 0.8095238095238095, 0.88, 0.0
0.8373559830947837, 0.8260869565217391, 0.8064516129032258, 0.8888888888888888, 0.0
0.8358759731855684, 0.84, 0.8, 0.8695652173913043, 0.0
0.840411319308806, 0.8461538461538461, 0.8, 0.8636363636363636, 0.0
0.841261062077823, 0.84375, 0.8, 0.8666666666666667, 0.0
0.8400306655798648, 0.8333333333333334, 0.8125, 0.8947368421052632, 0.0
0.8425587325954248, 0.8421052631578947, 0.8095238095238095, 0.875, 0.0
0.8349645976722015, 0.8333333333333334, 0.8064516129032258, 0.8823529411764706, 0.0
0.8345203307030097, 0.8260869565217391, 0.8064516129032258, 0.8888888888888888, 0.0
0.8424054620899029, 0.84, 0.8095238095238095, 0.88, 0.0
0.8417108465833337, 0.84, 0.8181818181818181, 0.8888888888888888, 0.0
0.8263867833779046, 0.8260869565217391, 0.8064516129032258, 0.8571428571428572, 0.0
0.8418961120242584, 0.84, 0.8095238095238095, 0.875, 0.0
0.850467484569869, 0.84375, 0.8125, 0.8888888888888888, 0.0
0.8397586042421126, 0.8333333333333334, 0.8125, 0.8888888888888888, 0.0
0.8447945603501262, 0.84375, 0.8064516129032258, 0.8846153846153846, 0.0
0.8508911398674345, 0.8571428571428572, 0.8064516129032258, 0.8787878787878788, 0.0
0.8419361914342253, 0.8461538461538461, 0.8064516129032258, 0.875, 0.0
0.8488259819890256, 0.8571428571428572, 0.8125, 0.88, 0.0
0.8383404412794194, 0.84, 0.8064516129032258, 0.8620689655172413, 0.0
0.8334976657329599, 0.8260869565217391, 0.8095238095238095, 0.8695652173913043, 0.0
0.8296631383178835, 0.8333333333333334, 0.8064516129032258, 0.8636363636363636, 0.0
0.8305184048504731, 0.8333333333333334, 0.8064516129032258, 0.8666666666666667, 0.0
0.8354633139178367, 0.8260869565217391, 0.8095238095238095, 0.875, 0.0
0.8448983232302353, 0.84, 0.8095238095238095, 0.8888888888888888, 0.0
0.8388789053798654, 0.8333333333333334, 0.8181818181818181, 0.8695652173913043, 0.0
0.8333330684477455, 0.8260869565217391, 0.8064516129032258, 0.8571428571428572, 0.0
0.8359437384462978, 0.8260869565217391, 0.8, 0.8888888888888888, 0.0
0.8467414637025317, 0.8461538461538461, 0.8125, 0.8846153846153846, 0.0
0.83547630711357, 0.8333333333333334, 0.8, 0.8709677419354839, 0.0
0.8349596395501026, 0.8260869565217391, 0.8064516129032258, 0.8846153846153846, 0.0
0.8327731636776075, 0.8333333333333334, 0.8125, 0.875, 0.0
0.8387159953572997, 0.84, 0.8181818181818181, 0.8666666666666667, 0.0
0.8378117474782854, 0.8333333333333334, 0.8095238095238095, 0.875, 0.0
0.8392429926395444, 0.84, 0.8, 0.8636363636363636, 0.0
0.8304342159321122, 0.8260869565217391, 0.8064516129032258, 0.8695652173913043, 0.0
0.8336689124927114, 0.8333333333333334, 0.8095238095238095, 0.88, 0.0
0.8407272468800915, 0.8260869565217391, 0.8095238095238095, 0.9090909090909091, 0.0
0.8375648308282717, 0.8333333333333334, 0.8064516129032258, 0.88, 0.0
0.8321351295953444, 0.8333333333333334, 0.8064516129032258, 0.8571428571428572, 0.0
0.8431934161622187, 0.84375, 0.8095238095238095, 0.8888888888888888, 0.0
0.8339599663232201, 0.8333333333333334, 0.8095238095238095, 0.875, 0.0
0.8384097842488738, 0.8387096774193549, 0.8125, 0.8636363636363636, 0.0
0.8386397440875928, 0.8333333333333334, 0.8064516129032258, 0.88, 0.0
0.8357271127039468, 0.8333333333333334, 0.8064516129032258, 0.875, 0.0
0.8395056203860551, 0.8333333333333334, 0.8095238095238095, 0.8888888888888888, 0.0
0.8427918494212747, 0.8421052631578947, 0.8, 0.8823529411764706, 0.0
0.8370785484579314, 0.8260869565217391, 0.8064516129032258, 0.88, 0.0
0.8452288568919004, 0.84, 0.8181818181818181, 0.9047619047619048, 0.0
0.8447401162548427, 0.8461538461538461, 0.782608695652174, 0.9047619047619048, 0.0
0.837969263331156, 0.8333333333333334, 0.8125, 0.875, 0.0
0.8323616381540645, 0.8181818181818181, 0.8064516129032258, 0.9166666666666666, 0.0
0.8420628849100099, 0.8484848484848485, 0.8095238095238095, 0.8709677419354839, 0.0
0.8402177223713074, 0.8333333333333334, 0.8, 0.88, 0.0
0.8366129428236478, 0.8333333333333334, 0.8181818181818181, 0.8620689655172413, 0.0
0.8396057367256611, 0.8333333333333334, 0.8064516129032258, 0.9090909090909091, 0.0
0.8486075693455297, 0.8421052631578947, 0.8064516129032258, 0.9166666666666666, 0.0
0.8412878766942461, 0.84375, 0.8, 0.8787878787878788, 0.0
0.8394640277107862, 0.8333333333333334, 0.8064516129032258, 0.8947368421052632, 0.0
0.8382389120560367, 0.8260869565217391, 0.8064516129032258, 0.9, 0.0
0.8455155248813863, 0.8333333333333334, 0.8125, 0.8846153846153846, 0.0
0.8428190529277486, 0.84375, 0.8095238095238095, 0.8846153846153846, 0.0
0.8365454841183405, 0.8260869565217391, 0.8181818181818181, 0.8947368421052632, 0.0
0.8401740386559307, 0.8387096774193549, 0.7894736842105263, 0.896551724137931, 0.0
0.8476049049192451, 0.84375, 0.8181818181818181, 0.8787878787878788, 0.0
0.8368838868057383, 0.8333333333333334, 0.8064516129032258, 0.8823529411764706, 0.0
0.8392038305579494, 0.84, 0.8095238095238095, 0.875, 0.0
0.8343738995984566, 0.8260869565217391, 0.8181818181818181, 0.8695652173913043, 0.0
0.84345907741506, 0.8461538461538461, 0.8, 0.896551724137931, 0.0
0.8451981563135106, 0.8461538461538461, 0.8095238095238095, 0.88, 0.0
0.8498712282133515, 0.8571428571428572, 0.8095238095238095, 0.8888888888888888, 0.0
0.8312741983401376, 0.8333333333333334, 0.8095238095238095, 0.8636363636363636, 0.0
0.8424328680513814, 0.84, 0.8, 0.9, 0.0
0.838139662897143, 0.8333333333333334, 0.8125, 0.8888888888888888, 0.0
0.8376706207951441, 0.8260869565217391, 0.8148148148148149, 0.8695652173913043, 0.0
0.8477230161143205, 0.8461538461538461, 0.8, 0.9, 0.0
0.8386929533068964, 0.8333333333333334, 0.8125, 0.8695652173913043, 0.0
0.8361353116731678, 0.8333333333333334, 0.8125, 0.875, 0.0
0.8378301709137872, 0.8333333333333334, 0.8064516129032258, 0.8846153846153846, 0.0
0.8438304597701152, 0.84375, 0.8095238095238095, 0.875, 0.0
0.8383697433963844, 0.8333333333333334, 0.8, 0.8823529411764706, 0.0
0.8434224269870155, 0.8461538461538461, 0.8064516129032258, 0.8928571428571429, 0.0
0.8463977270623949, 0.85, 0.8095238095238095, 0.8888888888888888, 0.0
0.8358244407835336, 0.8333333333333334, 0.8064516129032258, 0.8666666666666667, 0.0
0.8351481522996251, 0.8260869565217391, 0.8095238095238095, 0.88, 0.0
0.8344992881125418, 0.8333333333333334, 0.8125, 0.8666666666666667, 0.0
0.8414733726996347, 0.84375, 0.8181818181818181, 0.8695652173913043, 0.0
0.8365018935318141, 0.8260869565217391, 0.7878787878787878, 0.9090909090909091, 0.0
0.8268286003384181, 0.8181818181818181, 0.8064516129032258, 0.8695652173913043, 0.0
0.8451386779030539, 0.8387096774193549, 0.8064516129032258, 0.9, 0.0
0.8322679894517203, 0.8333333333333334, 0.8064516129032258, 0.8571428571428572, 0.0
0.8423416559286124, 0.8461538461538461, 0.8125, 0.875, 0.0
0.8348435890812974, 0.8333333333333334, 0.8, 0.875, 0.0
0.8407982934939455, 0.8333333333333334, 0.8, 0.9166666666666666, 0.0
0.8387789637509132, 0.8387096774193549, 0.8125, 0.875, 0.0
0.8329350974433041, 0.8260869565217391, 0.8125, 0.8636363636363636, 0.0
0.8397614379623376, 0.8333333333333334, 0.8181818181818181, 0.8695652173913043, 0.0
0.8429523467255915, 0.84, 0.8064516129032258, 0.8823529411764706, 0.0
0.8417282191907224, 0.8333333333333334, 0.8, 0.8846153846153846, 0.0
0.8404444165467887, 0.8333333333333334, 0.8, 0.875, 0.0
0.8419544495998375, 0.8421052631578947, 0.8095238095238095, 0.8888888888888888, 0.0
0.8467413672746097, 0.84375, 0.8, 0.8709677419354839, 0.0
0.8398301808155963, 0.84, 0.8064516129032258, 0.875, 0.0
0.8520546267444438, 0.8529411764705882, 0.8125, 0.8888888888888888, 0.0
0.8395293479984239, 0.8387096774193549, 0.8181818181818181, 0.875, 0.0
0.838652737320339, 0.8333333333333334, 0.8095238095238095, 0.875, 0.0
0.8441910617695071, 0.8518518518518519, 0.8064516129032258, 0.88, 0.0
0.8349282432623826, 0.8333333333333334, 0.7916666666666666, 0.875, 0.0
0.8293452590645204, 0.8260869565217391, 0.8125, 0.8571428571428572, 0.0
0.840420258133032, 0.8421052631578947, 0.8064516129032258, 0.8666666666666667, 0.0
0.834346240361455, 0.8260869565217391, 0.8095238095238095, 0.875, 0.0
0.8297789929368877, 0.8260869565217391, 0.8095238095238095, 0.8947368421052632, 0.0
0.8298341229499842, 0.8260869565217391, 0.8095238095238095, 0.8620689655172413, 0.0
0.8364878763251922, 0.8260869565217391, 0.8064516129032258, 0.875, 0.0
0.8373647076809614, 0.8333333333333334, 0.8095238095238095, 0.8620689655172413, 0.0
0.843851051440905, 0.8484848484848485, 0.8064516129032258, 0.8947368421052632, 0.0
0.8326386799926895, 0.8260869565217391, 0.7894736842105263, 0.875, 0.0
0.8325660465919813, 0.8260869565217391, 0.8064516129032258, 0.875, 0.0
0.8493654401154402, 0.84375, 0.8333333333333334, 0.875, 0.0
0.8415913945829058, 0.8333333333333334, 0.8064516129032258, 0.8947368421052632, 0.0
0.835016350749101, 0.8333333333333334, 0.8064516129032258, 0.8666666666666667, 0.0
0.8411418001898365, 0.8333333333333334, 0.8181818181818181, 0.9, 0.0
0.8451007230022753, 0.8461538461538461, 0.8095238095238095, 0.8947368421052632, 0.0
0.8374580264678443, 0.8333333333333334, 0.8064516129032258, 0.88, 0.0
0.8451811694743057, 0.8461538461538461, 0.8064516129032258, 0.9, 0.0
0.8453595247830631, 0.84, 0.8125, 0.875, 0.0
0.837442489072924, 0.8260869565217391, 0.8095238095238095, 0.8888888888888888, 0.0
0.8382813652112476, 0.8387096774193549, 0.8, 0.8695652173913043, 0.0
0.834126810969192, 0.8260869565217391, 0.8064516129032258, 0.8928571428571429, 0.0
0.8411656066692298, 0.84375, 0.8181818181818181, 0.875, 0.0
0.8515632412551895, 0.8484848484848485, 0.8181818181818181, 0.8888888888888888, 0.0
0.832448642339947, 0.8260869565217391, 0.8, 0.8888888888888888, 0.0
0.8389834908290286, 0.8333333333333334, 0.8095238095238095, 0.8846153846153846, 0.0
0.8455491606685128, 0.8518518518518519, 0.8095238095238095, 0.9047619047619048, 0.0
0.8529487002910029, 0.8620689655172413, 0.8181818181818181, 0.8947368421052632, 0.0
0.837264517106721, 0.8333333333333334, 0.8125, 0.8666666666666667, 0.0
0.8306381724329855, 0.8260869565217391, 0.8095238095238095, 0.875, 0.0
0.8454702281592061, 0.85, 0.8064516129032258, 0.875, 0.0
0.852361448283017, 0.85, 0.8125, 0.8888888888888888, 0.0
0.8363990769801982, 0.8333333333333334, 0.8095238095238095, 0.8888888888888888, 0.0
0.835171750284069, 0.8333333333333334, 0.8095238095238095, 0.88, 0.0
0.8554698169088374, 0.8620689655172413, 0.8181818181818181, 0.8888888888888888, 0.0
0.8453906778157153, 0.84375, 0.8095238095238095, 0.8888888888888888, 0.0
0.8380945717145288, 0.8333333333333334, 0.8064516129032258, 0.8823529411764706, 0.0
0.8376639548827574, 0.8333333333333334, 0.8181818181818181, 0.88, 0.0
0.8383625568804598, 0.8333333333333334, 0.8125, 0.88, 0.0
0.8399536827906392, 0.84, 0.8125, 0.875, 0.0
0.8400158468609725, 0.8333333333333334, 0.8181818181818181, 0.8709677419354839, 0.0
0.8404432560307901, 0.8333333333333334, 0.8095238095238095, 0.8823529411764706, 0.0
0.8393288728158136, 0.8333333333333334, 0.8181818181818181, 0.8947368421052632, 0.0
0.8456679418489845, 0.8461538461538461, 0.8064516129032258, 0.8928571428571429, 0.0
0.826348632501931, 0.8260869565217391, 0.8125, 0.84375, 0.0
0.840643127365077, 0.8387096774193549, 0.8095238095238095, 0.88, 0.0
0.8460931064188186, 0.84375, 0.8181818181818181, 0.8846153846153846, 0.0
0.8322205917118138, 0.8333333333333334, 0.8064516129032258, 0.8695652173913043, 0.0
0.8410196660334321, 0.8421052631578947, 0.8064516129032258, 0.8823529411764706, 0.0
0.8404474300432571, 0.8333333333333334, 0.8125, 0.8928571428571429, 0.0
0.8450310344019345, 0.84375, 0.8181818181818181, 0.875, 0.0
0.8317372913152965, 0.8235294117647058, 0.8095238095238095, 0.8888888888888888, 0.0
0.8363687453180206, 0.8260869565217391, 0.8095238095238095, 0.875, 0.0
0.8392875098757452, 0.8260869565217391, 0.8095238095238095, 0.8846153846153846, 0.0
0.8331154815241318, 0.8333333333333334, 0.8, 0.875, 0.0
0.8314950958864002, 0.8260869565217391, 0.8, 0.8888888888888888, 0.0
0.839926015247202, 0.8387096774193549, 0.8095238095238095, 0.875, 0.0
0.8298377552010091, 0.8260869565217391, 0.8, 0.8571428571428572, 0.0
0.841171282398134, 0.8387096774193549, 0.8181818181818181, 0.8823529411764706, 0.0
0.8305793050726309, 0.8333333333333334, 0.8, 0.8620689655172413, 0.0
0.8373456499328894, 0.8333333333333334, 0.8064516129032258, 0.88, 0.0
0.8331249951087862, 0.8333333333333334, 0.8, 0.8636363636363636, 0.0
0.8413164985753692, 0.8461538461538461, 0.8095238095238095, 0.8888888888888888, 0.0
0.8536890385975844, 0.8620689655172413, 0.8181818181818181, 0.88, 0.0
0.8485588638025524, 0.84375, 0.8181818181818181, 0.8888888888888888, 0.0
0.8364742424556469, 0.8333333333333334, 0.8064516129032258, 0.875, 0.0
0.849640166802736, 0.8484848484848485, 0.8064516129032258, 0.9, 0.0
0.8347003603813067, 0.8333333333333334, 0.8181818181818181, 0.875, 0.0
0.8418239153011123, 0.84, 0.8125, 0.875, 0.0
0.843054367907514, 0.84, 0.8064516129032258, 0.875, 0.0
0.8392014114137527, 0.8333333333333334, 0.7894736842105263, 0.875, 0.0
0.8343808843399774, 0.8333333333333334, 0.8064516129032258, 0.875, 0.0
0.8426252191946201, 0.8387096774193549, 0.8125, 0.875, 0.0
0.8389190664408056, 0.8333333333333334, 0.8095238095238095, 0.88, 0.0
0.8416151678434288, 0.84, 0.8095238095238095, 0.8888888888888888, 0.0
0.8432730750009612, 0.8461538461538461, 0.8095238095238095, 0.875, 0.0
0.8490637046796468, 0.8333333333333334, 0.8125, 0.9, 0.0
0.8423273788856329, 0.8421052631578947, 0.8064516129032258, 0.9, 0.0
0.8338460850743459, 0.8260869565217391, 0.8181818181818181, 0.8666666666666667, 0.0
0.8429577839526352, 0.84, 0.8181818181818181, 0.8947368421052632, 0.0
0.8417190456289333, 0.84, 0.8064516129032258, 0.9130434782608696, 0.0
0.8386556596826462, 0.8333333333333334, 0.8095238095238095, 0.875, 0.0
0.8417052949845635, 0.84, 0.8064516129032258, 0.8888888888888888, 0.0
0.8322364791892608, 0.8333333333333334, 0.8064516129032258, 0.8695652173913043, 0.0
0.8382739176308603, 0.8333333333333334, 0.8064516129032258, 0.8888888888888888, 0.0
0.8358073600810679, 0.8333333333333334, 0.8064516129032258, 0.8947368421052632, 0.0
0.8332275724811956, 0.8333333333333334, 0.8, 0.8571428571428572, 0.0
0.8491334117189415, 0.8571428571428572, 0.8064516129032258, 0.88, 0.0
0.8373228837096817, 0.8333333333333334, 0.8064516129032258, 0.8947368421052632, 0.0
0.8317548016064641, 0.8260869565217391, 0.8095238095238095, 0.8571428571428572, 0.0
0.8364388125899346, 0.8333333333333334, 0.8064516129032258, 0.8695652173913043, 0.0
0.8323172720998809, 0.8260869565217391, 0.8095238095238095, 0.875, 0.0
0.8398667023289449, 0.8333333333333334, 0.8095238095238095, 0.8947368421052632, 0.0
0.826850799115175, 0.8260869565217391, 0.8, 0.8571428571428572, 0.0
0.8323841981222767, 0.8260869565217391, 0.8064516129032258, 0.875, 0.0
0.8328368491411972, 0.8260869565217391, 0.8095238095238095, 0.9230769230769231, 0.0
0.8367775771774629, 0.8333333333333334, 0.8095238095238095, 0.8695652173913043, 0.0
0.8363056845756704, 0.8333333333333334, 0.8125, 0.88, 0.0
0.8435233553257041, 0.8333333333333334, 0.8125, 0.9130434782608696, 0.0
0.8423208587750923, 0.84, 0.8095238095238095, 0.8846153846153846, 0.0
0.8409018823603224, 0.8333333333333334, 0.8181818181818181, 0.8695652173913043, 0.0
0.833041618228319, 0.8333333333333334, 0.8181818181818181, 0.8695652173913043, 0.0
0.8408958895371939, 0.8333333333333334, 0.8125, 0.9047619047619048, 0.0
0.8327864383242946, 0.8260869565217391, 0.8125, 0.8846153846153846, 0.0
0.8483387753516456, 0.84, 0.8181818181818181, 0.8846153846153846, 0.0
0.8356370570695514, 0.8421052631578947, 0.8095238095238095, 0.88, 0.0
0.8286804780377517, 0.8260869565217391, 0.8, 0.88, 0.0
0.8484942550739653, 0.8461538461538461, 0.8181818181818181, 0.8928571428571429, 0.0
0.8435916970752053, 0.8461538461538461, 0.8125, 0.88, 0.0
0.836983346173163, 0.8333333333333334, 0.8, 0.9166666666666666, 0.0
0.8522610619293529, 0.8484848484848485, 0.8125, 0.9166666666666666, 0.0
0.831424287151484, 0.8333333333333334, 0.7916666666666666, 0.8666666666666667, 0.0
0.837454007842624, 0.8333333333333334, 0.8, 0.875, 0.0
0.8412068498744514, 0.8333333333333334, 0.8095238095238095, 0.875, 0.0
0.8381052365172705, 0.8333333333333334, 0.8, 0.8823529411764706, 0.0
0.8438518905926092, 0.84375, 0.8064516129032258, 0.88, 0.0
0.8427240539347591, 0.84375, 0.8125, 0.875, 0.0
0.8359533667675201, 0.8333333333333334, 0.8095238095238095, 0.875, 0.0
0.8362517648255635, 0.8333333333333334, 0.8181818181818181, 0.8666666666666667, 0.0
0.8404063730051078, 0.84, 0.8095238095238095, 0.9230769230769231, 0.0
0.8265173341757026, 0.8260869565217391, 0.8064516129032258, 0.8518518518518519, 0.0
0.839702467360755, 0.8260869565217391, 0.8064516129032258, 0.8846153846153846, 0.0
0.8357597891239591, 0.8260869565217391, 0.8064516129032258, 0.8823529411764706, 0.0
0.8384591943390387, 0.8387096774193549, 0.8, 0.8947368421052632, 0.0
0.8355885093167701, 0.8260869565217391, 0.8125, 0.8666666666666667, 0.0
0.8338355896171344, 0.8260869565217391, 0.8125, 0.8695652173913043, 0.0
0.8411840546157744, 0.8333333333333334, 0.8095238095238095, 0.88, 0.0
0.8398458353324908, 0.8333333333333334, 0.8181818181818181, 0.8888888888888888, 0.0
0.8367223120022323, 0.8333333333333334, 0.8095238095238095, 0.875, 0.0
0.8377039648819217, 0.8421052631578947, 0.8125, 0.8709677419354839, 0.0
0.8487806713883576, 0.8421052631578947, 0.8125, 0.8888888888888888, 0.0
0.8437575068400472, 0.84, 0.8095238095238095, 0.88, 0.0
0.8396544570677835, 0.8421052631578947, 0.8, 0.875, 0.0
0.8383559967851572, 0.84, 0.8181818181818181, 0.875, 0.0
0.8426788422166983, 0.84375, 0.8181818181818181, 0.8888888888888888, 0.0
0.8395848957805481, 0.8333333333333334, 0.8125, 0.9, 0.0
0.8332314967641055, 0.8260869565217391, 0.8095238095238095, 0.875, 0.0
0.8301549994668765, 0.8260869565217391, 0.8064516129032258, 0.8636363636363636, 0.0
0.8430148944868441, 0.84, 0.8181818181818181, 0.875, 0.0
0.8463673118909212, 0.8484848484848485, 0.8095238095238095, 0.875, 0.0
0.8376863214051239, 0.8333333333333334, 0.8095238095238095, 0.875, 0.0
0.8474389659592664, 0.8461538461538461, 0.8125, 0.8787878787878788, 0.0
0.8467400732654355, 0.84, 0.8125, 0.9166666666666666, 0.0
0.8431106742839997, 0.8484848484848485, 0.8095238095238095, 0.875, 0.0
0.840575492676942, 0.8333333333333334, 0.8, 0.875, 0.0
0.8375135809416896, 0.8260869565217391, 0.8064516129032258, 0.875, 0.0
0.8343616293705, 0.8333333333333334, 0.8, 0.8666666666666667, 0.0
0.8368515968917956, 0.8275862068965517, 0.8064516129032258, 0.875, 0.0
0.8501081573210509, 0.8484848484848485, 0.8181818181818181, 0.8888888888888888, 0.0
0.8444822432120115, 0.8461538461538461, 0.8064516129032258, 0.8695652173913043, 0.0
0.8417746153378336, 0.8333333333333334, 0.8181818181818181, 0.8888888888888888, 0.0
0.8259560399855977, 0.8260869565217391, 0.8, 0.8620689655172413, 0.0
0.8501553994285497, 0.8484848484848485, 0.8260869565217391, 0.8846153846153846, 0.0
0.8334030099012939, 0.8260869565217391, 0.8, 0.8695652173913043, 0.0
0.8412998437700211, 0.8387096774193549, 0.8064516129032258, 0.8823529411764706, 0.0
0.8364113245185815, 0.8260869565217391, 0.8181818181818181, 0.875, 0.0
0.8467693086477445, 0.8484848484848485, 0.8181818181818181, 0.875, 0.0
0.8357991696945575, 0.8333333333333334, 0.8125, 0.8620689655172413, 0.0
0.8377953935490167, 0.8333333333333334, 0.8, 0.88, 0.0
0.8380689964157706, 0.8333333333333334, 0.8064516129032258, 0.875, 0.0
0.8380293924443954, 0.8333333333333334, 0.7931034482758621, 0.88, 0.0
0.8304615836001996, 0.8333333333333334, 0.8, 0.8571428571428572, 0.0
0.8389268015063827, 0.8387096774193549, 0.8095238095238095, 0.8695652173913043, 0.0
0.8263122022406048, 0.8260869565217391, 0.7916666666666666, 0.8518518518518519, 0.0
0.8406702809012878, 0.8484848484848485, 0.8095238095238095, 0.875, 0.0
0.8426419688700373, 0.84375, 0.8095238095238095, 0.875, 0.0
0.8276253771941008, 0.8260869565217391, 0.8064516129032258, 0.85, 0.0
0.8399763830787674, 0.8387096774193549, 0.8095238095238095, 0.8695652173913043, 0.0
0.8359913177052027, 0.8387096774193549, 0.8, 0.8709677419354839, 0.0
0.8474612587153024, 0.85, 0.8095238095238095, 0.8888888888888888, 0.0
0.8342935476041882, 0.8333333333333334, 0.8095238095238095, 0.8571428571428572, 0.0
0.8382026194895733, 0.8333333333333334, 0.8095238095238095, 0.8695652173913043, 0.0
0.8378421981359032, 0.8260869565217391, 0.8064516129032258, 0.8823529411764706, 0.0
0.8363539150907573, 0.8333333333333334, 0.8095238095238095, 0.8666666666666667, 0.0
0.8409709632362994, 0.8421052631578947, 0.8064516129032258, 0.8666666666666667, 0.0
0.8467666059443398, 0.8484848484848485, 0.8064516129032258, 0.875, 0.0
0.8367709877825793, 0.84, 0.8, 0.8666666666666667, 0.0
0.8403107887940311, 0.8333333333333334, 0.8095238095238095, 0.8888888888888888, 0.0
0.8508718472149983, 0.8518518518518519, 0.8064516129032258, 0.8888888888888888, 0.0
0.832933794464837, 0.8260869565217391, 0.8095238095238095, 0.9047619047619048, 0.0
0.8481911864281273, 0.8421052631578947, 0.8095238095238095, 0.8947368421052632, 0.0
0.8381125715533355, 0.84, 0.8064516129032258, 0.875, 0.0
0.8378261090997665, 0.8333333333333334, 0.8, 0.88, 0.0
0.8500453898990354, 0.8333333333333334, 0.8095238095238095, 0.8947368421052632, 0.0
