0.8313489414636186, 0.8260869565217391, 0.8064516129032258, 0.875, 0.0
0.8366474648800196, 0.8333333333333334, 0.7894736842105263, 0.8947368421052632, 0.0
0.838261661363683, 0.8285714285714285, 0.8064516129032258, 0.8928571428571429, 0.0
0.8402349538186517, 0.84, 0.8095238095238095, 0.8823529411764706, 0.0
0.8412061243559291, 0.8421052631578947, 0.8181818181818181, 0.8695652173913043, 0.0
0.8363878369256931, 0.8333333333333334, 0.8095238095238095, 0.8666666666666667, 0.0
0.835215355792536, 0.8260869565217391, 0.8064516129032258, 0.8823529411764706, 0.0
0.8320244622138032, 0.8260869565217391, 0.8125, 0.8695652173913043, 0.0
0.835666996708476, 0.8333333333333334, 0.8181818181818181, 0.8620689655172413, 0.0
0.8425955031044546, 0.8461538461538461, 0.8181818181818181, 0.875, 0.0
0.8375112942618029, 0.8333333333333334, 0.8125, 0.8823529411764706, 0.0
0.844308082389042, 0.8461538461538461, 0.8095238095238095, 0.9047619047619048, 0.0
0.8358707706894946, 0.8387096774193549, 0.8064516129032258, 0.8666666666666667, 0.0
0.8484013561951055, 0.8421052631578947, 0.8181818181818181, 0.9, 0.0
0.8297895530632106, 0.8260869565217391, 0.8, 0.8888888888888888, 0.0
0.8373414206177181, 0.8333333333333334, 0.8, 0.88, 0.0
0.8304600260179971, 0.8260869565217391, 0.8, 0.875, 0.0
0.8423918821382589, 0.8461538461538461, 0.8125, 0.8695652173913043, 0.0
0.8402875953797992, 0.8333333333333334, 0.8125, 0.88, 0.0
0.8361568507851818, 0.8333333333333334, 0.8064516129032258, 0.8695652173913043, 0.0
0.8429246265464617, 0.8333333333333334, 0.8095238095238095, 0.8888888888888888, 0.0
0.8420806304649715, 0.8461538461538461, 0.8064516129032258, 0.8695652173913043, 0.0
0.8405205118521402, 0.8260869565217391, 0.8, 0.9090909090909091, 0.0
0.8511327879418806, 0.8461538461538461, 0.8260869565217391, 0.9, 0.0
0.8450341173374013, 0.8387096774193549, 0.8181818181818181, 0.8888888888888888, 0.0
0.8347381314337835, 0.8333333333333334, 0.8181818181818181, 0.8571428571428572, 0.0
0.8314894546046917, 0.8260869565217391, 0.7894736842105263, 0.88, 0.0
0.8362144149370537, 0.8333333333333334, 0.8, 0.8695652173913043, 0.0
0.8360647516734474, 0.8333333333333334, 0.8125, 0.8695652173913043, 0.0
0.8327330740090085, 0.8333333333333334, 0.8064516129032258, 0.8620689655172413, 0.0
0.831028435457596, 0.8260869565217391, 0.8095238095238095, 0.875, 0.0
0.8488545338090565, 0.8461538461538461, 0.8181818181818181, 0.9090909090909091, 0.0
0.8346073490496612, 0.8260869565217391, 0.8, 0.875, 0.0
0.8234442422848218, 0.8260869565217391, 0.8095238095238095, 0.8518518518518519, 0.0
0.838433102171858, 0.84375, 0.8125, 0.875, 0.0
0.8352227404816109, 0.8333333333333334, 0.8095238095238095, 0.8636363636363636, 0.0
0.8370628665060397, 0.8333333333333334, 0.8095238095238095, 0.8947368421052632, 0.0
0.8375762114214191, 0.8333333333333334, 0.8064516129032258, 0.875, 0.0
0.825763905557956, 0.8260869565217391, 0.7894736842105263, 0.85, 0.0
0.8436735282874714, 0.8484848484848485, 0.8095238095238095, 0.8846153846153846, 0.0
0.854179564378465, 0.8620689655172413, 0.8095238095238095, 0.8888888888888888, 0.0
0.8450768409654822, 0.84, 0.8260869565217391, 0.875, 0.0
0.8480246760911723, 0.84, 0.8181818181818181, 0.9047619047619048, 0.0
0.8301323580885099, 0.8260869565217391, 0.8125, 0.8666666666666667, 0.0
0.8428049502851184, 0.84375, 0.8064516129032258, 0.8888888888888888, 0.0
0.8339001099781151, 0.8235294117647058, 0.8, 0.875, 0.0
0.8373699580608046, 0.8333333333333334, 0.8064516129032258, 0.8823529411764706, 0.0
0.8492645901644759, 0.84375, 0.8125, 0.9047619047619048, 0.0
0.8341248056827767, 0.8333333333333334, 0.8125, 0.875, 0.0
0.8425259696394104, 0.8421052631578947, 0.8095238095238095, 0.8888888888888888, 0.0
0.8344233981078061, 0.8260869565217391, 0.8095238095238095, 0.8666666666666667, 0.0
0.8291238547956642, 0.8260869565217391, 0.8064516129032258, 0.88, 0.0
0.8378630695474774, 0.84, 0.8125, 0.8620689655172413, 0.0
0.8386028381080856, 0.84375, 0.8125, 0.8695652173913043, 0.0
0.8367227258917508, 0.8333333333333334, 0.8064516129032258, 0.8636363636363636, 0.0
0.8409520315580391, 0.8387096774193549, 0.8095238095238095, 0.875, 0.0
0.8365924125741798, 0.8333333333333334, 0.8064516129032258, 0.875, 0.0
0.8366458525884539, 0.8260869565217391, 0.8064516129032258, 0.88, 0.0
0.840210354276438, 0.8333333333333334, 0.8064516129032258, 0.875, 0.0
0.8396355026586529, 0.84, 0.8, 0.875, 0.0
0.8284770488113171, 0.8260869565217391, 0.8, 0.8636363636363636, 0.0
0.8457738356719682, 0.8484848484848485, 0.8064516129032258, 0.8846153846153846, 0.0
0.8389023471618633, 0.8333333333333334, 0.8095238095238095, 0.875, 0.0
0.852315843860601, 0.8666666666666667, 0.8181818181818181, 0.8823529411764706, 0.0
0.8291099818056338, 0.8333333333333334, 0.8095238095238095, 0.8484848484848485, 0.0
0.8463168254419321, 0.84375, 0.8235294117647058, 0.875, 0.0
0.8458610407371322, 0.8461538461538461, 0.8095238095238095, 0.8888888888888888, 0.0
0.8498740320812758, 0.8484848484848485, 0.8181818181818181, 0.9, 0.0
0.8370971553850116, 0.8260869565217391, 0.8125, 0.875, 0.0
0.838058133663477, 0.84, 0.8181818181818181, 0.8620689655172413, 0.0
0.8314268243444259, 0.8333333333333334, 0.8095238095238095, 0.8571428571428572, 0.0
0.8375377898920924, 0.8387096774193549, 0.8, 0.875, 0.0
0.8373344548097261, 0.8333333333333334, 0.782608695652174, 0.8709677419354839, 0.0
0.8379767143279505, 0.8333333333333334, 0.8095238095238095, 0.8666666666666667, 0.0
0.8406618015547302, 0.84, 0.8095238095238095, 0.875, 0.0
0.8380426257997915, 0.8260869565217391, 0.8125, 0.875, 0.0
0.842669411506368, 0.84, 0.8181818181818181, 0.875, 0.0
0.8367865206281462, 0.8333333333333334, 0.8064516129032258, 0.8947368421052632, 0.0
0.8366088995545516, 0.8333333333333334, 0.8095238095238095, 0.8787878787878788, 0.0
0.8429192653737883, 0.8461538461538461, 0.8095238095238095, 0.8888888888888888, 0.0
0.8362053481117175, 0.8333333333333334, 0.8064516129032258, 0.8695652173913043, 0.0
0.8345399911525928, 0.84, 0.8064516129032258, 0.8666666666666667, 0.0
0.829659822023076, 0.8260869565217391, 0.8095238095238095, 0.8571428571428572, 0.0
0.8483217880578555, 0.8484848484848485, 0.8, 0.9166666666666666, 0.0
0.8399453218705137, 0.8333333333333334, 0.8125, 0.8823529411764706, 0.0
0.8436585326740713, 0.8484848484848485, 0.7619047619047619, 0.9, 0.0
0.8320428541710007, 0.8333333333333334, 0.8095238095238095, 0.8571428571428572, 0.0
0.8351542353008679, 0.8333333333333334, 0.8095238095238095, 0.8666666666666667, 0.0
0.8410812713856193, 0.8260869565217391, 0.8181818181818181, 0.8846153846153846, 0.0
0.8376252216156869, 0.8333333333333334, 0.8125, 0.8666666666666667, 0.0
0.8366488847993426, 0.8333333333333334, 0.8064516129032258, 0.8636363636363636, 0.0
0.8388696572193205, 0.8333333333333334, 0.8095238095238095, 0.8695652173913043, 0.0
0.8390746648678011, 0.84, 0.8064516129032258, 0.875, 0.0
0.8338679571128085, 0.8333333333333334, 0.8, 0.8947368421052632, 0.0
0.8359989480368041, 0.8333333333333334, 0.8181818181818181, 0.8620689655172413, 0.0
0.8453774791449311, 0.8461538461538461, 0.8125, 0.8695652173913043, 0.0
0.8524548612008118, 0.8529411764705882, 0.8181818181818181, 0.8888888888888888, 0.0
0.8448905901686614, 0.84375, 0.8181818181818181, 0.88, 0.0
0.841827694766673, 0.84, 0.8064516129032258, 0.9375, 0.0
0.8420605153242071, 0.8484848484848485, 0.8, 0.88, 0.0
0.8348437470274779, 0.8260869565217391, 0.8, 0.875, 0.0
0.8394992525602589, 0.8333333333333334, 0.8125, 0.8666666666666667, 0.0
0.8376930637800204, 0.8333333333333334, 0.8181818181818181, 0.9259259259259259, 0.0
0.8412238425825382, 0.84375, 0.8, 0.875, 0.0
0.8449745959325289, 0.8333333333333334, 0.8095238095238095, 0.8846153846153846, 0.0
0.8381824490724885, 0.8333333333333334, 0.8064516129032258, 0.875, 0.0
0.8337938630208589, 0.8333333333333334, 0.8064516129032258, 0.8571428571428572, 0.0
0.8371434587010035, 0.8333333333333334, 0.8095238095238095, 0.8823529411764706, 0.0
0.8405214967039909, 0.84, 0.8, 0.8888888888888888, 0.0
0.8387716698788399, 0.8333333333333334, 0.8095238095238095, 0.8947368421052632, 0.0
0.8426561577698729, 0.8333333333333334, 0.8125, 0.8947368421052632, 0.0
0.8421306790272308, 0.8260869565217391, 0.8181818181818181, 0.8888888888888888, 0.0
0.8367730042583946, 0.8333333333333334, 0.8, 0.9, 0.0
0.8384503347741332, 0.8333333333333334, 0.8125, 0.8888888888888888, 0.0
0.8416344864136748, 0.84, 0.8125, 0.8823529411764706, 0.0
0.8456540966498094, 0.8484848484848485, 0.8181818181818181, 0.8888888888888888, 0.0
0.833625116713352, 0.8260869565217391, 0.8095238095238095, 0.8823529411764706, 0.0
0.8372849288392767, 0.84, 0.8125, 0.8695652173913043, 0.0
0.8523358631583071, 0.8484848484848485, 0.8064516129032258, 0.8947368421052632, 0.0
0.8410325919291437, 0.8333333333333334, 0.8181818181818181, 0.9047619047619048, 0.0
0.8393573225954434, 0.84, 0.7916666666666666, 0.8928571428571429, 0.0
0.82986822115083, 0.8260869565217391, 0.8095238095238095, 0.8571428571428572, 0.0
0.8331724109224108, 0.8333333333333334, 0.8, 0.8846153846153846, 0.0
0.8543177750006338, 0.8518518518518519, 0.8181818181818181, 0.8888888888888888, 0.0
0.8474724202926646, 0.8461538461538461, 0.8095238095238095, 0.896551724137931, 0.0
0.8482277776851199, 0.85, 0.8125, 0.9047619047619048, 0.0
0.8374755533124288, 0.84, 0.8095238095238095, 0.875, 0.0
0.8467255463177502, 0.84, 0.8095238095238095, 0.9, 0.0
0.8335282688326167, 0.8260869565217391, 0.8095238095238095, 0.8695652173913043, 0.0
0.8372858537061436, 0.8333333333333334, 0.8148148148148149, 0.88, 0.0
0.8414806172203253, 0.8333333333333334, 0.8125, 0.8823529411764706, 0.0
0.8366105886187952, 0.8260869565217391, 0.8095238095238095, 0.8620689655172413, 0.0
0.8416317231564214, 0.8421052631578947, 0.8, 0.8666666666666667, 0.0
0.8332844651703604, 0.8260869565217391, 0.8076923076923077, 0.875, 0.0
0.8427143681211003, 0.8387096774193549, 0.8, 0.8888888888888888, 0.0
0.8534203689401091, 0.8518518518518519, 0.8181818181818181, 0.9130434782608696, 0.0
0.8382223650716022, 0.84, 0.8125, 0.8695652173913043, 0.0
0.8315310358870432, 0.8260869565217391, 0.8095238095238095, 0.8695652173913043, 0.0
0.83300422774107, 0.8260869565217391, 0.8095238095238095, 0.8888888888888888, 0.0
0.8303727352878355, 0.8260869565217391, 0.8, 0.8636363636363636, 0.0
0.8476722964275437, 0.84, 0.8125, 0.9090909090909091, 0.0
0.8231256342224086, 0.8181818181818181, 0.8, 0.8484848484848485, 0.0
0.834592281777556, 0.8333333333333334, 0.8064516129032258, 0.8695652173913043, 0.0
0.835973653844498, 0.8260869565217391, 0.8125, 0.8888888888888888, 0.0
0.8411886039450683, 0.84, 0.8095238095238095, 0.875, 0.0
0.8308219261561944, 0.8260869565217391, 0.8, 0.875, 0.0
0.8488173570927195, 0.8461538461538461, 0.8095238095238095, 0.9047619047619048, 0.0
0.8334547991437773, 0.8260869565217391, 0.8064516129032258, 0.875, 0.0
0.8392655454803793, 0.8333333333333334, 0.8095238095238095, 0.8823529411764706, 0.0
0.8347550758420326, 0.8260869565217391, 0.8181818181818181, 0.9, 0.0
0.8319670667496755, 0.8260869565217391, 0.8, 0.9047619047619048, 0.0
0.8337490146256131, 0.8333333333333334, 0.8125, 0.875, 0.0
0.8373365896998435, 0.8333333333333334, 0.8125, 0.875, 0.0
0.8333211469758922, 0.8333333333333334, 0.8064516129032258, 0.8666666666666667, 0.0
0.8455887419630547, 0.8461538461538461, 0.8, 0.9, 0.0
0.83398809041717, 0.8333333333333334, 0.8095238095238095, 0.8620689655172413, 0.0
0.8327439751028977, 0.8260869565217391, 0.8064516129032258, 0.8823529411764706, 0.0
0.8298972937773539, 0.8260869565217391, 0.8, 0.875, 0.0
0.8459311080760357, 0.8461538461538461, 0.8095238095238095, 0.88, 0.0
0.8415110926511321, 0.84375, 0.8064516129032258, 0.88, 0.0
0.8412279664464235, 0.8333333333333334, 0.8125, 0.8823529411764706, 0.0
0.8377619599444543, 0.8333333333333334, 0.8095238095238095, 0.875, 0.0
0.8396262767921986, 0.8421052631578947, 0.8181818181818181, 0.8666666666666667, 0.0
0.8382377075933524, 0.8260869565217391, 0.8064516129032258, 0.8695652173913043, 0.0
0.8292286578156144, 0.8260869565217391, 0.8, 0.8571428571428572, 0.0
0.8344080168975553, 0.8333333333333334, 0.8064516129032258, 0.896551724137931, 0.0
0.8491231483825188, 0.85, 0.8, 0.9090909090909091, 0.0
0.8384600142056211, 0.8333333333333334, 0.8095238095238095, 0.8888888888888888, 0.0
0.8478191887799061, 0.84375, 0.8064516129032258, 0.8888888888888888, 0.0
0.8419686526570586, 0.84375, 0.8125, 0.875, 0.0
0.8258484269353835, 0.8260869565217391, 0.7916666666666666, 0.8636363636363636, 0.0
0.8474018509735946, 0.8461538461538461, 0.8095238095238095, 0.9090909090909091, 0.0
0.8462495034098587, 0.8461538461538461, 0.8181818181818181, 0.875, 0.0
0.8394257905353976, 0.84375, 0.8, 0.8636363636363636, 0.0
0.8300514205121375, 0.8260869565217391, 0.7894736842105263, 0.8518518518518519, 0.0
0.8354305287247289, 0.8260869565217391, 0.8095238095238095, 0.875, 0.0
0.8417905235374727, 0.8333333333333334, 0.8064516129032258, 0.8888888888888888, 0.0
0.8441619422033048, 0.84375, 0.8064516129032258, 0.9, 0.0
0.8448580072638044, 0.8484848484848485, 0.8181818181818181, 0.8695652173913043, 0.0
0.8330487176445448, 0.8260869565217391, 0.8125, 0.8666666666666667, 0.0
0.8439592077430953, 0.8461538461538461, 0.8125, 0.8823529411764706, 0.0
0.8379648978472506, 0.84, 0.8095238095238095, 0.8636363636363636, 0.0
0.8402146983451331, 0.8333333333333334, 0.8095238095238095, 0.875, 0.0
0.8395777108023484, 0.84, 0.8125, 0.8666666666666667, 0.0
0.8382770611031481, 0.8333333333333334, 0.8095238095238095, 0.875, 0.0
0.8387621319430784, 0.8333333333333334, 0.8095238095238095, 0.8666666666666667, 0.0
0.8359562411555166, 0.8260869565217391, 0.8095238095238095, 0.875, 0.0
0.83938271929611, 0.8387096774193549, 0.8095238095238095, 0.8695652173913043, 0.0
0.8482746144261978, 0.84, 0.8260869565217391, 0.8947368421052632, 0.0
0.846712540139375, 0.8461538461538461, 0.8181818181818181, 0.875, 0.0
0.837654622019795, 0.8333333333333334, 0.8064516129032258, 0.875, 0.0
0.8450104055335557, 0.84, 0.8260869565217391, 0.875, 0.0
0.8272779973649539, 0.8181818181818181, 0.8095238095238095, 0.875, 0.0
0.8430128060385277, 0.8461538461538461, 0.8064516129032258, 0.8787878787878788, 0.0
0.8310469640304724, 0.8333333333333334, 0.8095238095238095, 0.8620689655172413, 0.0
0.8412746951156341, 0.84375, 0.8064516129032258, 0.9, 0.0
0.8346375056103713, 0.8333333333333334, 0.8064516129032258, 0.8823529411764706, 0.0
0.836049655428813, 0.8333333333333334, 0.8125, 0.8620689655172413, 0.0
0.8432735954237703, 0.8461538461538461, 0.8125, 0.875, 0.0
0.8310851360732147, 0.8333333333333334, 0.78125, 0.8787878787878788, 0.0
0.8367952753703105, 0.8260869565217391, 0.8064516129032258, 0.8888888888888888, 0.0
0.840666346517421, 0.8333333333333334, 0.8095238095238095, 0.88, 0.0
0.8345829748033253, 0.8333333333333334, 0.8095238095238095, 0.8620689655172413, 0.0
0.846305921385616, 0.8518518518518519, 0.8064516129032258, 0.875, 0.0
0.8404360225278811, 0.84375, 0.8, 0.8823529411764706, 0.0
0.8346488440201142, 0.8260869565217391, 0.8125, 0.8571428571428572, 0.0
0.8430266771278325, 0.84, 0.8181818181818181, 0.8787878787878788, 0.0
0.8394371094946542, 0.8333333333333334, 0.8, 0.875, 0.0
0.8462058181435599, 0.84, 0.8095238095238095, 0.9, 0.0
0.8351667222526148, 0.8333333333333334, 0.8095238095238095, 0.875, 0.0
0.84458512882998, 0.8333333333333334, 0.8181818181818181, 0.8947368421052632, 0.0
0.8338216671454658, 0.8333333333333334, 0.8125, 0.8571428571428572, 0.0
0.8396256045257794, 0.84, 0.8, 0.875, 0.0
0.8468436832958618, 0.8571428571428572, 0.8095238095238095, 0.8823529411764706, 0.0
0.8437317778061116, 0.8333333333333334, 0.8064516129032258, 0.875, 0.0
0.8413762993725954, 0.8333333333333334, 0.8095238095238095, 0.9, 0.0
0.8414945144374784, 0.8387096774193549, 0.8125, 0.8846153846153846, 0.0
0.8428629217773764, 0.84, 0.8181818181818181, 0.8888888888888888, 0.0
0.840014975353556, 0.8333333333333334, 0.8125, 0.8695652173913043, 0.0
0.8335369657659487, 0.8260869565217391, 0.8125, 0.8695652173913043, 0.0
0.8380091020091022, 0.8333333333333334, 0.8181818181818181, 0.8695652173913043, 0.0
0.8350847153383385, 0.8333333333333334, 0.8125, 0.875, 0.0
0.8458853301258717, 0.84, 0.8125, 0.9047619047619048, 0.0
0.8376215584844922, 0.8260869565217391, 0.8095238095238095, 0.8823529411764706, 0.0
0.8288043212825823, 0.8260869565217391, 0.8, 0.8571428571428572, 0.0
0.8348428937822346, 0.8387096774193549, 0.8095238095238095, 0.8695652173913043, 0.0
0.8258743960405829, 0.8260869565217391, 0.7894736842105263, 0.8518518518518519, 0.0
0.8342213293971495, 0.8333333333333334, 0.8064516129032258, 0.8636363636363636, 0.0
0.8389563683766582, 0.8333333333333334, 0.7727272727272727, 0.8928571428571429, 0.0
0.8410549188267566, 0.8333333333333334, 0.8095238095238095, 0.8947368421052632, 0.0
0.8387992637880195, 0.8484848484848485, 0.8, 0.8620689655172413, 0.0
0.8424901455601481, 0.8333333333333334, 0.8064516129032258, 0.8846153846153846, 0.0
0.8391804525226565, 0.84, 0.8095238095238095, 0.8620689655172413, 0.0
0.8406588786215947, 0.84375, 0.8064516129032258, 0.875, 0.0
0.8466093734564794, 0.85, 0.8181818181818181, 0.8846153846153846, 0.0
0.8471494281507072, 0.8484848484848485, 0.8125, 0.9, 0.0
0.8441236794590696, 0.8387096774193549, 0.8181818181818181, 0.9090909090909091, 0.0
0.8385787366057232, 0.8333333333333334, 0.8095238095238095, 0.88, 0.0
0.8407757792959928, 0.8333333333333334, 0.8181818181818181, 0.8947368421052632, 0.0
0.8404957596939712, 0.84, 0.8095238095238095, 0.8695652173913043, 0.0
0.8359916434880202, 0.8333333333333334, 0.8095238095238095, 0.8695652173913043, 0.0
0.842507253164385, 0.84, 0.8095238095238095, 0.8928571428571429, 0.0
0.8400447633326196, 0.84, 0.8125, 0.8666666666666667, 0.0
0.8308865406798059, 0.8260869565217391, 0.8095238095238095, 0.8571428571428572, 0.0
0.8329551203815926, 0.8333333333333334, 0.8125, 0.8620689655172413, 0.0
0.8414726992564323, 0.8333333333333334, 0.8095238095238095, 0.9375, 0.0
0.827160333310219, 0.8181818181818181, 0.8095238095238095, 0.8695652173913043, 0.0
0.8341637482822617, 0.8181818181818181, 0.8064516129032258, 0.88, 0.0
0.8442596271625231, 0.84, 0.8181818181818181, 0.88, 0.0
0.8502981654295353, 0.8518518518518519, 0.8181818181818181, 0.875, 0.0
0.8441696679502777, 0.8484848484848485, 0.8, 0.875, 0.0
0.8374445608068798, 0.8333333333333334, 0.8095238095238095, 0.88, 0.0
0.8303558022760922, 0.8260869565217391, 0.8095238095238095, 0.8571428571428572, 0.0
0.8371609444831952, 0.8260869565217391, 0.8095238095238095, 0.88, 0.0
0.8315634341503909, 0.8260869565217391, 0.8095238095238095, 0.8666666666666667, 0.0
0.8367356677139287, 0.8260869565217391, 0.8095238095238095, 0.8846153846153846, 0.0
0.8424322156785117, 0.84, 0.8095238095238095, 0.875, 0.0
0.8366218347974531, 0.8260869565217391, 0.8095238095238095, 0.8666666666666667, 0.0
0.8371167133520074, 0.8333333333333334, 0.8181818181818181, 0.8695652173913043, 0.0
0.8476816682482968, 0.8529411764705882, 0.8181818181818181, 0.8888888888888888, 0.0
0.8390103347641917, 0.8333333333333334, 0.8095238095238095, 0.8709677419354839, 0.0
0.8379459508593535, 0.8333333333333334, 0.8064516129032258, 0.8695652173913043, 0.0
0.8358204567749797, 0.8260869565217391, 0.8, 0.875, 0.0
0.8402669291256247, 0.8333333333333334, 0.8095238095238095, 0.8888888888888888, 0.0
0.8425746794026363, 0.8461538461538461, 0.8064516129032258, 0.88, 0.0
0.8382040909055627, 0.8333333333333334, 0.8064516129032258, 0.875, 0.0
0.8443175340617951, 0.84375, 0.8064516129032258, 0.875, 0.0
0.8414342772658575, 0.8387096774193549, 0.8095238095238095, 0.8888888888888888, 0.0
0.8357066208927383, 0.8333333333333334, 0.8125, 0.8666666666666667, 0.0
0.8433246786970661, 0.8484848484848485, 0.8125, 0.8928571428571429, 0.0
0.841672382391692, 0.8260869565217391, 0.8, 0.875, 0.0
0.831564105513381, 0.8260869565217391, 0.8, 0.8636363636363636, 0.0
0.8267003400911647, 0.8260869565217391, 0.7894736842105263, 0.8636363636363636, 0.0
0.8393902422922032, 0.8333333333333334, 0.8, 0.9, 0.0
0.8253276857940252, 0.8260869565217391, 0.7878787878787878, 0.8636363636363636, 0.0
0.826848454222949, 0.8181818181818181, 0.8064516129032258, 0.875, 0.0
0.8385826588870068, 0.8260869565217391, 0.8095238095238095, 0.8695652173913043, 0.0
0.8430318832506857, 0.84, 0.8181818181818181, 0.8888888888888888, 0.0
0.838067340326211, 0.8260869565217391, 0.8095238095238095, 0.8695652173913043, 0.0
0.8345460679953434, 0.8333333333333334, 0.8125, 0.875, 0.0
0.8444598632056521, 0.8333333333333334, 0.8125, 0.875, 0.0
0.842140849803992, 0.8333333333333334, 0.8, 0.8947368421052632, 0.0
0.8343238846284625, 0.8333333333333334, 0.7894736842105263, 0.875, 0.0
0.8334681953512437, 0.8333333333333334, 0.8095238095238095, 0.8823529411764706, 0.0
0.8445571545039284, 0.84375, 0.8125, 0.8888888888888888, 0.0
0.8415617639084234, 0.8421052631578947, 0.8181818181818181, 0.8695652173913043, 0.0
0.8410727997177273, 0.84, 0.8125, 0.88, 0.0
0.8384617546478722, 0.8333333333333334, 0.8095238095238095, 0.8666666666666667, 0.0
0.8339306113024464, 0.8260869565217391, 0.8095238095238095, 0.8846153846153846, 0.0
0.8329541097657039, 0.8260869565217391, 0.8095238095238095, 0.8571428571428572, 0.0
0.8348556737143694, 0.8260869565217391, 0.8125, 0.8888888888888888, 0.0
0.8393311688311689, 0.84, 0.8125, 0.8787878787878788, 0.0
0.8496007564114958, 0.8421052631578947, 0.8125, 0.9090909090909091, 0.0
0.8296082473618704, 0.8260869565217391, 0.8095238095238095, 0.8518518518518519, 0.0
0.8339577451533972, 0.8333333333333334, 0.8, 0.8636363636363636, 0.0
0.8358905122788268, 0.8333333333333334, 0.8095238095238095, 0.875, 0.0
0.8275669622180842, 0.8260869565217391, 0.8064516129032258, 0.8695652173913043, 0.0
0.8436995866195062, 0.8421052631578947, 0.8181818181818181, 0.9047619047619048, 0.0
0.8472344737924449, 0.8333333333333334, 0.8125, 0.9166666666666666, 0.0
0.8319773858229238, 0.8260869565217391, 0.8095238095238095, 0.8695652173913043, 0.0
0.8426535574773563, 0.8421052631578947, 0.8095238095238095, 0.8666666666666667, 0.0
0.8390251824128634, 0.8333333333333334, 0.8095238095238095, 0.875, 0.0
0.8347215504181376, 0.8260869565217391, 0.8125, 0.8888888888888888, 0.0
0.8415233373960659, 0.8333333333333334, 0.8125, 0.8947368421052632, 0.0
0.8297074008318958, 0.8181818181818181, 0.8064516129032258, 0.875, 0.0
0.8366421709748402, 0.8260869565217391, 0.8095238095238095, 0.875, 0.0
0.8457813990412045, 0.84, 0.8181818181818181, 0.8928571428571429, 0.0
0.8431417441832234, 0.84, 0.8181818181818181, 0.9, 0.0
0.8442671336754779, 0.84, 0.8181818181818181, 0.875, 0.0
0.8379060505318102, 0.8333333333333334, 0.8064516129032258, 0.88, 0.0
0.8337521060831019, 0.8260869565217391, 0.8095238095238095, 0.9032258064516129, 0.0
0.8438101621030379, 0.8260869565217391, 0.8095238095238095, 0.8947368421052632, 0.0
0.8409155240801918, 0.8333333333333334, 0.8125, 0.9047619047619048, 0.0
0.8459944091842261, 0.84375, 0.8125, 0.9, 0.0
0.8241557251677193, 0.8181818181818181, 0.8095238095238095, 0.8571428571428572, 0.0
0.8328303035812386, 0.8260869565217391, 0.8095238095238095, 0.8666666666666667, 0.0
0.8374898898739478, 0.8333333333333334, 0.8095238095238095, 0.88, 0.0
0.8404156147034708, 0.8333333333333334, 0.8095238095238095, 0.875, 0.0
0.8318619622367751, 0.8260869565217391, 0.8, 0.8888888888888888, 0.0
0.8403577112542631, 0.84, 0.8181818181818181, 0.8695652173913043, 0.0
0.8355065144195579, 0.8333333333333334, 0.8, 0.8888888888888888, 0.0
0.8324536564658608, 0.8260869565217391, 0.8, 0.8695652173913043, 0.0
0.8308925636853408, 0.8260869565217391, 0.8095238095238095, 0.8709677419354839, 0.0
0.8243338017138616, 0.8181818181818181, 0.8095238095238095, 0.8620689655172413, 0.0
0.8443865950571559, 0.84, 0.8125, 0.88, 0.0
0.8448475932187828, 0.8518518518518519, 0.8095238095238095, 0.88, 0.0
0.8306436107440082, 0.8260869565217391, 0.8064516129032258, 0.8571428571428572, 0.0
0.8313481561985536, 0.8333333333333334, 0.8064516129032258, 0.8666666666666667, 0.0
0.8439879752468458, 0.8484848484848485, 0.8181818181818181, 0.875, 0.0
0.8387435512207482, 0.8333333333333334, 0.8095238095238095, 0.875, 0.0
0.8279895842820106, 0.8181818181818181, 0.8064516129032258, 0.9, 0.0
0.8432705877135281, 0.84, 0.8125, 0.875, 0.0
0.8371717424697789, 0.8387096774193549, 0.8095238095238095, 0.8695652173913043, 0.0
0.8346444776850546, 0.8387096774193549, 0.8125, 0.8529411764705882, 0.0
0.8310750193085277, 0.8260869565217391, 0.8, 0.875, 0.0
0.8425066613287502, 0.8461538461538461, 0.8181818181818181, 0.875, 0.0
0.8401689831814768, 0.84, 0.8, 0.8846153846153846, 0.0
0.8424560734208454, 0.84, 0.8181818181818181, 0.8846153846153846, 0.0
0.8436626657535707, 0.8333333333333334, 0.8181818181818181, 0.8888888888888888, 0.0
0.8416028442997753, 0.8333333333333334, 0.8125, 0.8823529411764706, 0.0
0.8433635899835145, 0.84, 0.8064516129032258, 0.88, 0.0
0.8366979309448801, 0.8333333333333334, 0.8064516129032258, 0.8666666666666667, 0.0
0.8430322162976177, 0.8461538461538461, 0.8181818181818181, 0.88, 0.0
0.8349842358629656, 0.8333333333333334, 0.8095238095238095, 0.8695652173913043, 0.0
0.8391799611122824, 0.8333333333333334, 0.8064516129032258, 0.8823529411764706, 0.0
0.8432077856649781, 0.8421052631578947, 0.8181818181818181, 0.8846153846153846, 0.0
0.8385617077408684, 0.8260869565217391, 0.8125, 0.875, 0.0
0.8406644385026739, 0.8333333333333334, 0.8095238095238095, 0.8823529411764706, 0.0
0.8411776541859464, 0.8333333333333334, 0.8064516129032258, 0.8947368421052632, 0.0
0.8371817718016962, 0.8333333333333334, 0.8, 0.8787878787878788, 0.0
0.8339100790513836, 0.8260869565217391, 0.8095238095238095, 0.8666666666666667, 0.0
0.8430235136785098, 0.84, 0.8181818181818181, 0.8823529411764706, 0.0
0.8379960149795234, 0.8333333333333334, 0.8, 0.8666666666666667, 0.0
0.8357527848999261, 0.8333333333333334, 0.8125, 0.8823529411764706, 0.0
0.8325084268832396, 0.8260869565217391, 0.7727272727272727, 0.8888888888888888, 0.0
0.8339535600801588, 0.8260869565217391, 0.8095238095238095, 0.8666666666666667, 0.0
0.8365361839070281, 0.8260869565217391, 0.8, 0.8823529411764706, 0.0
0.8325714258408768, 0.8260869565217391, 0.8, 0.8666666666666667, 0.0
0.8323127067418672, 0.8260869565217391, 0.8095238095238095, 0.8666666666666667, 0.0
0.8460790116075709, 0.8518518518518519, 0.8181818181818181, 0.875, 0.0
0.8417448093256519, 0.8387096774193549, 0.7894736842105263, 0.8888888888888888, 0.0
0.8413088599043977, 0.8333333333333334, 0.8095238095238095, 0.8846153846153846, 0.0
0.832518978605935, 0.8260869565217391, 0.8095238095238095, 0.8666666666666667, 0.0
0.8270981554677207, 0.8260869565217391, 0.8, 0.8571428571428572, 0.0
0.8385248447204968, 0.8333333333333334, 0.8125, 0.875, 0.0
0.8397978672903271, 0.8260869565217391, 0.8181818181818181, 0.88, 0.0
0.8396775735682901, 0.84375, 0.8125, 0.8846153846153846, 0.0
0.8400834876904303, 0.84375, 0.8064516129032258, 0.875, 0.0
0.8384229362572045, 0.8333333333333334, 0.8125, 0.875, 0.0
0.8421071222029494, 0.8333333333333334, 0.8181818181818181, 0.8888888888888888, 0.0
0.8373129339796006, 0.8260869565217391, 0.8181818181818181, 0.8695652173913043, 0.0
0.8291976901857688, 0.8260869565217391, 0.8, 0.8666666666666667, 0.0
0.8411124970062916, 0.8571428571428572, 0.7894736842105263, 0.875, 0.0
0.8392946292158793, 0.8421052631578947, 0.8125, 0.8666666666666667, 0.0
0.8408217380128136, 0.8333333333333334, 0.7894736842105263, 0.8947368421052632, 0.0
0.8408340408920121, 0.8260869565217391, 0.8, 0.88, 0.0
0.8416006631282217, 0.8333333333333334, 0.7894736842105263, 0.9130434782608696, 0.0
0.834276391132036, 0.8333333333333334, 0.8, 0.875, 0.0
0.8350841279562644, 0.8333333333333334, 0.8064516129032258, 0.8695652173913043, 0.0
0.8372693393562958, 0.8333333333333334, 0.8181818181818181, 0.8636363636363636, 0.0
0.8451030113019119, 0.8461538461538461, 0.8095238095238095, 0.9130434782608696, 0.0
0.8430497798052876, 0.8484848484848485, 0.8095238095238095, 0.8947368421052632, 0.0
0.8380751790183296, 0.8421052631578947, 0.8095238095238095, 0.8695652173913043, 0.0
0.8301951595227539, 0.8260869565217391, 0.8064516129032258, 0.8666666666666667, 0.0
0.8444831109577488, 0.84375, 0.8181818181818181, 0.88, 0.0
0.830636707620216, 0.8333333333333334, 0.8095238095238095, 0.8620689655172413, 0.0
0.839303661275611, 0.84, 0.8095238095238095, 0.9, 0.0
0.8385731779088695, 0.8260869565217391, 0.8064516129032258, 0.9, 0.0
0.8332293469348167, 0.8333333333333334, 0.8064516129032258, 0.8695652173913043, 0.0
0.8363477289892308, 0.8333333333333334, 0.7894736842105263, 0.8666666666666667, 0.0
0.8393902366998319, 0.8333333333333334, 0.8125, 0.9, 0.0
0.8420232438591486, 0.8333333333333334, 0.8064516129032258, 0.88, 0.0
0.8357357618227182, 0.8260869565217391, 0.8095238095238095, 0.8846153846153846, 0.0
0.8404495159187773, 0.8387096774193549, 0.8095238095238095, 0.875, 0.0
0.8460245655930315, 0.8518518518518519, 0.8125, 0.8846153846153846, 0.0
0.838598927985945, 0.8333333333333334, 0.8095238095238095, 0.875, 0.0
0.8425607136907737, 0.8333333333333334, 0.8125, 0.9047619047619048, 0.0
0.8454144005721158, 0.8333333333333334, 0.8095238095238095, 0.8928571428571429, 0.0
0.8405897548033099, 0.8260869565217391, 0.8125, 0.8846153846153846, 0.0
0.8504322454157537, 0.8461538461538461, 0.8181818181818181, 0.9, 0.0
