0.8388692353398235, 0.8333333333333334, 0.8095238095238095, 0.8823529411764706, 0.0
0.8393728202743547, 0.8333333333333334, 0.8125, 0.8823529411764706, 0.0
0.8367939277484505, 0.8333333333333334, 0.8, 0.8666666666666667, 0.0
0.8420709645385827, 0.8333333333333334, 0.8064516129032258, 0.8846153846153846, 0.0
0.8408990633535861, 0.8333333333333334, 0.8125, 0.8888888888888888, 0.0
0.850685550241177, 0.8571428571428572, 0.8125, 0.8823529411764706, 0.0
0.8372026837896404, 0.84, 0.8125, 0.8666666666666667, 0.0
0.8456386273322806, 0.8461538461538461, 0.8181818181818181, 0.875, 0.0
0.8404678717774998, 0.84, 0.8, 0.8846153846153846, 0.0
0.8455745953828002, 0.84375, 0.8125, 0.875, 0.0
0.8388664494994557, 0.8461538461538461, 0.782608695652174, 0.88, 0.0
0.835364706358871, 0.8333333333333334, 0.8125, 0.8620689655172413, 0.0
0.8318349056273321, 0.8333333333333334, 0.8, 0.8571428571428572, 0.0
0.8473744901494263, 0.8461538461538461, 0.8095238095238095, 0.8888888888888888, 0.0
0.8490038860197899, 0.8518518518518519, 0.8181818181818181, 0.8857142857142857, 0.0
0.8385751366606666, 0.84, 0.8, 0.88, 0.0
0.8485437222623925, 0.8461538461538461, 0.8181818181818181, 0.8823529411764706, 0.0
0.8350447995283079, 0.8333333333333334, 0.8125, 0.875, 0.0
0.8369780494105438, 0.84, 0.8095238095238095, 0.8666666666666667, 0.0
0.8441998122261096, 0.84375, 0.8181818181818181, 0.88, 0.0
0.8347807460188246, 0.8333333333333334, 0.8064516129032258, 0.875, 0.0
0.8339142167413757, 0.8333333333333334, 0.8064516129032258, 0.896551724137931, 0.0
0.8321379321161931, 0.8333333333333334, 0.8125, 0.8571428571428572, 0.0
0.834002935943131, 0.8333333333333334, 0.8064516129032258, 0.8709677419354839, 0.0
0.8327752218997166, 0.8333333333333334, 0.8064516129032258, 0.88, 0.0
0.843763954700835, 0.84375, 0.8095238095238095, 0.8947368421052632, 0.0
0.8393449076327637, 0.84, 0.7916666666666666, 0.875, 0.0
0.8461583561405993, 0.8518518518518519, 0.8064516129032258, 0.875, 0.0
0.8426070146107364, 0.84, 0.8125, 0.8947368421052632, 0.0
0.8469725380710037, 0.8260869565217391, 0.8095238095238095, 0.9411764705882353, 0.0
0.8369842558349042, 0.8260869565217391, 0.8095238095238095, 0.8823529411764706, 0.0
0.8293716882220856, 0.8260869565217391, 0.8, 0.875, 0.0
0.824582784365393, 0.8181818181818181, 0.8, 0.8666666666666667, 0.0
0.8387634463827983, 0.8333333333333334, 0.8125, 0.875, 0.0
0.8394895308450608, 0.84, 0.8095238095238095, 0.875, 0.0
0.8320183782371807, 0.8260869565217391, 0.8125, 0.8620689655172413, 0.0
0.8396307822519716, 0.8484848484848485, 0.8095238095238095, 0.875, 0.0
0.8488060788597627, 0.8518518518518519, 0.8260869565217391, 0.875, 0.0
0.8400934803859068, 0.84, 0.8064516129032258, 0.9047619047619048, 0.0
0.8365656307318711, 0.8333333333333334, 0.8, 0.875, 0.0
0.8387385392898363, 0.8333333333333334, 0.8064516129032258, 0.8888888888888888, 0.0
0.8464390223303268, 0.8461538461538461, 0.8125, 0.88, 0.0
0.8359417326605352, 0.8260869565217391, 0.8095238095238095, 0.875, 0.0
0.8431242445155489, 0.8333333333333334, 0.8181818181818181, 0.9, 0.0
0.8313955003901721, 0.8333333333333334, 0.8095238095238095, 0.875, 0.0
0.8482649117833921, 0.8484848484848485, 0.8125, 0.8823529411764706, 0.0
0.8451444935885792, 0.84, 0.8181818181818181, 0.9375, 0.0
0.8403974433573751, 0.8484848484848485, 0.8095238095238095, 0.8571428571428572, 0.0
0.8401567123068873, 0.8461538461538461, 0.8125, 0.8666666666666667, 0.0
0.8381709060728668, 0.84, 0.8125, 0.8571428571428572, 0.0
0.836535555433386, 0.8333333333333334, 0.8, 0.8823529411764706, 0.0
0.8442280733828187, 0.8333333333333334, 0.8064516129032258, 0.9047619047619048, 0.0
0.8449772059334338, 0.8484848484848485, 0.8235294117647058, 0.8695652173913043, 0.0
0.8388463771612243, 0.8333333333333334, 0.8181818181818181, 0.875, 0.0
0.8278620382569656, 0.8260869565217391, 0.8125, 0.8518518518518519, 0.0
0.8307320679856913, 0.8260869565217391, 0.8, 0.88, 0.0
0.8421254488620219, 0.84, 0.8, 0.9, 0.0
0.8389676446649209, 0.84, 0.8125, 0.8695652173913043, 0.0
0.8375739337927363, 0.8333333333333334, 0.8, 0.875, 0.0
0.8481318195555195, 0.85, 0.8181818181818181, 0.875, 0.0
0.8449456882036791, 0.8387096774193549, 0.8181818181818181, 0.8947368421052632, 0.0
0.842295276382233, 0.84, 0.8181818181818181, 0.8888888888888888, 0.0
0.8420127557041205, 0.84, 0.8181818181818181, 0.8666666666666667, 0.0
0.8330452331420074, 0.8333333333333334, 0.8064516129032258, 0.8888888888888888, 0.0
0.8402311995730581, 0.8333333333333334, 0.8, 0.8823529411764706, 0.0
0.8416286181677531, 0.8333333333333334, 0.8095238095238095, 0.8823529411764706, 0.0
0.8419669815650346, 0.8333333333333334, 0.8064516129032258, 0.8823529411764706, 0.0
0.8367456601369644, 0.84, 0.8, 0.9, 0.0
0.8394611665349653, 0.8421052631578947, 0.8125, 0.875, 0.0
0.829659343608619, 0.8260869565217391, 0.8095238095238095, 0.8787878787878788, 0.0
0.8376814103770626, 0.8333333333333334, 0.8, 0.9, 0.0
0.850036742109206, 0.85, 0.8181818181818181, 0.88, 0.0
0.8489751152562248, 0.8484848484848485, 0.8125, 0.896551724137931, 0.0
0.8303153309990619, 0.8260869565217391, 0.8064516129032258, 0.875, 0.0
0.8397476899343909, 0.84, 0.7916666666666666, 0.8695652173913043, 0.0
0.8303144359192953, 0.8260869565217391, 0.8095238095238095, 0.8571428571428572, 0.0
0.8418682605165982, 0.84, 0.8095238095238095, 0.8888888888888888, 0.0
0.8354821272662977, 0.8333333333333334, 0.8064516129032258, 0.8823529411764706, 0.0
0.8438350393231603, 0.84375, 0.8125, 0.8823529411764706, 0.0
0.8319454957128417, 0.8260869565217391, 0.8095238095238095, 0.8695652173913043, 0.0
0.8454733768646813, 0.8461538461538461, 0.8181818181818181, 0.875, 0.0
0.8563349003107874, 0.8620689655172413, 0.8181818181818181, 0.9130434782608696, 0.0
0.8420482052179072, 0.8333333333333334, 0.8181818181818181, 0.8888888888888888, 0.0
0.834659689515415, 0.8333333333333334, 0.8064516129032258, 0.8571428571428572, 0.0
0.8451051548508676, 0.8421052631578947, 0.8095238095238095, 0.8928571428571429, 0.0
0.8397620929794842, 0.8333333333333334, 0.8125, 0.8695652173913043, 0.0
0.8431161302839189, 0.8461538461538461, 0.8095238095238095, 0.88, 0.0
0.8411894497808884, 0.8333333333333334, 0.8064516129032258, 0.896551724137931, 0.0
0.8427734474702213, 0.8421052631578947, 0.8095238095238095, 0.88, 0.0
0.832612648221344, 0.8260869565217391, 0.8125, 0.8695652173913043, 0.0
0.8414211108413199, 0.8333333333333334, 0.8125, 0.88, 0.0
0.836535369881197, 0.8333333333333334, 0.8125, 0.8620689655172413, 0.0
0.83572649331345, 0.8333333333333334, 0.8095238095238095, 0.875, 0.0
0.8505463808711892, 0.8484848484848485, 0.8181818181818181, 0.8823529411764706, 0.0
0.8435204016327204, 0.84375, 0.8181818181818181, 0.875, 0.0
0.8345163501286689, 0.8333333333333334, 0.8095238095238095, 0.8666666666666667, 0.0
0.846217046254557, 0.8461538461538461, 0.8181818181818181, 0.8888888888888888, 0.0
0.8307304319538048, 0.8260869565217391, 0.8064516129032258, 0.88, 0.0
0.8388204977566152, 0.8333333333333334, 0.8095238095238095, 0.8888888888888888, 0.0
0.8440070220739446, 0.84375, 0.8181818181818181, 0.9047619047619048, 0.0
0.8372410825796631, 0.8333333333333334, 0.8125, 0.8695652173913043, 0.0
0.8379360928147744, 0.84, 0.8064516129032258, 0.8709677419354839, 0.0
0.8408634843417452, 0.8333333333333334, 0.8181818181818181, 0.875, 0.0
0.8388185110719436, 0.8333333333333334, 0.8095238095238095, 0.8947368421052632, 0.0
0.8390046622885498, 0.8333333333333334, 0.8125, 0.8823529411764706, 0.0
0.8387962053221399, 0.8333333333333334, 0.8064516129032258, 0.8928571428571429, 0.0
0.834706622429995, 0.8333333333333334, 0.8064516129032258, 0.875, 0.0
0.8403254233687872, 0.84, 0.8181818181818181, 0.8947368421052632, 0.0
0.8371022185613114, 0.8333333333333334, 0.8064516129032258, 0.875, 0.0
0.8354625620726689, 0.8333333333333334, 0.8095238095238095, 0.8787878787878788, 0.0
0.8362444806937561, 0.8333333333333334, 0.8125, 0.8666666666666667, 0.0
0.8483642645191283, 0.8529411764705882, 0.8095238095238095, 0.8823529411764706, 0.0
0.8334613482567447, 0.8260869565217391, 0.8125, 0.8695652173913043, 0.0
0.830745942147903, 0.8181818181818181, 0.8095238095238095, 0.875, 0.0
0.8498846350049223, 0.8529411764705882, 0.8181818181818181, 0.9047619047619048, 0.0
0.8373849731764526, 0.8260869565217391, 0.8095238095238095, 0.875, 0.0
0.8424286812220448, 0.84375, 0.8181818181818181, 0.8947368421052632, 0.0
0.8391304965098795, 0.8333333333333334, 0.8064516129032258, 0.88, 0.0
0.8296040509280341, 0.8181818181818181, 0.8064516129032258, 0.9130434782608696, 0.0
0.8444231116163902, 0.85, 0.7916666666666666, 0.9047619047619048, 0.0
0.8303556280005556, 0.8260869565217391, 0.8125, 0.875, 0.0
0.8372464636034062, 0.8333333333333334, 0.8064516129032258, 0.875, 0.0
0.8360410342021486, 0.8333333333333334, 0.8064516129032258, 0.8620689655172413, 0.0
0.8485130372020155, 0.8484848484848485, 0.8064516129032258, 0.8888888888888888, 0.0
0.8460160291546456, 0.8484848484848485, 0.8125, 0.8846153846153846, 0.0
0.8469283200511337, 0.8484848484848485, 0.8181818181818181, 0.875, 0.0
0.8442755191668235, 0.8333333333333334, 0.8181818181818181, 0.9375, 0.0
0.8463426711506423, 0.84375, 0.8125, 0.8846153846153846, 0.0
0.8387154342925869, 0.8333333333333334, 0.8, 0.8823529411764706, 0.0
0.841297147319445, 0.8333333333333334, 0.8125, 0.8823529411764706, 0.0
0.8469228687308397, 0.84375, 0.8095238095238095, 0.9047619047619048, 0.0
0.8351545584282157, 0.8333333333333334, 0.8181818181818181, 0.8571428571428572, 0.0
0.8336128980964065, 0.8333333333333334, 0.8, 0.8666666666666667, 0.0
0.8377901548396146, 0.8333333333333334, 0.8064516129032258, 0.8695652173913043, 0.0
0.8374532795990598, 0.8260869565217391, 0.8, 0.8823529411764706, 0.0
0.8351255271834981, 0.8333333333333334, 0.8095238095238095, 0.88, 0.0
0.8501087674126889, 0.8529411764705882, 0.8125, 0.8928571428571429, 0.0
0.8422786323508831, 0.84, 0.8181818181818181, 0.8636363636363636, 0.0
0.8455337569879904, 0.8484848484848485, 0.8125, 0.875, 0.0
0.8403821591877858, 0.8333333333333334, 0.8181818181818181, 0.8823529411764706, 0.0
0.8443041567889629, 0.8461538461538461, 0.8125, 0.875, 0.0
0.8399474576684722, 0.8333333333333334, 0.8181818181818181, 0.88, 0.0
0.8349434581119759, 0.8260869565217391, 0.8064516129032258, 0.8823529411764706, 0.0
0.8384467090899207, 0.8333333333333334, 0.8064516129032258, 0.8695652173913043, 0.0
0.8295449888275976, 0.8260869565217391, 0.8, 0.88, 0.0
0.8451104246389839, 0.84375, 0.8125, 0.8846153846153846, 0.0
0.8452049859178398, 0.8333333333333334, 0.8095238095238095, 0.9047619047619048, 0.0
0.8363737676616239, 0.8333333333333334, 0.8095238095238095, 0.88, 0.0
0.8493881395040818, 0.8518518518518519, 0.8260869565217391, 0.88, 0.0
0.8331812798077352, 0.8260869565217391, 0.8064516129032258, 0.8666666666666667, 0.0
0.843706610675872, 0.84, 0.8064516129032258, 0.8888888888888888, 0.0
0.8341940048494271, 0.8333333333333334, 0.8125, 0.8620689655172413, 0.0
0.840585182952342, 0.84, 0.8095238095238095, 0.875, 0.0
0.8391313677797054, 0.8333333333333334, 0.8095238095238095, 0.9090909090909091, 0.0
0.8375412770175389, 0.84, 0.8, 0.8695652173913043, 0.0
0.846065978389777, 0.84, 0.8095238095238095, 0.92, 0.0
0.8398613463830855, 0.8333333333333334, 0.8181818181818181, 0.8695652173913043, 0.0
0.8322141776634531, 0.8260869565217391, 0.8095238095238095, 0.8571428571428572, 0.0
0.8417860399272634, 0.8333333333333334, 0.8095238095238095, 0.8787878787878788, 0.0
0.8419360342172163, 0.84, 0.8064516129032258, 0.8666666666666667, 0.0
0.8395452903242757, 0.84, 0.7916666666666666, 0.88, 0.0
0.8374806634116095, 0.8333333333333334, 0.8125, 0.875, 0.0
0.8385729548229548, 0.84, 0.8095238095238095, 0.88, 0.0
0.8373909560159881, 0.8421052631578947, 0.8, 0.875, 0.0
0.8339276988231983, 0.8333333333333334, 0.7894736842105263, 0.8695652173913043, 0.0
0.8397847002044023, 0.84, 0.8125, 0.88, 0.0
0.8480820257621196, 0.84375, 0.8260869565217391, 0.8888888888888888, 0.0
0.8369255098660134, 0.8333333333333334, 0.7727272727272727, 0.8947368421052632, 0.0
0.837598204264871, 0.8333333333333334, 0.8, 0.8787878787878788, 0.0
0.8434378676542493, 0.84, 0.8125, 0.8846153846153846, 0.0
0.8515748303733429, 0.8518518518518519, 0.8181818181818181, 0.8888888888888888, 0.0
0.8308093540446483, 0.8260869565217391, 0.7666666666666666, 0.8787878787878788, 0.0
0.8417101980382032, 0.8333333333333334, 0.8181818181818181, 0.88, 0.0
0.8397116603203559, 0.84, 0.8095238095238095, 0.8928571428571429, 0.0
0.83861287762287, 0.8333333333333334, 0.8, 0.88, 0.0
0.8478006245475737, 0.8461538461538461, 0.8064516129032258, 0.9, 0.0
0.8345112852256868, 0.8333333333333334, 0.8, 0.8709677419354839, 0.0
0.8340507411425997, 0.8260869565217391, 0.8, 0.8666666666666667, 0.0
0.8511335736413788, 0.8484848484848485, 0.8260869565217391, 0.8823529411764706, 0.0
0.8434136604136605, 0.84, 0.8125, 0.8888888888888888, 0.0
0.8369696109890619, 0.84, 0.8125, 0.8571428571428572, 0.0
0.8392750181139579, 0.84, 0.7894736842105263, 0.8666666666666667, 0.0
0.8442647225383463, 0.84375, 0.8095238095238095, 0.8947368421052632, 0.0
0.842362731471427, 0.8333333333333334, 0.8125, 0.875, 0.0
0.839008271958669, 0.8333333333333334, 0.8125, 0.875, 0.0
0.8412064827886497, 0.84375, 0.8064516129032258, 0.8947368421052632, 0.0
0.8378654498759492, 0.8333333333333334, 0.8181818181818181, 0.875, 0.0
0.842573708354318, 0.84, 0.8181818181818181, 0.88, 0.0
0.8341279160989306, 0.8333333333333334, 0.8, 0.8695652173913043, 0.0
0.8385097234932319, 0.8333333333333334, 0.8095238095238095, 0.88, 0.0
0.8416882995452419, 0.8333333333333334, 0.8064516129032258, 0.875, 0.0
0.8387513200609154, 0.8333333333333334, 0.8125, 0.8846153846153846, 0.0
0.8476746091337023, 0.84, 0.8064516129032258, 0.9, 0.0
0.8376288439756183, 0.84, 0.8064516129032258, 0.8888888888888888, 0.0
0.8429259703013605, 0.8333333333333334, 0.8181818181818181, 0.8823529411764706, 0.0
0.8436015260819201, 0.84375, 0.8260869565217391, 0.8636363636363636, 0.0
0.847612031026959, 0.84, 0.8125, 0.8947368421052632, 0.0
0.8413818110467727, 0.8484848484848485, 0.8095238095238095, 0.875, 0.0
0.8361714640515242, 0.8260869565217391, 0.8095238095238095, 0.875, 0.0
0.8342643219635973, 0.8333333333333334, 0.8095238095238095, 0.8666666666666667, 0.0
0.8433940694045688, 0.84, 0.8181818181818181, 0.8888888888888888, 0.0
0.8391335929839904, 0.84, 0.8064516129032258, 0.8666666666666667, 0.0
0.8420629019304683, 0.8333333333333334, 0.8095238095238095, 0.8888888888888888, 0.0
0.8338355466458759, 0.8260869565217391, 0.8064516129032258, 0.875, 0.0
0.8309935774339012, 0.8260869565217391, 0.8125, 0.8636363636363636, 0.0
0.8331590380408076, 0.8260869565217391, 0.8181818181818181, 0.8571428571428572, 0.0
0.8368116223971523, 0.8333333333333334, 0.8, 0.88, 0.0
0.8524386020538429, 0.8518518518518519, 0.8260869565217391, 0.88, 0.0
0.8342075530481329, 0.8260869565217391, 0.8095238095238095, 0.8888888888888888, 0.0
0.84267788141011, 0.8387096774193549, 0.8125, 0.8947368421052632, 0.0
0.8303765491689756, 0.8260869565217391, 0.8064516129032258, 0.8888888888888888, 0.0
0.8420903364740896, 0.8461538461538461, 0.8064516129032258, 0.8695652173913043, 0.0
0.8483844446792579, 0.84375, 0.8, 0.9047619047619048, 0.0
0.8519242540159837, 0.8461538461538461, 0.8064516129032258, 0.8888888888888888, 0.0
0.8340854020943537, 0.8333333333333334, 0.8095238095238095, 0.8571428571428572, 0.0
0.8407312826234533, 0.8461538461538461, 0.8064516129032258, 0.875, 0.0
0.8405453371577547, 0.8333333333333334, 0.8095238095238095, 0.8947368421052632, 0.0
0.8396378782248348, 0.8260869565217391, 0.8095238095238095, 0.8888888888888888, 0.0
0.8366135795341523, 0.8333333333333334, 0.8064516129032258, 0.8846153846153846, 0.0
0.8491929392057785, 0.8484848484848485, 0.8181818181818181, 0.8823529411764706, 0.0
0.8396318529267425, 0.84, 0.8125, 0.8695652173913043, 0.0
0.8335823920103488, 0.8333333333333334, 0.8181818181818181, 0.8709677419354839, 0.0
0.8382096670666095, 0.8333333333333334, 0.8064516129032258, 0.875, 0.0
0.8399910122597004, 0.8333333333333334, 0.8064516129032258, 0.875, 0.0
0.8401068845271741, 0.8333333333333334, 0.8181818181818181, 0.875, 0.0
0.8533306009103473, 0.84, 0.8064516129032258, 0.9333333333333333, 0.0
0.8366843176216715, 0.8260869565217391, 0.8064516129032258, 0.875, 0.0
0.8357081881419189, 0.8260869565217391, 0.8064516129032258, 0.88, 0.0
0.841581743097171, 0.8333333333333334, 0.8125, 0.88, 0.0
0.8421742524786002, 0.8333333333333334, 0.8181818181818181, 0.8888888888888888, 0.0
0.8344731336965064, 0.8333333333333334, 0.8064516129032258, 0.875, 0.0
0.8409328063241104, 0.8333333333333334, 0.8181818181818181, 0.9166666666666666, 0.0
0.8493792223036958, 0.8518518518518519, 0.8, 0.875, 0.0
0.8407053630276138, 0.8333333333333334, 0.8095238095238095, 0.8888888888888888, 0.0
0.8374131010049595, 0.8333333333333334, 0.8125, 0.8823529411764706, 0.0
0.8385909782175768, 0.8333333333333334, 0.8, 0.8846153846153846, 0.0
0.8331600656567256, 0.8260869565217391, 0.8064516129032258, 0.8695652173913043, 0.0
0.8420526478352566, 0.84, 0.8181818181818181, 0.88, 0.0
0.840357806444763, 0.8333333333333334, 0.8181818181818181, 0.8666666666666667, 0.0
0.8414101385454461, 0.8333333333333334, 0.8181818181818181, 0.8857142857142857, 0.0
0.850348777849644, 0.84375, 0.8064516129032258, 0.9090909090909091, 0.0
0.8389244672393426, 0.8333333333333334, 0.8064516129032258, 0.875, 0.0
0.8410247050134606, 0.8333333333333334, 0.8125, 0.8846153846153846, 0.0
0.8447370537958773, 0.84375, 0.8125, 0.8823529411764706, 0.0
0.8469755062476046, 0.8484848484848485, 0.8064516129032258, 0.8888888888888888, 0.0
0.8398067411397444, 0.8387096774193549, 0.8064516129032258, 0.8888888888888888, 0.0
0.8382207339091396, 0.8333333333333334, 0.8, 0.8888888888888888, 0.0
0.8440031947781309, 0.8333333333333334, 0.8181818181818181, 0.8888888888888888, 0.0
0.8361802393939268, 0.8333333333333334, 0.8, 0.9130434782608696, 0.0
0.8348641243351389, 0.8333333333333334, 0.8095238095238095, 0.8695652173913043, 0.0
0.8437880659207833, 0.8484848484848485, 0.8, 0.8823529411764706, 0.0
0.8450448083661819, 0.8484848484848485, 0.8181818181818181, 0.8695652173913043, 0.0
0.8425479195092264, 0.8333333333333334, 0.8064516129032258, 0.8888888888888888, 0.0
0.8347368851222371, 0.8333333333333334, 0.7894736842105263, 0.88, 0.0
0.8412337242241895, 0.8421052631578947, 0.8095238095238095, 0.88, 0.0
0.8324233673776009, 0.8333333333333334, 0.8095238095238095, 0.875, 0.0
0.8597716430199045, 0.8571428571428572, 0.8333333333333334, 0.8947368421052632, 0.0
0.8485206261708013, 0.8518518518518519, 0.8095238095238095, 0.88, 0.0
0.8502230512505965, 0.85, 0.8181818181818181, 0.8823529411764706, 0.0
0.835165245918869, 0.8333333333333334, 0.8181818181818181, 0.8518518518518519, 0.0
0.8342448420886747, 0.8333333333333334, 0.8125, 0.8571428571428572, 0.0
0.8346394174993302, 0.8260869565217391, 0.8125, 0.8709677419354839, 0.0
0.8359058496429811, 0.8333333333333334, 0.8181818181818181, 0.8620689655172413, 0.0
0.8464166695998051, 0.84375, 0.8064516129032258, 0.896551724137931, 0.0
0.8419005270092227, 0.8333333333333334, 0.8095238095238095, 0.875, 0.0
0.8456139172285942, 0.84, 0.8064516129032258, 0.9230769230769231, 0.0
0.8436275515121818, 0.8461538461538461, 0.8064516129032258, 0.8666666666666667, 0.0
0.8517736576359767, 0.85, 0.8125, 0.8888888888888888, 0.0
0.8330926416212284, 0.8235294117647058, 0.8064516129032258, 0.875, 0.0
0.8396271458010588, 0.8333333333333334, 0.8260869565217391, 0.8636363636363636, 0.0
0.8381738864999734, 0.84, 0.8125, 0.8695652173913043, 0.0
0.8357595370184076, 0.8333333333333334, 0.8181818181818181, 0.875, 0.0
0.8459332331716435, 0.84, 0.8181818181818181, 0.8846153846153846, 0.0
0.8377879545338397, 0.8387096774193549, 0.8064516129032258, 0.8695652173913043, 0.0
0.8390392724077738, 0.8333333333333334, 0.8, 0.9166666666666666, 0.0
0.8514983138545081, 0.8529411764705882, 0.8125, 0.88, 0.0
0.8412011376659715, 0.84, 0.8125, 0.8823529411764706, 0.0
0.8470364590297849, 0.8461538461538461, 0.8064516129032258, 0.9090909090909091, 0.0
0.8427730935652185, 0.8421052631578947, 0.8181818181818181, 0.875, 0.0
0.8426126382986269, 0.8421052631578947, 0.8064516129032258, 0.875, 0.0
0.8534391388846431, 0.8636363636363636, 0.8, 0.8823529411764706, 0.0
0.8334423137012652, 0.8235294117647058, 0.8095238095238095, 0.8888888888888888, 0.0
0.8425666336008802, 0.84, 0.8064516129032258, 0.8823529411764706, 0.0
0.8409428982182604, 0.8333333333333334, 0.8095238095238095, 0.88, 0.0
0.8427527716985225, 0.84, 0.8125, 0.8947368421052632, 0.0
0.8404217052313006, 0.8333333333333334, 0.8181818181818181, 0.8695652173913043, 0.0
0.8478192532105576, 0.8461538461538461, 0.8125, 0.9375, 0.0
0.8384972862488057, 0.84, 0.8064516129032258, 0.8928571428571429, 0.0
0.8469161722214551, 0.8484848484848485, 0.8181818181818181, 0.8888888888888888, 0.0
0.836729941805654, 0.8333333333333334, 0.8125, 0.8620689655172413, 0.0
0.8357642646011404, 0.8333333333333334, 0.8, 0.88, 0.0
0.8408516094254082, 0.8333333333333334, 0.8181818181818181, 0.8666666666666667, 0.0
0.8390361826662427, 0.8333333333333334, 0.8181818181818181, 0.875, 0.0
0.8354028492456466, 0.8333333333333334, 0.8064516129032258, 0.88, 0.0
0.8416736751678398, 0.8461538461538461, 0.8181818181818181, 0.875, 0.0
0.8501673748863906, 0.8518518518518519, 0.8260869565217391, 0.875, 0.0
0.8374023645100507, 0.8260869565217391, 0.8095238095238095, 0.8823529411764706, 0.0
0.8450418481989801, 0.8461538461538461, 0.8095238095238095, 0.8888888888888888, 0.0
0.847877158560236, 0.8484848484848485, 0.8095238095238095, 0.9230769230769231, 0.0
0.8405876700648668, 0.8461538461538461, 0.8181818181818181, 0.8620689655172413, 0.0
0.8468092090318478, 0.8484848484848485, 0.8125, 0.8787878787878788, 0.0
0.8419122425416254, 0.8333333333333334, 0.8064516129032258, 0.875, 0.0
0.8351169217993875, 0.8333333333333334, 0.8064516129032258, 0.875, 0.0
0.8429294883767646, 0.84, 0.8181818181818181, 0.88, 0.0
0.8342140742552643, 0.8260869565217391, 0.8095238095238095, 0.875, 0.0
0.8475572364916444, 0.8461538461538461, 0.8095238095238095, 0.875, 0.0
0.8430302621593687, 0.8421052631578947, 0.8125, 0.88, 0.0
0.8359829953234271, 0.8333333333333334, 0.8064516129032258, 0.8620689655172413, 0.0
0.8431790578976986, 0.84, 0.8181818181818181, 0.8666666666666667, 0.0
0.8382444382840804, 0.8333333333333334, 0.8125, 0.8846153846153846, 0.0
0.8349435086542586, 0.8333333333333334, 0.7878787878787878, 0.8709677419354839, 0.0
0.8450867609794702, 0.8484848484848485, 0.8064516129032258, 0.8947368421052632, 0.0
0.8296855037019799, 0.8260869565217391, 0.8, 0.875, 0.0
0.8401517484191442, 0.8333333333333334, 0.8181818181818181, 0.8823529411764706, 0.0
0.8405953734445344, 0.84, 0.8181818181818181, 0.875, 0.0
0.841331977396143, 0.84, 0.8, 0.92, 0.0
0.8321316128852361, 0.8260869565217391, 0.8181818181818181, 0.8571428571428572, 0.0
0.8424764658504013, 0.8421052631578947, 0.8181818181818181, 0.8695652173913043, 0.0
0.8397071900693657, 0.84, 0.8064516129032258, 0.8666666666666667, 0.0
0.83399556771437, 0.8333333333333334, 0.8095238095238095, 0.8620689655172413, 0.0
0.8359435326325108, 0.8333333333333334, 0.8, 0.9166666666666666, 0.0
0.8527275823541809, 0.8529411764705882, 0.8181818181818181, 0.8888888888888888, 0.0
0.8457083790713127, 0.8421052631578947, 0.8181818181818181, 0.8888888888888888, 0.0
0.8392672959698523, 0.8260869565217391, 0.7894736842105263, 0.88, 0.0
0.838347039433996, 0.8333333333333334, 0.8181818181818181, 0.8846153846153846, 0.0
0.8350799789083149, 0.8333333333333334, 0.7931034482758621, 0.8787878787878788, 0.0
0.8354692614425534, 0.8260869565217391, 0.8064516129032258, 0.8620689655172413, 0.0
0.8482384856501071, 0.8421052631578947, 0.8064516129032258, 0.8888888888888888, 0.0
0.8448298311520819, 0.84, 0.8181818181818181, 0.8846153846153846, 0.0
0.849208786913669, 0.8518518518518519, 0.8064516129032258, 0.8888888888888888, 0.0
0.842108778941686, 0.8461538461538461, 0.8095238095238095, 0.8846153846153846, 0.0
0.8332985618782719, 0.8333333333333334, 0.8095238095238095, 0.8695652173913043, 0.0
0.8326639061421671, 0.8260869565217391, 0.8095238095238095, 0.8666666666666667, 0.0
0.8372677401811429, 0.8333333333333334, 0.8, 0.8695652173913043, 0.0
0.8346918159671783, 0.8260869565217391, 0.8125, 0.875, 0.0
0.8430838893102499, 0.8333333333333334, 0.8095238095238095, 0.8947368421052632, 0.0
0.8551333845696798, 0.8518518518518519, 0.8181818181818181, 0.9130434782608696, 0.0
0.8416652097231807, 0.84, 0.8, 0.875, 0.0
0.8356275278666584, 0.8333333333333334, 0.8095238095238095, 0.88, 0.0
0.8384320549401854, 0.84, 0.8, 0.8947368421052632, 0.0
0.836125510292177, 0.8333333333333334, 0.8095238095238095, 0.875, 0.0
0.8415585829854179, 0.84, 0.8181818181818181, 0.8709677419354839, 0.0
0.8426566375681556, 0.8333333333333334, 0.8095238095238095, 0.8947368421052632, 0.0
0.841933946945941, 0.84, 0.8125, 0.8666666666666667, 0.0
0.8444152870654622, 0.8518518518518519, 0.8, 0.875, 0.0
0.833635086053377, 0.8181818181818181, 0.8095238095238095, 0.8695652173913043, 0.0
0.8418145104936711, 0.8333333333333334, 0.8181818181818181, 0.88, 0.0
0.8465319734612464, 0.8518518518518519, 0.8064516129032258, 0.8947368421052632, 0.0
0.8387150785944615, 0.8333333333333334, 0.8064516129032258, 0.88, 0.0
0.8332713833272506, 0.8260869565217391, 0.8064516129032258, 0.8888888888888888, 0.0
0.8401286190680907, 0.84, 0.8095238095238095, 0.8846153846153846, 0.0
0.8517450752485078, 0.8421052631578947, 0.8260869565217391, 0.8947368421052632, 0.0
0.8379113857157335, 0.8333333333333334, 0.8125, 0.8695652173913043, 0.0
0.8348557496780005, 0.8333333333333334, 0.8095238095238095, 0.8571428571428572, 0.0
0.835571998050259, 0.8260869565217391, 0.8181818181818181, 0.875, 0.0
0.8281776948226225, 0.8260869565217391, 0.8095238095238095, 0.8571428571428572, 0.0
0.8448447158045187, 0.8461538461538461, 0.8064516129032258, 0.8888888888888888, 0.0
0.8313284506453731, 0.8260869565217391, 0.8, 0.8571428571428572, 0.0
0.8413013224027718, 0.8333333333333334, 0.8181818181818181, 0.8695652173913043, 0.0
0.8481329183408737, 0.8461538461538461, 0.8181818181818181, 0.8947368421052632, 0.0
0.8371771646228169, 0.8260869565217391, 0.8095238095238095, 0.875, 0.0
0.8326774814534162, 0.8260869565217391, 0.8064516129032258, 0.8888888888888888, 0.0
0.8429481192111339, 0.8333333333333334, 0.8064516129032258, 0.9, 0.0
0.8327020737641234, 0.8333333333333334, 0.8064516129032258, 0.8666666666666667, 0.0
0.8325534477210493, 0.8333333333333334, 0.8125, 0.8571428571428572, 0.0
0.8460952590083026, 0.8518518518518519, 0.8181818181818181, 0.875, 0.0
0.8445694284757981, 0.8461538461538461, 0.8064516129032258, 0.88, 0.0
0.8337012963741455, 0.8387096774193549, 0.8, 0.8636363636363636, 0.0
0.8477488341885704, 0.8518518518518519, 0.8125, 0.88, 0.0
0.8377609404890106, 0.8421052631578947, 0.8, 0.8947368421052632, 0.0
0.8383983968864754, 0.8333333333333334, 0.8064516129032258, 0.8888888888888888, 0.0
0.8429277289974783, 0.84, 0.8125, 0.8823529411764706, 0.0
0.8451579643715195, 0.8484848484848485, 0.8125, 0.8928571428571429, 0.0
0.8543316622762384, 0.8571428571428572, 0.8095238095238095, 0.9166666666666666, 0.0
0.8499484820064532, 0.8484848484848485, 0.8181818181818181, 0.9047619047619048, 0.0
0.8452325570196976, 0.8421052631578947, 0.8181818181818181, 0.8846153846153846, 0.0
0.8404108396235558, 0.84, 0.8064516129032258, 0.8888888888888888, 0.0
0.8409764181915212, 0.8333333333333334, 0.8260869565217391, 0.875, 0.0
0.8437866858205733, 0.84, 0.8181818181818181, 0.8823529411764706, 0.0
0.8456168932487391, 0.8529411764705882, 0.8125, 0.8846153846153846, 0.0
0.8391289037101572, 0.8333333333333334, 0.8125, 0.8695652173913043, 0.0
0.8346332348779065, 0.8333333333333334, 0.8095238095238095, 0.875, 0.0
0.8423155725887228, 0.84, 0.8181818181818181, 0.8846153846153846, 0.0
0.8483999484144412, 0.8484848484848485, 0.8125, 0.9130434782608696, 0.0
0.8428510922528961, 0.84, 0.8235294117647058, 0.875, 0.0
0.841378626559573, 0.84, 0.8125, 0.9285714285714286, 0.0
0.8385175476957546, 0.8421052631578947, 0.8095238095238095, 0.875, 0.0
0.8424184240949084, 0.84, 0.8064516129032258, 0.8695652173913043, 0.0
0.8359504833681838, 0.8260869565217391, 0.8181818181818181, 0.8947368421052632, 0.0
0.8352668332740797, 0.8260869565217391, 0.8125, 0.8571428571428572, 0.0
0.8476077419413589, 0.85, 0.8181818181818181, 0.8888888888888888, 0.0
0.8398796889587351, 0.84, 0.8, 0.88, 0.0
0.8580884300699394, 0.8620689655172413, 0.8181818181818181, 0.8888888888888888, 0.0
0.839898339392504, 0.84, 0.8, 0.875, 0.0
0.830950496351035, 0.8260869565217391, 0.8064516129032258, 0.8529411764705882, 0.0
0.8311885835428859, 0.8333333333333334, 0.8095238095238095, 0.8571428571428572, 0.0
0.8389944105813671, 0.84, 0.8125, 0.8888888888888888, 0.0
0.8338125767296715, 0.8260869565217391, 0.8, 0.8888888888888888, 0.0
0.8358328396342175, 0.8260869565217391, 0.8064516129032258, 0.8666666666666667, 0.0
0.8395030195909361, 0.8333333333333334, 0.8095238095238095, 0.8888888888888888, 0.0
