0.43954045954045956, 0.5454545454545454, 0.0, 0.6666666666666667, 0.0
0.5229059829059829, 0.6153846153846154, 0.0, 0.6666666666666667, 0.0
0.5195441595441597, 0.6, 0.0, 0.6666666666666667, 0.0
0.46137788137788144, 0.6, 0.0, 0.6666666666666667, 0.0
0.47686017686017673, 0.5454545454545454, 0.0, 0.7142857142857143, 0.0
0.4609065009065009, 0.5, 0.0, 0.7272727272727273, 0.0
0.5042735042735044, 0.6, 0.0, 0.6666666666666667, 0.0
0.6028171828171828, 0.6, 0.5, 0.7142857142857143, 0.0
0.5232478632478632, 0.6, 0.0, 0.6666666666666667, 0.0
0.5085003885003885, 0.5454545454545454, 0.0, 0.6666666666666667, 0.0
0.504983164983165, 0.5454545454545454, 0.0, 0.7272727272727273, 0.0
0.4911266511266511, 0.5454545454545454, 0.0, 0.7272727272727273, 0.0
0.48447330447330444, 0.5714285714285714, 0.0, 0.6666666666666667, 0.0
0.5130121730121731, 0.5454545454545454, 0.0, 0.6666666666666667, 0.0
0.49693343693343706, 0.6, 0.0, 0.6666666666666667, 0.0
0.4761926961926962, 0.5, 0.0, 0.6666666666666667, 0.0
0.5793732193732193, 0.6, 0.33333333333333337, 0.6666666666666667, 0.0
0.48729196729196733, 0.5454545454545454, 0.0, 0.7142857142857143, 0.0
0.4997868797868797, 0.6, 0.0, 0.7142857142857143, 0.0
0.5038672438672438, 0.5454545454545454, 0.0, 0.6666666666666667, 0.0
0.5520945720945721, 0.6, 0.0, 0.7142857142857143, 0.0
0.46176046176046187, 0.6, 0.0, 0.7142857142857143, 0.0
0.5842024642024641, 0.6, 0.33333333333333337, 0.6666666666666667, 0.0
0.5611147675853558, 0.6, 0.0, 0.75, 0.0
0.5194094794094795, 0.5454545454545454, 0.0, 0.7272727272727273, 0.0
0.591145891145891, 0.6, 0.4444444444444444, 0.7142857142857143, 0.0
0.5332452732452732, 0.6, 0.0, 0.7272727272727273, 0.0
0.5788285788285789, 0.5714285714285714, 0.4, 0.7142857142857143, 0.0
0.4307226107226108, 0.5, 0.0, 0.6666666666666667, 0.0
0.5328353128353128, 0.5454545454545454, 0.0, 0.7142857142857143, 0.0
0.588018093018093, 0.6153846153846154, 0.2857142857142857, 0.6666666666666667, 0.0
0.5104436304436305, 0.6, 0.0, 0.6666666666666667, 0.0
0.5598638398638399, 0.6, 0.0, 0.7142857142857143, 0.0
0.4661072261072262, 0.6, 0.0, 0.6666666666666667, 0.0
0.5306190106190106, 0.5454545454545454, 0.33333333333333337, 0.7692307692307692, 0.0
0.47040145040145037, 0.5454545454545454, 0.0, 0.6666666666666667, 0.0
0.4535146335146335, 0.5454545454545454, 0.0, 0.6666666666666667, 0.0
0.4834293484293485, 0.5454545454545454, 0.0, 0.6666666666666667, 0.0
0.5162866762866762, 0.5454545454545454, 0.0, 0.7142857142857143, 0.0
0.554182114182114, 0.5714285714285714, 0.33333333333333337, 0.6666666666666667, 0.0
0.5098375698375699, 0.5454545454545454, 0.0, 0.6666666666666667, 0.0
0.5947785547785548, 0.6, 0.33333333333333337, 0.6666666666666667, 0.0
0.6281766381766383, 0.6153846153846154, 0.4444444444444444, 0.75, 0.0
0.49056869056869057, 0.5454545454545454, 0.0, 0.6666666666666667, 0.0
0.5468013468013467, 0.6, 0.0, 0.7142857142857143, 0.0
0.49787989787989795, 0.5454545454545454, 0.0, 0.7142857142857143, 0.0
0.5699448264154146, 0.6, 0.33333333333333337, 0.7142857142857143, 0.0
0.5653280053280053, 0.6, 0.0, 0.6666666666666667, 0.0
0.5497435897435898, 0.6, 0.0, 0.6666666666666667, 0.0
0.6128593628593629, 0.6153846153846154, 0.4, 0.75, 0.0
0.5458164058164059, 0.5454545454545454, 0.0, 0.7142857142857143, 0.0
0.5167591667591668, 0.5454545454545454, 0.0, 0.75, 0.0
0.5129026529026529, 0.5454545454545454, 0.0, 0.7142857142857143, 0.0
0.5522447922447922, 0.6, 0.0, 0.7142857142857143, 0.0
0.4911014911014912, 0.5454545454545454, 0.0, 0.6666666666666667, 0.0
0.5410870610870612, 0.6666666666666667, 0.0, 0.7142857142857143, 0.0
0.5527006327006327, 0.6, 0.0, 0.7142857142857143, 0.0
0.532332808803397, 0.5714285714285714, 0.0, 0.7272727272727273, 0.0
0.5912191512191513, 0.6153846153846154, 0.33333333333333337, 0.7142857142857143, 0.0
0.5594671994671995, 0.6, 0.0, 0.7142857142857143, 0.0
0.5256047656047657, 0.6, 0.0, 0.6666666666666667, 0.0
0.5534820734820733, 0.5454545454545454, 0.4, 0.7142857142857143, 0.0
0.5769696969696969, 0.6, 0.33333333333333337, 0.7272727272727273, 0.0
0.5473556073556073, 0.5454545454545454, 0.4, 0.7272727272727273, 0.0
0.4971717171717172, 0.5454545454545454, 0.0, 0.6666666666666667, 0.0
0.5162999527705411, 0.5714285714285714, 0.0, 0.7142857142857143, 0.0
0.5342168942168942, 0.6, 0.0, 0.7142857142857143, 0.0
0.5833825433825434, 0.6153846153846154, 0.33333333333333337, 0.6666666666666667, 0.0
0.5512420912420913, 0.5454545454545454, 0.2857142857142857, 0.7142857142857143, 0.0
0.5509246309246307, 0.5714285714285714, 0.0, 0.7142857142857143, 0.0
0.5246930846930847, 0.6, 0.0, 0.6666666666666667, 0.0
0.46426758426758424, 0.5, 0.0, 0.7142857142857143, 0.0
0.5418278018278019, 0.5454545454545454, 0.0, 0.7142857142857143, 0.0
0.5041025641025642, 0.6, 0.0, 0.6666666666666667, 0.0
0.5225721990427873, 0.6, 0.0, 0.7142857142857143, 0.0
0.4988766788766788, 0.5, 0.2857142857142857, 0.7142857142857143, 0.0
0.5435878935878935, 0.5714285714285714, 0.25, 0.7142857142857143, 0.0
0.573056573056573, 0.6, 0.4, 0.6666666666666667, 0.0
0.4953017353017354, 0.5454545454545454, 0.0, 0.6666666666666667, 0.0
0.5440921605627488, 0.5454545454545454, 0.33333333333333337, 0.7058823529411764, 0.0
0.526901246901247, 0.5454545454545454, 0.0, 0.7692307692307692, 0.0
0.5675672475672474, 0.5454545454545454, 0.4, 0.7142857142857143, 0.0
0.4915884115884115, 0.5454545454545454, 0.0, 0.7272727272727273, 0.0
0.527061827061827, 0.6, 0.0, 0.6666666666666667, 0.0
0.5190054390054389, 0.5454545454545454, 0.0, 0.7692307692307692, 0.0
0.5488526288526288, 0.6, 0.2857142857142857, 0.7142857142857143, 0.0
0.4913035113035114, 0.5454545454545454, 0.0, 0.7272727272727273, 0.0
0.5853835053835054, 0.6, 0.33333333333333337, 0.7272727272727273, 0.0
0.48190106190106186, 0.5, 0.0, 0.6666666666666667, 0.0
0.5274384874384873, 0.5454545454545454, 0.33333333333333337, 0.6666666666666667, 0.0
0.584017464017464, 0.6153846153846154, 0.0, 0.7142857142857143, 0.0
0.38088134088134085, 0.5, 0.0, 0.6666666666666667, 0.0
0.5268457468457469, 0.6, 0.0, 0.6666666666666667, 0.0
0.566974506974507, 0.5714285714285714, 0.4, 0.7142857142857143, 0.0
0.49945276945276956, 0.6, 0.0, 0.7142857142857143, 0.0
0.5707477707477705, 0.6, 0.4444444444444444, 0.7142857142857143, 0.0
0.6125563325563326, 0.6153846153846154, 0.5, 0.6666666666666667, 0.0
0.48763680763680767, 0.6, 0.0, 0.7272727272727273, 0.0
0.5615954415954416, 0.6153846153846154, 0.0, 0.6666666666666667, 0.0
0.535046805046805, 0.6, 0.33333333333333337, 0.75, 0.0
0.5051814851814852, 0.5714285714285714, 0.0, 0.6666666666666667, 0.0
0.5665282865282867, 0.6, 0.2857142857142857, 0.7142857142857143, 0.0
0.5440078440078441, 0.6, 0.0, 0.7272727272727273, 0.0
0.5713009213009212, 0.6, 0.25, 0.7142857142857143, 0.0
0.5002571502571502, 0.5454545454545454, 0.25, 0.6666666666666667, 0.0
0.5730891330891332, 0.6, 0.33333333333333337, 0.7142857142857143, 0.0
0.5886483451189333, 0.6, 0.5, 0.7058823529411764, 0.0
0.4616220816220817, 0.5, 0.0, 0.6666666666666667, 0.0
0.5238994338994339, 0.6153846153846154, 0.0, 0.75, 0.0
0.5632248796954681, 0.6153846153846154, 0.0, 0.7142857142857143, 0.0
0.5512686442098206, 0.6, 0.0, 0.7058823529411764, 0.0
0.4811854811854813, 0.6153846153846154, 0.0, 0.7272727272727273, 0.0
0.5106515706515705, 0.5454545454545454, 0.0, 0.6666666666666667, 0.0
0.49348096348096354, 0.6, 0.0, 0.7272727272727273, 0.0
0.5398677248677248, 0.6, 0.0, 0.7142857142857143, 0.0
0.5076682576682577, 0.5454545454545454, 0.0, 0.7142857142857143, 0.0
0.449137529137529, 0.5454545454545454, 0.0, 0.6153846153846154, 0.0
0.4977799977799979, 0.5714285714285714, 0.0, 0.7142857142857143, 0.0
0.5318155918155918, 0.5, 0.33333333333333337, 0.6666666666666667, 0.0
0.4932356532356533, 0.6153846153846154, 0.0, 0.7142857142857143, 0.0
0.5468746068746068, 0.5714285714285714, 0.4, 0.6666666666666667, 0.0
0.5006312206312206, 0.5, 0.0, 0.7142857142857143, 0.0
0.516951566951567, 0.5, 0.0, 0.75, 0.0
0.5606371406371408, 0.6153846153846154, 0.0, 0.6666666666666667, 0.0
0.5040559440559441, 0.6, 0.0, 0.6666666666666667, 0.0
0.6031035631035632, 0.6153846153846154, 0.4, 0.7142857142857143, 0.0
0.5371295371295371, 0.6, 0.0, 0.7272727272727273, 0.0
0.5695511895511894, 0.5454545454545454, 0.4444444444444444, 0.7142857142857143, 0.0
0.5317793317793317, 0.6, 0.0, 0.6666666666666667, 0.0
0.5214104414104416, 0.5714285714285714, 0.0, 0.6666666666666667, 0.0
0.4458511858511857, 0.5, 0.0, 0.6153846153846154, 0.0
0.5504784104784104, 0.6, 0.33333333333333337, 0.7142857142857143, 0.0
0.530960890960891, 0.6, 0.0, 0.7692307692307692, 0.0
0.4562097162097162, 0.5454545454545454, 0.0, 0.6666666666666667, 0.0
0.5552669552669552, 0.5714285714285714, 0.33333333333333337, 0.6666666666666667, 0.0
0.545096015096015, 0.6, 0.25, 0.6666666666666667, 0.0
0.49392977392977394, 0.5454545454545454, 0.0, 0.6666666666666667, 0.0
0.5200936100936101, 0.6, 0.0, 0.75, 0.0
0.5104806304806304, 0.6, 0.0, 0.6666666666666667, 0.0
0.48874458874458876, 0.5, 0.0, 0.7142857142857143, 0.0
0.5609893809893811, 0.6153846153846154, 0.0, 0.6666666666666667, 0.0
0.45072261072261083, 0.5714285714285714, 0.0, 0.7142857142857143, 0.0
0.49386724386724384, 0.5454545454545454, 0.0, 0.75, 0.0
0.5815282865282865, 0.6, 0.4, 0.6666666666666667, 0.0
0.5081118881118881, 0.5454545454545454, 0.0, 0.6666666666666667, 0.0
0.47580419580419586, 0.5454545454545454, 0.0, 0.6666666666666667, 0.0
0.564202790673379, 0.6, 0.2857142857142857, 0.75, 0.0
0.4601813001813001, 0.6, 0.0, 0.6666666666666667, 0.0
0.5107958707958707, 0.5714285714285714, 0.0, 0.7142857142857143, 0.0
0.5525925490631374, 0.6, 0.0, 0.7058823529411764, 0.0
0.5677004477004476, 0.6, 0.4, 0.6666666666666667, 0.0
0.5634558034558034, 0.6, 0.33333333333333337, 0.7142857142857143, 0.0
0.5319228483934367, 0.6, 0.0, 0.7058823529411764, 0.0
0.5519191919191919, 0.6, 0.33333333333333337, 0.6666666666666667, 0.0
0.5747844747844748, 0.6153846153846154, 0.0, 0.7142857142857143, 0.0
0.4786650386650387, 0.5714285714285714, 0.0, 0.6666666666666667, 0.0
0.47280423280423284, 0.5, 0.0, 0.7142857142857143, 0.0
0.5208813408813409, 0.5454545454545454, 0.0, 0.7142857142857143, 0.0
0.5704806304806306, 0.6153846153846154, 0.0, 0.6666666666666667, 0.0
0.5759114523820407, 0.6, 0.4, 0.7058823529411764, 0.0
0.5584208384208383, 0.6, 0.33333333333333337, 0.7142857142857143, 0.0
0.49336441336441333, 0.5454545454545454, 0.0, 0.6666666666666667, 0.0
0.5211580576286459, 0.5454545454545454, 0.0, 0.7142857142857143, 0.0
0.5735841935841935, 0.6, 0.2857142857142857, 0.6666666666666667, 0.0
0.5089199689199689, 0.5454545454545454, 0.0, 0.6666666666666667, 0.0
0.4868013468013468, 0.5, 0.0, 0.7142857142857143, 0.0
0.5764391164391163, 0.6, 0.4, 0.6666666666666667, 0.0
0.46667406667406663, 0.5, 0.0, 0.7692307692307692, 0.0
0.4693876493876494, 0.5454545454545454, 0.0, 0.6153846153846154, 0.0
0.5155170755170756, 0.6, 0.0, 0.7142857142857143, 0.0
0.5291426656132538, 0.5714285714285714, 0.0, 0.7058823529411764, 0.0
0.48663040663040663, 0.5454545454545454, 0.0, 0.6666666666666667, 0.0
0.5566588966588967, 0.6153846153846154, 0.33333333333333337, 0.6666666666666667, 0.0
0.5340437340437341, 0.6, 0.0, 0.7142857142857143, 0.0
0.5320597920597921, 0.5714285714285714, 0.0, 0.7142857142857143, 0.0
0.5396077996077994, 0.5454545454545454, 0.4, 0.6666666666666667, 0.0
0.4829267029267029, 0.5454545454545454, 0.0, 0.6666666666666667, 0.0
0.5226455026455026, 0.5714285714285714, 0.0, 0.7142857142857143, 0.0
0.5179940429940431, 0.5454545454545454, 0.0, 0.6666666666666667, 0.0
0.5778438228438227, 0.5454545454545454, 0.5, 0.6666666666666667, 0.0
0.5283764383764383, 0.5714285714285714, 0.25, 0.6666666666666667, 0.0
0.4713131313131313, 0.5, 0.0, 0.6666666666666667, 0.0
0.5486050986050987, 0.5714285714285714, 0.0, 0.75, 0.0
0.5701957301957302, 0.6, 0.2857142857142857, 0.7142857142857143, 0.0
0.5102223702223702, 0.5454545454545454, 0.0, 0.6666666666666667, 0.0
0.546915306915307, 0.6, 0.0, 0.6666666666666667, 0.0
0.47622766122766136, 0.6, 0.0, 0.6666666666666667, 0.0
0.5207814407814408, 0.6, 0.0, 0.6666666666666667, 0.0
0.5442735042735042, 0.5, 0.4, 0.6666666666666667, 0.0
0.4489199689199689, 0.5, 0.0, 0.6666666666666667, 0.0
0.5039212203918085, 0.5454545454545454, 0.0, 0.7058823529411764, 0.0
0.46091612091612094, 0.5454545454545454, 0.0, 0.7142857142857143, 0.0
0.5536974136974138, 0.6, 0.0, 0.7272727272727273, 0.0
0.465983645983646, 0.5, 0.0, 0.6666666666666667, 0.0
0.4979124579124579, 0.5, 0.0, 0.7142857142857143, 0.0
0.5926932326932327, 0.6153846153846154, 0.4, 0.7272727272727273, 0.0
0.5117808117808117, 0.6, 0.0, 0.6666666666666667, 0.0
0.5520945720945719, 0.5454545454545454, 0.4444444444444444, 0.7142857142857143, 0.0
0.508938098938099, 0.5454545454545454, 0.0, 0.6666666666666667, 0.0
0.617950937950938, 0.6666666666666667, 0.5, 0.7142857142857143, 0.0
0.5448699448699447, 0.6, 0.2857142857142857, 0.6666666666666667, 0.0
0.5237000037000038, 0.5714285714285714, 0.0, 0.7142857142857143, 0.0
0.6092818292818293, 0.6153846153846154, 0.4, 0.7142857142857143, 0.0
0.502930402930403, 0.6, 0.0, 0.7142857142857143, 0.0
0.5531194295900178, 0.6, 0.0, 0.7142857142857143, 0.0
0.5044059644059644, 0.5, 0.0, 0.6666666666666667, 0.0
0.45865911865911874, 0.5454545454545454, 0.0, 0.7142857142857143, 0.0
0.4635327635327636, 0.5, 0.0, 0.6666666666666667, 0.0
0.6091497391497391, 0.6, 0.5, 0.75, 0.0
0.5511532476238358, 0.5714285714285714, 0.33333333333333337, 0.7142857142857143, 0.0
0.5776682576682577, 0.6, 0.4, 0.7142857142857143, 0.0
0.5332970732970732, 0.5, 0.4, 0.6666666666666667, 0.0
0.50992895992896, 0.5454545454545454, 0.0, 0.75, 0.0
0.42969326969326976, 0.5, 0.0, 0.6666666666666667, 0.0
0.48173012173012164, 0.5, 0.0, 0.6153846153846154, 0.0
0.6091545491545491, 0.6, 0.4444444444444444, 0.7272727272727273, 0.0
0.6100166500166501, 0.6, 0.5, 0.7142857142857143, 0.0
0.5213778813778814, 0.5454545454545454, 0.0, 0.6666666666666667, 0.0
0.5457453657453656, 0.5714285714285714, 0.0, 0.7142857142857143, 0.0
0.5568601768601769, 0.5454545454545454, 0.33333333333333337, 0.7142857142857143, 0.0
0.4946438746438747, 0.6, 0.0, 0.6666666666666667, 0.0
0.4902164502164502, 0.5454545454545454, 0.0, 0.6666666666666667, 0.0
0.637071817071817, 0.6666666666666667, 0.5, 0.7142857142857143, 0.0
0.5522714322714323, 0.5454545454545454, 0.33333333333333337, 0.7272727272727273, 0.0
0.5347726347726347, 0.5454545454545454, 0.33333333333333337, 0.7142857142857143, 0.0
0.4675901875901876, 0.5454545454545454, 0.0, 0.7272727272727273, 0.0
0.46063122063122075, 0.5454545454545454, 0.0, 0.7142857142857143, 0.0
0.5336855736855737, 0.6, 0.0, 0.7142857142857143, 0.0
0.5511747511747511, 0.5454545454545454, 0.4, 0.6666666666666667, 0.0
0.4220838420838422, 0.5, 0.0, 0.6666666666666667, 0.0
0.5052162652162653, 0.5454545454545454, 0.0, 0.6666666666666667, 0.0
0.448009768009768, 0.5714285714285714, 0.0, 0.6666666666666667, 0.0
0.5102630702630704, 0.5714285714285714, 0.0, 0.6666666666666667, 0.0
0.4561061161061162, 0.5714285714285714, 0.0, 0.7272727272727273, 0.0
0.5985880785880784, 0.6, 0.4, 0.7142857142857143, 0.0
0.513988603988604, 0.6, 0.0, 0.75, 0.0
0.586136086136086, 0.5714285714285714, 0.5, 0.6666666666666667, 0.0
0.4999289599289599, 0.5714285714285714, 0.0, 0.6666666666666667, 0.0
0.4879735079735079, 0.5714285714285714, 0.0, 0.6666666666666667, 0.0
0.5443349243349244, 0.6, 0.0, 0.7142857142857143, 0.0
0.5015799015799015, 0.6, 0.0, 0.6666666666666667, 0.0
0.5722388722388723, 0.6, 0.4, 0.7142857142857143, 0.0
0.5593806193806193, 0.5714285714285714, 0.33333333333333337, 0.7272727272727273, 0.0
0.5145920745920747, 0.6, 0.0, 0.7272727272727273, 0.0
0.5459077959077959, 0.6, 0.0, 0.75, 0.0
0.44264180264180275, 0.5454545454545454, 0.0, 0.6666666666666667, 0.0
0.5544477744477745, 0.6, 0.0, 0.7272727272727273, 0.0
0.47534391534391535, 0.5, 0.0, 0.7142857142857143, 0.0
0.5944551309257192, 0.6153846153846154, 0.4, 0.7272727272727273, 0.0
0.535028675028675, 0.6, 0.0, 0.6666666666666667, 0.0
0.47440818440818433, 0.5, 0.0, 0.75, 0.0
0.5081792281792281, 0.5454545454545454, 0.0, 0.6666666666666667, 0.0
0.535907795907796, 0.5454545454545454, 0.33333333333333337, 0.6666666666666667, 0.0
0.5672305472305473, 0.6, 0.0, 0.7142857142857143, 0.0
0.5853968253968254, 0.6, 0.4, 0.7142857142857143, 0.0
0.5094671994671995, 0.5714285714285714, 0.0, 0.75, 0.0
0.548934398934399, 0.5714285714285714, 0.25, 0.6666666666666667, 0.0
0.5185495985495985, 0.5454545454545454, 0.0, 0.6666666666666667, 0.0
0.5555155955155955, 0.6, 0.0, 0.6666666666666667, 0.0
0.518243978243978, 0.5454545454545454, 0.0, 0.6666666666666667, 0.0
0.5508669108669108, 0.6, 0.0, 0.7142857142857143, 0.0
0.546842046842047, 0.6153846153846154, 0.0, 0.7142857142857143, 0.0
0.47559644059644063, 0.5, 0.0, 0.6666666666666667, 0.0
0.5349554149554149, 0.6, 0.0, 0.7142857142857143, 0.0
0.5632848632848633, 0.6, 0.33333333333333337, 0.7142857142857143, 0.0
0.5203485403485403, 0.5454545454545454, 0.0, 0.7142857142857143, 0.0
0.5967869167869168, 0.6, 0.4444444444444444, 0.7692307692307692, 0.0
0.4659969224675108, 0.6, 0.0, 0.7058823529411764, 0.0
0.5415799015799015, 0.5454545454545454, 0.33333333333333337, 0.6666666666666667, 0.0
0.6234271284271284, 0.625, 0.5, 0.7142857142857143, 0.0
0.48356532356532367, 0.5714285714285714, 0.0, 0.6666666666666667, 0.0
0.57521733168792, 0.6153846153846154, 0.0, 0.7058823529411764, 0.0
0.5326236726236726, 0.6, 0.0, 0.6666666666666667, 0.0
0.5733320383320383, 0.6, 0.4444444444444444, 0.6666666666666667, 0.0
0.5429592629592629, 0.5714285714285714, 0.33333333333333337, 0.6666666666666667, 0.0
0.5227490592196475, 0.6, 0.0, 0.7142857142857143, 0.0
0.4780108780108779, 0.5, 0.0, 0.7272727272727273, 0.0
0.5853605653605654, 0.6, 0.33333333333333337, 0.7142857142857143, 0.0
0.4424242424242424, 0.5454545454545454, 0.0, 0.6666666666666667, 0.0
0.5597195397195398, 0.6, 0.0, 0.7142857142857143, 0.0
0.5618011618011618, 0.6153846153846154, 0.0, 0.7142857142857143, 0.0
0.5363214563214562, 0.5454545454545454, 0.0, 0.7142857142857143, 0.0
0.4909727309727309, 0.6, 0.0, 0.6666666666666667, 0.0
0.5142960742960743, 0.6153846153846154, 0.0, 0.7142857142857143, 0.0
0.5230650830650831, 0.5454545454545454, 0.0, 0.7142857142857143, 0.0
0.43307359307359306, 0.5454545454545454, 0.0, 0.6666666666666667, 0.0
0.5476886076886076, 0.5454545454545454, 0.33333333333333337, 0.6666666666666667, 0.0
0.5262781662781664, 0.6, 0.0, 0.6666666666666667, 0.0
0.4842760942760943, 0.5454545454545454, 0.0, 0.75, 0.0
0.5490968290968291, 0.6, 0.0, 0.7142857142857143, 0.0
0.5936611536611536, 0.6153846153846154, 0.4444444444444444, 0.6666666666666667, 0.0
0.6022266622266622, 0.6153846153846154, 0.5, 0.7142857142857143, 0.0
0.5216894216894218, 0.5714285714285714, 0.0, 0.7142857142857143, 0.0
0.5474758574758576, 0.6153846153846154, 0.0, 0.7272727272727273, 0.0
0.4476212676212676, 0.5454545454545454, 0.0, 0.6666666666666667, 0.0
0.5338720538720539, 0.6, 0.0, 0.7272727272727273, 0.0
0.51993487993488, 0.5714285714285714, 0.0, 0.7142857142857143, 0.0
0.5258756058756059, 0.5454545454545454, 0.0, 0.7692307692307692, 0.0
0.6164597929303812, 0.6, 0.4444444444444444, 0.7272727272727273, 0.0
0.5170681170681172, 0.5454545454545454, 0.0, 0.6666666666666667, 0.0
0.5377067377067378, 0.5454545454545454, 0.33333333333333337, 0.6666666666666667, 0.0
0.5811758611758611, 0.6, 0.4444444444444444, 0.7272727272727273, 0.0
0.5116328116328116, 0.5454545454545454, 0.0, 0.7142857142857143, 0.0
0.5306863506863507, 0.6, 0.0, 0.6666666666666667, 0.0
0.6195418960124842, 0.6, 0.5, 0.7142857142857143, 0.0
0.5306493506493507, 0.6, 0.0, 0.7142857142857143, 0.0
0.5106407971113854, 0.5454545454545454, 0.0, 0.7058823529411764, 0.0
0.5645524845524845, 0.6, 0.33333333333333337, 0.7142857142857143, 0.0
0.6038167388167389, 0.6, 0.4, 0.75, 0.0
0.5744299709005591, 0.6, 0.33333333333333337, 0.7058823529411764, 0.0
0.4915306915306915, 0.5, 0.0, 0.6666666666666667, 0.0
0.4889991489991489, 0.5454545454545454, 0.0, 0.6666666666666667, 0.0
0.5883464683464684, 0.6, 0.4, 0.7272727272727273, 0.0
0.5196595996595996, 0.5454545454545454, 0.0, 0.7272727272727273, 0.0
0.514145070615659, 0.6, 0.0, 0.7058823529411764, 0.0
0.4310400710400711, 0.5, 0.0, 0.6666666666666667, 0.0
0.5343167943167944, 0.6153846153846154, 0.0, 0.7142857142857143, 0.0
0.4521308321308321, 0.5, 0.0, 0.7142857142857143, 0.0
0.4832478632478632, 0.5, 0.0, 0.6666666666666667, 0.0
0.5478943278943279, 0.6, 0.0, 0.6666666666666667, 0.0
0.5417974617974617, 0.6, 0.0, 0.6666666666666667, 0.0
0.5092374292374293, 0.5714285714285714, 0.0, 0.6666666666666667, 0.0
0.48723646723646735, 0.6153846153846154, 0.0, 0.6666666666666667, 0.0
0.5662071262071263, 0.6, 0.33333333333333337, 0.6666666666666667, 0.0
0.595130795130795, 0.6, 0.4444444444444444, 0.6666666666666667, 0.0
0.5062563362563363, 0.5714285714285714, 0.0, 0.75, 0.0
0.515901875901876, 0.5454545454545454, 0.0, 0.7142857142857143, 0.0
0.5288259888259889, 0.6, 0.0, 0.7142857142857143, 0.0
0.4814718614718615, 0.5454545454545454, 0.0, 0.6666666666666667, 0.0
0.4343204943204943, 0.5454545454545454, 0.0, 0.6666666666666667, 0.0
0.5794287194287194, 0.6, 0.33333333333333337, 0.7142857142857143, 0.0
0.5522161172161172, 0.6, 0.0, 0.6666666666666667, 0.0
0.535130795130795, 0.5454545454545454, 0.2857142857142857, 0.7142857142857143, 0.0
0.5072882672882674, 0.5454545454545454, 0.0, 0.6666666666666667, 0.0
0.5352403152403153, 0.6153846153846154, 0.0, 0.6666666666666667, 0.0
0.527926887926888, 0.5454545454545454, 0.0, 0.6666666666666667, 0.0
0.5372316572316572, 0.5714285714285714, 0.0, 0.7272727272727273, 0.0
0.47516113516113523, 0.5454545454545454, 0.0, 0.7142857142857143, 0.0
0.484920634920635, 0.5714285714285714, 0.0, 0.75, 0.0
0.45234469234469243, 0.5454545454545454, 0.0, 0.7142857142857143, 0.0
0.5596729196729197, 0.5454545454545454, 0.4, 0.7142857142857143, 0.0
0.5471595071595072, 0.6, 0.0, 0.7142857142857143, 0.0
0.5402752802752803, 0.6, 0.0, 0.6666666666666667, 0.0
0.5383379583379583, 0.5454545454545454, 0.2857142857142857, 0.7142857142857143, 0.0
0.5337284937284935, 0.6, 0.0, 0.6666666666666667, 0.0
0.5414718614718615, 0.5454545454545454, 0.2857142857142857, 0.6666666666666667, 0.0
0.6005638805638805, 0.6, 0.5, 0.7142857142857143, 0.0
0.5589321789321791, 0.6, 0.0, 0.7142857142857143, 0.0
0.538911458911459, 0.6, 0.0, 0.7142857142857143, 0.0
0.5409220409220409, 0.6, 0.33333333333333337, 0.6666666666666667, 0.0
0.4816627816627816, 0.5, 0.0, 0.6666666666666667, 0.0
0.5386206386206387, 0.6, 0.0, 0.7142857142857143, 0.0
0.5122388722388721, 0.5714285714285714, 0.25, 0.7142857142857143, 0.0
0.46427350427350433, 0.6, 0.0, 0.6666666666666667, 0.0
0.47211492211492223, 0.5454545454545454, 0.0, 0.75, 0.0
0.44979668479668483, 0.5, 0.0, 0.75, 0.0
0.4141906241906242, 0.5454545454545454, 0.0, 0.6666666666666667, 0.0
0.5195877325289091, 0.6153846153846154, 0.0, 0.7058823529411764, 0.0
0.49237133237133235, 0.5, 0.0, 0.6666666666666667, 0.0
0.4475383875383874, 0.5, 0.0, 0.6153846153846154, 0.0
0.5601679801679801, 0.6, 0.2857142857142857, 0.7272727272727273, 0.0
0.5832789432789433, 0.6153846153846154, 0.4444444444444444, 0.6666666666666667, 0.0
0.46697450697450693, 0.5714285714285714, 0.0, 0.7142857142857143, 0.0
0.4341473341473342, 0.5, 0.0, 0.7142857142857143, 0.0
0.5833886483886483, 0.6, 0.2857142857142857, 0.6666666666666667, 0.0
0.5847966847966849, 0.6, 0.4, 0.75, 0.0
0.5763465728171611, 0.6153846153846154, 0.33333333333333337, 0.7058823529411764, 0.0
0.508817848817849, 0.6, 0.0, 0.6666666666666667, 0.0
0.5815593665593665, 0.6, 0.4, 0.6666666666666667, 0.0
0.4896296296296297, 0.6, 0.0, 0.6666666666666667, 0.0
0.4963717763717763, 0.5714285714285714, 0.0, 0.6666666666666667, 0.0
0.4822655122655123, 0.5454545454545454, 0.0, 0.7142857142857143, 0.0
0.44277167277167284, 0.4444444444444444, 0.0, 0.6666666666666667, 0.0
0.5150601250601251, 0.5454545454545454, 0.0, 0.75, 0.0
0.51999037999038, 0.5454545454545454, 0.0, 0.7142857142857143, 0.0
0.5162274762274762, 0.5714285714285714, 0.0, 0.6666666666666667, 0.0
0.5478798978798979, 0.5714285714285714, 0.25, 0.7142857142857143, 0.0
0.6034868834868834, 0.6153846153846154, 0.4444444444444444, 0.7272727272727273, 0.0
0.6198593563299446, 0.6666666666666667, 0.4, 0.7142857142857143, 0.0
0.5082561882561882, 0.6, 0.0, 0.7142857142857143, 0.0
0.5719287683993566, 0.6, 0.33333333333333337, 0.7142857142857143, 0.0
0.546190924085661, 0.6, 0.0, 0.736842105263158, 0.0
0.5194671994671994, 0.5454545454545454, 0.0, 0.7142857142857143, 0.0
0.5643408443408442, 0.6, 0.4444444444444444, 0.6666666666666667, 0.0
0.5060665260665261, 0.5454545454545454, 0.0, 0.6666666666666667, 0.0
0.5455736420442303, 0.6, 0.0, 0.7058823529411764, 0.0
0.4462515262515263, 0.6, 0.0, 0.7142857142857143, 0.0
0.5662359862359861, 0.5454545454545454, 0.33333333333333337, 0.7142857142857143, 0.0
0.49117845117845127, 0.5454545454545454, 0.0, 0.6666666666666667, 0.0
0.5249432049432049, 0.5, 0.4, 0.6666666666666667, 0.0
0.5363599363599363, 0.5454545454545454, 0.0, 0.7692307692307692, 0.0
0.5228882228882229, 0.5714285714285714, 0.0, 0.6666666666666667, 0.0
0.5415488215488217, 0.6, 0.0, 0.6666666666666667, 0.0
0.5616498316498315, 0.5454545454545454, 0.4, 0.75, 0.0
0.49531135531135534, 0.6, 0.0, 0.7142857142857143, 0.0
0.5245524845524847, 0.6, 0.0, 0.7142857142857143, 0.0
0.48370000370000366, 0.5454545454545454, 0.0, 0.6666666666666667, 0.0
0.5162071262071263, 0.6, 0.0, 0.75, 0.0
0.5458837458837458, 0.5714285714285714, 0.33333333333333337, 0.6153846153846154, 0.0
0.49556388056388057, 0.5454545454545454, 0.0, 0.7142857142857143, 0.0
