0.845185896709047, 0.8461538461538461, 0.8260869565217391, 0.875, 0.0
0.8489481951286344, 0.8461538461538461, 0.8181818181818181, 0.8888888888888888, 0.0
0.8328798366121811, 0.8275862068965517, 0.8095238095238095, 0.8620689655172413, 0.0
0.8468709277839713, 0.84, 0.8095238095238095, 0.8888888888888888, 0.0
0.8418771775728296, 0.8333333333333334, 0.8095238095238095, 0.88, 0.0
0.8460274333732606, 0.84, 0.8260869565217391, 0.88, 0.0
0.8457813053395101, 0.8333333333333334, 0.8181818181818181, 0.8787878787878788, 0.0
0.8458536787419936, 0.8421052631578947, 0.8260869565217391, 0.8888888888888888, 0.0
0.8453648627508389, 0.8333333333333334, 0.8095238095238095, 0.8888888888888888, 0.0
0.842730479656017, 0.84, 0.8181818181818181, 0.8620689655172413, 0.0
0.851623369911226, 0.85, 0.8260869565217391, 0.9, 0.0
0.8446178673714904, 0.85, 0.8260869565217391, 0.8666666666666667, 0.0
0.8572945064729658, 0.8666666666666667, 0.8181818181818181, 0.8888888888888888, 0.0
0.838104014791546, 0.8333333333333334, 0.8095238095238095, 0.8666666666666667, 0.0
0.8587933993853142, 0.8636363636363636, 0.8095238095238095, 0.8846153846153846, 0.0
0.8394976105390898, 0.84, 0.8181818181818181, 0.8620689655172413, 0.0
0.8468142373771665, 0.8421052631578947, 0.8260869565217391, 0.88, 0.0
0.8496036936880792, 0.84375, 0.8260869565217391, 0.88, 0.0
0.8397389618054579, 0.8333333333333334, 0.8260869565217391, 0.8823529411764706, 0.0
0.8393895487890597, 0.8260869565217391, 0.8181818181818181, 0.8666666666666667, 0.0
0.847256221051034, 0.8461538461538461, 0.8181818181818181, 0.9090909090909091, 0.0
0.8388506515710019, 0.8333333333333334, 0.8181818181818181, 0.875, 0.0
0.8462743723821539, 0.8461538461538461, 0.8181818181818181, 0.88, 0.0
0.8389153372031933, 0.84, 0.8260869565217391, 0.8620689655172413, 0.0
0.8389846670548422, 0.8333333333333334, 0.8260869565217391, 0.8695652173913043, 0.0
0.8454245539752784, 0.8333333333333334, 0.8260869565217391, 0.8888888888888888, 0.0
0.8396370937075586, 0.8333333333333334, 0.8181818181818181, 0.875, 0.0
0.8484563696987487, 0.85, 0.8260869565217391, 0.8888888888888888, 0.0
0.8451239528897805, 0.8421052631578947, 0.8095238095238095, 0.88, 0.0
0.8465536409284536, 0.84, 0.8181818181818181, 0.8695652173913043, 0.0
0.8422200429736663, 0.8333333333333334, 0.8181818181818181, 0.8888888888888888, 0.0
0.8470130668931268, 0.8333333333333334, 0.8181818181818181, 0.8928571428571429, 0.0
0.8548864236075369, 0.8518518518518519, 0.8181818181818181, 0.9, 0.0
0.8502547407721927, 0.8421052631578947, 0.8260869565217391, 0.8928571428571429, 0.0
0.8474095098363447, 0.84, 0.8181818181818181, 0.9090909090909091, 0.0
0.8354450339030991, 0.8333333333333334, 0.8181818181818181, 0.8620689655172413, 0.0
0.8485292892107077, 0.8571428571428572, 0.8181818181818181, 0.88, 0.0
0.8468094364101655, 0.8333333333333334, 0.8260869565217391, 0.9259259259259259, 0.0
0.8438667367866677, 0.8333333333333334, 0.8181818181818181, 0.8888888888888888, 0.0
0.8556710329299038, 0.8571428571428572, 0.8260869565217391, 0.8888888888888888, 0.0
0.8480126561641099, 0.8461538461538461, 0.8333333333333334, 0.8823529411764706, 0.0
0.8452154673024238, 0.84, 0.8260869565217391, 0.8888888888888888, 0.0
0.8514733768646813, 0.8461538461538461, 0.8260869565217391, 0.875, 0.0
0.8467315926156507, 0.8461538461538461, 0.8181818181818181, 0.875, 0.0
0.8325332364744954, 0.8333333333333334, 0.8181818181818181, 0.8571428571428572, 0.0
0.8467221281134325, 0.84, 0.8181818181818181, 0.88, 0.0
0.8452190306515249, 0.84, 0.8181818181818181, 0.9090909090909091, 0.0
0.8544513345568114, 0.8571428571428572, 0.8275862068965517, 0.8823529411764706, 0.0
0.8388899933936165, 0.8333333333333334, 0.8260869565217391, 0.8666666666666667, 0.0
0.8440909254367526, 0.84, 0.8260869565217391, 0.875, 0.0
0.833265959145902, 0.8333333333333334, 0.7894736842105263, 0.8620689655172413, 0.0
0.8390293925076534, 0.8333333333333334, 0.8181818181818181, 0.8888888888888888, 0.0
0.8526291355689524, 0.85, 0.8260869565217391, 0.8888888888888888, 0.0
0.8426205311218098, 0.84, 0.8181818181818181, 0.8823529411764706, 0.0
0.8373921096492755, 0.8260869565217391, 0.8095238095238095, 0.88, 0.0
0.8465329824733064, 0.8461538461538461, 0.8181818181818181, 0.88, 0.0
0.8455979324514794, 0.8333333333333334, 0.8181818181818181, 0.8947368421052632, 0.0
0.8449519698829163, 0.8461538461538461, 0.8181818181818181, 0.88, 0.0
0.8426119553207471, 0.8387096774193549, 0.8095238095238095, 0.8928571428571429, 0.0
0.8448918051796614, 0.8333333333333334, 0.8181818181818181, 0.88, 0.0
0.8450628757940585, 0.84, 0.8333333333333334, 0.88, 0.0
0.8377085703761721, 0.8333333333333334, 0.8181818181818181, 0.8666666666666667, 0.0
0.8487916874258442, 0.8461538461538461, 0.8181818181818181, 0.8947368421052632, 0.0
0.8359578695500733, 0.8333333333333334, 0.8181818181818181, 0.8666666666666667, 0.0
0.8524883688506878, 0.8571428571428572, 0.8181818181818181, 0.8888888888888888, 0.0
0.8399411559991271, 0.8333333333333334, 0.8, 0.8846153846153846, 0.0
0.8500392339072999, 0.8461538461538461, 0.8181818181818181, 0.9047619047619048, 0.0
0.8414977540469532, 0.8333333333333334, 0.8260869565217391, 0.8947368421052632, 0.0
0.8449384353699876, 0.8333333333333334, 0.8095238095238095, 0.8947368421052632, 0.0
0.8421240887872309, 0.8333333333333334, 0.8095238095238095, 0.8947368421052632, 0.0
0.8411112877904483, 0.8333333333333334, 0.8181818181818181, 0.8888888888888888, 0.0
0.8389766946100884, 0.8333333333333334, 0.8260869565217391, 0.8695652173913043, 0.0
0.8378095622255647, 0.8333333333333334, 0.8181818181818181, 0.8620689655172413, 0.0
0.8495499813874862, 0.8518518518518519, 0.8181818181818181, 0.8709677419354839, 0.0
0.8464934115803682, 0.8461538461538461, 0.8181818181818181, 0.8888888888888888, 0.0
0.8434177707263564, 0.84, 0.8181818181818181, 0.8823529411764706, 0.0
0.8496050020897893, 0.8461538461538461, 0.8181818181818181, 0.8888888888888888, 0.0
0.8474188852696705, 0.84, 0.8181818181818181, 0.88, 0.0
0.8418643496294027, 0.8387096774193549, 0.8181818181818181, 0.8620689655172413, 0.0
0.8602542902597908, 0.8666666666666667, 0.8181818181818181, 0.896551724137931, 0.0
0.8384069898071648, 0.8333333333333334, 0.8181818181818181, 0.88, 0.0
0.8417465552937816, 0.8333333333333334, 0.8260869565217391, 0.896551724137931, 0.0
0.8372419416332461, 0.84, 0.7916666666666666, 0.88, 0.0
0.8401055299855901, 0.8333333333333334, 0.8181818181818181, 0.8666666666666667, 0.0
0.8490936621636272, 0.8518518518518519, 0.8260869565217391, 0.88, 0.0
0.8449655143568188, 0.8333333333333334, 0.8181818181818181, 0.8888888888888888, 0.0
0.8492396159397707, 0.8461538461538461, 0.8235294117647058, 0.8846153846153846, 0.0
0.8466170491372629, 0.84, 0.8181818181818181, 0.8947368421052632, 0.0
0.8372704107486716, 0.8333333333333334, 0.8181818181818181, 0.8666666666666667, 0.0
0.8369400376771691, 0.8333333333333334, 0.8181818181818181, 0.875, 0.0
0.8466441411328969, 0.84, 0.8181818181818181, 0.88, 0.0
0.8518677560538737, 0.8518518518518519, 0.8260869565217391, 0.9090909090909091, 0.0
0.848922542373282, 0.84, 0.8095238095238095, 0.8888888888888888, 0.0
0.8521891911086915, 0.8518518518518519, 0.8260869565217391, 0.896551724137931, 0.0
0.8402040223742315, 0.84, 0.8181818181818181, 0.8666666666666667, 0.0
0.8403457395881183, 0.8333333333333334, 0.8181818181818181, 0.9, 0.0
0.8460296480131563, 0.8461538461538461, 0.8, 0.875, 0.0
0.8379791427037803, 0.8333333333333334, 0.8095238095238095, 0.8571428571428572, 0.0
0.8415817021143108, 0.8333333333333334, 0.8181818181818181, 0.88, 0.0
0.8427660455486542, 0.8333333333333334, 0.8260869565217391, 0.875, 0.0
0.8497715698997163, 0.8421052631578947, 0.8181818181818181, 0.88, 0.0
0.8371162448662448, 0.8333333333333334, 0.8181818181818181, 0.8571428571428572, 0.0
0.8425842761639863, 0.84, 0.8181818181818181, 0.875, 0.0
0.8482461672652062, 0.8461538461538461, 0.8260869565217391, 0.875, 0.0
0.8443107472237907, 0.8333333333333334, 0.8181818181818181, 0.8787878787878788, 0.0
0.8434819238732284, 0.8333333333333334, 0.8260869565217391, 0.8846153846153846, 0.0
0.8473571450774955, 0.8421052631578947, 0.8260869565217391, 0.875, 0.0
0.8446717394253626, 0.84, 0.8095238095238095, 0.8928571428571429, 0.0
0.8379889439033986, 0.84, 0.8, 0.8666666666666667, 0.0
0.8475976479818914, 0.85, 0.8181818181818181, 0.875, 0.0
0.8468022508892074, 0.85, 0.8181818181818181, 0.88, 0.0
0.84008101007596, 0.8333333333333334, 0.7894736842105263, 0.9, 0.0
0.8476893458032889, 0.84, 0.8260869565217391, 0.875, 0.0
0.8366367936947646, 0.8333333333333334, 0.8095238095238095, 0.875, 0.0
0.8450254955047166, 0.8461538461538461, 0.8125, 0.88, 0.0
0.8407556259084703, 0.8333333333333334, 0.8181818181818181, 0.8888888888888888, 0.0
0.8400431672275752, 0.8333333333333334, 0.8095238095238095, 0.88, 0.0
0.8477843131581968, 0.84, 0.8095238095238095, 0.8947368421052632, 0.0
0.8473098775752933, 0.84, 0.8260869565217391, 0.8888888888888888, 0.0
0.8527771885430163, 0.8518518518518519, 0.8260869565217391, 0.88, 0.0
0.8430964637298575, 0.8333333333333334, 0.8260869565217391, 0.875, 0.0
0.8444359546765187, 0.84, 0.8260869565217391, 0.8947368421052632, 0.0
0.8435641844149695, 0.84, 0.8181818181818181, 0.8787878787878788, 0.0
0.8449966822578108, 0.84, 0.8095238095238095, 0.88, 0.0
0.8380577061156771, 0.8333333333333334, 0.8181818181818181, 0.8666666666666667, 0.0
0.8366019885232385, 0.84, 0.8181818181818181, 0.8620689655172413, 0.0
0.8548744990918905, 0.8518518518518519, 0.8181818181818181, 0.8846153846153846, 0.0
0.8451989229235607, 0.84, 0.8260869565217391, 0.88, 0.0
0.8438328027128627, 0.8333333333333334, 0.8260869565217391, 0.875, 0.0
0.8521101022902523, 0.8518518518518519, 0.8181818181818181, 0.8823529411764706, 0.0
0.8388489946123486, 0.84, 0.7894736842105263, 0.8823529411764706, 0.0
0.8419920709808266, 0.84, 0.8181818181818181, 0.875, 0.0
0.8490827444365722, 0.84, 0.8235294117647058, 0.9230769230769231, 0.0
0.8465594523565538, 0.8333333333333334, 0.8181818181818181, 0.9047619047619048, 0.0
0.8443497636151793, 0.84, 0.8260869565217391, 0.875, 0.0
0.8471116293705001, 0.8333333333333334, 0.8260869565217391, 0.88, 0.0
0.8451414595284767, 0.8461538461538461, 0.8181818181818181, 0.8888888888888888, 0.0
0.8335746143282374, 0.8333333333333334, 0.8181818181818181, 0.8571428571428572, 0.0
0.8489185917367312, 0.84, 0.8260869565217391, 0.8888888888888888, 0.0
0.8419562204828323, 0.84, 0.8181818181818181, 0.8620689655172413, 0.0
0.8511468835737186, 0.85, 0.8260869565217391, 0.88, 0.0
0.8490173592594489, 0.8461538461538461, 0.8260869565217391, 0.88, 0.0
0.8491573695443867, 0.85, 0.8260869565217391, 0.88, 0.0
0.8388801134268402, 0.8333333333333334, 0.8, 0.8846153846153846, 0.0
0.844408424760797, 0.8333333333333334, 0.8260869565217391, 0.9047619047619048, 0.0
0.840606156935203, 0.84, 0.8181818181818181, 0.88, 0.0
0.8395714360601918, 0.8333333333333334, 0.8095238095238095, 0.8666666666666667, 0.0
0.8476224148812855, 0.8461538461538461, 0.8260869565217391, 0.8888888888888888, 0.0
0.8535043760571575, 0.8421052631578947, 0.8333333333333334, 0.9, 0.0
0.8431923932213787, 0.85, 0.8095238095238095, 0.8571428571428572, 0.0
0.8477416966553738, 0.8421052631578947, 0.8181818181818181, 0.8928571428571429, 0.0
0.8516328323933274, 0.8571428571428572, 0.8260869565217391, 0.88, 0.0
0.8410019502207526, 0.8333333333333334, 0.8181818181818181, 0.8846153846153846, 0.0
0.832813292987206, 0.8333333333333334, 0.8095238095238095, 0.85, 0.0
0.8347221281134324, 0.8333333333333334, 0.8181818181818181, 0.8571428571428572, 0.0
0.8459966332555039, 0.8461538461538461, 0.8095238095238095, 0.8787878787878788, 0.0
0.8400719830265059, 0.8333333333333334, 0.8181818181818181, 0.88, 0.0
0.846921746456479, 0.84, 0.8181818181818181, 0.896551724137931, 0.0
0.8433697146621214, 0.8421052631578947, 0.8235294117647058, 0.8709677419354839, 0.0
0.8392313378579364, 0.8333333333333334, 0.8181818181818181, 0.88, 0.0
0.8494807982133531, 0.8461538461538461, 0.8181818181818181, 0.9, 0.0
0.848544856194742, 0.8518518518518519, 0.8260869565217391, 0.875, 0.0
0.8509181015857034, 0.84, 0.8260869565217391, 0.8928571428571429, 0.0
0.8408420715087382, 0.8333333333333334, 0.8095238095238095, 0.8666666666666667, 0.0
0.8375939229852275, 0.8333333333333334, 0.8, 0.8846153846153846, 0.0
0.8475391792828371, 0.84, 0.8181818181818181, 0.8823529411764706, 0.0
0.839663883084173, 0.84, 0.8181818181818181, 0.88, 0.0
0.8524742628269616, 0.8571428571428572, 0.8260869565217391, 0.88, 0.0
0.8437425377803939, 0.84, 0.8181818181818181, 0.88, 0.0
0.8557818140111347, 0.8518518518518519, 0.8260869565217391, 0.896551724137931, 0.0
0.8407476252904024, 0.8333333333333334, 0.8181818181818181, 0.875, 0.0
0.8550828259049151, 0.8518518518518519, 0.8260869565217391, 0.8888888888888888, 0.0
0.8586192989617057, 0.8620689655172413, 0.8333333333333334, 0.8823529411764706, 0.0
0.8500044104931662, 0.85, 0.8260869565217391, 0.8888888888888888, 0.0
0.8465167234777725, 0.84, 0.8181818181818181, 0.8823529411764706, 0.0
0.8400800613929342, 0.8333333333333334, 0.8181818181818181, 0.8846153846153846, 0.0
0.848023730514196, 0.8518518518518519, 0.8095238095238095, 0.8888888888888888, 0.0
0.8464089387791749, 0.8421052631578947, 0.8181818181818181, 0.8888888888888888, 0.0
0.8419605234193152, 0.84, 0.8181818181818181, 0.875, 0.0
0.8490391737305386, 0.8421052631578947, 0.8260869565217391, 0.9090909090909091, 0.0
0.8532213073357501, 0.8518518518518519, 0.8260869565217391, 0.9047619047619048, 0.0
0.848902971960943, 0.8461538461538461, 0.8181818181818181, 0.8846153846153846, 0.0
0.8441999275457547, 0.8333333333333334, 0.8260869565217391, 0.8846153846153846, 0.0
0.8426685397265107, 0.8333333333333334, 0.8181818181818181, 0.8928571428571429, 0.0
0.8361737956932465, 0.8333333333333334, 0.8260869565217391, 0.8666666666666667, 0.0
0.841016201811015, 0.84, 0.8181818181818181, 0.8928571428571429, 0.0
0.843117172562744, 0.85, 0.8181818181818181, 0.8666666666666667, 0.0
0.8399179923178779, 0.8333333333333334, 0.8181818181818181, 0.9, 0.0
0.8392814016272288, 0.8333333333333334, 0.8260869565217391, 0.8620689655172413, 0.0
0.8442966081062034, 0.84, 0.8260869565217391, 0.875, 0.0
0.8448384197724823, 0.84, 0.8181818181818181, 0.8823529411764706, 0.0
0.8490788401078257, 0.8518518518518519, 0.8260869565217391, 0.875, 0.0
0.8470029162907725, 0.8484848484848485, 0.8181818181818181, 0.88, 0.0
0.8463603523033164, 0.8333333333333334, 0.8095238095238095, 0.8888888888888888, 0.0
0.8404656226665222, 0.8333333333333334, 0.8181818181818181, 0.9, 0.0
0.8513471619538586, 0.85, 0.8181818181818181, 0.8928571428571429, 0.0
0.8429761730486368, 0.8333333333333334, 0.8148148148148149, 0.875, 0.0
0.8431607983721975, 0.84, 0.8181818181818181, 0.875, 0.0
0.8440328407257239, 0.8461538461538461, 0.8181818181818181, 0.8666666666666667, 0.0
0.8520834035021678, 0.8571428571428572, 0.8260869565217391, 0.8947368421052632, 0.0
0.8487650941526945, 0.8484848484848485, 0.8181818181818181, 0.9090909090909091, 0.0
0.8496627553380034, 0.8461538461538461, 0.8181818181818181, 0.88, 0.0
0.8385332555167638, 0.8333333333333334, 0.8095238095238095, 0.9, 0.0
0.8434065162750176, 0.84, 0.8181818181818181, 0.88, 0.0
0.8478134284016637, 0.8333333333333334, 0.8095238095238095, 0.8823529411764706, 0.0
0.8443081665960227, 0.84, 0.8181818181818181, 0.8846153846153846, 0.0
0.8473739256477624, 0.84, 0.8260869565217391, 0.8947368421052632, 0.0
0.8486474766017101, 0.8461538461538461, 0.8181818181818181, 0.875, 0.0
0.8447311961471987, 0.8333333333333334, 0.8260869565217391, 0.875, 0.0
0.8441132348351036, 0.8387096774193549, 0.8095238095238095, 0.92, 0.0
0.843046677792045, 0.8461538461538461, 0.8095238095238095, 0.8823529411764706, 0.0
0.849443541772588, 0.85, 0.8260869565217391, 0.88, 0.0
0.8454862710384788, 0.84, 0.7916666666666666, 0.9090909090909091, 0.0
0.8371443710846951, 0.8333333333333334, 0.8181818181818181, 0.8571428571428572, 0.0
0.8371283552732828, 0.8333333333333334, 0.8181818181818181, 0.8666666666666667, 0.0
0.8435103473904075, 0.8333333333333334, 0.8260869565217391, 0.8846153846153846, 0.0
0.8517832441972479, 0.8518518518518519, 0.8181818181818181, 0.8888888888888888, 0.0
0.8407082318079762, 0.8333333333333334, 0.8181818181818181, 0.8695652173913043, 0.0
0.8552011172712928, 0.8518518518518519, 0.8333333333333334, 0.9166666666666666, 0.0
0.8424667519719994, 0.8333333333333334, 0.8260869565217391, 0.8695652173913043, 0.0
0.8452534723051571, 0.8421052631578947, 0.8181818181818181, 0.88, 0.0
0.8376069586026712, 0.8333333333333334, 0.8181818181818181, 0.8620689655172413, 0.0
0.8475235093183227, 0.8461538461538461, 0.8095238095238095, 0.8846153846153846, 0.0
0.8420354337021004, 0.84, 0.8181818181818181, 0.88, 0.0
0.8465667333203565, 0.84, 0.8260869565217391, 0.8928571428571429, 0.0
0.8503090790047312, 0.8461538461538461, 0.8181818181818181, 0.8888888888888888, 0.0
0.8451303744472161, 0.84, 0.8260869565217391, 0.875, 0.0
0.8481558207824194, 0.84, 0.8260869565217391, 0.9, 0.0
0.8466758654814921, 0.84, 0.8181818181818181, 0.8846153846153846, 0.0
0.8456620671547904, 0.8421052631578947, 0.8095238095238095, 0.88, 0.0
0.8447973071317622, 0.8461538461538461, 0.8260869565217391, 0.8666666666666667, 0.0
0.8455370534583034, 0.8421052631578947, 0.8181818181818181, 0.88, 0.0
0.8468497928702038, 0.8421052631578947, 0.8260869565217391, 0.875, 0.0
0.8481864130233696, 0.8461538461538461, 0.8260869565217391, 0.8888888888888888, 0.0
0.8455164317443224, 0.84, 0.8235294117647058, 0.875, 0.0
0.8343786937699981, 0.8333333333333334, 0.8181818181818181, 0.8571428571428572, 0.0
0.8493770145739455, 0.84, 0.8260869565217391, 0.8928571428571429, 0.0
0.8483145257578043, 0.8571428571428572, 0.8260869565217391, 0.8666666666666667, 0.0
0.8448730069622212, 0.8333333333333334, 0.8260869565217391, 0.875, 0.0
0.8412058547170495, 0.8333333333333334, 0.8181818181818181, 0.8823529411764706, 0.0
0.8467237756782986, 0.85, 0.8260869565217391, 0.8666666666666667, 0.0
0.8476158202949808, 0.8461538461538461, 0.8260869565217391, 0.88, 0.0
0.8413699102829537, 0.8333333333333334, 0.8095238095238095, 0.875, 0.0
0.8455985179608368, 0.84, 0.8095238095238095, 0.8928571428571429, 0.0
0.8439712777643812, 0.8461538461538461, 0.8333333333333334, 0.8636363636363636, 0.0
0.8483849730516398, 0.8518518518518519, 0.8181818181818181, 0.8846153846153846, 0.0
0.8471354890320408, 0.84, 0.8181818181818181, 0.88, 0.0
0.8435898902400651, 0.8333333333333334, 0.8095238095238095, 0.88, 0.0
0.8463354672860214, 0.8333333333333334, 0.8260869565217391, 0.8823529411764706, 0.0
0.8401707702699314, 0.84, 0.8095238095238095, 0.88, 0.0
0.8390875514623641, 0.8333333333333334, 0.8260869565217391, 0.88, 0.0
0.8455302223180784, 0.8461538461538461, 0.8125, 0.9, 0.0
0.8498805405071389, 0.85, 0.8260869565217391, 0.8888888888888888, 0.0
0.839641294198839, 0.8333333333333334, 0.8235294117647058, 0.8823529411764706, 0.0
0.8461175355733561, 0.84, 0.8181818181818181, 0.88, 0.0
0.8432181692207164, 0.8333333333333334, 0.8181818181818181, 0.8888888888888888, 0.0
0.8416955360703486, 0.8333333333333334, 0.8181818181818181, 0.8888888888888888, 0.0
0.8505316187080895, 0.8571428571428572, 0.8181818181818181, 0.8823529411764706, 0.0
0.8468552191140897, 0.84, 0.8260869565217391, 0.88, 0.0
0.8461174427508366, 0.8333333333333334, 0.8181818181818181, 0.8846153846153846, 0.0
0.8551793704657275, 0.8571428571428572, 0.8181818181818181, 0.896551724137931, 0.0
0.8498704931583494, 0.8571428571428572, 0.8181818181818181, 0.8846153846153846, 0.0
0.8404450578943333, 0.8333333333333334, 0.8260869565217391, 0.88, 0.0
0.8481932178346371, 0.84, 0.8181818181818181, 0.8846153846153846, 0.0
0.8527516502617998, 0.8518518518518519, 0.8260869565217391, 0.8846153846153846, 0.0
0.8427494941987695, 0.8333333333333334, 0.8260869565217391, 0.8888888888888888, 0.0
0.8464571110493151, 0.8518518518518519, 0.8095238095238095, 0.875, 0.0
0.8397147600026161, 0.8333333333333334, 0.8181818181818181, 0.88, 0.0
0.845539133318038, 0.8333333333333334, 0.8, 0.8888888888888888, 0.0
0.8372622092315187, 0.8333333333333334, 0.8235294117647058, 0.8666666666666667, 0.0
0.8311822573561705, 0.8260869565217391, 0.8181818181818181, 0.8666666666666667, 0.0
0.8468464101282694, 0.84, 0.8095238095238095, 0.875, 0.0
0.8555993612867577, 0.8571428571428572, 0.8260869565217391, 0.8823529411764706, 0.0
0.8492001018212914, 0.8518518518518519, 0.8260869565217391, 0.8846153846153846, 0.0
0.8517215575436466, 0.8571428571428572, 0.8181818181818181, 0.8846153846153846, 0.0
0.8453928621876755, 0.8421052631578947, 0.8260869565217391, 0.8666666666666667, 0.0
0.8450818048803175, 0.84, 0.8095238095238095, 0.8888888888888888, 0.0
0.8457089485392923, 0.8421052631578947, 0.8181818181818181, 0.8787878787878788, 0.0
0.8419123183243523, 0.8333333333333334, 0.8181818181818181, 0.8823529411764706, 0.0
0.8446662190374085, 0.84375, 0.8260869565217391, 0.875, 0.0
0.8369638318288203, 0.84, 0.8181818181818181, 0.8518518518518519, 0.0
0.8429417893450878, 0.8333333333333334, 0.8181818181818181, 0.8928571428571429, 0.0
0.8504398145057028, 0.84, 0.8260869565217391, 0.8846153846153846, 0.0
0.8397476324552786, 0.8333333333333334, 0.8181818181818181, 0.8888888888888888, 0.0
0.8354772089063692, 0.8333333333333334, 0.8181818181818181, 0.8620689655172413, 0.0
0.8451756938713461, 0.8333333333333334, 0.8181818181818181, 0.8846153846153846, 0.0
0.8397942187484522, 0.8333333333333334, 0.8181818181818181, 0.875, 0.0
0.8429678984325896, 0.84, 0.8260869565217391, 0.8709677419354839, 0.0
0.8456591812056186, 0.8461538461538461, 0.8260869565217391, 0.8695652173913043, 0.0
0.843229452846355, 0.8421052631578947, 0.8260869565217391, 0.875, 0.0
0.8378443473637981, 0.8333333333333334, 0.8181818181818181, 0.8928571428571429, 0.0
0.8411740829160357, 0.8333333333333334, 0.8181818181818181, 0.8823529411764706, 0.0
0.8414837527890355, 0.8387096774193549, 0.8181818181818181, 0.9, 0.0
0.8459821171714459, 0.84375, 0.8181818181818181, 0.8888888888888888, 0.0
0.8482732758200026, 0.84, 0.8181818181818181, 0.88, 0.0
0.8488888302718788, 0.84, 0.8181818181818181, 0.8823529411764706, 0.0
0.8481544986103191, 0.8461538461538461, 0.8260869565217391, 0.9047619047619048, 0.0
0.8474953586217956, 0.8518518518518519, 0.8181818181818181, 0.8666666666666667, 0.0
0.8392236284824991, 0.84, 0.8095238095238095, 0.875, 0.0
0.8496529651212604, 0.8518518518518519, 0.8260869565217391, 0.8823529411764706, 0.0
0.848805875434982, 0.85, 0.8181818181818181, 0.875, 0.0
0.8410611546078812, 0.8333333333333334, 0.8260869565217391, 0.875, 0.0
0.8454374061165666, 0.8333333333333334, 0.8260869565217391, 0.8888888888888888, 0.0
0.8373953206813396, 0.8333333333333334, 0.8125, 0.8695652173913043, 0.0
0.8500807623485035, 0.8518518518518519, 0.8260869565217391, 0.875, 0.0
0.849861239913214, 0.8518518518518519, 0.8260869565217391, 0.875, 0.0
0.8451421348377868, 0.8461538461538461, 0.8181818181818181, 0.875, 0.0
0.8542686415795347, 0.8571428571428572, 0.8260869565217391, 0.88, 0.0
0.853072899570335, 0.8620689655172413, 0.8181818181818181, 0.8947368421052632, 0.0
0.8485396549144677, 0.8571428571428572, 0.8181818181818181, 0.88, 0.0
0.8524599591001873, 0.8620689655172413, 0.8181818181818181, 0.8787878787878788, 0.0
0.8452983366606556, 0.8333333333333334, 0.8095238095238095, 0.8888888888888888, 0.0
0.8432841621517285, 0.84, 0.8260869565217391, 0.8695652173913043, 0.0
0.8419776999612083, 0.8333333333333334, 0.8181818181818181, 0.875, 0.0
0.8547210156519619, 0.8529411764705882, 0.8095238095238095, 0.8888888888888888, 0.0
0.8448238151986279, 0.8333333333333334, 0.8260869565217391, 0.8846153846153846, 0.0
0.8491735120262962, 0.8518518518518519, 0.8095238095238095, 0.875, 0.0
0.8519721462020313, 0.8518518518518519, 0.8333333333333334, 0.8928571428571429, 0.0
0.8430735243017852, 0.84375, 0.8181818181818181, 0.875, 0.0
0.8420708824848862, 0.8333333333333334, 0.8181818181818181, 0.8695652173913043, 0.0
0.8420321695213, 0.84, 0.8181818181818181, 0.8695652173913043, 0.0
0.8441758583282472, 0.8387096774193549, 0.8260869565217391, 0.8846153846153846, 0.0
0.8401715501260728, 0.8333333333333334, 0.8181818181818181, 0.875, 0.0
0.8405130798763338, 0.84, 0.8095238095238095, 0.875, 0.0
0.8441833155162226, 0.84, 0.8125, 0.8823529411764706, 0.0
0.8426385303588809, 0.8333333333333334, 0.8260869565217391, 0.88, 0.0
0.85270870009648, 0.8484848484848485, 0.8333333333333334, 0.8947368421052632, 0.0
0.8460500830170996, 0.84, 0.8260869565217391, 0.8846153846153846, 0.0
0.8394772949809182, 0.8333333333333334, 0.8260869565217391, 0.875, 0.0
0.8537082211844832, 0.8518518518518519, 0.8260869565217391, 0.88, 0.0
0.848001747266027, 0.8518518518518519, 0.8181818181818181, 0.875, 0.0
0.8418122056655731, 0.8333333333333334, 0.8095238095238095, 0.8846153846153846, 0.0
0.8457587104253772, 0.84, 0.8333333333333334, 0.8846153846153846, 0.0
0.845150527244945, 0.8387096774193549, 0.8181818181818181, 0.8823529411764706, 0.0
0.8438696934324119, 0.8333333333333334, 0.8095238095238095, 0.8846153846153846, 0.0
0.8417294403364309, 0.8333333333333334, 0.8, 0.8888888888888888, 0.0
0.841246137083838, 0.84, 0.8095238095238095, 0.8947368421052632, 0.0
0.8509245546119509, 0.8461538461538461, 0.8260869565217391, 0.8888888888888888, 0.0
0.8498518517438268, 0.8461538461538461, 0.8333333333333334, 0.875, 0.0
0.8453977343107778, 0.8461538461538461, 0.8095238095238095, 0.8888888888888888, 0.0
0.8435481067325146, 0.84, 0.8181818181818181, 0.8846153846153846, 0.0
0.8427140974967062, 0.8333333333333334, 0.8181818181818181, 0.8928571428571429, 0.0
0.8451329518390989, 0.84, 0.8260869565217391, 0.875, 0.0
0.8468742169453275, 0.84, 0.8260869565217391, 0.8888888888888888, 0.0
0.8418321175879986, 0.84, 0.8260869565217391, 0.8709677419354839, 0.0
0.8474234086490064, 0.8421052631578947, 0.8260869565217391, 0.8846153846153846, 0.0
0.8512457893597325, 0.8461538461538461, 0.8181818181818181, 0.88, 0.0
0.8500571196351248, 0.8461538461538461, 0.8181818181818181, 0.9047619047619048, 0.0
0.8526129303175519, 0.8571428571428572, 0.8181818181818181, 0.8947368421052632, 0.0
0.843686213669722, 0.8333333333333334, 0.8260869565217391, 0.88, 0.0
0.8487748477853427, 0.8518518518518519, 0.8181818181818181, 0.8695652173913043, 0.0
0.8421351450481885, 0.8333333333333334, 0.8181818181818181, 0.875, 0.0
0.8413131324517737, 0.8333333333333334, 0.8095238095238095, 0.8695652173913043, 0.0
0.8549448897669788, 0.8518518518518519, 0.8260869565217391, 0.9090909090909091, 0.0
0.8463124811220765, 0.8461538461538461, 0.8260869565217391, 0.8695652173913043, 0.0
0.8435071281283175, 0.84, 0.8181818181818181, 0.88, 0.0
0.8412858590684678, 0.8333333333333334, 0.8181818181818181, 0.8846153846153846, 0.0
0.8452649084493163, 0.84, 0.8260869565217391, 0.8888888888888888, 0.0
0.8478941589811154, 0.8333333333333334, 0.8181818181818181, 0.8928571428571429, 0.0
0.8485784392740914, 0.8461538461538461, 0.8181818181818181, 0.8888888888888888, 0.0
0.8446678565479167, 0.8333333333333334, 0.8260869565217391, 0.88, 0.0
0.8509366645163747, 0.85, 0.8181818181818181, 0.8888888888888888, 0.0
0.849138896928051, 0.8518518518518519, 0.8260869565217391, 0.875, 0.0
0.8314062362758016, 0.8260869565217391, 0.8181818181818181, 0.8636363636363636, 0.0
0.8462903668921976, 0.8421052631578947, 0.8260869565217391, 0.9047619047619048, 0.0
0.8501534839011102, 0.8518518518518519, 0.8260869565217391, 0.875, 0.0
0.8495135256584534, 0.85, 0.8181818181818181, 0.9, 0.0
0.8443854512325761, 0.84, 0.8181818181818181, 0.8846153846153846, 0.0
0.8392522418444457, 0.8333333333333334, 0.8, 0.875, 0.0
0.8490031803125476, 0.84, 0.8260869565217391, 0.8947368421052632, 0.0
0.8467295233012669, 0.8461538461538461, 0.8260869565217391, 0.8823529411764706, 0.0
0.8411969006527211, 0.8333333333333334, 0.8181818181818181, 0.9, 0.0
0.8431598069134302, 0.84, 0.8095238095238095, 0.8846153846153846, 0.0
0.8464178574895513, 0.8387096774193549, 0.8235294117647058, 0.8888888888888888, 0.0
0.8418239138160033, 0.84, 0.8260869565217391, 0.8695652173913043, 0.0
0.8445116593487145, 0.8333333333333334, 0.8181818181818181, 0.8947368421052632, 0.0
0.845084551853628, 0.8421052631578947, 0.8125, 0.8695652173913043, 0.0
0.8340411351543889, 0.8333333333333334, 0.8095238095238095, 0.8571428571428572, 0.0
0.8470843894430852, 0.84, 0.8181818181818181, 0.8888888888888888, 0.0
0.850497400144261, 0.84, 0.8260869565217391, 0.896551724137931, 0.0
0.8358162369031935, 0.8333333333333334, 0.8095238095238095, 0.875, 0.0
0.8440522164362744, 0.8333333333333334, 0.8125, 0.9, 0.0
0.8479482401656316, 0.84, 0.8260869565217391, 0.88, 0.0
0.8516055438278373, 0.8518518518518519, 0.8095238095238095, 0.8928571428571429, 0.0
0.8412071420167373, 0.8333333333333334, 0.8181818181818181, 0.8695652173913043, 0.0
0.842017703243301, 0.84, 0.8181818181818181, 0.8636363636363636, 0.0
0.8405134131652123, 0.8333333333333334, 0.8095238095238095, 0.8695652173913043, 0.0
0.8455449106637563, 0.8421052631578947, 0.8181818181818181, 0.875, 0.0
0.8412246111376548, 0.8333333333333334, 0.8095238095238095, 0.88, 0.0
0.8468367955059903, 0.84, 0.8181818181818181, 0.8823529411764706, 0.0
0.8591291057213098, 0.8620689655172413, 0.8260869565217391, 0.9, 0.0
0.8490885757509552, 0.8461538461538461, 0.8095238095238095, 0.8888888888888888, 0.0
0.8510013641567866, 0.8571428571428572, 0.8181818181818181, 0.875, 0.0
0.8433716892340081, 0.8333333333333334, 0.8125, 0.9, 0.0
0.8490458192589234, 0.8518518518518519, 0.8260869565217391, 0.88, 0.0
0.8404628196901273, 0.84, 0.7916666666666666, 0.88, 0.0
0.8510853767625384, 0.8484848484848485, 0.8260869565217391, 0.88, 0.0
0.8425127139668105, 0.8333333333333334, 0.8181818181818181, 0.8823529411764706, 0.0
0.8443115512950594, 0.84, 0.8260869565217391, 0.8787878787878788, 0.0
0.8459866240803715, 0.8571428571428572, 0.8095238095238095, 0.875, 0.0
