0.6619270474045817, 0.75, 0.0, 0.8571428571428572, 0.0
0.7129080504064601, 0.7407407407407407, 0.3076923076923077, 0.85, 0.0
0.6570016658319605, 0.6923076923076923, 0.3076923076923077, 0.7741935483870968, 0.0
0.6560600802706066, 0.6666666666666667, 0.5, 0.75, 0.0
0.604650769175021, 0.5714285714285714, 0.47058823529411764, 0.717948717948718, 0.0
0.5718072301865544, 0.5555555555555556, 0.4347826086956522, 0.7142857142857143, 0.0
0.5744642902973212, 0.5714285714285714, 0.42105263157894735, 0.7142857142857143, 0.0
0.5597216837538783, 0.56, 0.33333333333333337, 0.6896551724137931, 0.0
0.5368428031701082, 0.56, 0.33333333333333337, 0.6666666666666667, 0.0
0.5539093079767904, 0.5925925925925926, 0.3076923076923077, 0.6896551724137931, 0.0
0.5392999267713864, 0.6451612903225806, 0.3076923076923077, 0.6842105263157895, 0.0
0.5307215862310761, 0.6086956521739131, 0.3076923076923077, 0.7058823529411764, 0.0
0.5229391154455094, 0.5714285714285714, 0.3076923076923077, 0.7058823529411764, 0.0
0.5161308626014508, 0.5714285714285714, 0.3076923076923077, 0.7058823529411764, 0.0
0.5180008270397287, 0.5714285714285714, 0.3076923076923077, 0.6842105263157895, 0.0
0.49102808302808293, 0.5714285714285714, 0.2857142857142857, 0.6153846153846154, 0.0
0.46881784881784877, 0.56, 0.16666666666666663, 0.5714285714285714, 0.0
0.4633566433566435, 0.5454545454545454, 0.16666666666666663, 0.56, 0.0
0.45873903873903893, 0.5454545454545454, 0.16666666666666663, 0.56, 0.0
0.45395493395493414, 0.5454545454545454, 0.16666666666666663, 0.56, 0.0
0.44893701280798065, 0.5454545454545454, 0.16666666666666663, 0.56, 0.0
0.4369370128079806, 0.5, 0.16666666666666663, 0.56, 0.0
0.428037462583093, 0.5, 0.16666666666666663, 0.5517241379310345, 0.0
0.4094796869567927, 0.4347826086956522, 0.16666666666666663, 0.5454545454545454, 0.0
0.4070843045614103, 0.4347826086956522, 0.16666666666666663, 0.5454545454545454, 0.0
0.40268754190377815, 0.4444444444444444, 0.16666666666666663, 0.5454545454545454, 0.0
0.4012726043509096, 0.4444444444444444, 0.16666666666666663, 0.5333333333333333, 0.0
0.3941614932397985, 0.4444444444444444, 0.16666666666666663, 0.5333333333333333, 0.0
0.39111124058834645, 0.4347826086956522, 0.16666666666666663, 0.5, 0.0
0.3938717650880014, 0.4444444444444444, 0.16666666666666663, 0.5, 0.0
0.3931825541379209, 0.4444444444444444, 0.16666666666666663, 0.48, 0.0
0.3861998074160438, 0.4347826086956522, 0.16666666666666663, 0.48, 0.0
0.3736826691597751, 0.41666666666666663, 0.16666666666666663, 0.48, 0.0
0.3680226737606492, 0.41666666666666663, 0.16666666666666663, 0.4444444444444444, 0.0
0.3680226737606492, 0.41666666666666663, 0.16666666666666663, 0.4444444444444444, 0.0
0.3680226737606492, 0.41666666666666663, 0.16666666666666663, 0.4444444444444444, 0.0
0.36898052163409806, 0.41666666666666663, 0.16666666666666663, 0.4444444444444444, 0.0
0.3683363992508452, 0.41666666666666663, 0.16666666666666663, 0.4444444444444444, 0.0
0.3683363992508452, 0.41666666666666663, 0.16666666666666663, 0.4444444444444444, 0.0
0.3676922768675924, 0.41666666666666663, 0.16666666666666663, 0.4347826086956522, 0.0
