0.8319615416159697, 0.8292682926829268, 0.7631578947368421, 0.9, 0.0
0.7628246846349036, 0.775, 0.6551724137931034, 0.8378378378378378, 0.0
0.7377608390566182, 0.775, 0.6153846153846154, 0.7941176470588236, 0.0
0.7326407137130289, 0.775, 0.59375, 0.7941176470588236, 0.0
0.6946032037391154, 0.75, 0.5384615384615384, 0.7906976744186046, 0.0
0.6837969976635655, 0.7058823529411764, 0.5454545454545454, 0.7727272727272727, 0.0
0.6790654471290468, 0.7058823529411764, 0.5454545454545454, 0.7619047619047619, 0.0
0.6831088330873122, 0.7317073170731707, 0.5454545454545454, 0.7619047619047619, 0.0
0.6744729626048058, 0.7142857142857143, 0.5454545454545454, 0.7619047619047619, 0.0
0.6689743682518364, 0.7142857142857143, 0.5454545454545454, 0.7441860465116279, 0.0
0.654487612154955, 0.6923076923076923, 0.5172413793103448, 0.7222222222222222, 0.0
0.6508960332180146, 0.6923076923076923, 0.5333333333333333, 0.7222222222222222, 0.0
0.6361794781299427, 0.6666666666666667, 0.5, 0.7105263157894737, 0.0
0.6229083140228651, 0.6578947368421053, 0.5, 0.7, 0.0
0.6149826977574656, 0.6578947368421053, 0.46875, 0.6944444444444444, 0.0
0.6122775565731279, 0.6578947368421053, 0.46875, 0.6944444444444444, 0.0
0.6135759923645032, 0.6578947368421053, 0.46875, 0.6944444444444444, 0.0
0.6074377318359988, 0.6578947368421053, 0.46875, 0.6904761904761905, 0.0
0.6023479193511212, 0.6578947368421053, 0.4375, 0.6829268292682926, 0.0
0.600096461994729, 0.6578947368421053, 0.4375, 0.6666666666666667, 0.0
0.6028793723995906, 0.6578947368421053, 0.46875, 0.6666666666666667, 0.0
0.586851851851852, 0.6111111111111112, 0.40625, 0.6666666666666667, 0.0
0.5719612962716412, 0.6, 0.40625, 0.6666666666666667, 0.0
0.5582691625795075, 0.5454545454545454, 0.40625, 0.6666666666666667, 0.0
0.562869127179472, 0.5675675675675675, 0.40625, 0.6666666666666667, 0.0
0.5475101887601888, 0.5555555555555556, 0.4, 0.6666666666666667, 0.0
0.5447832452089418, 0.5428571428571429, 0.4, 0.6666666666666667, 0.0
0.5377654481911448, 0.5428571428571429, 0.3939393939393939, 0.6666666666666667, 0.0
0.5316511631952809, 0.5428571428571429, 0.3939393939393939, 0.6666666666666667, 0.0
0.5302920769581457, 0.5405405405405406, 0.3939393939393939, 0.6666666666666667, 0.0
0.5287009463538573, 0.5405405405405406, 0.3939393939393939, 0.6585365853658536, 0.0
0.5140084114438703, 0.5142857142857142, 0.32258064516129037, 0.641025641025641, 0.0
0.5097687087521553, 0.5142857142857142, 0.32258064516129037, 0.641025641025641, 0.0
0.5006555585863736, 0.5142857142857142, 0.32258064516129037, 0.641025641025641, 0.0
0.4978098857407007, 0.5142857142857142, 0.32258064516129037, 0.6052631578947368, 0.0
0.4961576340146881, 0.5142857142857142, 0.32258064516129037, 0.625, 0.0
0.497717594263621, 0.5142857142857142, 0.32258064516129037, 0.625, 0.0
0.49547724202326876, 0.5, 0.32258064516129037, 0.625, 0.0
0.4982971018465242, 0.5, 0.375, 0.625, 0.0
0.49699012968589346, 0.5, 0.375, 0.6097560975609756, 0.0
