0.6797385964569145, 0.75, 0.0, 0.8717948717948718, 0.0
0.711589277847692, 0.7189743589743589, 0.5185185185185186, 0.8205128205128205, 0.0
0.6752698071519461, 0.6896551724137931, 0.5, 0.7804878048780488, 0.0
0.6440040399023588, 0.6666666666666667, 0.4, 0.717948717948718, 0.0
0.6346497877180456, 0.6583333333333334, 0.4, 0.7142857142857143, 0.0
0.6236148521144437, 0.6428571428571428, 0.4, 0.7096774193548387, 0.0
0.6160332031890463, 0.6428571428571428, 0.4, 0.6896551724137931, 0.0
0.5904821140634436, 0.6073781291172595, 0.4, 0.6666666666666667, 0.0
0.5815812721149336, 0.5925925925925926, 0.4, 0.6666666666666667, 0.0
0.5790211894951617, 0.5925925925925926, 0.4, 0.6666666666666667, 0.0
