-80120.81816928592 
-57631.265826538176 
-32832.73654558932 
-31137.27805348773 
-30601.694926936863 
-29410.134050179215 
-29266.83113417346 
-27390.98566308244 
-25897.898924731184 
-22207.552104075403 
-21541.413702784674 
-20854.391697553743 
-20150.3853046595 
-18841.182106424043 
-18804.16102482411 
-18147.40919199407 
-18039.494889154386 
-17856.330911786506 
-17807.20912599945 
-16320.339174299748 
-132352.60520377007 
-127431.52196999868 
-126416.14562591266 
-101902.05960440727 
-96458.06650736759 
-78171.89068100358 
-71809.6714456392 
-57268.19283154122 
-57032.09544670118 
-45687.45851586354 
-43559.83112765371 
-41209.774193548394 
-40857.705429443784 
-40148.55369706624 
-40084.98075136068 
-39647.13328023364 
-37370.87055417701 
-36110.328554360814 
-33177.66379928316 
-32576.657706093192 
-63930.99569892474 
-62646.78637992832 
-59145.22434621001 
-48907.29390681004 
-48597.48772069561 
-48520.48387096775 
-47026.2441411635 
-43714.18320926386 
-43654.673972980425 
-43106.9341563786 
-42095.13938669853 
-39793.97783087748 
-39575.501792114694 
-38561.055279845605 
-38193.01407141909 
-37508.93335988318 
-37175.8469401301 
-36954.305900193 
-35814.84866587017 
-33920.19580512412 
