0.5766137566137566, 0.6, 0.33333333333333337, 0.7333333333333334, 0.0
0.5217364117364117, 0.5555555555555556, 0.19999999999999996, 0.7333333333333334, 0.0
0.41904280904280905, 0.5, 0.0, 0.6363636363636364, 0.0
0.42663299663299653, 0.5, 0.0, 0.6363636363636364, 0.0
0.41295334295334296, 0.5, 0.0, 0.6363636363636364, 0.0
0.39746512746512747, 0.4444444444444444, 0.0, 0.6363636363636364, 0.0
0.39545454545454545, 0.5, 0.0, 0.6363636363636364, 0.0
0.3839826839826839, 0.4, 0.0, 0.5714285714285714, 0.0
0.36677045177045176, 0.375, 0.0, 0.5714285714285714, 0.0
0.3274582824582824, 0.33333333333333337, 0.0, 0.5714285714285714, 0.0
0.3074155474155474, 0.30000000000000004, 0.0, 0.5714285714285714, 0.0
0.3109157509157509, 0.3846153846153846, 0.0, 0.5714285714285714, 0.0
0.3100788100788101, 0.3846153846153846, 0.0, 0.5, 0.0
0.33064713064713064, 0.46153846153846156, 0.0, 0.5, 0.0
0.3280830280830281, 0.46153846153846156, 0.0, 0.5, 0.0
0.33577533577533575, 0.46153846153846156, 0.0, 0.5, 0.0
0.33577533577533575, 0.46153846153846156, 0.0, 0.5, 0.0
0.33577533577533575, 0.46153846153846156, 0.0, 0.5, 0.0
0.34090354090354086, 0.46153846153846156, 0.0, 0.5, 0.0
0.34090354090354086, 0.46153846153846156, 0.0, 0.5, 0.0
0.3478876678876679, 0.46153846153846156, 0.0, 0.5333333333333333, 0.0
0.34090354090354086, 0.46153846153846156, 0.0, 0.5, 0.0
0.3615628815628816, 0.5, 0.0, 0.5333333333333333, 0.0
0.3679120879120879, 0.46153846153846156, 0.0, 0.5333333333333333, 0.0
0.37013431013431014, 0.46153846153846156, 0.0, 0.5333333333333333, 0.0
0.3713308913308913, 0.4285714285714286, 0.0, 0.5333333333333333, 0.0
0.36021978021978024, 0.4285714285714286, 0.0, 0.5333333333333333, 0.0
0.358021978021978, 0.4285714285714286, 0.0, 0.5333333333333333, 0.0
0.358021978021978, 0.4285714285714286, 0.0, 0.5333333333333333, 0.0
0.3627838827838828, 0.4285714285714286, 0.0, 0.5333333333333333, 0.0
0.3627838827838828, 0.4285714285714286, 0.0, 0.5333333333333333, 0.0
0.3657142857142857, 0.4285714285714286, 0.0, 0.5333333333333333, 0.0
0.35873015873015873, 0.4285714285714286, 0.0, 0.5, 0.0
0.35873015873015873, 0.4285714285714286, 0.0, 0.5, 0.0
0.3698412698412698, 0.4285714285714286, 0.16666666666666663, 0.5, 0.0
0.3698412698412698, 0.4285714285714286, 0.16666666666666663, 0.5, 0.0
0.36507936507936506, 0.4285714285714286, 0.16666666666666663, 0.5, 0.0
0.36507936507936506, 0.4285714285714286, 0.16666666666666663, 0.5, 0.0
0.36214896214896214, 0.4285714285714286, 0.16666666666666663, 0.5, 0.0
0.36214896214896214, 0.4285714285714286, 0.16666666666666663, 0.5, 0.0
