0.6178108928108929, 0.625, 0.5, 0.7777777777777778, 0.0
0.5595243645243645, 0.5833333333333333, 0.19999999999999996, 0.7333333333333334, 0.0
0.4821345321345321, 0.5714285714285714, 0.0, 0.7333333333333334, 0.0
0.4675169275169274, 0.5714285714285714, 0.0, 0.6923076923076923, 0.0
0.4691475191475192, 0.4545454545454546, 0.0, 0.7142857142857143, 0.0
0.4391774891774892, 0.4545454545454546, 0.0, 0.7142857142857143, 0.0
0.448881118881119, 0.5, 0.0, 0.6923076923076923, 0.0
0.4234554334554335, 0.5, 0.0, 0.6923076923076923, 0.0
0.39334776334776334, 0.5, 0.0, 0.5833333333333333, 0.0
0.3825252525252525, 0.4545454545454546, 0.0, 0.5833333333333333, 0.0
0.3755555555555555, 0.4545454545454546, 0.0, 0.5833333333333333, 0.0
0.37598290598290596, 0.4545454545454546, 0.0, 0.5833333333333333, 0.0
0.3673581973581974, 0.4545454545454546, 0.0, 0.5833333333333333, 0.0
0.3462470862470862, 0.4545454545454546, 0.0, 0.5833333333333333, 0.0
0.34382284382284384, 0.4545454545454546, 0.0, 0.5833333333333333, 0.0
0.3594794094794095, 0.4545454545454546, 0.0, 0.5833333333333333, 0.0
0.3594794094794095, 0.4545454545454546, 0.0, 0.5833333333333333, 0.0
0.3466511266511267, 0.41666666666666663, 0.0, 0.5833333333333333, 0.0
0.3094794094794095, 0.36363636363636365, 0.0, 0.5, 0.0
0.3094794094794095, 0.36363636363636365, 0.0, 0.5, 0.0
0.2996814296814297, 0.36363636363636365, 0.0, 0.5, 0.0
0.3182051282051282, 0.33333333333333337, 0.0, 0.5, 0.0
0.3293162393162393, 0.33333333333333337, 0.0, 0.5, 0.0
0.3253002553002553, 0.33333333333333337, 0.0, 0.5, 0.0
0.32273615273615275, 0.33333333333333337, 0.0, 0.5, 0.0
0.30767010767010766, 0.33333333333333337, 0.0, 0.5, 0.0
0.3180597180597181, 0.33333333333333337, 0.0, 0.5, 0.0
0.33479853479853483, 0.4285714285714286, 0.0, 0.5, 0.0
0.331013431013431, 0.3846153846153846, 0.0, 0.5, 0.0
0.3280830280830281, 0.3846153846153846, 0.0, 0.5, 0.0
0.33443223443223447, 0.3846153846153846, 0.0, 0.5, 0.0
0.33443223443223447, 0.3846153846153846, 0.0, 0.5, 0.0
0.33443223443223447, 0.3846153846153846, 0.0, 0.5, 0.0
0.34554334554334554, 0.3846153846153846, 0.16666666666666663, 0.5, 0.0
0.3426129426129426, 0.3846153846153846, 0.16666666666666663, 0.5, 0.0
0.33785103785103787, 0.3846153846153846, 0.16666666666666663, 0.5, 0.0
0.3330891330891331, 0.3846153846153846, 0.16666666666666663, 0.5, 0.0
0.3261294261294262, 0.3846153846153846, 0.16666666666666663, 0.4285714285714286, 0.0
0.3261294261294262, 0.3846153846153846, 0.16666666666666663, 0.4285714285714286, 0.0
0.3261294261294262, 0.3846153846153846, 0.16666666666666663, 0.4285714285714286, 0.0
