0.4853019203019206, 0.5714285714285714, 0.0, 0.7692307692307692, 0.0
0.46569569319569337, 0.5357142857142857, 0.0, 0.7692307692307692, 0.0
0.43942890442890464, 0.5, 0.0, 0.7692307692307692, 0.0
0.527251914751915, 0.5857142857142856, 0.0, 0.7692307692307692, 0.0
0.45297924297924325, 0.5, 0.0, 0.7692307692307692, 0.0
0.4452164502164504, 0.5, 0.0, 0.8, 0.0
0.4971056721056723, 0.6, 0.0, 0.8, 0.0
0.5323803973803977, 0.6666666666666667, 0.0, 0.7692307692307692, 0.0
0.46185786435786447, 0.5714285714285714, 0.0, 0.75, 0.0
0.5437939837939841, 0.6, 0.0, 0.7692307692307692, 0.0
0.47012515262515286, 0.5714285714285714, 0.0, 0.7692307692307692, 0.0
0.48686757686757715, 0.5, 0.0, 0.7692307692307692, 0.0
0.47773393273393283, 0.5714285714285714, 0.0, 0.7692307692307692, 0.0
0.4814280164280166, 0.6, 0.0, 0.7692307692307692, 0.0
0.48366466866466873, 0.6, 0.0, 0.7692307692307692, 0.0
0.4253679653679654, 0.5, 0.0, 0.7272727272727273, 0.0
0.4541175491175492, 0.5857142857142856, 0.0, 0.8, 0.0
0.5115651015651017, 0.6, 0.0, 0.8, 0.0
0.4526462426462428, 0.5357142857142857, 0.0, 0.8, 0.0
0.4610672660672661, 0.5857142857142856, 0.0, 0.8, 0.0
0.4681487956487957, 0.6333333333333333, 0.0, 0.7692307692307692, 0.0
0.4396664446664447, 0.5714285714285714, 0.0, 0.7692307692307692, 0.0
0.45795759795759816, 0.5357142857142857, 0.0, 0.7692307692307692, 0.0
0.528656898656899, 0.6, 0.0, 0.7692307692307692, 0.0
0.48787767787767805, 0.5714285714285714, 0.0, 0.7692307692307692, 0.0
0.44369297369297384, 0.5, 0.0, 0.7692307692307692, 0.0
0.4430219780219782, 0.5857142857142856, 0.0, 0.7692307692307692, 0.0
0.4363059163059165, 0.5, 0.0, 0.7272727272727273, 0.0
0.4931338106338108, 0.6, 0.0, 0.7692307692307692, 0.0
0.4161383061383062, 0.5714285714285714, 0.0, 0.7692307692307692, 0.0
0.4702772227772229, 0.5857142857142856, 0.0, 0.7692307692307692, 0.0
0.48498445998446027, 0.5, 0.0, 0.7692307692307692, 0.0
0.41902597402597414, 0.5, 0.0, 0.7272727272727273, 0.0
0.4664033189033191, 0.5714285714285714, 0.0, 0.75, 0.0
0.4895232545232548, 0.5714285714285714, 0.0, 0.8, 0.0
0.4907467532467534, 0.6, 0.0, 0.75, 0.0
0.4699808524808526, 0.5714285714285714, 0.0, 0.7692307692307692, 0.0
0.4664862914862917, 0.5714285714285714, 0.0, 0.7272727272727273, 0.0
0.48696248196248226, 0.5357142857142857, 0.0, 0.7272727272727273, 0.0
0.48629037629037647, 0.5714285714285714, 0.0, 0.7692307692307692, 0.0
0.4441691641691643, 0.5714285714285714, 0.0, 0.7692307692307692, 0.0
0.4737698412698415, 0.5714285714285714, 0.0, 0.75, 0.0
0.46313797313797334, 0.5714285714285714, 0.0, 0.8333333333333334, 0.0
0.49439171939171955, 0.6, 0.0, 0.7692307692307692, 0.0
0.4959429459429462, 0.5714285714285714, 0.0, 0.7692307692307692, 0.0
0.4511255411255412, 0.6, 0.0, 0.7272727272727273, 0.0
0.45697469197469215, 0.5, 0.0, 0.8, 0.0
0.474725274725275, 0.5714285714285714, 0.0, 0.7692307692307692, 0.0
0.46552503052503075, 0.5714285714285714, 0.0, 0.7692307692307692, 0.0
0.4761652236652238, 0.6, 0.0, 0.75, 0.0
0.4812873237873239, 0.6, 0.0, 0.8, 0.0
0.450814740814741, 0.5357142857142857, 0.0, 0.7692307692307692, 0.0
0.5105616605616609, 0.5714285714285714, 0.0, 0.7692307692307692, 0.0
0.5086063936063937, 0.6, 0.0, 0.7692307692307692, 0.0
0.4529426129426132, 0.5, 0.0, 0.8, 0.0
0.477792207792208, 0.6, 0.0, 0.8, 0.0
0.4884940059940061, 0.6, 0.0, 0.7692307692307692, 0.0
0.4931440781440784, 0.6, 0.0, 0.7692307692307692, 0.0
0.475735375735376, 0.5714285714285714, 0.0, 0.7692307692307692, 0.0
0.47454795204795225, 0.5714285714285714, 0.0, 0.7692307692307692, 0.0
0.44608946608946626, 0.5357142857142857, 0.0, 0.7272727272727273, 0.0
0.5125174825174827, 0.6, 0.0, 0.7692307692307692, 0.0
0.36987734487734486, 0.5, 0.0, 0.75, 0.0
0.452841602841603, 0.5857142857142856, 0.0, 0.7692307692307692, 0.0
0.4825302475302477, 0.6, 0.0, 0.7692307692307692, 0.0
0.46579614829614846, 0.6, 0.0, 0.7692307692307692, 0.0
0.4825205350205352, 0.5, 0.0, 0.7692307692307692, 0.0
0.5142696192696196, 0.5714285714285714, 0.0, 0.8, 0.0
0.5305880230880233, 0.6666666666666667, 0.0, 0.75, 0.0
0.48321012321012335, 0.6, 0.0, 0.7692307692307692, 0.0
0.48878787878787905, 0.5714285714285714, 0.0, 0.7272727272727273, 0.0
0.43678821178821187, 0.5, 0.0, 0.7692307692307692, 0.0
0.4091480741480743, 0.5, 0.0, 0.7692307692307692, 0.0
0.4957559107559109, 0.5714285714285714, 0.0, 0.7692307692307692, 0.0
0.5112296037296039, 0.6, 0.0, 0.7692307692307692, 0.0
0.4838944388944391, 0.5714285714285714, 0.0, 0.7692307692307692, 0.0
0.48375124875124903, 0.5714285714285714, 0.0, 0.7692307692307692, 0.0
0.47002053502053515, 0.6, 0.0, 0.7692307692307692, 0.0
0.44774114774114787, 0.5714285714285714, 0.0, 0.7692307692307692, 0.0
0.47734376734376754, 0.5714285714285714, 0.0, 0.7692307692307692, 0.0
0.48666916416916434, 0.6, 0.0, 0.7692307692307692, 0.0
0.5416258741258743, 0.6, 0.0, 0.7692307692307692, 0.0
0.4557198357198359, 0.5714285714285714, 0.0, 0.7692307692307692, 0.0
0.5025174825174827, 0.5857142857142856, 0.0, 0.7692307692307692, 0.0
0.4717665667665669, 0.5714285714285714, 0.0, 0.7692307692307692, 0.0
0.4837692862692865, 0.5, 0.0, 0.7692307692307692, 0.0
0.45354978354978376, 0.5357142857142857, 0.0, 0.7272727272727273, 0.0
0.47656204906204924, 0.5714285714285714, 0.0, 0.8, 0.0
0.47032356532356556, 0.6, 0.0, 0.7692307692307692, 0.0
0.4502225552225554, 0.5, 0.0, 0.7692307692307692, 0.0
0.48074925074925084, 0.5714285714285714, 0.0, 0.8, 0.0
0.45421245421245443, 0.5714285714285714, 0.0, 0.7692307692307692, 0.0
0.443867243867244, 0.5, 0.0, 0.7272727272727273, 0.0
0.4686779886779888, 0.5857142857142856, 0.0, 0.8, 0.0
0.4433538683538684, 0.5714285714285714, 0.0, 0.7692307692307692, 0.0
0.5010156510156513, 0.5714285714285714, 0.0, 0.7692307692307692, 0.0
0.4904240204240206, 0.5857142857142856, 0.0, 0.8, 0.0
0.44320179820179834, 0.5714285714285714, 0.0, 0.7692307692307692, 0.0
0.4275333000333001, 0.5, 0.0, 0.7692307692307692, 0.0
0.495698745698746, 0.5857142857142856, 0.0, 0.7692307692307692, 0.0
