0.8249079651433988, 0.8157894736842105, 0.6666666666666667, 0.9, 0.0
0.7626925703105462, 0.7795138888888888, 0.6486486486486487, 0.8461538461538461, 0.0
0.73255378214786, 0.7712209302325581, 0.53125, 0.8157894736842105, 0.0
0.705211695310615, 0.7312834224598931, 0.5294117647058824, 0.8, 0.0
0.6887307900476581, 0.7222222222222222, 0.5294117647058824, 0.7906976744186046, 0.0
0.6600855506881393, 0.6711711711711712, 0.5294117647058824, 0.7777777777777778, 0.0
0.6500936988635908, 0.653271692745377, 0.5294117647058824, 0.7619047619047619, 0.0
0.6292403313670909, 0.641711229946524, 0.5294117647058824, 0.7380952380952381, 0.0
0.6089900083758781, 0.6163663663663663, 0.4838709677419355, 0.6944444444444444, 0.0
0.5902493004998497, 0.5945945945945945, 0.4838709677419355, 0.6666666666666667, 0.0
0.5771443107827984, 0.5833333333333333, 0.5172413793103448, 0.6578947368421053, 0.0
0.5649881349810494, 0.5588235294117647, 0.5172413793103448, 0.6216216216216216, 0.0
0.5515725821638738, 0.5505093378607809, 0.48484848484848486, 0.6153846153846154, 0.0
0.5437470861176895, 0.5483870967741935, 0.48484848484848486, 0.5945945945945945, 0.0
0.5441439041881893, 0.5483870967741935, 0.48484848484848486, 0.5757575757575757, 0.0
0.5374369308147873, 0.5454545454545454, 0.46875, 0.5757575757575757, 0.0
0.5325456741835126, 0.5416988416988417, 0.46875, 0.5757575757575757, 0.0
0.5278241146192184, 0.5285947712418301, 0.46875, 0.5625, 0.0
0.5160398529905046, 0.5212224108658744, 0.4285714285714286, 0.5555555555555556, 0.0
0.509367188856353, 0.5151515151515151, 0.4242424242424242, 0.5789473684210527, 0.0
