0.6870776834595792, 0.7236363636363636, 0.0, 0.8636363636363636, 0.0
0.6869146785685579, 0.6666666666666667, 0.42105263157894735, 0.8275862068965517, 0.0
0.6573804671698721, 0.6666666666666667, 0.4285714285714286, 0.8108108108108107, 0.0
0.6190714763192272, 0.6153846153846154, 0.47619047619047616, 0.7777777777777778, 0.0
0.5919283468812452, 0.603988603988604, 0.4, 0.7407407407407407, 0.0
0.5599612521345932, 0.5527272727272727, 0.4, 0.6923076923076923, 0.0
0.533168955350917, 0.5217391304347826, 0.38095238095238093, 0.6923076923076923, 0.0
0.5134154448822642, 0.5217391304347826, 0.38095238095238093, 0.64, 0.0
0.5032639247917664, 0.5092592592592593, 0.38095238095238093, 0.64, 0.0
0.4929089129309106, 0.5, 0.38095238095238093, 0.5833333333333333, 0.0
0.49160255623160093, 0.5, 0.38095238095238093, 0.6, 0.0
0.4765446940549917, 0.48, 0.38095238095238093, 0.6, 0.0
0.448088147097166, 0.4545454545454546, 0.23529411764705888, 0.5833333333333333, 0.0
0.4300866204434654, 0.4444444444444444, 0.23529411764705888, 0.5384615384615384, 0.0
0.43396633628822817, 0.4444444444444444, 0.30000000000000004, 0.5384615384615384, 0.0
0.432700182604073, 0.4545454545454546, 0.30000000000000004, 0.5217391304347826, 0.0
0.42219883040935696, 0.418859649122807, 0.30000000000000004, 0.5, 0.0
0.41365588212956655, 0.41666666666666663, 0.30000000000000004, 0.48, 0.0
0.4106567251715995, 0.41666666666666663, 0.30000000000000004, 0.48, 0.0
0.40633146741384746, 0.41666666666666663, 0.2727272727272727, 0.5, 0.0
