0.6807595216899749, 0.7533783783783784, 0.0, 0.8717948717948718, 0.0
0.7046916169760438, 0.7171428571428571, 0.5333333333333333, 0.8333333333333334, 0.0
0.6559506808546637, 0.6761904761904762, 0.4, 0.7804878048780488, 0.0
0.6327929699398017, 0.6666666666666667, 0.38095238095238093, 0.7804878048780488, 0.0
0.6072254180012565, 0.6666666666666667, 0.38095238095238093, 0.7272727272727273, 0.0
0.5861338541336348, 0.6, 0.38095238095238093, 0.7272727272727273, 0.0
0.5527013473699826, 0.5466666666666666, 0.38095238095238093, 0.6923076923076923, 0.0
0.5265933046295287, 0.5263157894736843, 0.3076923076923077, 0.6666666666666667, 0.0
0.503815706717256, 0.5263157894736843, 0.3076923076923077, 0.6, 0.0
0.4892016541032034, 0.5201288244766507, 0.3076923076923077, 0.6, 0.0
0.47423908068670756, 0.5, 0.30000000000000004, 0.5384615384615384, 0.0
0.46064912195487234, 0.48, 0.30000000000000004, 0.5384615384615384, 0.0
0.4422562079390725, 0.4653679653679654, 0.2222222222222222, 0.5384615384615384, 0.0
0.4112182527592409, 0.41666666666666663, 0.2222222222222222, 0.5384615384615384, 0.0
0.3904756503772523, 0.38095238095238093, 0.2222222222222222, 0.5384615384615384, 0.0
0.3806547321650297, 0.36363636363636365, 0.2222222222222222, 0.5, 0.0
0.37093623643454, 0.34782608695652173, 0.2222222222222222, 0.48, 0.0
0.3749773382262138, 0.34782608695652173, 0.2222222222222222, 0.48, 0.0
0.3785140913281843, 0.34782608695652173, 0.2222222222222222, 0.48, 0.0
0.3695527917581891, 0.34782608695652173, 0.2222222222222222, 0.48, 0.0
