0.7046669924187806, 0.7320574162679426, 0.0, 0.8571428571428572, 0.0
0.7123688260196528, 0.7350649350649351, 0.5217391304347826, 0.8108108108108107, 0.0
0.6655108497442271, 0.6896551724137931, 0.4347826086956522, 0.8, 0.0
0.635774487922074, 0.6428571428571428, 0.4347826086956522, 0.7777777777777778, 0.0
0.5933628899125437, 0.6339285714285714, 0.3157894736842105, 0.7333333333333334, 0.0
0.5766987777364935, 0.5925925925925926, 0.3157894736842105, 0.7317073170731707, 0.0
0.5545482123507729, 0.5657142857142857, 0.3157894736842105, 0.7317073170731707, 0.0
0.5345543341348618, 0.5323886639676114, 0.3157894736842105, 0.6857142857142857, 0.0
0.5130552219577644, 0.5131578947368421, 0.3157894736842105, 0.6857142857142857, 0.0
0.4949613858563006, 0.48137931034482756, 0.3157894736842105, 0.5925925925925926, 0.0
0.4955646175823393, 0.49137931034482757, 0.3157894736842105, 0.5925925925925926, 0.0
0.48829484541923296, 0.4846225535880708, 0.3157894736842105, 0.5925925925925926, 0.0
0.48024036178363666, 0.48, 0.3157894736842105, 0.5384615384615384, 0.0
0.48032257197111, 0.48, 0.3157894736842105, 0.5454545454545454, 0.0
0.4656159136452613, 0.4780952380952381, 0.3157894736842105, 0.5517241379310345, 0.0
0.4590038783375738, 0.47619047619047616, 0.3157894736842105, 0.5517241379310345, 0.0
0.434531225509283, 0.45751633986928103, 0.3157894736842105, 0.5263157894736843, 0.0
0.4248624884492416, 0.4083333333333333, 0.3157894736842105, 0.5263157894736843, 0.0
0.41845223203898524, 0.4, 0.3076923076923077, 0.5263157894736843, 0.0
0.4108326703141603, 0.4, 0.3076923076923077, 0.5185185185185186, 0.0
