-296391.33030052384 
-251759.60971724414 
-247045.15577612355 
-239284.98606133016 
-236374.9568564981 
-218765.25089605735 
-214281.1197398115 
-200362.76344086023 
-175411.58207885307 
-167729.60639851322 
-698169.7298553033 
-444473.5559691205 
-322913.853046595 
-271568.4023629364 
-248756.97615108907 
-195494.3500137855 
-189664.95884773662 
-156986.6739678747 
-151191.58326440587 
-148686.61634960023 
-624658.8105668393 
-616595.6534325889 
-607978.9019851116 
-560108.0950484535 
-559862.8949545079 
-543957.1918941274 
-539379.7331740343 
-517096.0726138325 
-468981.13316790736 
-453979.2266335815 
