0.8263858452964887, 0.8260869565217391, 0.7674418604651163, 0.875, 0.0
0.8168508334313495, 0.8125, 0.6923076923076923, 0.9032258064516129, 0.0
0.8372584788563049, 0.8333333333333334, 0.76, 0.9130434782608696, 0.0
0.8391675612617849, 0.8333333333333334, 0.7391304347826086, 0.9375, 0.0
0.8405926360858994, 0.8387096774193549, 0.7096774193548387, 0.9333333333333333, 0.0
0.8269660728600474, 0.8333333333333334, 0.7872340425531915, 0.8627450980392157, 0.0
0.8311617521322401, 0.8421052631578947, 0.7666666666666666, 0.9032258064516129, 0.0
0.8300231014681348, 0.8222222222222222, 0.7692307692307692, 0.9130434782608696, 0.0
0.8396725034912748, 0.8409090909090909, 0.7674418604651163, 0.8823529411764706, 0.0
0.8013114675680953, 0.8108108108108107, 0.6666666666666667, 0.8857142857142857, 0.0
0.8222055560279732, 0.8292682926829268, 0.7297297297297297, 0.90625, 0.0
0.8272153556258307, 0.8285714285714285, 0.775, 0.8888888888888888, 0.0
0.8167737698750603, 0.8163265306122449, 0.75, 0.8823529411764706, 0.0
0.8224559938455285, 0.8333333333333334, 0.7674418604651163, 0.8918918918918919, 0.0
0.8338201879029027, 0.8333333333333334, 0.775, 0.9090909090909091, 0.0
0.8301639687080544, 0.8235294117647058, 0.782608695652174, 0.9, 0.0
0.8354056218237815, 0.8421052631578947, 0.7407407407407407, 0.90625, 0.0
0.8375229354400234, 0.8333333333333334, 0.75, 0.8888888888888888, 0.0
0.8073990140016742, 0.8, 0.71875, 0.8823529411764706, 0.0
0.8407014884456385, 0.8333333333333334, 0.7777777777777778, 0.8947368421052632, 0.0
0.8203744184789037, 0.813953488372093, 0.7407407407407407, 0.9166666666666666, 0.0
0.8361443740487684, 0.8387096774193549, 0.7692307692307692, 0.9090909090909091, 0.0
0.824651644780717, 0.8275862068965517, 0.7692307692307692, 0.8888888888888888, 0.0
0.8388874640151002, 0.8372093023255813, 0.7647058823529411, 0.9047619047619048, 0.0
0.8493483808369873, 0.8372093023255813, 0.7631578947368421, 0.9090909090909091, 0.0
0.8097622623828349, 0.813953488372093, 0.7407407407407407, 0.875, 0.0
0.8391402452830163, 0.8333333333333334, 0.7741935483870968, 0.8888888888888888, 0.0
0.8518496039446183, 0.85, 0.7878787878787878, 0.9166666666666666, 0.0
0.8217110025577767, 0.8181818181818181, 0.7692307692307692, 0.8846153846153846, 0.0
0.8243310536265656, 0.8333333333333334, 0.7, 0.8823529411764706, 0.0
0.8318073942579282, 0.8387096774193549, 0.7586206896551724, 0.8888888888888888, 0.0
0.8170483622983088, 0.8222222222222222, 0.7058823529411764, 0.8611111111111112, 0.0
0.832067842702815, 0.8214285714285714, 0.7777777777777778, 0.9090909090909091, 0.0
0.8378849722742939, 0.8378378378378378, 0.7741935483870968, 0.8823529411764706, 0.0
0.8429344367411484, 0.8484848484848485, 0.7272727272727273, 0.9090909090909091, 0.0
0.8482144468114277, 0.8484848484848485, 0.7741935483870968, 0.9310344827586207, 0.0
0.8233201793365196, 0.8292682926829268, 0.7096774193548387, 0.8823529411764706, 0.0
0.8377105737936955, 0.8444444444444444, 0.7777777777777778, 0.9142857142857143, 0.0
0.84592968836858, 0.8378378378378378, 0.8, 0.9117647058823529, 0.0
0.8308726917396907, 0.825, 0.7560975609756098, 0.8947368421052632, 0.0
0.8330843552528348, 0.8333333333333334, 0.7804878048780488, 0.8928571428571429, 0.0
0.822139264032705, 0.8235294117647058, 0.75, 0.8823529411764706, 0.0
0.842086166434747, 0.84, 0.7352941176470589, 0.9310344827586207, 0.0
0.8253358173386453, 0.8333333333333334, 0.7567567567567568, 0.9, 0.0
0.8195617571700562, 0.8205128205128205, 0.7647058823529411, 0.8823529411764706, 0.0
0.8294382325530246, 0.8205128205128205, 0.7741935483870968, 0.8947368421052632, 0.0
0.8256067125399604, 0.8333333333333334, 0.7105263157894737, 0.9259259259259259, 0.0
0.8315686958324578, 0.8292682926829268, 0.7631578947368421, 0.9166666666666666, 0.0
0.8151619777847637, 0.825, 0.7272727272727273, 0.875, 0.0
0.8176474086707779, 0.8095238095238095, 0.75, 0.9333333333333333, 0.0
0.8383572972965322, 0.8484848484848485, 0.7804878048780488, 0.8888888888888888, 0.0
0.8140324804909479, 0.8214285714285714, 0.7428571428571429, 0.9166666666666666, 0.0
0.8212877845944202, 0.8157894736842105, 0.7586206896551724, 0.9090909090909091, 0.0
0.8119487564051223, 0.8181818181818181, 0.7142857142857143, 0.9047619047619048, 0.0
0.829563186925463, 0.8431372549019608, 0.75, 0.9090909090909091, 0.0
0.8398262340219493, 0.8409090909090909, 0.725, 0.9, 0.0
0.8389276961429901, 0.84, 0.7692307692307692, 0.9166666666666666, 0.0
0.814633930035038, 0.8064516129032258, 0.7352941176470589, 0.9166666666666666, 0.0
0.8390101763777309, 0.8333333333333334, 0.7837837837837838, 0.90625, 0.0
0.8233378176881949, 0.8333333333333334, 0.7297297297297297, 0.9047619047619048, 0.0
0.8423221123524051, 0.8378378378378378, 0.7894736842105263, 0.9117647058823529, 0.0
0.815090884241245, 0.8333333333333334, 0.7222222222222222, 0.8636363636363636, 0.0
0.8225294855924019, 0.8333333333333334, 0.7407407407407407, 0.8857142857142857, 0.0
0.8310105947108511, 0.8181818181818181, 0.7741935483870968, 0.9047619047619048, 0.0
0.8469557503214257, 0.8421052631578947, 0.7857142857142857, 0.9473684210526316, 0.0
0.8121316208986501, 0.7941176470588236, 0.7567567567567568, 0.8846153846153846, 0.0
0.8450609212833322, 0.8409090909090909, 0.75, 0.9047619047619048, 0.0
0.836809060381391, 0.8461538461538461, 0.7586206896551724, 0.896551724137931, 0.0
0.8560996195236164, 0.8666666666666667, 0.782608695652174, 0.8928571428571429, 0.0
0.8255866177285675, 0.8181818181818181, 0.78125, 0.8888888888888888, 0.0
0.8364125593693938, 0.8260869565217391, 0.7575757575757576, 0.9310344827586207, 0.0
0.8152517590912732, 0.8260869565217391, 0.6818181818181819, 0.8888888888888888, 0.0
0.8365121307210557, 0.8333333333333334, 0.7272727272727273, 0.9047619047619048, 0.0
0.8411025450234587, 0.8484848484848485, 0.7560975609756098, 0.9, 0.0
0.8219715759460994, 0.8222222222222222, 0.7096774193548387, 0.8888888888888888, 0.0
0.8369993633102282, 0.8260869565217391, 0.7631578947368421, 0.9130434782608696, 0.0
0.834307884677877, 0.85, 0.7105263157894737, 0.8888888888888888, 0.0
0.8340688502100284, 0.84375, 0.76, 0.8888888888888888, 0.0
0.820312932085861, 0.8275862068965517, 0.7058823529411764, 0.90625, 0.0
0.8338968893028244, 0.825, 0.8, 0.896551724137931, 0.0
0.826002764333748, 0.8367346938775511, 0.7142857142857143, 0.8846153846153846, 0.0
0.8380323878947049, 0.8333333333333334, 0.7407407407407407, 0.9166666666666666, 0.0
0.8139898353663696, 0.813953488372093, 0.7419354838709677, 0.9, 0.0
0.8279205869742601, 0.8125, 0.7647058823529411, 0.896551724137931, 0.0
0.8498469164511573, 0.8529411764705882, 0.7692307692307692, 0.9310344827586207, 0.0
0.8247064609782809, 0.8333333333333334, 0.7105263157894737, 0.8846153846153846, 0.0
0.8325910416068181, 0.8285714285714285, 0.7027027027027026, 0.9166666666666666, 0.0
0.815877315034742, 0.8333333333333334, 0.6666666666666667, 0.9230769230769231, 0.0
0.8170531300963215, 0.8048780487804879, 0.7647058823529411, 0.9, 0.0
0.8408515153546934, 0.8275862068965517, 0.8, 0.92, 0.0
0.8545141504281291, 0.8518518518518519, 0.8076923076923077, 0.8974358974358975, 0.0
0.8138963494768573, 0.8055555555555556, 0.7428571428571429, 0.9333333333333333, 0.0
0.8322255472352785, 0.8333333333333334, 0.7560975609756098, 0.9047619047619048, 0.0
0.8433920252693022, 0.8571428571428572, 0.7647058823529411, 0.9166666666666666, 0.0
0.823503380112561, 0.8205128205128205, 0.75, 0.8857142857142857, 0.0
0.8165229344696743, 0.8108108108108107, 0.7333333333333334, 0.8947368421052632, 0.0
0.8209541957173575, 0.84, 0.7142857142857143, 0.8823529411764706, 0.0
0.8463319976663629, 0.84, 0.7647058823529411, 0.9166666666666666, 0.0
0.8270581476273443, 0.8222222222222222, 0.7272727272727273, 0.9375, 0.0
0.8228267129274325, 0.8235294117647058, 0.7647058823529411, 0.90625, 0.0
0.828138068095843, 0.8333333333333334, 0.75, 0.8695652173913043, 0.0
0.8297103691511175, 0.8285714285714285, 0.75, 0.95, 0.0
0.8366251308001833, 0.8518518518518519, 0.7435897435897436, 0.9032258064516129, 0.0
0.8344394885609542, 0.8461538461538461, 0.7391304347826086, 0.9047619047619048, 0.0
0.831607317898276, 0.8333333333333334, 0.7727272727272727, 0.8823529411764706, 0.0
0.823613827816624, 0.8333333333333334, 0.6774193548387097, 0.9, 0.0
0.8391822305530955, 0.84375, 0.7317073170731707, 0.9090909090909091, 0.0
0.8312370966588769, 0.8333333333333334, 0.7727272727272727, 0.8888888888888888, 0.0
0.8312076873245574, 0.8333333333333334, 0.7567567567567568, 0.9, 0.0
0.8258287787672555, 0.8222222222222222, 0.725, 0.9, 0.0
0.8088747523123363, 0.825, 0.7083333333333333, 0.8723404255319149, 0.0
0.8161978152016455, 0.8148148148148149, 0.7058823529411764, 0.8888888888888888, 0.0
0.8445730002756875, 0.8518518518518519, 0.7647058823529411, 0.9, 0.0
0.8304833471500138, 0.8205128205128205, 0.7777777777777778, 0.9, 0.0
0.8300124129685307, 0.8333333333333334, 0.7777777777777778, 0.88, 0.0
0.8105016935975764, 0.813953488372093, 0.7435897435897436, 0.8809523809523809, 0.0
0.82515675815203, 0.8372093023255813, 0.7027027027027026, 0.8823529411764706, 0.0
0.8219363798074281, 0.8275862068965517, 0.7037037037037037, 0.9411764705882353, 0.0
0.8087637528638666, 0.8181818181818181, 0.717948717948718, 0.8709677419354839, 0.0
0.8338308419987019, 0.8372093023255813, 0.75, 0.8823529411764706, 0.0
0.8141488476277747, 0.8108108108108107, 0.7222222222222222, 0.8888888888888888, 0.0
0.8490853868696807, 0.8518518518518519, 0.782608695652174, 0.9090909090909091, 0.0
0.8119721237027302, 0.8076923076923077, 0.7419354838709677, 0.8918918918918919, 0.0
0.8310437799350808, 0.8333333333333334, 0.7741935483870968, 0.8928571428571429, 0.0
0.8278349919079293, 0.8333333333333334, 0.6764705882352942, 0.9166666666666666, 0.0
0.8336226637292258, 0.8484848484848485, 0.75, 0.9, 0.0
0.8303245682879861, 0.825, 0.7714285714285715, 0.9047619047619048, 0.0
0.8577099917888285, 0.8620689655172413, 0.7317073170731707, 0.9166666666666666, 0.0
0.8135364727991479, 0.8235294117647058, 0.7222222222222222, 0.875, 0.0
0.8388668954459042, 0.8333333333333334, 0.7727272727272727, 0.9130434782608696, 0.0
0.8275460191590361, 0.8333333333333334, 0.717948717948718, 0.8857142857142857, 0.0
0.8235120715135972, 0.8157894736842105, 0.7666666666666666, 0.8695652173913043, 0.0
0.8309541907579082, 0.8297872340425532, 0.78125, 0.8947368421052632, 0.0
0.8288132190130788, 0.8260869565217391, 0.7619047619047619, 0.9130434782608696, 0.0
0.8217766361418459, 0.8205128205128205, 0.7692307692307692, 0.868421052631579, 0.0
0.828537804921425, 0.8333333333333334, 0.7419354838709677, 0.92, 0.0
0.8215735130101528, 0.8181818181818181, 0.7692307692307692, 0.896551724137931, 0.0
0.8362931500695583, 0.8571428571428572, 0.72, 0.9047619047619048, 0.0
0.8284983204836147, 0.84375, 0.7297297297297297, 0.9, 0.0
0.8278071805859917, 0.8125, 0.75, 0.9090909090909091, 0.0
0.8232904088765782, 0.8292682926829268, 0.7567567567567568, 0.8846153846153846, 0.0
0.81383822888782, 0.8235294117647058, 0.6896551724137931, 0.8888888888888888, 0.0
0.8216407975070912, 0.8163265306122449, 0.75, 0.9230769230769231, 0.0
0.8442429575423311, 0.8378378378378378, 0.7894736842105263, 0.8846153846153846, 0.0
0.8215702019652823, 0.8181818181818181, 0.7209302325581395, 0.9130434782608696, 0.0
0.8509151383306653, 0.8484848484848485, 0.7727272727272727, 0.9375, 0.0
0.835628566781688, 0.8571428571428572, 0.7222222222222222, 0.9090909090909091, 0.0
0.8085135851233811, 0.8055555555555556, 0.75, 0.8695652173913043, 0.0
0.8370463146596709, 0.8372093023255813, 0.7631578947368421, 0.896551724137931, 0.0
0.8385614065346895, 0.84375, 0.78125, 0.9166666666666666, 0.0
0.8319011790762886, 0.8333333333333334, 0.7391304347826086, 0.9047619047619048, 0.0
0.8141682245934869, 0.8260869565217391, 0.7297297297297297, 0.8695652173913043, 0.0
0.832992699493781, 0.8333333333333334, 0.7380952380952381, 0.9130434782608696, 0.0
0.8292834991365562, 0.8333333333333334, 0.7608695652173914, 0.9117647058823529, 0.0
0.8051694701856481, 0.7916666666666666, 0.7297297297297297, 0.8913043478260869, 0.0
0.825693870958677, 0.8292682926829268, 0.75, 0.8846153846153846, 0.0
0.8287679896797143, 0.8372093023255813, 0.7560975609756098, 0.9090909090909091, 0.0
0.8297837815553627, 0.8461538461538461, 0.7674418604651163, 0.9032258064516129, 0.0
0.8083605854369423, 0.7931034482758621, 0.75, 0.9333333333333333, 0.0
0.811382680805826, 0.8222222222222222, 0.7105263157894737, 0.8846153846153846, 0.0
0.851909441208924, 0.8571428571428572, 0.7333333333333334, 0.9259259259259259, 0.0
0.8213416052685478, 0.825, 0.75, 0.8947368421052632, 0.0
0.805773201112745, 0.8181818181818181, 0.717948717948718, 0.8823529411764706, 0.0
0.8344441793767227, 0.8333333333333334, 0.7666666666666666, 0.8974358974358975, 0.0
0.8390666594232413, 0.8372093023255813, 0.75, 0.9259259259259259, 0.0
0.8280364172828034, 0.825, 0.7619047619047619, 0.9047619047619048, 0.0
0.8402078797864695, 0.8378378378378378, 0.7931034482758621, 0.92, 0.0
0.8304246872527818, 0.8235294117647058, 0.8, 0.8709677419354839, 0.0
0.8093722834191653, 0.8055555555555556, 0.75, 0.8823529411764706, 0.0
0.8413228394880169, 0.8333333333333334, 0.7631578947368421, 0.9411764705882353, 0.0
0.8354284384175591, 0.8333333333333334, 0.7931034482758621, 0.8846153846153846, 0.0
0.8651292318316621, 0.8529411764705882, 0.7692307692307692, 0.9375, 0.0
0.8104964548448321, 0.8214285714285714, 0.71875, 0.875, 0.0
0.8440429723295391, 0.84375, 0.7692307692307692, 0.9166666666666666, 0.0
0.8214152762359622, 0.825, 0.75, 0.8947368421052632, 0.0
0.8243319030353058, 0.8260869565217391, 0.7567567567567568, 0.8918918918918919, 0.0
0.8345270244137722, 0.8461538461538461, 0.7352941176470589, 0.9047619047619048, 0.0
0.8286848698365501, 0.8292682926829268, 0.7586206896551724, 0.9, 0.0
0.8189287586977428, 0.8214285714285714, 0.7317073170731707, 0.9, 0.0
0.823626083502494, 0.8205128205128205, 0.7333333333333334, 0.9130434782608696, 0.0
0.8413858630015583, 0.8444444444444444, 0.7666666666666666, 0.92, 0.0
0.8271043945043091, 0.8333333333333334, 0.696969696969697, 0.9, 0.0
0.8211066835999822, 0.84, 0.7222222222222222, 0.896551724137931, 0.0
0.8201181210023036, 0.8260869565217391, 0.7297297297297297, 0.8947368421052632, 0.0
0.8282241848443808, 0.8292682926829268, 0.7586206896551724, 0.8928571428571429, 0.0
0.8378935938813323, 0.8461538461538461, 0.75, 0.9, 0.0
0.8252392386584885, 0.8275862068965517, 0.7333333333333334, 0.896551724137931, 0.0
0.8322399542816197, 0.8260869565217391, 0.7647058823529411, 0.9230769230769231, 0.0
0.8376756984183841, 0.8378378378378378, 0.7837837837837838, 0.9, 0.0
0.8337790855657264, 0.8387096774193549, 0.75, 0.9, 0.0
0.8417157663171596, 0.8444444444444444, 0.7631578947368421, 0.8947368421052632, 0.0
0.8417750985147298, 0.8461538461538461, 0.8, 0.8846153846153846, 0.0
0.8267590027320152, 0.8333333333333334, 0.7428571428571429, 0.9047619047619048, 0.0
0.8513414249482564, 0.875, 0.75, 0.9285714285714286, 0.0
0.8327039995688714, 0.8333333333333334, 0.6875, 0.9375, 0.0
0.8348701045905034, 0.8478260869565217, 0.7241379310344828, 0.9090909090909091, 0.0
0.8379162807288676, 0.8421052631578947, 0.7435897435897436, 0.8947368421052632, 0.0
0.8264861833470362, 0.8333333333333334, 0.7297297297297297, 0.9090909090909091, 0.0
0.8108175130969248, 0.8214285714285714, 0.7142857142857143, 0.9047619047619048, 0.0
0.837113853418989, 0.8461538461538461, 0.7567567567567568, 0.92, 0.0
0.8148925272219957, 0.8181818181818181, 0.736842105263158, 0.8823529411764706, 0.0
0.8377177263648804, 0.8333333333333334, 0.8055555555555556, 0.9166666666666666, 0.0
0.8302063811029329, 0.84, 0.7619047619047619, 0.8928571428571429, 0.0
0.8009990079662164, 0.8, 0.7333333333333334, 0.8823529411764706, 0.0
0.8257614997901377, 0.8181818181818181, 0.7631578947368421, 0.8888888888888888, 0.0
0.8336368567361584, 0.825, 0.7631578947368421, 0.9375, 0.0
0.8344432717810066, 0.813953488372093, 0.78125, 0.9166666666666666, 0.0
0.8236817422155261, 0.825, 0.7419354838709677, 0.8857142857142857, 0.0
0.8354140781350227, 0.8421052631578947, 0.7297297297297297, 0.9166666666666666, 0.0
0.8351473618839893, 0.8378378378378378, 0.7435897435897436, 0.9090909090909091, 0.0
0.8333056860889593, 0.8571428571428572, 0.7391304347826086, 0.875, 0.0
0.8052290577290578, 0.8108108108108107, 0.725, 0.8888888888888888, 0.0
0.8520790116500984, 0.8666666666666667, 0.7435897435897436, 0.92, 0.0
0.819239390743541, 0.8372093023255813, 0.7142857142857143, 0.90625, 0.0
0.8269408504765436, 0.84, 0.7, 0.9166666666666666, 0.0
0.8201426985765039, 0.8157894736842105, 0.7586206896551724, 0.8888888888888888, 0.0
0.8297114992835228, 0.8378378378378378, 0.7619047619047619, 0.9473684210526316, 0.0
0.8310668005491839, 0.8260869565217391, 0.7741935483870968, 0.90625, 0.0
0.8521319791937444, 0.84375, 0.7894736842105263, 0.9166666666666666, 0.0
0.8303448731770614, 0.8387096774193549, 0.7692307692307692, 0.8947368421052632, 0.0
0.8147571985513801, 0.8064516129032258, 0.75, 0.9090909090909091, 0.0
0.8339634245224145, 0.84, 0.7666666666666666, 0.9, 0.0
0.8211066589499761, 0.8260869565217391, 0.75, 0.9473684210526316, 0.0
0.8363711547772765, 0.8378378378378378, 0.75, 0.9090909090909091, 0.0
0.8420202868870399, 0.8378378378378378, 0.7857142857142857, 0.9, 0.0
0.8308994722068304, 0.8387096774193549, 0.7586206896551724, 0.9047619047619048, 0.0
0.8190202305534113, 0.8214285714285714, 0.75, 0.9, 0.0
0.8360688338923931, 0.8285714285714285, 0.7555555555555555, 0.9375, 0.0
0.8275305540077539, 0.8260869565217391, 0.7727272727272727, 0.8928571428571429, 0.0
0.8344559109059888, 0.8444444444444444, 0.7142857142857143, 0.92, 0.0
0.8226583803253299, 0.8181818181818181, 0.7333333333333334, 0.9, 0.0
0.8116062776488122, 0.8048780487804879, 0.75, 0.8857142857142857, 0.0
0.8316840299695869, 0.825, 0.7352941176470589, 0.9090909090909091, 0.0
0.8289759830450993, 0.8333333333333334, 0.7307692307692308, 0.90625, 0.0
0.8351208427739928, 0.8372093023255813, 0.7241379310344828, 0.9166666666666666, 0.0
0.8134516655753077, 0.813953488372093, 0.6875, 0.8823529411764706, 0.0
0.831555827183084, 0.825, 0.7916666666666666, 0.9047619047619048, 0.0
0.8215360747218406, 0.8181818181818181, 0.7647058823529411, 0.8695652173913043, 0.0
0.8244552406409382, 0.8275862068965517, 0.75, 0.875, 0.0
0.8097065645834348, 0.8181818181818181, 0.7222222222222222, 0.8695652173913043, 0.0
0.8368920346825145, 0.84375, 0.7727272727272727, 0.8928571428571429, 0.0
0.8475194376472003, 0.851063829787234, 0.7804878048780488, 0.9, 0.0
0.8178540956275133, 0.8148148148148149, 0.75, 0.9090909090909091, 0.0
0.811684147202277, 0.8076923076923077, 0.6764705882352942, 0.9130434782608696, 0.0
0.8237675036431115, 0.8333333333333334, 0.7619047619047619, 0.9130434782608696, 0.0
0.8383560150127004, 0.8461538461538461, 0.75, 0.9090909090909091, 0.0
0.8278281686971058, 0.825, 0.7272727272727273, 0.9090909090909091, 0.0
0.8223784521917442, 0.8260869565217391, 0.7317073170731707, 0.8947368421052632, 0.0
0.8068127614931271, 0.8, 0.7222222222222222, 0.8846153846153846, 0.0
0.8337761201844034, 0.8260869565217391, 0.7777777777777778, 0.9047619047619048, 0.0
0.8362140447342584, 0.8260869565217391, 0.7777777777777778, 0.9, 0.0
0.8302529712866593, 0.84375, 0.7435897435897436, 0.9, 0.0
0.8077605671713629, 0.8064516129032258, 0.75, 0.8571428571428572, 0.0
0.8422173023479317, 0.8444444444444444, 0.7931034482758621, 0.9, 0.0
0.8350826134064667, 0.85, 0.7142857142857143, 0.9166666666666666, 0.0
0.8244043653943542, 0.8333333333333334, 0.7222222222222222, 0.8709677419354839, 0.0
0.847408594264578, 0.8461538461538461, 0.7567567567567568, 0.9166666666666666, 0.0
0.819313901086033, 0.8235294117647058, 0.7105263157894737, 0.8888888888888888, 0.0
0.8256183442957438, 0.8181818181818181, 0.7714285714285715, 0.9166666666666666, 0.0
0.8372028034960649, 0.8409090909090909, 0.7647058823529411, 0.9230769230769231, 0.0
0.8201627589053899, 0.8076923076923077, 0.7741935483870968, 0.9047619047619048, 0.0
0.8322590635259676, 0.8292682926829268, 0.75, 0.9473684210526316, 0.0
0.8371617074536036, 0.8461538461538461, 0.76, 0.8947368421052632, 0.0
0.8110539459433698, 0.8076923076923077, 0.7567567567567568, 0.875, 0.0
0.8494656413358773, 0.8571428571428572, 0.7894736842105263, 0.9, 0.0
0.837648327920067, 0.84375, 0.7333333333333334, 0.95, 0.0
0.8386725399130985, 0.8387096774193549, 0.7619047619047619, 0.90625, 0.0
0.8202649432298776, 0.8275862068965517, 0.7333333333333334, 0.875, 0.0
0.8228356493079816, 0.8055555555555556, 0.7272727272727273, 0.9259259259259259, 0.0
0.8436775646201209, 0.84375, 0.7272727272727273, 0.8928571428571429, 0.0
0.8302101469022213, 0.8260869565217391, 0.7631578947368421, 0.8787878787878788, 0.0
0.8129189974278945, 0.8181818181818181, 0.7647058823529411, 0.8571428571428572, 0.0
0.8232416308483258, 0.8292682926829268, 0.736842105263158, 0.9130434782608696, 0.0
0.8262676482683345, 0.8333333333333334, 0.7222222222222222, 0.9375, 0.0
0.825366418601443, 0.8235294117647058, 0.7407407407407407, 0.9032258064516129, 0.0
0.8502131562519232, 0.8571428571428572, 0.7631578947368421, 0.9090909090909091, 0.0
0.8248012082756057, 0.8333333333333334, 0.6666666666666667, 0.9, 0.0
0.841174327833031, 0.84, 0.7894736842105263, 0.8947368421052632, 0.0
0.8409437384615049, 0.8518518518518519, 0.7727272727272727, 0.9310344827586207, 0.0
0.8198324268506337, 0.8285714285714285, 0.7555555555555555, 0.8717948717948718, 0.0
0.8305043074384996, 0.8260869565217391, 0.7692307692307692, 0.8947368421052632, 0.0
0.8558068600907476, 0.8571428571428572, 0.7878787878787878, 0.9166666666666666, 0.0
0.8382708044389592, 0.84375, 0.7619047619047619, 0.9, 0.0
0.8022594810547534, 0.8048780487804879, 0.7307692307692308, 0.8536585365853658, 0.0
0.8265125984481595, 0.8181818181818181, 0.775, 0.9166666666666666, 0.0
0.8298916604618358, 0.8409090909090909, 0.7142857142857143, 0.8918918918918919, 0.0
0.8209268039577448, 0.8292682926829268, 0.7073170731707317, 0.90625, 0.0
0.8294596753068817, 0.8367346938775511, 0.7741935483870968, 0.8571428571428572, 0.0
0.8502631822604294, 0.85, 0.7560975609756098, 0.9130434782608696, 0.0
0.8140309971214789, 0.813953488372093, 0.7428571428571429, 0.9230769230769231, 0.0
0.8270736483705965, 0.8157894736842105, 0.7857142857142857, 0.8846153846153846, 0.0
0.824456299161769, 0.8378378378378378, 0.71875, 0.9047619047619048, 0.0
0.8220808377109943, 0.8378378378378378, 0.7209302325581395, 0.8695652173913043, 0.0
0.8378585849220864, 0.825, 0.8, 0.9166666666666666, 0.0
0.8257937404463896, 0.8095238095238095, 0.75, 0.9090909090909091, 0.0
0.8285709950543203, 0.8333333333333334, 0.7428571428571429, 0.9333333333333333, 0.0
0.8250013533199847, 0.8181818181818181, 0.7631578947368421, 0.9047619047619048, 0.0
0.8494809592813977, 0.84375, 0.782608695652174, 0.9285714285714286, 0.0
0.8151025611715728, 0.8125, 0.7058823529411764, 0.875, 0.0
0.8224862443089754, 0.8055555555555556, 0.7741935483870968, 0.90625, 0.0
0.8264472445756241, 0.8333333333333334, 0.75, 0.8888888888888888, 0.0
0.8237748733110897, 0.8275862068965517, 0.75, 0.88, 0.0
0.8302195936706297, 0.8285714285714285, 0.7567567567567568, 0.9473684210526316, 0.0
0.8314070780036403, 0.8333333333333334, 0.7631578947368421, 0.9166666666666666, 0.0
0.8263182676306421, 0.8461538461538461, 0.7560975609756098, 0.875, 0.0
0.8384409522536257, 0.8297872340425532, 0.7692307692307692, 0.9375, 0.0
0.8107841178621685, 0.8181818181818181, 0.7096774193548387, 0.85, 0.0
0.8320584588154456, 0.8333333333333334, 0.7692307692307692, 0.9069767441860466, 0.0
0.822942927545706, 0.8333333333333334, 0.75, 0.8823529411764706, 0.0
0.8274066967296211, 0.8387096774193549, 0.7391304347826086, 0.9, 0.0
0.8592971751339176, 0.8648648648648649, 0.7857142857142857, 0.9166666666666666, 0.0
0.8159278370949213, 0.8181818181818181, 0.75, 0.8888888888888888, 0.0
0.8232555279363714, 0.8157894736842105, 0.7804878048780488, 0.9473684210526316, 0.0
0.8096447339387965, 0.8, 0.725, 0.9166666666666666, 0.0
0.8298396952636222, 0.8260869565217391, 0.7631578947368421, 0.9375, 0.0
0.825923010923011, 0.8285714285714285, 0.7666666666666666, 0.8717948717948718, 0.0
0.8231566628179026, 0.8157894736842105, 0.7441860465116279, 0.9375, 0.0
0.8485977277335469, 0.8421052631578947, 0.782608695652174, 0.9375, 0.0
0.8326055567597722, 0.8378378378378378, 0.736842105263158, 0.9230769230769231, 0.0
0.8287841701208516, 0.8235294117647058, 0.7407407407407407, 0.8947368421052632, 0.0
0.8403908811609918, 0.8444444444444444, 0.76, 0.9090909090909091, 0.0
0.7993527679194881, 0.8, 0.7142857142857143, 0.8620689655172413, 0.0
0.8263382204290638, 0.8292682926829268, 0.725, 0.9, 0.0
0.8281578534595563, 0.8260869565217391, 0.75, 0.9130434782608696, 0.0
0.8191016373784563, 0.8333333333333334, 0.76, 0.9, 0.0
0.8196571104739, 0.8125, 0.7567567567567568, 0.9, 0.0
0.8277515806251616, 0.8333333333333334, 0.7619047619047619, 0.8947368421052632, 0.0
0.8312722577312622, 0.8235294117647058, 0.7741935483870968, 0.8928571428571429, 0.0
0.8272342374666021, 0.825, 0.7407407407407407, 0.875, 0.0
0.8443476126402955, 0.8461538461538461, 0.75, 0.9375, 0.0
0.8393624632975423, 0.8421052631578947, 0.78125, 0.9130434782608696, 0.0
0.8395204438827404, 0.8529411764705882, 0.7666666666666666, 0.8947368421052632, 0.0
0.8290796423532998, 0.8260869565217391, 0.7567567567567568, 0.9, 0.0
0.8206896516478921, 0.8205128205128205, 0.75, 0.875, 0.0
0.8342589332861107, 0.8421052631578947, 0.7241379310344828, 0.9285714285714286, 0.0
0.8260521931295367, 0.8157894736842105, 0.7674418604651163, 0.9, 0.0
0.8261180984529441, 0.8181818181818181, 0.7586206896551724, 0.9166666666666666, 0.0
0.8287310889588336, 0.8181818181818181, 0.7631578947368421, 0.9090909090909091, 0.0
0.8381588432680015, 0.8214285714285714, 0.7586206896551724, 0.9130434782608696, 0.0
0.8053693663421416, 0.8085106382978724, 0.7, 0.8888888888888888, 0.0
0.8262163548077022, 0.825, 0.7560975609756098, 0.875, 0.0
0.8398913371022005, 0.8333333333333334, 0.7435897435897436, 0.9090909090909091, 0.0
0.8246649038362425, 0.8181818181818181, 0.7575757575757576, 0.92, 0.0
0.8073725115211546, 0.8108108108108107, 0.6956521739130435, 0.875, 0.0
0.8328822053493007, 0.8333333333333334, 0.7647058823529411, 0.9032258064516129, 0.0
0.8355084353564568, 0.8372093023255813, 0.7391304347826086, 0.9166666666666666, 0.0
0.829421172509408, 0.8333333333333334, 0.7727272727272727, 0.8888888888888888, 0.0
0.8198195589059952, 0.8181818181818181, 0.78125, 0.8636363636363636, 0.0
0.832742041271925, 0.8421052631578947, 0.7317073170731707, 0.8888888888888888, 0.0
0.8244152564453361, 0.8222222222222222, 0.7692307692307692, 0.8918918918918919, 0.0
0.815814760726862, 0.84, 0.7083333333333333, 0.8571428571428572, 0.0
0.8201924257187417, 0.8181818181818181, 0.7714285714285715, 0.8666666666666667, 0.0
0.8181589339670556, 0.8235294117647058, 0.7317073170731707, 0.9166666666666666, 0.0
0.840436361890309, 0.8333333333333334, 0.75, 0.9090909090909091, 0.0
0.8177128655050182, 0.8148148148148149, 0.717948717948718, 0.9333333333333333, 0.0
0.8268836024577838, 0.8205128205128205, 0.71875, 0.90625, 0.0
0.8284037624957505, 0.8297872340425532, 0.7142857142857143, 0.9230769230769231, 0.0
0.8184234002291632, 0.8095238095238095, 0.775, 0.9, 0.0
0.8480188526313767, 0.8484848484848485, 0.72, 0.9473684210526316, 0.0
0.822325566288328, 0.8181818181818181, 0.7575757575757576, 0.8823529411764706, 0.0
0.825579974361762, 0.8292682926829268, 0.76, 0.88, 0.0
0.7957543211857065, 0.8055555555555556, 0.6666666666666667, 0.8571428571428572, 0.0
0.8276101387079785, 0.8333333333333334, 0.7435897435897436, 0.8823529411764706, 0.0
0.8393862214516863, 0.8333333333333334, 0.7931034482758621, 0.8947368421052632, 0.0
0.8188530606294226, 0.8372093023255813, 0.7142857142857143, 0.9310344827586207, 0.0
0.8345191422497779, 0.8518518518518519, 0.6923076923076923, 0.8947368421052632, 0.0
0.8239913875103096, 0.8157894736842105, 0.736842105263158, 0.8823529411764706, 0.0
0.816439131982185, 0.8285714285714285, 0.71875, 0.9090909090909091, 0.0
0.8443172847597016, 0.8387096774193549, 0.7727272727272727, 0.9375, 0.0
0.8316246511759849, 0.8378378378378378, 0.7027027027027026, 0.9166666666666666, 0.0
0.8201772687526715, 0.8148148148148149, 0.7272727272727273, 0.8947368421052632, 0.0
0.8452722137649507, 0.8461538461538461, 0.7674418604651163, 0.9166666666666666, 0.0
0.8101769756641183, 0.8076923076923077, 0.7333333333333334, 0.9090909090909091, 0.0
0.8276696406918567, 0.8181818181818181, 0.7567567567567568, 0.88, 0.0
0.8118761139404891, 0.8108108108108107, 0.7073170731707317, 0.9090909090909091, 0.0
0.8430707248933188, 0.8478260869565217, 0.7727272727272727, 0.9, 0.0
0.8279901683122386, 0.8292682926829268, 0.75, 0.8928571428571429, 0.0
0.8472792992850905, 0.8378378378378378, 0.782608695652174, 0.9259259259259259, 0.0
0.8415800764338807, 0.8421052631578947, 0.7142857142857143, 0.9333333333333333, 0.0
0.8210053169813337, 0.8378378378378378, 0.7419354838709677, 0.9090909090909091, 0.0
0.8201708772897902, 0.8157894736842105, 0.7647058823529411, 0.9, 0.0
0.8104257296946458, 0.8108108108108107, 0.7272727272727273, 0.8571428571428572, 0.0
0.8384507048165162, 0.8461538461538461, 0.7647058823529411, 0.9, 0.0
0.8398513784387952, 0.85, 0.75, 0.9090909090909091, 0.0
0.8433275870174526, 0.8444444444444444, 0.8, 0.9, 0.0
0.8341191097744783, 0.8484848484848485, 0.7333333333333334, 0.8857142857142857, 0.0
0.842769327544555, 0.8285714285714285, 0.7948717948717949, 0.9473684210526316, 0.0
0.8223205692650212, 0.8235294117647058, 0.7692307692307692, 0.8947368421052632, 0.0
0.8095676328388552, 0.8108108108108107, 0.75, 0.92, 0.0
0.833084110972045, 0.8333333333333334, 0.7777777777777778, 0.9090909090909091, 0.0
0.8140038698921718, 0.8095238095238095, 0.7297297297297297, 0.8947368421052632, 0.0
0.8297150371763891, 0.8235294117647058, 0.7586206896551724, 0.8888888888888888, 0.0
0.8548813067221948, 0.85, 0.8, 0.9285714285714286, 0.0
0.832980600218937, 0.8333333333333334, 0.7567567567567568, 0.9375, 0.0
0.8269575698579267, 0.8260869565217391, 0.7666666666666666, 0.9130434782608696, 0.0
0.8227749410701796, 0.8292682926829268, 0.7096774193548387, 0.8823529411764706, 0.0
0.8331515259515505, 0.8285714285714285, 0.7575757575757576, 0.8888888888888888, 0.0
0.8090665821287609, 0.8043478260869565, 0.7222222222222222, 0.8888888888888888, 0.0
0.8053946065198735, 0.8064516129032258, 0.75, 0.8775510204081632, 0.0
0.8386480481371446, 0.8421052631578947, 0.75, 0.9444444444444444, 0.0
