0.49547263194322017, 0.5454545454545454, 0.0, 0.7272727272727273, 0.0
0.6338678332331582, 0.6666666666666667, 0.4, 0.736842105263158, 0.0
0.585660077348057, 0.6153846153846154, 0.0, 0.7619047619047619, 0.0
0.5767277167277168, 0.6666666666666667, 0.0, 0.8, 0.0
0.5275422290128173, 0.6666666666666667, 0.0, 0.7619047619047619, 0.0
0.6373221223221225, 0.6666666666666667, 0.5, 0.7692307692307692, 0.0
0.604354305824894, 0.625, 0.4, 0.7142857142857143, 0.0
0.5964960529666413, 0.6666666666666667, 0.0, 0.8, 0.0
0.6237216051921934, 0.6153846153846154, 0.5, 0.7142857142857143, 0.0
0.6410111818006555, 0.6666666666666667, 0.4, 0.7619047619047619, 0.0
0.595934250934251, 0.6153846153846154, 0.4444444444444444, 0.8, 0.0
0.5141206505912389, 0.6, 0.0, 0.7058823529411764, 0.0
0.6254601298254551, 0.6666666666666667, 0.0, 0.75, 0.0
0.5814368964368964, 0.625, 0.0, 0.75, 0.0
0.6396982211688095, 0.6666666666666667, 0.5, 0.7777777777777778, 0.0
0.5775639565113251, 0.6666666666666667, 0.0, 0.736842105263158, 0.0
0.590575078516255, 0.6666666666666667, 0.0, 0.75, 0.0
0.6533534891894025, 0.6666666666666667, 0.4444444444444444, 0.736842105263158, 0.0
0.5882682132682133, 0.6153846153846154, 0.0, 0.75, 0.0
0.6053674155222143, 0.6666666666666667, 0.0, 0.7619047619047619, 0.0
0.5257564222270105, 0.5714285714285714, 0.0, 0.7777777777777778, 0.0
0.611511485876811, 0.7058823529411764, 0.0, 0.7777777777777778, 0.0
0.5200150629097998, 0.625, 0.0, 0.736842105263158, 0.0
0.5917767079841383, 0.625, 0.33333333333333337, 0.8421052631578947, 0.0
0.5747527326474696, 0.6666666666666667, 0.0, 0.7777777777777778, 0.0
0.6131839992366309, 0.625, 0.4, 0.7692307692307692, 0.0
0.5590409934063186, 0.6666666666666667, 0.0, 0.8, 0.0
0.5582135311082681, 0.6153846153846154, 0.0, 0.8, 0.0
0.5876416176416178, 0.6153846153846154, 0.0, 0.8, 0.0
0.5913282623808941, 0.631578947368421, 0.0, 0.75, 0.0
0.6465585830291712, 0.6666666666666667, 0.5, 0.7777777777777778, 0.0
0.6693099057804941, 0.7058823529411764, 0.5, 0.8, 0.0
0.6161072261072261, 0.6153846153846154, 0.2857142857142857, 0.7692307692307692, 0.0
0.5637010312242512, 0.6666666666666667, 0.0, 0.7777777777777778, 0.0
0.6731816331816334, 0.7142857142857143, 0.33333333333333337, 0.8, 0.0
0.6261170019064757, 0.6666666666666667, 0.0, 0.7777777777777778, 0.0
0.6261122211122212, 0.6666666666666667, 0.0, 0.75, 0.0
0.6005772005772007, 0.6, 0.33333333333333337, 0.75, 0.0
0.6078205471858723, 0.6666666666666667, 0.0, 0.8, 0.0
0.6241595149489888, 0.6666666666666667, 0.0, 0.7777777777777778, 0.0
0.5606728800382051, 0.6153846153846154, 0.0, 0.736842105263158, 0.0
0.6189990269274157, 0.6666666666666667, 0.0, 0.782608695652174, 0.0
0.6498487912729399, 0.6666666666666667, 0.4, 0.7777777777777778, 0.0
0.6341883606589488, 0.6666666666666667, 0.5, 0.7272727272727273, 0.0
0.4900937950937952, 0.625, 0.0, 0.7142857142857143, 0.0
0.5680952380952381, 0.6, 0.0, 0.7619047619047619, 0.0
0.5925409048009668, 0.6153846153846154, 0.0, 0.7777777777777778, 0.0
0.5856516076516077, 0.625, 0.0, 0.7692307692307692, 0.0
0.5943849087502339, 0.6153846153846154, 0.2857142857142857, 0.8, 0.0
0.632284090178827, 0.6666666666666667, 0.4, 0.7692307692307692, 0.0
0.48770206917265746, 0.6, 0.0, 0.7058823529411764, 0.0
0.5472393401805167, 0.6, 0.0, 0.7142857142857143, 0.0
0.6096127510833395, 0.625, 0.33333333333333337, 0.7777777777777778, 0.0
0.612985167567211, 0.631578947368421, 0.0, 0.7619047619047619, 0.0
0.6751281718336505, 0.7272727272727273, 0.33333333333333337, 0.782608695652174, 0.0
0.6022523337229221, 0.6666666666666667, 0.0, 0.8, 0.0
0.6217966347378113, 0.6666666666666667, 0.0, 0.7619047619047619, 0.0
0.5243001443001444, 0.6666666666666667, 0.0, 0.7619047619047619, 0.0
0.5830288138647273, 0.6, 0.33333333333333337, 0.7777777777777778, 0.0
0.644590443955769, 0.6153846153846154, 0.5, 0.8, 0.0
0.5864468396054074, 0.6666666666666667, 0.0, 0.75, 0.0
0.5788575946470683, 0.6153846153846154, 0.0, 0.8181818181818181, 0.0
0.5550770969656419, 0.631578947368421, 0.0, 0.75, 0.0
0.6139677333330585, 0.6666666666666667, 0.0, 0.8181818181818181, 0.0
0.6495471974419343, 0.7, 0.4444444444444444, 0.75, 0.0
0.5991567599926735, 0.625, 0.0, 0.7619047619047619, 0.0
0.5797841156664687, 0.6, 0.0, 0.8235294117647058, 0.0
0.6544433344433344, 0.6666666666666667, 0.5714285714285714, 0.7692307692307692, 0.0
0.5841377576671695, 0.6666666666666667, 0.0, 0.7692307692307692, 0.0
0.5096134275081644, 0.6666666666666667, 0.0, 0.8, 0.0
0.6060324768683903, 0.6666666666666667, 0.0, 0.75, 0.0
0.5701248718128513, 0.6153846153846154, 0.0, 0.7142857142857143, 0.0
0.5487456987456988, 0.6666666666666667, 0.0, 0.8181818181818181, 0.0
0.6260270774976658, 0.6666666666666667, 0.33333333333333337, 0.7619047619047619, 0.0
0.5385574166688719, 0.6153846153846154, 0.0, 0.75, 0.0
0.6379199558611324, 0.6666666666666667, 0.5, 0.75, 0.0
0.5394628373575743, 0.6, 0.0, 0.8, 0.0
0.6159247288659055, 0.6666666666666667, 0.0, 0.75, 0.0
0.6426246474543689, 0.631578947368421, 0.5, 0.8235294117647058, 0.0
0.673907077900886, 0.7058823529411764, 0.4444444444444444, 0.7777777777777778, 0.0
0.5929872758820129, 0.625, 0.2857142857142857, 0.7619047619047619, 0.0
0.6220588235294119, 0.6666666666666667, 0.0, 0.75, 0.0
0.5977767657179421, 0.6153846153846154, 0.25, 0.7142857142857143, 0.0
0.5141423793597708, 0.6666666666666667, 0.0, 0.7142857142857143, 0.0
0.6375547454494825, 0.6666666666666667, 0.4, 0.7777777777777778, 0.0
0.5644178044178045, 0.6666666666666667, 0.0, 0.7272727272727273, 0.0
0.6448362265753571, 0.6666666666666667, 0.33333333333333337, 0.8695652173913043, 0.0
0.49649716296775126, 0.6153846153846154, 0.0, 0.7619047619047619, 0.0
0.5046273660979543, 0.6, 0.0, 0.75, 0.0
0.6324967189673072, 0.625, 0.5, 0.7692307692307692, 0.0
0.6391206849565984, 0.6666666666666667, 0.2857142857142857, 0.7857142857142857, 0.0
0.5677591706539076, 0.6666666666666667, 0.0, 0.8, 0.0
0.5790579790579791, 0.6, 0.33333333333333337, 0.7777777777777778, 0.0
0.6537168387168388, 0.6666666666666667, 0.5, 0.75, 0.0
0.6453025096678348, 0.625, 0.4, 0.75, 0.0
0.5416955266955268, 0.6, 0.0, 0.7619047619047619, 0.0
0.6697687406046541, 0.6666666666666667, 0.5, 0.7777777777777778, 0.0
0.6285600364547734, 0.6666666666666667, 0.4, 0.75, 0.0
0.5501813001813003, 0.6153846153846154, 0.0, 0.75, 0.0
0.5708872608872609, 0.625, 0.0, 0.7777777777777778, 0.0
0.5992531250425989, 0.6666666666666667, 0.0, 0.7777777777777778, 0.0
0.5352537767243651, 0.5714285714285714, 0.0, 0.7777777777777778, 0.0
0.6104535769241652, 0.6666666666666667, 0.33333333333333337, 0.7777777777777778, 0.0
0.6104072724660962, 0.6, 0.4, 0.8, 0.0
0.48910515410515404, 0.5454545454545454, 0.0, 0.6666666666666667, 0.0
0.5546861961567845, 0.625, 0.0, 0.75, 0.0
0.5658909173615057, 0.6153846153846154, 0.0, 0.7777777777777778, 0.0
0.6515693130399014, 0.6666666666666667, 0.5, 0.8, 0.0
0.5831111045816929, 0.625, 0.0, 0.7692307692307692, 0.0
0.5976497920151173, 0.6666666666666667, 0.0, 0.7777777777777778, 0.0
0.592198873251505, 0.6666666666666667, 0.0, 0.8, 0.0
0.5675228039933923, 0.6, 0.0, 0.7619047619047619, 0.0
0.6546217283860305, 0.6666666666666667, 0.5, 0.782608695652174, 0.0
0.6398851427210561, 0.6666666666666667, 0.33333333333333337, 0.75, 0.0
0.5520464285170167, 0.5454545454545454, 0.0, 0.7272727272727273, 0.0
0.6534550199256084, 0.6666666666666667, 0.5454545454545454, 0.7777777777777778, 0.0
0.5787118437118436, 0.6153846153846154, 0.4, 0.6666666666666667, 0.0
0.638669639539205, 0.6153846153846154, 0.4444444444444444, 0.782608695652174, 0.0
0.6431072631072633, 0.7, 0.0, 0.7777777777777778, 0.0
0.6209948004065652, 0.6666666666666667, 0.0, 0.7777777777777778, 0.0
0.6371715321715323, 0.6666666666666667, 0.0, 0.8, 0.0
0.5710745589692958, 0.6666666666666667, 0.0, 0.8, 0.0
0.6425569854981622, 0.6666666666666667, 0.0, 0.8, 0.0
0.5315232823591958, 0.5714285714285714, 0.0, 0.736842105263158, 0.0
0.5812711162246768, 0.6153846153846154, 0.0, 0.75, 0.0
0.49386465386465395, 0.6153846153846154, 0.0, 0.7619047619047619, 0.0
0.5492378381852067, 0.6, 0.0, 0.75, 0.0
0.6604481048134301, 0.7058823529411764, 0.2857142857142857, 0.7777777777777778, 0.0
0.6284610814022581, 0.6666666666666667, 0.33333333333333337, 0.75, 0.0
0.644581627522804, 0.6666666666666667, 0.33333333333333337, 0.75, 0.0
0.6065522976049292, 0.6666666666666667, 0.0, 0.7777777777777778, 0.0
0.6293826887480141, 0.6666666666666667, 0.4, 0.7777777777777778, 0.0
0.6488661305541102, 0.6956521739130435, 0.33333333333333337, 0.8, 0.0
0.44523439523439523, 0.5454545454545454, 0.0, 0.7777777777777778, 0.0
0.6015882844365817, 0.6153846153846154, 0.0, 0.7692307692307692, 0.0
0.5417352582058466, 0.6, 0.0, 0.75, 0.0
0.5648351648351648, 0.5714285714285714, 0.0, 0.8, 0.0
0.6273721067374319, 0.6666666666666667, 0.0, 0.736842105263158, 0.0
0.5758803288215053, 0.6153846153846154, 0.0, 0.7058823529411764, 0.0
0.5895869724817094, 0.6666666666666667, 0.0, 0.7777777777777778, 0.0
0.6674360297425314, 0.7058823529411764, 0.4, 0.75, 0.0
0.5889459468406838, 0.6666666666666667, 0.0, 0.7777777777777778, 0.0
0.6352743117449001, 0.6666666666666667, 0.4, 0.7777777777777778, 0.0
0.5334920634920636, 0.6666666666666667, 0.0, 0.75, 0.0
0.5418090097037466, 0.6, 0.0, 0.736842105263158, 0.0
0.6083237677355324, 0.6153846153846154, 0.4, 0.75, 0.0
0.578323854794443, 0.6153846153846154, 0.0, 0.7692307692307692, 0.0
0.6331618198336465, 0.6666666666666667, 0.2857142857142857, 0.8235294117647058, 0.0
0.6283901392724922, 0.6153846153846154, 0.5, 0.8235294117647058, 0.0
0.599109740162372, 0.6153846153846154, 0.4, 0.7777777777777778, 0.0
0.6233225597931481, 0.6666666666666667, 0.0, 0.7142857142857143, 0.0
0.5428242658165932, 0.5714285714285714, 0.0, 0.8695652173913043, 0.0
0.6324458582353321, 0.6666666666666667, 0.4, 0.7619047619047619, 0.0
0.4258112601765853, 0.5, 0.0, 0.736842105263158, 0.0
0.6671657536363421, 0.6666666666666667, 0.5454545454545454, 0.7777777777777778, 0.0
0.524534880324354, 0.5714285714285714, 0.0, 0.7692307692307692, 0.0
0.6418962083667968, 0.6153846153846154, 0.5, 0.8, 0.0
0.6116063532943329, 0.6153846153846154, 0.33333333333333337, 0.75, 0.0
0.6042738742738744, 0.6, 0.4444444444444444, 0.7692307692307692, 0.0
0.6198394542047795, 0.6666666666666667, 0.0, 0.7777777777777778, 0.0
0.5863741572437225, 0.625, 0.0, 0.782608695652174, 0.0
0.605279687632629, 0.6666666666666667, 0.0, 0.8235294117647058, 0.0
0.4788780140954054, 0.5454545454545454, 0.0, 0.75, 0.0
0.6004659083606453, 0.6153846153846154, 0.0, 0.75, 0.0
0.6065321423216161, 0.7142857142857143, 0.0, 0.8, 0.0
0.5978862566169068, 0.6666666666666667, 0.33333333333333337, 0.75, 0.0
0.657112099000644, 0.6666666666666667, 0.5, 0.7777777777777778, 0.0
0.5485714285714286, 0.5454545454545454, 0.0, 0.8, 0.0
0.5915128444540211, 0.6666666666666667, 0.0, 0.75, 0.0
0.6061504920200573, 0.625, 0.33333333333333337, 0.782608695652174, 0.0
0.6244419959125842, 0.625, 0.33333333333333337, 0.7619047619047619, 0.0
0.6234224598930482, 0.6666666666666667, 0.4444444444444444, 0.7777777777777778, 0.0
0.6714087048142777, 0.6666666666666667, 0.5454545454545454, 0.8235294117647058, 0.0
0.5770078940667176, 0.6, 0.0, 0.75, 0.0
0.6004796619502503, 0.6153846153846154, 0.0, 0.7777777777777778, 0.0
0.5507899072604956, 0.6153846153846154, 0.0, 0.7272727272727273, 0.0
0.704921692228194, 0.7142857142857143, 0.46153846153846156, 0.7777777777777778, 0.0
0.5994290023701789, 0.6666666666666667, 0.0, 0.7619047619047619, 0.0
0.5767905297317063, 0.6153846153846154, 0.0, 0.7272727272727273, 0.0
0.5561282290694057, 0.6666666666666667, 0.0, 0.7777777777777778, 0.0
0.5754359383306753, 0.6, 0.0, 0.736842105263158, 0.0
0.6677228126763732, 0.6666666666666667, 0.5714285714285714, 0.7777777777777778, 0.0
0.6662750991698361, 0.6666666666666667, 0.5454545454545454, 0.75, 0.0
0.6112850021209155, 0.6666666666666667, 0.4, 0.736842105263158, 0.0
0.5890088469035838, 0.6666666666666667, 0.0, 0.8, 0.0
0.5694453602812737, 0.6666666666666667, 0.0, 0.75, 0.0
0.550887260887261, 0.6153846153846154, 0.0, 0.75, 0.0
0.6006567071272955, 0.6666666666666667, 0.33333333333333337, 0.75, 0.0
0.5665022559140207, 0.6666666666666667, 0.0, 0.7619047619047619, 0.0
0.5195504495504496, 0.625, 0.0, 0.7692307692307692, 0.0
0.6709200059200062, 0.6666666666666667, 0.5454545454545454, 0.7777777777777778, 0.0
0.5507035121741005, 0.6153846153846154, 0.0, 0.8, 0.0
0.5976482341188223, 0.6666666666666667, 0.0, 0.7692307692307692, 0.0
0.583804826064888, 0.6666666666666667, 0.0, 0.7692307692307692, 0.0
0.6245460874408244, 0.625, 0.4444444444444444, 0.8, 0.0
0.48331034978093806, 0.6153846153846154, 0.0, 0.7142857142857143, 0.0
0.6080988418759318, 0.6666666666666667, 0.2857142857142857, 0.75, 0.0
0.5388234331887584, 0.6153846153846154, 0.0, 0.75, 0.0
0.6372372851320222, 0.6666666666666667, 0.33333333333333337, 0.8, 0.0
0.6436247040426608, 0.6666666666666667, 0.4444444444444444, 0.75, 0.0
0.6542585536238789, 0.6666666666666667, 0.4, 0.75, 0.0
0.6312637362637362, 0.6666666666666667, 0.33333333333333337, 0.7272727272727273, 0.0
0.6338827838827841, 0.6666666666666667, 0.4, 0.8571428571428572, 0.0
0.5332815332815334, 0.6666666666666667, 0.0, 0.7272727272727273, 0.0
0.536359600724926, 0.6666666666666667, 0.0, 0.75, 0.0
0.6248689671754687, 0.7058823529411764, 0.4, 0.7692307692307692, 0.0
0.5561811391223157, 0.6666666666666667, 0.0, 0.8, 0.0
0.5669712983954471, 0.6666666666666667, 0.0, 0.75, 0.0
0.6254317469023352, 0.6666666666666667, 0.4444444444444444, 0.7272727272727273, 0.0
0.6435115864527631, 0.6666666666666667, 0.33333333333333337, 0.8, 0.0
0.680329017387841, 0.6666666666666667, 0.5454545454545454, 0.8333333333333334, 0.0
0.5210886189833559, 0.6153846153846154, 0.0, 0.736842105263158, 0.0
0.5621910986616869, 0.6, 0.0, 0.7142857142857143, 0.0
0.6148062085832984, 0.6153846153846154, 0.4, 0.8235294117647058, 0.0
0.7013927793339559, 0.7058823529411764, 0.6153846153846154, 0.7777777777777778, 0.0
0.6144865809571693, 0.6666666666666667, 0.0, 0.8, 0.0
0.5414604693552063, 0.6, 0.0, 0.75, 0.0
0.6425486404433775, 0.625, 0.4444444444444444, 0.8, 0.0
0.5579021757969127, 0.6, 0.0, 0.75, 0.0
0.6303414668120553, 0.6666666666666667, 0.2857142857142857, 0.7777777777777778, 0.0
0.5958150426571479, 0.6666666666666667, 0.2857142857142857, 0.8, 0.0
0.636845002262959, 0.6666666666666667, 0.0, 0.75, 0.0
0.5830495430495432, 0.6, 0.33333333333333337, 0.75, 0.0
0.4821668636374519, 0.6153846153846154, 0.0, 0.7142857142857143, 0.0
0.6419069292134308, 0.7058823529411764, 0.33333333333333337, 0.7777777777777778, 0.0
0.6505131813490946, 0.6666666666666667, 0.5, 0.8181818181818181, 0.0
0.6085649444008577, 0.6666666666666667, 0.0, 0.736842105263158, 0.0
0.4856381526969763, 0.6153846153846154, 0.0, 0.8, 0.0
0.6054024097677349, 0.6666666666666667, 0.0, 0.8, 0.0
0.6229318394024278, 0.6666666666666667, 0.2857142857142857, 0.8, 0.0
0.5586557886557887, 0.6, 0.0, 0.7692307692307692, 0.0
0.5795959595959597, 0.6666666666666667, 0.0, 0.7619047619047619, 0.0
0.5884264273737959, 0.6666666666666667, 0.0, 0.7692307692307692, 0.0
0.580325937803391, 0.6666666666666667, 0.0, 0.736842105263158, 0.0
0.5675369075369077, 0.6, 0.0, 0.7272727272727273, 0.0
0.6120890610364295, 0.6153846153846154, 0.4, 0.8, 0.0
0.5148466692119944, 0.6153846153846154, 0.0, 0.8, 0.0
0.6316318431024315, 0.6666666666666667, 0.0, 0.8, 0.0
0.6058840288252053, 0.6666666666666667, 0.0, 0.75, 0.0
0.5944723067323686, 0.6, 0.4, 0.736842105263158, 0.0
0.5730830280830282, 0.6153846153846154, 0.0, 0.75, 0.0
0.5187663752369636, 0.6, 0.0, 0.7142857142857143, 0.0
0.6180736910148676, 0.6666666666666667, 0.0, 0.75, 0.0
0.5844214608920493, 0.6666666666666667, 0.0, 0.75, 0.0
0.6421031943632564, 0.6666666666666667, 0.0, 0.75, 0.0
0.5516977629258331, 0.6153846153846154, 0.0, 0.8148148148148149, 0.0
0.5094009694009695, 0.5454545454545454, 0.0, 0.7272727272727273, 0.0
0.6232818597524481, 0.6666666666666667, 0.0, 0.7777777777777778, 0.0
0.5778858178858179, 0.6153846153846154, 0.0, 0.8, 0.0
0.6531194295900179, 0.6666666666666667, 0.4444444444444444, 0.8, 0.0
0.616954225684876, 0.6153846153846154, 0.4, 0.7619047619047619, 0.0
0.6081997598877394, 0.6666666666666667, 0.33333333333333337, 0.75, 0.0
0.5519570843100255, 0.5714285714285714, 0.0, 0.8235294117647058, 0.0
0.5919686849098615, 0.6666666666666667, 0.33333333333333337, 0.75, 0.0
0.5938814596709334, 0.6153846153846154, 0.0, 0.7777777777777778, 0.0
0.6365913824737356, 0.6666666666666667, 0.5, 0.8235294117647058, 0.0
0.5804784104784105, 0.625, 0.33333333333333337, 0.7142857142857143, 0.0
0.6187240537240538, 0.6666666666666667, 0.2857142857142857, 0.75, 0.0
0.6715021579727463, 0.6666666666666667, 0.5, 0.7692307692307692, 0.0
0.6262471841883607, 0.6666666666666667, 0.0, 0.75, 0.0
0.5915759094706464, 0.625, 0.0, 0.75, 0.0
0.5463684171578909, 0.6666666666666667, 0.0, 0.8, 0.0
0.5813236521932175, 0.6153846153846154, 0.0, 0.782608695652174, 0.0
0.5827513227513228, 0.6153846153846154, 0.0, 0.8, 0.0
0.6484981392876129, 0.6666666666666667, 0.5, 0.7619047619047619, 0.0
0.6558936488348255, 0.6666666666666667, 0.33333333333333337, 0.8181818181818181, 0.0
0.509907314907315, 0.6, 0.0, 0.7272727272727273, 0.0
0.5283681133681134, 0.6153846153846154, 0.0, 0.7142857142857143, 0.0
0.6136870101575985, 0.6666666666666667, 0.0, 0.7777777777777778, 0.0
0.6535477860840181, 0.625, 0.5714285714285714, 0.782608695652174, 0.0
0.6354593119299001, 0.625, 0.5, 0.75, 0.0
0.6383288743532384, 0.6666666666666667, 0.33333333333333337, 0.782608695652174, 0.0
0.6220622950034714, 0.6153846153846154, 0.4444444444444444, 0.7142857142857143, 0.0
0.5674633553580922, 0.6, 0.0, 0.75, 0.0
0.5063599798893917, 0.6666666666666667, 0.0, 0.7692307692307692, 0.0
0.5805508870214754, 0.6153846153846154, 0.0, 0.7692307692307692, 0.0
0.5503522403522404, 0.6666666666666667, 0.0, 0.8, 0.0
0.5958388933621133, 0.6666666666666667, 0.0, 0.7777777777777778, 0.0
0.5276799470452722, 0.6, 0.0, 0.7777777777777778, 0.0
0.6575818190524074, 0.7058823529411764, 0.4444444444444444, 0.7777777777777778, 0.0
0.6531025269132688, 0.7058823529411764, 0.33333333333333337, 0.782608695652174, 0.0
0.5901601666307549, 0.6666666666666667, 0.0, 0.7692307692307692, 0.0
0.5808332843626961, 0.6, 0.0, 0.8, 0.0
0.5998871498871501, 0.6666666666666667, 0.0, 0.7777777777777778, 0.0
0.6333606062553431, 0.6666666666666667, 0.4444444444444444, 0.7692307692307692, 0.0
0.5744037444037444, 0.6666666666666667, 0.0, 0.8, 0.0
0.5077749048337284, 0.625, 0.0, 0.7142857142857143, 0.0
0.6385700510932711, 0.631578947368421, 0.4, 0.8, 0.0
0.6368904733610617, 0.6666666666666667, 0.4, 0.8, 0.0
0.6565882174241309, 0.6666666666666667, 0.5, 0.8333333333333334, 0.0
0.6317900961554214, 0.6666666666666667, 0.33333333333333337, 0.7777777777777778, 0.0
0.6051814559709298, 0.6153846153846154, 0.33333333333333337, 0.7619047619047619, 0.0
0.5615983145394912, 0.6153846153846154, 0.0, 0.8, 0.0
0.5544139194139195, 0.6, 0.0, 0.7, 0.0
0.6197594562300445, 0.6666666666666667, 0.33333333333333337, 0.75, 0.0
0.5217311927838244, 0.6153846153846154, 0.0, 0.7692307692307692, 0.0
0.6142029556271044, 0.6666666666666667, 0.0, 0.736842105263158, 0.0
0.6173645652593022, 0.6666666666666667, 0.0, 0.7619047619047619, 0.0
0.6325907769561022, 0.6666666666666667, 0.0, 0.7619047619047619, 0.0
0.5815250109367757, 0.6153846153846154, 0.0, 0.7142857142857143, 0.0
0.6268990956297459, 0.7058823529411764, 0.0, 0.7777777777777778, 0.0
0.6199883397588338, 0.6666666666666667, 0.0, 0.782608695652174, 0.0
0.6671903260138556, 0.6666666666666667, 0.46153846153846156, 0.8235294117647058, 0.0
0.5969614699026465, 0.6666666666666667, 0.0, 0.75, 0.0
0.5976165990871873, 0.6666666666666667, 0.0, 0.7142857142857143, 0.0
0.5470854635560518, 0.6666666666666667, 0.0, 0.7692307692307692, 0.0
0.6568886681586912, 0.6666666666666667, 0.5714285714285714, 0.8, 0.0
0.5523892773892775, 0.6666666666666667, 0.0, 0.8181818181818181, 0.0
0.6434368372139271, 0.6666666666666667, 0.4, 0.8235294117647058, 0.0
0.5828020906968275, 0.6153846153846154, 0.33333333333333337, 0.75, 0.0
0.6359377224083107, 0.6666666666666667, 0.33333333333333337, 0.75, 0.0
0.6545039383274679, 0.6666666666666667, 0.4, 0.8235294117647058, 0.0
0.6280392809804577, 0.6666666666666667, 0.0, 0.7692307692307692, 0.0
0.6584703749409634, 0.6666666666666667, 0.4, 0.7777777777777778, 0.0
0.5826700005647375, 0.6153846153846154, 0.0, 0.8, 0.0
0.561558539499716, 0.6153846153846154, 0.0, 0.7272727272727273, 0.0
0.6368939591540211, 0.6666666666666667, 0.33333333333333337, 0.8, 0.0
0.621193947664536, 0.6666666666666667, 0.0, 0.75, 0.0
0.5535383479036731, 0.6153846153846154, 0.0, 0.7777777777777778, 0.0
0.6039486347845481, 0.6666666666666667, 0.0, 0.736842105263158, 0.0
0.5437323787323788, 0.6153846153846154, 0.0, 0.75, 0.0
0.5960444783974197, 0.7058823529411764, 0.0, 0.8235294117647058, 0.0
0.6524711889417774, 0.6666666666666667, 0.5454545454545454, 0.7619047619047619, 0.0
0.5124230888936772, 0.6666666666666667, 0.0, 0.75, 0.0
0.5785858585858586, 0.6666666666666667, 0.0, 0.7619047619047619, 0.0
0.6336591186591188, 0.6153846153846154, 0.4, 0.7692307692307692, 0.0
0.6277514642220525, 0.6, 0.5454545454545454, 0.7142857142857143, 0.0
0.6223076923076925, 0.6666666666666667, 0.0, 0.8, 0.0
0.6059748530336767, 0.6666666666666667, 0.0, 0.7777777777777778, 0.0
0.6107336236748002, 0.6666666666666667, 0.0, 0.75, 0.0
0.5650578179989946, 0.6666666666666667, 0.0, 0.7058823529411764, 0.0
0.5599846249381853, 0.6153846153846154, 0.0, 0.736842105263158, 0.0
0.6000217864923749, 0.6, 0.2857142857142857, 0.8, 0.0
0.5513328192275562, 0.6153846153846154, 0.0, 0.7777777777777778, 0.0
0.6179765023418275, 0.6666666666666667, 0.0, 0.8, 0.0
0.6012122626828511, 0.6666666666666667, 0.0, 0.7777777777777778, 0.0
0.5796007260713144, 0.6153846153846154, 0.4, 0.75, 0.0
0.5801239065944949, 0.6666666666666667, 0.0, 0.75, 0.0
0.5750102529049899, 0.6, 0.0, 0.736842105263158, 0.0
0.6149178474417404, 0.6666666666666667, 0.0, 0.8, 0.0
0.6117149081854966, 0.6666666666666667, 0.0, 0.7777777777777778, 0.0
0.6198475987949673, 0.6666666666666667, 0.0, 0.8181818181818181, 0.0
0.6459097238044608, 0.6666666666666667, 0.33333333333333337, 0.7777777777777778, 0.0
0.5637747002452885, 0.6, 0.0, 0.75, 0.0
0.5362807127513011, 0.5714285714285714, 0.0, 0.75, 0.0
0.5768142441207457, 0.6666666666666667, 0.0, 0.7619047619047619, 0.0
0.5638986503692387, 0.6, 0.0, 0.8, 0.0
0.6043795093795095, 0.6666666666666667, 0.0, 0.8, 0.0
0.6379253254485454, 0.631578947368421, 0.5, 0.8, 0.0
0.6525120739826623, 0.6666666666666667, 0.33333333333333337, 0.8181818181818181, 0.0
0.5402319902319903, 0.6153846153846154, 0.0, 0.7692307692307692, 0.0
0.6059555167914302, 0.6153846153846154, 0.33333333333333337, 0.736842105263158, 0.0
0.6524517639223522, 0.6666666666666667, 0.5454545454545454, 0.75, 0.0
0.5685978835978837, 0.6666666666666667, 0.0, 0.7777777777777778, 0.0
0.6322797572797574, 0.6666666666666667, 0.5, 0.7777777777777778, 0.0
0.580215296685885, 0.6153846153846154, 0.0, 0.8, 0.0
0.5834063104651341, 0.6153846153846154, 0.0, 0.8, 0.0
0.6310106903760154, 0.625, 0.33333333333333337, 0.736842105263158, 0.0
0.6571376679735814, 0.6666666666666667, 0.5, 0.75, 0.0
0.5564768129474013, 0.6, 0.0, 0.7777777777777778, 0.0
0.5154141283553049, 0.6, 0.0, 0.7692307692307692, 0.0
0.6380148609560374, 0.6666666666666667, 0.5, 0.75, 0.0
0.5957179421885304, 0.6, 0.33333333333333337, 0.75, 0.0
0.5567774817774819, 0.625, 0.0, 0.7777777777777778, 0.0
0.5685221749927633, 0.6666666666666667, 0.0, 0.7777777777777778, 0.0
0.6187631758219995, 0.6153846153846154, 0.36363636363636365, 0.75, 0.0
0.5953546453546453, 0.6153846153846154, 0.25, 0.75, 0.0
0.5358170789292072, 0.6, 0.0, 0.75, 0.0
0.4861771561771563, 0.6, 0.0, 0.75, 0.0
0.59987493987494, 0.6666666666666667, 0.0, 0.8181818181818181, 0.0
0.5580841380841381, 0.6153846153846154, 0.0, 0.7272727272727273, 0.0
0.6197529268117504, 0.6153846153846154, 0.4, 0.7142857142857143, 0.0
0.6334648358177771, 0.6153846153846154, 0.5, 0.8235294117647058, 0.0
0.6412443112443112, 0.6666666666666667, 0.4, 0.75, 0.0
0.5227472527472528, 0.6153846153846154, 0.0, 0.75, 0.0
0.6374256755842433, 0.7, 0.0, 0.7777777777777778, 0.0
0.5637717746076878, 0.5714285714285714, 0.0, 0.736842105263158, 0.0
0.5910927960927962, 0.6153846153846154, 0.0, 0.7619047619047619, 0.0
0.586109154003891, 0.6666666666666667, 0.0, 0.75, 0.0
0.6581113433462337, 0.6666666666666667, 0.33333333333333337, 0.782608695652174, 0.0
0.6128024606971977, 0.6666666666666667, 0.0, 0.75, 0.0
0.6936255900961785, 0.7142857142857143, 0.5, 0.8, 0.0
0.5372880731239865, 0.6153846153846154, 0.0, 0.7692307692307692, 0.0
0.6156491656491657, 0.6153846153846154, 0.4, 0.7777777777777778, 0.0
0.6328942986837721, 0.6153846153846154, 0.5454545454545454, 0.7619047619047619, 0.0
0.6458773052426303, 0.6666666666666667, 0.4444444444444444, 0.8, 0.0
0.6137950937950939, 0.6666666666666667, 0.0, 0.7272727272727273, 0.0
0.601406405771731, 0.6666666666666667, 0.0, 0.8, 0.0
0.5471676471676473, 0.6153846153846154, 0.0, 0.7777777777777778, 0.0
0.6312761856879505, 0.6666666666666667, 0.2857142857142857, 0.8, 0.0
0.6118099547511313, 0.6666666666666667, 0.0, 0.8, 0.0
0.6350131350131352, 0.6666666666666667, 0.33333333333333337, 0.8571428571428572, 0.0
0.611058830641547, 0.6666666666666667, 0.0, 0.736842105263158, 0.0
0.6981707525360777, 0.7058823529411764, 0.5714285714285714, 0.7692307692307692, 0.0
0.604598476858539, 0.6666666666666667, 0.0, 0.736842105263158, 0.0
0.5662154270849925, 0.6666666666666667, 0.0, 0.782608695652174, 0.0
0.6220549385255267, 0.6153846153846154, 0.5, 0.7058823529411764, 0.0
0.5986968930622183, 0.6153846153846154, 0.0, 0.7619047619047619, 0.0
0.6506382850036102, 0.6666666666666667, 0.33333333333333337, 0.7692307692307692, 0.0
0.6414391307580163, 0.6666666666666667, 0.33333333333333337, 0.75, 0.0
