0.7220998053974654, 0.7878787878787878, 0.0, 0.85, 0.0
0.6614373139197824, 0.7272727272727273, 0.0, 0.8444444444444444, 0.0
0.7153138592669037, 0.75, 0.0, 0.8571428571428572, 0.0
0.6620275372901913, 0.75, 0.0, 0.8823529411764706, 0.0
0.7022307302485583, 0.7142857142857143, 0.4444444444444444, 0.8235294117647058, 0.0
0.6847634790772046, 0.7647058823529411, 0.0, 0.8333333333333334, 0.0
0.6884724219991881, 0.7407407407407407, 0.4, 0.8823529411764706, 0.0
0.5794594107597203, 0.736842105263158, 0.0, 0.8235294117647058, 0.0
0.5948053768053769, 0.6857142857142857, 0.0, 0.8333333333333334, 0.0
0.5586268962241037, 0.6666666666666667, 0.0, 0.8292682926829268, 0.0
0.6501793984589685, 0.6666666666666667, 0.33333333333333337, 0.8205128205128205, 0.0
0.5668840456998352, 0.6666666666666667, 0.0, 0.8125, 0.0
0.7570465344386914, 0.7647058823529411, 0.625, 0.8666666666666667, 0.0
0.568000728142716, 0.7222222222222222, 0.0, 0.8, 0.0
0.513717825710098, 0.6666666666666667, 0.0, 0.782608695652174, 0.0
0.6784046913194985, 0.72, 0.0, 0.8333333333333334, 0.0
0.6781443141599635, 0.72, 0.0, 0.8461538461538461, 0.0
0.6728456360830822, 0.7428571428571429, 0.0, 0.8636363636363636, 0.0
0.7257443952643658, 0.75, 0.4, 0.8275862068965517, 0.0
0.6737715566289515, 0.7058823529411764, 0.33333333333333337, 0.85, 0.0
0.7046664301049609, 0.75, 0.4, 0.8148148148148149, 0.0
0.7473477542598937, 0.75, 0.5882352941176471, 0.8421052631578947, 0.0
0.6765650917720184, 0.7222222222222222, 0.5, 0.8235294117647058, 0.0
0.7002782563098203, 0.72, 0.4, 0.8571428571428572, 0.0
0.7269615875712041, 0.7428571428571429, 0.33333333333333337, 0.9, 0.0
0.6977521452474016, 0.7142857142857143, 0.5, 0.8333333333333334, 0.0
0.6794650808671058, 0.7317073170731707, 0.0, 0.8484848484848485, 0.0
0.6193995477541939, 0.6956521739130435, 0.0, 0.8717948717948718, 0.0
0.6822375445904858, 0.75, 0.33333333333333337, 0.8235294117647058, 0.0
0.6683734673068964, 0.7741935483870968, 0.0, 0.8666666666666667, 0.0
0.7137577770462309, 0.736842105263158, 0.33333333333333337, 0.8571428571428572, 0.0
0.5778157611805826, 0.6666666666666667, 0.0, 0.8333333333333334, 0.0
0.5285693735229339, 0.7142857142857143, 0.0, 0.8095238095238095, 0.0
0.6973816379193629, 0.7272727272727273, 0.0, 0.8571428571428572, 0.0
0.5423630852196385, 0.7, 0.0, 0.8148148148148149, 0.0
0.704406345241427, 0.782608695652174, 0.0, 0.8571428571428572, 0.0
0.59367947516973, 0.6666666666666667, 0.0, 0.8275862068965517, 0.0
0.5941899811107312, 0.6896551724137931, 0.0, 0.8421052631578947, 0.0
0.7113354562356379, 0.7586206896551724, 0.2857142857142857, 0.8333333333333334, 0.0
0.6430570530817311, 0.75, 0.0, 0.8292682926829268, 0.0
0.7191828812468996, 0.75, 0.4, 0.8292682926829268, 0.0
0.7018094158401547, 0.7619047619047619, 0.0, 0.8387096774193549, 0.0
0.5934345333825137, 0.6666666666666667, 0.0, 0.8636363636363636, 0.0
0.7172405790362448, 0.7272727272727273, 0.5, 0.8823529411764706, 0.0
0.7500282924401385, 0.7586206896551724, 0.6086956521739131, 0.8421052631578947, 0.0
0.7009767584157429, 0.7692307692307692, 0.0, 0.85, 0.0
0.5962711663264909, 0.6666666666666667, 0.0, 0.8421052631578947, 0.0
0.7425891524453722, 0.7804878048780488, 0.5, 0.8571428571428572, 0.0
0.6504289551490952, 0.7619047619047619, 0.0, 0.8461538461538461, 0.0
0.7557332652431813, 0.7692307692307692, 0.6666666666666667, 0.8421052631578947, 0.0
0.6813597117420648, 0.7272727272727273, 0.4, 0.8235294117647058, 0.0
0.7159985176114211, 0.7272727272727273, 0.5, 0.8333333333333334, 0.0
0.6886750590988415, 0.75, 0.0, 0.8387096774193549, 0.0
0.6944767534791967, 0.7741935483870968, 0.0, 0.8780487804878049, 0.0
0.6760694768555275, 0.7586206896551724, 0.0, 0.8421052631578947, 0.0
0.6566494936131961, 0.6923076923076923, 0.0, 0.8, 0.0
0.6593238750496815, 0.7272727272727273, 0.4, 0.8181818181818181, 0.0
0.6625793277165826, 0.7407407407407407, 0.0, 0.8444444444444444, 0.0
0.7142247182311554, 0.75, 0.33333333333333337, 0.8333333333333334, 0.0
0.6225096964327349, 0.7407407407407407, 0.0, 0.8648648648648649, 0.0
0.689894912118269, 0.7741935483870968, 0.0, 0.85, 0.0
0.6522807224339867, 0.736842105263158, 0.0, 0.8235294117647058, 0.0
0.670113022159058, 0.7567567567567568, 0.0, 0.8333333333333334, 0.0
0.6406943068524019, 0.72, 0.0, 0.8292682926829268, 0.0
0.7059091995221028, 0.72, 0.5, 0.8095238095238095, 0.0
0.6814575618960927, 0.7272727272727273, 0.4, 0.8108108108108107, 0.0
0.6824614676788592, 0.6666666666666667, 0.4444444444444444, 0.8, 0.0
0.6809000524395227, 0.7857142857142857, 0.0, 0.85, 0.0
0.7132780978163938, 0.7272727272727273, 0.33333333333333337, 0.85, 0.0
0.7210214281394134, 0.7586206896551724, 0.4, 0.8333333333333334, 0.0
0.6542254172078734, 0.7272727272727273, 0.4, 0.8461538461538461, 0.0
0.6172667001604637, 0.7272727272727273, 0.0, 0.8421052631578947, 0.0
0.7258405855203124, 0.75, 0.5, 0.8205128205128205, 0.0
0.7302999930413399, 0.7586206896551724, 0.5, 0.8235294117647058, 0.0
0.6691417224750559, 0.7142857142857143, 0.33333333333333337, 0.8205128205128205, 0.0
0.7231613529195531, 0.7804878048780488, 0.4, 0.8571428571428572, 0.0
0.7268068361484382, 0.782608695652174, 0.2222222222222222, 0.8372093023255813, 0.0
0.5507556530595089, 0.6666666666666667, 0.0, 0.8333333333333334, 0.0
0.5612729612729613, 0.6666666666666667, 0.0, 0.7857142857142857, 0.0
0.7221579069211782, 0.7272727272727273, 0.5, 0.8444444444444444, 0.0
0.6597554426250078, 0.72, 0.0, 0.8636363636363636, 0.0
0.7317651062212467, 0.7567567567567568, 0.5, 0.8571428571428572, 0.0
0.694272461998315, 0.7741935483870968, 0.0, 0.8571428571428572, 0.0
0.5878414465882497, 0.7058823529411764, 0.0, 0.8648648648648649, 0.0
0.6683656396263961, 0.7272727272727273, 0.0, 0.8372093023255813, 0.0
0.7375999937935421, 0.7741935483870968, 0.5454545454545454, 0.8571428571428572, 0.0
0.6239048463873149, 0.6666666666666667, 0.0, 0.85, 0.0
0.748887359419323, 0.7586206896551724, 0.6, 0.8648648648648649, 0.0
0.6590685176892073, 0.6666666666666667, 0.0, 0.8636363636363636, 0.0
0.670407614157558, 0.7428571428571429, 0.0, 0.8461538461538461, 0.0
0.616602104293439, 0.7142857142857143, 0.0, 0.8235294117647058, 0.0
0.6813733046636459, 0.7741935483870968, 0.0, 0.8333333333333334, 0.0
0.7070497570322255, 0.7, 0.5, 0.8333333333333334, 0.0
0.6921533393576068, 0.7333333333333334, 0.4, 0.851063829787234, 0.0
0.675615669456814, 0.7692307692307692, 0.0, 0.896551724137931, 0.0
0.6750647451209769, 0.7741935483870968, 0.0, 0.8648648648648649, 0.0
0.7557598839823905, 0.7692307692307692, 0.625, 0.8235294117647058, 0.0
0.733321324127736, 0.7586206896551724, 0.5454545454545454, 0.9, 0.0
0.5972529918139674, 0.7, 0.0, 0.8292682926829268, 0.0
0.5359482686118965, 0.6956521739130435, 0.0, 0.8148148148148149, 0.0
0.662222506425405, 0.6666666666666667, 0.33333333333333337, 0.8148148148148149, 0.0
0.7100189022047448, 0.782608695652174, 0.0, 0.8387096774193549, 0.0
0.588612001729245, 0.72, 0.0, 0.8235294117647058, 0.0
0.6970258090334492, 0.7272727272727273, 0.5, 0.8125, 0.0
0.7662865925425087, 0.7777777777777778, 0.625, 0.8235294117647058, 0.0
0.621533141464204, 0.7272727272727273, 0.0, 0.8148148148148149, 0.0
0.7269226693339301, 0.7272727272727273, 0.5333333333333333, 0.8571428571428572, 0.0
0.7064205163718349, 0.7586206896551724, 0.33333333333333337, 0.8717948717948718, 0.0
0.721344568571507, 0.75, 0.5714285714285714, 0.8461538461538461, 0.0
0.6634435185368139, 0.7647058823529411, 0.0, 0.8571428571428572, 0.0
0.6928393760848122, 0.75, 0.0, 0.85, 0.0
0.7213225692436218, 0.7333333333333334, 0.5454545454545454, 0.8421052631578947, 0.0
0.6516107687574239, 0.7692307692307692, 0.0, 0.8333333333333334, 0.0
0.7397989931054447, 0.7857142857142857, 0.33333333333333337, 0.875, 0.0
0.7818696736693072, 0.8, 0.6666666666666667, 0.8387096774193549, 0.0
0.539560429869099, 0.7058823529411764, 0.0, 0.8275862068965517, 0.0
0.7230646304154079, 0.75, 0.5, 0.8461538461538461, 0.0
0.633408767477733, 0.72, 0.0, 0.8333333333333334, 0.0
0.7206769852967845, 0.7647058823529411, 0.5, 0.8292682926829268, 0.0
0.6838367364431449, 0.7272727272727273, 0.33333333333333337, 0.8, 0.0
0.5523512987358038, 0.7272727272727273, 0.0, 0.8292682926829268, 0.0
0.6943149355113403, 0.75, 0.33333333333333337, 0.8333333333333334, 0.0
0.6755706476238317, 0.7567567567567568, 0.0, 0.8421052631578947, 0.0
0.6595812428204557, 0.7058823529411764, 0.0, 0.8387096774193549, 0.0
0.6144927978623631, 0.7692307692307692, 0.0, 0.85, 0.0
0.6664932567220897, 0.7272727272727273, 0.0, 0.8571428571428572, 0.0
0.7652936366094262, 0.7894736842105263, 0.6, 0.8648648648648649, 0.0
0.6237318799573702, 0.7407407407407407, 0.0, 0.8235294117647058, 0.0
0.6410813881503538, 0.7586206896551724, 0.0, 0.8181818181818181, 0.0
0.6413372150251946, 0.7058823529411764, 0.0, 0.8181818181818181, 0.0
0.6344008148714033, 0.7058823529411764, 0.0, 0.7857142857142857, 0.0
0.6854614189350497, 0.7647058823529411, 0.2857142857142857, 0.8275862068965517, 0.0
0.6004410232583608, 0.7428571428571429, 0.0, 0.8235294117647058, 0.0
0.7348173930016743, 0.782608695652174, 0.2857142857142857, 0.8372093023255813, 0.0
0.6969443141904942, 0.75, 0.4, 0.8421052631578947, 0.0
0.6284730853151906, 0.6666666666666667, 0.0, 0.8108108108108107, 0.0
0.7667375605337641, 0.782608695652174, 0.6086956521739131, 0.875, 0.0
0.6455844060779828, 0.7586206896551724, 0.0, 0.8571428571428572, 0.0
0.703302503538114, 0.7647058823529411, 0.4, 0.8181818181818181, 0.0
0.720367816328407, 0.7586206896551724, 0.2857142857142857, 0.8571428571428572, 0.0
0.6572821827471074, 0.7692307692307692, 0.0, 0.8333333333333334, 0.0
0.7204572804572805, 0.7555555555555555, 0.5, 0.8205128205128205, 0.0
0.6649531388777327, 0.782608695652174, 0.0, 0.8571428571428572, 0.0
0.513835918019826, 0.6666666666666667, 0.0, 0.75, 0.0
0.6743556008261891, 0.7272727272727273, 0.0, 0.8181818181818181, 0.0
0.649530387912741, 0.7272727272727273, 0.0, 0.8888888888888888, 0.0
0.6322435660223609, 0.7272727272727273, 0.0, 0.8, 0.0
0.6566324838405184, 0.7058823529411764, 0.0, 0.8292682926829268, 0.0
0.5018029812560256, 0.7058823529411764, 0.0, 0.8, 0.0
0.7175625826000971, 0.7222222222222222, 0.6, 0.8333333333333334, 0.0
0.6247791826814157, 0.75, 0.0, 0.8, 0.0
0.65853697770797, 0.7586206896551724, 0.0, 0.8421052631578947, 0.0
0.6531787590358406, 0.7333333333333334, 0.0, 0.8148148148148149, 0.0
0.6690317420298445, 0.7058823529411764, 0.33333333333333337, 0.85, 0.0
0.6365764737618285, 0.7272727272727273, 0.0, 0.8125, 0.0
0.6605198307209694, 0.7, 0.0, 0.8823529411764706, 0.0
0.7475405291387472, 0.7692307692307692, 0.6666666666666667, 0.8181818181818181, 0.0
0.6863896194109324, 0.7272727272727273, 0.33333333333333337, 0.88, 0.0
0.7176022801701208, 0.72, 0.5, 0.8333333333333334, 0.0
0.6995236450189013, 0.7567567567567568, 0.0, 0.88, 0.0
0.7297171260764195, 0.7586206896551724, 0.33333333333333337, 0.8421052631578947, 0.0
0.7406474516950354, 0.75, 0.6, 0.8421052631578947, 0.0
0.5884130284130286, 0.6666666666666667, 0.0, 0.8461538461538461, 0.0
0.5944246205996566, 0.72, 0.0, 0.8235294117647058, 0.0
0.7535865106120189, 0.782608695652174, 0.5714285714285714, 0.8333333333333334, 0.0
0.666587964690772, 0.75, 0.0, 0.8372093023255813, 0.0
0.7193895691256607, 0.7741935483870968, 0.5, 0.8125, 0.0
0.6842041576882207, 0.7058823529411764, 0.5, 0.8275862068965517, 0.0
0.6556156512153956, 0.72, 0.0, 0.8235294117647058, 0.0
0.6890605761657735, 0.7407407407407407, 0.0, 0.8571428571428572, 0.0
0.7140908732186625, 0.7272727272727273, 0.5, 0.8333333333333334, 0.0
0.6101019063789963, 0.75, 0.0, 0.8235294117647058, 0.0
0.6603369444571536, 0.7586206896551724, 0.0, 0.8571428571428572, 0.0
0.7073086955431581, 0.7407407407407407, 0.5, 0.8333333333333334, 0.0
0.7235114659491557, 0.7142857142857143, 0.5714285714285714, 0.8372093023255813, 0.0
0.7163073612945737, 0.75, 0.46153846153846156, 0.8571428571428572, 0.0
0.6860804519204521, 0.75, 0.0, 0.8444444444444444, 0.0
0.6916402062898169, 0.7407407407407407, 0.0, 0.8387096774193549, 0.0
0.7359750457015501, 0.75, 0.5714285714285714, 0.8275862068965517, 0.0
0.7509221370820557, 0.7804878048780488, 0.5, 0.8648648648648649, 0.0
0.6739578442532075, 0.7407407407407407, 0.0, 0.8235294117647058, 0.0
0.7357959153082683, 0.782608695652174, 0.5333333333333333, 0.8292682926829268, 0.0
0.6156025113801743, 0.6956521739130435, 0.0, 0.8095238095238095, 0.0
0.6595875689970324, 0.75, 0.0, 0.8181818181818181, 0.0
0.6996652846597229, 0.75, 0.4, 0.896551724137931, 0.0
0.6702136586689433, 0.7333333333333334, 0.0, 0.8292682926829268, 0.0
0.7130030924966475, 0.6666666666666667, 0.5, 0.8484848484848485, 0.0
0.5983741912437565, 0.7142857142857143, 0.0, 0.8108108108108107, 0.0
0.7355105797433976, 0.75, 0.5, 0.8275862068965517, 0.0
0.6679368270392113, 0.7272727272727273, 0.0, 0.8695652173913043, 0.0
0.630748087561813, 0.7142857142857143, 0.0, 0.8648648648648649, 0.0
0.6282344269300133, 0.7407407407407407, 0.0, 0.8260869565217391, 0.0
0.7055868892718851, 0.7142857142857143, 0.5454545454545454, 0.8235294117647058, 0.0
0.6728633250352272, 0.7586206896551724, 0.0, 0.8484848484848485, 0.0
0.6975534545104624, 0.7586206896551724, 0.0, 0.8108108108108107, 0.0
0.6539906076906888, 0.7777777777777778, 0.0, 0.8484848484848485, 0.0
0.7471406099098605, 0.75, 0.6666666666666667, 0.8387096774193549, 0.0
0.7042600390416521, 0.75, 0.33333333333333337, 0.8571428571428572, 0.0
0.7175156814862699, 0.7692307692307692, 0.33333333333333337, 0.8333333333333334, 0.0
0.6883174643526188, 0.7333333333333334, 0.0, 0.8235294117647058, 0.0
0.6700270690781526, 0.72, 0.0, 0.8636363636363636, 0.0
0.6735872119520334, 0.6923076923076923, 0.5, 0.8636363636363636, 0.0
0.5248926522401882, 0.625, 0.0, 0.8, 0.0
0.5450418470418471, 0.6666666666666667, 0.0, 0.8333333333333334, 0.0
0.7057924765552559, 0.736842105263158, 0.33333333333333337, 0.8333333333333334, 0.0
0.6959363653255385, 0.7142857142857143, 0.5, 0.8648648648648649, 0.0
0.6598063327219339, 0.7333333333333334, 0.0, 0.8, 0.0
0.6834413490911496, 0.736842105263158, 0.0, 0.8387096774193549, 0.0
0.6505802167751986, 0.6666666666666667, 0.33333333333333337, 0.8148148148148149, 0.0
0.670670418417304, 0.6666666666666667, 0.33333333333333337, 0.8571428571428572, 0.0
0.6383737013145421, 0.7567567567567568, 0.0, 0.8125, 0.0
0.7383483946736724, 0.736842105263158, 0.6, 0.8484848484848485, 0.0
0.505542953205132, 0.6666666666666667, 0.0, 0.8837209302325582, 0.0
0.6194350442879856, 0.6666666666666667, 0.0, 0.8235294117647058, 0.0
0.6767104558771226, 0.7142857142857143, 0.0, 0.8333333333333334, 0.0
0.7494709483858419, 0.7857142857142857, 0.5714285714285714, 0.875, 0.0
0.6581795131845841, 0.7058823529411764, 0.0, 0.8125, 0.0
0.7099739365280162, 0.7407407407407407, 0.5, 0.8148148148148149, 0.0
0.6739462759462761, 0.7142857142857143, 0.0, 0.8333333333333334, 0.0
0.6665299387753532, 0.7407407407407407, 0.0, 0.8666666666666667, 0.0
0.6666863055371947, 0.7647058823529411, 0.0, 0.8372093023255813, 0.0
0.6747347423818013, 0.7142857142857143, 0.33333333333333337, 0.8, 0.0
0.6371444533695966, 0.7142857142857143, 0.0, 0.8372093023255813, 0.0
0.6356485676727437, 0.736842105263158, 0.0, 0.8235294117647058, 0.0
0.6044490202059652, 0.72, 0.0, 0.7878787878787878, 0.0
0.6749097882793536, 0.7692307692307692, 0.0, 0.8125, 0.0
0.7037285078058912, 0.75, 0.33333333333333337, 0.8421052631578947, 0.0
0.6477263771542948, 0.736842105263158, 0.0, 0.8888888888888888, 0.0
0.6649795329601954, 0.7058823529411764, 0.0, 0.88, 0.0
0.6476867396745694, 0.6896551724137931, 0.0, 0.8461538461538461, 0.0
0.5986948998713705, 0.6, 0.0, 0.875, 0.0
0.713264173583119, 0.7272727272727273, 0.5, 0.8275862068965517, 0.0
0.6596765794591881, 0.6666666666666667, 0.46153846153846156, 0.7692307692307692, 0.0
0.6528022647604035, 0.7142857142857143, 0.0, 0.8888888888888888, 0.0
0.7428978691239666, 0.7586206896551724, 0.5925925925925926, 0.8421052631578947, 0.0
0.7146700507144441, 0.7619047619047619, 0.2857142857142857, 0.8387096774193549, 0.0
0.6237837387222694, 0.75, 0.0, 0.8333333333333334, 0.0
0.6899777608625158, 0.7586206896551724, 0.0, 0.8125, 0.0
0.7365709794283745, 0.7777777777777778, 0.5, 0.8666666666666667, 0.0
0.7494260239669257, 0.7692307692307692, 0.5714285714285714, 0.8571428571428572, 0.0
0.6928802077717957, 0.75, 0.4, 0.8484848484848485, 0.0
0.6299687176574066, 0.7407407407407407, 0.0, 0.8571428571428572, 0.0
0.6798841739413137, 0.6896551724137931, 0.5, 0.7857142857142857, 0.0
0.7230397848095751, 0.75, 0.5, 0.8387096774193549, 0.0
0.6934546725421379, 0.7407407407407407, 0.0, 0.8387096774193549, 0.0
0.6898645433470119, 0.7272727272727273, 0.0, 0.8125, 0.0
0.73439011549246, 0.7741935483870968, 0.4444444444444444, 0.8333333333333334, 0.0
0.6917762268410884, 0.7777777777777778, 0.0, 0.8372093023255813, 0.0
0.6635655233824571, 0.736842105263158, 0.0, 0.8, 0.0
0.6742455875290696, 0.782608695652174, 0.0, 0.8292682926829268, 0.0
0.5806078588874288, 0.6923076923076923, 0.0, 0.8666666666666667, 0.0
0.7117833865202285, 0.7692307692307692, 0.4, 0.8484848484848485, 0.0
0.7016385448536153, 0.7407407407407407, 0.0, 0.8461538461538461, 0.0
0.6968744400116951, 0.7058823529411764, 0.4444444444444444, 0.8571428571428572, 0.0
0.6649062181106647, 0.7272727272727273, 0.0, 0.8421052631578947, 0.0
0.6021240247046699, 0.6666666666666667, 0.0, 0.8387096774193549, 0.0
0.6897727251483059, 0.7428571428571429, 0.5, 0.8, 0.0
0.6994250835566872, 0.7741935483870968, 0.33333333333333337, 0.8181818181818181, 0.0
0.7077258300711435, 0.7407407407407407, 0.5, 0.8333333333333334, 0.0
0.6304757675670454, 0.72, 0.0, 0.8571428571428572, 0.0
0.6711212439282616, 0.7692307692307692, 0.0, 0.8148148148148149, 0.0
0.6161903461024489, 0.6666666666666667, 0.0, 0.8181818181818181, 0.0
0.7319629266894343, 0.7777777777777778, 0.5, 0.8387096774193549, 0.0
0.6772456719255764, 0.7586206896551724, 0.0, 0.8421052631578947, 0.0
0.7512464042661468, 0.7647058823529411, 0.5714285714285714, 0.8888888888888888, 0.0
0.6536585160760449, 0.7058823529411764, 0.0, 0.8292682926829268, 0.0
0.6125980536669975, 0.7407407407407407, 0.0, 0.8, 0.0
0.6986517679459445, 0.7142857142857143, 0.4, 0.8275862068965517, 0.0
0.704356977295508, 0.7619047619047619, 0.0, 0.8108108108108107, 0.0
0.7347434320962986, 0.7741935483870968, 0.5, 0.8333333333333334, 0.0
0.6618832259721789, 0.7272727272727273, 0.0, 0.8292682926829268, 0.0
0.6305254312251217, 0.72, 0.0, 0.8421052631578947, 0.0
0.5841676331054774, 0.6923076923076923, 0.0, 0.88, 0.0
0.6993784483490366, 0.75, 0.0, 0.8484848484848485, 0.0
0.6734717813051146, 0.7619047619047619, 0.0, 0.8571428571428572, 0.0
0.7163445267043468, 0.7619047619047619, 0.4, 0.8333333333333334, 0.0
0.6739313846785041, 0.7272727272727273, 0.0, 0.8148148148148149, 0.0
0.6331766870999609, 0.7058823529411764, 0.0, 0.8, 0.0
0.6937141283585073, 0.7741935483870968, 0.0, 0.8666666666666667, 0.0
0.6450607928542491, 0.6896551724137931, 0.33333333333333337, 0.8108108108108107, 0.0
0.6153245257880038, 0.7272727272727273, 0.0, 0.8461538461538461, 0.0
0.6756775332551581, 0.7333333333333334, 0.0, 0.8888888888888888, 0.0
0.7247516579281287, 0.7272727272727273, 0.5, 0.8666666666666667, 0.0
0.7089145624544607, 0.736842105263158, 0.5, 0.8, 0.0
0.6413698501074168, 0.75, 0.0, 0.8484848484848485, 0.0
0.660700625398768, 0.6666666666666667, 0.4444444444444444, 0.8235294117647058, 0.0
0.6267244074557756, 0.7096774193548387, 0.0, 0.8205128205128205, 0.0
0.5913989032594846, 0.7272727272727273, 0.0, 0.8235294117647058, 0.0
0.7114108690699081, 0.6666666666666667, 0.5, 0.8571428571428572, 0.0
0.6996794729317416, 0.75, 0.4, 0.8333333333333334, 0.0
0.7183940062798053, 0.7428571428571429, 0.4, 0.8571428571428572, 0.0
0.7275375707718911, 0.75, 0.5, 0.8571428571428572, 0.0
0.669005063011883, 0.7407407407407407, 0.0, 0.8571428571428572, 0.0
0.6697987814654484, 0.7272727272727273, 0.0, 0.8, 0.0
0.6829015944756202, 0.75, 0.0, 0.8648648648648649, 0.0
0.7282020137750822, 0.7058823529411764, 0.5, 0.8837209302325582, 0.0
0.6891944691944691, 0.7647058823529411, 0.0, 0.8571428571428572, 0.0
0.591308867179715, 0.7058823529411764, 0.0, 0.8275862068965517, 0.0
0.606111887288358, 0.7272727272727273, 0.0, 0.8333333333333334, 0.0
0.6844905873920764, 0.8108108108108107, 0.0, 0.85, 0.0
0.7427805429225091, 0.7407407407407407, 0.5882352941176471, 0.8695652173913043, 0.0
0.6970115160769706, 0.6896551724137931, 0.5333333333333333, 0.8205128205128205, 0.0
0.6694834359540243, 0.7142857142857143, 0.0, 0.8, 0.0
0.6110758484442694, 0.7272727272727273, 0.0, 0.8571428571428572, 0.0
0.6762040783342231, 0.6666666666666667, 0.5333333333333333, 0.8571428571428572, 0.0
0.6430077683606028, 0.7647058823529411, 0.0, 0.8571428571428572, 0.0
0.6289794409008995, 0.75, 0.0, 0.8717948717948718, 0.0
0.6894279304478566, 0.7619047619047619, 0.0, 0.8205128205128205, 0.0
0.6538480175379163, 0.7428571428571429, 0.0, 0.8421052631578947, 0.0
0.6859571888514978, 0.8, 0.0, 0.8333333333333334, 0.0
0.7101616098056849, 0.782608695652174, 0.4, 0.8148148148148149, 0.0
0.7116378190211862, 0.7272727272727273, 0.2857142857142857, 0.8484848484848485, 0.0
0.7045998758075795, 0.7804878048780488, 0.0, 0.8484848484848485, 0.0
0.6132828789273461, 0.7058823529411764, 0.0, 0.8292682926829268, 0.0
0.7254509434855482, 0.7272727272727273, 0.5454545454545454, 0.851063829787234, 0.0
0.6676181470721702, 0.6923076923076923, 0.4, 0.8333333333333334, 0.0
0.6323095290614472, 0.7272727272727273, 0.0, 0.8235294117647058, 0.0
0.6860506156148374, 0.75, 0.4, 0.8333333333333334, 0.0
0.6817333425223884, 0.7333333333333334, 0.0, 0.8333333333333334, 0.0
0.6090173427420014, 0.7058823529411764, 0.0, 0.8292682926829268, 0.0
0.6251418852141247, 0.7142857142857143, 0.0, 0.8333333333333334, 0.0
0.614411164424366, 0.7272727272727273, 0.0, 0.8292682926829268, 0.0
0.653118085425136, 0.7272727272727273, 0.0, 0.851063829787234, 0.0
0.6707955423102689, 0.75, 0.33333333333333337, 0.8181818181818181, 0.0
0.702879455354218, 0.7407407407407407, 0.5, 0.8571428571428572, 0.0
0.6859419996178088, 0.7058823529411764, 0.4, 0.8823529411764706, 0.0
0.630260711790387, 0.6923076923076923, 0.0, 0.8085106382978724, 0.0
0.6505519201521702, 0.782608695652174, 0.0, 0.8333333333333334, 0.0
0.6497648756472287, 0.6666666666666667, 0.4, 0.8235294117647058, 0.0
0.7342484817754239, 0.7317073170731707, 0.625, 0.8387096774193549, 0.0
0.7274402831820834, 0.7333333333333334, 0.5714285714285714, 0.8421052631578947, 0.0
0.6272912329579584, 0.75, 0.0, 0.8571428571428572, 0.0
0.6490844449667978, 0.75, 0.0, 0.8484848484848485, 0.0
0.7237002727616765, 0.75, 0.5, 0.8125, 0.0
0.6564988776655444, 0.72, 0.0, 0.8125, 0.0
0.6158146274275307, 0.6666666666666667, 0.0, 0.8636363636363636, 0.0
0.715220528801699, 0.75, 0.5333333333333333, 0.8421052631578947, 0.0
0.7320219653552988, 0.7567567567567568, 0.6, 0.8205128205128205, 0.0
0.7148654531450231, 0.7272727272727273, 0.5, 0.8666666666666667, 0.0
0.6737925347772545, 0.7272727272727273, 0.0, 0.8387096774193549, 0.0
0.651582522256009, 0.7567567567567568, 0.0, 0.8888888888888888, 0.0
0.7586211268269906, 0.7777777777777778, 0.5, 0.896551724137931, 0.0
0.6479321516789548, 0.6956521739130435, 0.0, 0.8333333333333334, 0.0
0.7705928046834598, 0.7857142857142857, 0.6666666666666667, 0.8421052631578947, 0.0
0.7579463282080305, 0.782608695652174, 0.6666666666666667, 0.8181818181818181, 0.0
0.6140632933435395, 0.7058823529411764, 0.0, 0.8333333333333334, 0.0
0.7350232729469057, 0.7428571428571429, 0.5, 0.8333333333333334, 0.0
0.6598849500559019, 0.7272727272727273, 0.0, 0.8, 0.0
0.7185917785078334, 0.7741935483870968, 0.4, 0.8387096774193549, 0.0
0.7648693407205609, 0.7741935483870968, 0.5, 0.8888888888888888, 0.0
0.6054661461908679, 0.6923076923076923, 0.25, 0.8235294117647058, 0.0
0.6174780473288247, 0.736842105263158, 0.0, 0.8461538461538461, 0.0
0.7284309689708672, 0.7333333333333334, 0.5, 0.8333333333333334, 0.0
0.7216796717324727, 0.75, 0.5714285714285714, 0.8235294117647058, 0.0
0.6988266665125373, 0.75, 0.4, 0.8823529411764706, 0.0
0.7419528586557572, 0.782608695652174, 0.5333333333333333, 0.8148148148148149, 0.0
0.6920925851324833, 0.75, 0.0, 0.8125, 0.0
0.5205383901932013, 0.631578947368421, 0.0, 0.8148148148148149, 0.0
0.6558482856157275, 0.75, 0.0, 0.8837209302325582, 0.0
0.6522657842913699, 0.6666666666666667, 0.0, 0.8333333333333334, 0.0
0.7009002165048523, 0.7272727272727273, 0.0, 0.8421052631578947, 0.0
0.6007291389859072, 0.7428571428571429, 0.0, 0.8421052631578947, 0.0
0.6683515319644352, 0.72, 0.33333333333333337, 0.8333333333333334, 0.0
0.6366257524567441, 0.7333333333333334, 0.0, 0.8333333333333334, 0.0
0.6772334019824127, 0.6923076923076923, 0.4, 0.8275862068965517, 0.0
0.7384876518572171, 0.7692307692307692, 0.5, 0.8235294117647058, 0.0
0.5653774156127097, 0.5714285714285714, 0.0, 0.8235294117647058, 0.0
0.6859673609310634, 0.75, 0.0, 0.8461538461538461, 0.0
0.7140143182577025, 0.7333333333333334, 0.46153846153846156, 0.8372093023255813, 0.0
0.656353951875603, 0.6956521739130435, 0.0, 0.8333333333333334, 0.0
0.633349821278514, 0.6666666666666667, 0.0, 0.8484848484848485, 0.0
0.5922485790071996, 0.72, 0.0, 0.85, 0.0
0.7468335375379104, 0.7741935483870968, 0.6, 0.8484848484848485, 0.0
0.7389730961310972, 0.7586206896551724, 0.5, 0.8484848484848485, 0.0
0.6732051299830704, 0.736842105263158, 0.0, 0.8387096774193549, 0.0
0.719787479725305, 0.7272727272727273, 0.5, 0.8333333333333334, 0.0
0.6952864374573892, 0.72, 0.4444444444444444, 0.8, 0.0
0.686068504963222, 0.7407407407407407, 0.0, 0.8235294117647058, 0.0
0.6818410951162341, 0.75, 0.0, 0.8888888888888888, 0.0
0.7562837848934806, 0.7692307692307692, 0.6153846153846154, 0.8979591836734694, 0.0
0.6636182021540079, 0.7272727272727273, 0.0, 0.8125, 0.0
0.7052990158770436, 0.7407407407407407, 0.4, 0.8205128205128205, 0.0
0.6073524029558341, 0.7, 0.0, 0.8780487804878049, 0.0
0.5896809948872154, 0.7058823529411764, 0.0, 0.8, 0.0
0.7461861334755538, 0.7647058823529411, 0.5, 0.8333333333333334, 0.0
0.7062985397067792, 0.7441860465116279, 0.2857142857142857, 0.8333333333333334, 0.0
0.6464627084953763, 0.75, 0.0, 0.8095238095238095, 0.0
0.6430059102630453, 0.7272727272727273, 0.0, 0.8717948717948718, 0.0
0.6865385135486558, 0.72, 0.5, 0.8235294117647058, 0.0
0.7021357294532168, 0.7619047619047619, 0.33333333333333337, 0.8421052631578947, 0.0
0.7190790838578714, 0.7567567567567568, 0.4444444444444444, 0.8387096774193549, 0.0
0.7456034647480653, 0.7407407407407407, 0.625, 0.8571428571428572, 0.0
0.6723485610672114, 0.7142857142857143, 0.0, 0.8, 0.0
0.7295836040227521, 0.7692307692307692, 0.2857142857142857, 0.8461538461538461, 0.0
0.6947204693506142, 0.7428571428571429, 0.33333333333333337, 0.8205128205128205, 0.0
0.7176007234340568, 0.7272727272727273, 0.4444444444444444, 0.8181818181818181, 0.0
0.6940315954737627, 0.7272727272727273, 0.0, 0.8444444444444444, 0.0
0.6950416001875975, 0.7692307692307692, 0.0, 0.8372093023255813, 0.0
0.6743474746972201, 0.7272727272727273, 0.4, 0.8421052631578947, 0.0
0.5962041705571117, 0.72, 0.0, 0.8235294117647058, 0.0
