0.2853615520282188, 0.25, 0.0, 0.5714285714285714, 0.0
0.26870748299319736, 0.2916666666666667, 0.0, 0.5, 0.0
0.33033661740558296, 0.33333333333333337, 0.0, 0.6, 0.0
0.360273368606702, 0.375, 0.0, 0.5714285714285714, 0.0
0.3284340659340661, 0.4, 0.0, 0.5, 0.0
0.31754850088183423, 0.4, 0.0, 0.5714285714285714, 0.0
0.2954931972789117, 0.33333333333333337, 0.0, 0.4285714285714286, 0.0
0.2793367346938776, 0.25, 0.0, 0.5, 0.0
0.34453601953601964, 0.33333333333333337, 0.16666666666666663, 0.5555555555555556, 0.0
0.3635204081632653, 0.4, 0.0, 0.6666666666666667, 0.0
0.2709183673469388, 0.25, 0.0, 0.5, 0.0
0.33547619047619054, 0.33333333333333337, 0.0, 0.5, 0.0
0.35748299319727905, 0.4, 0.19999999999999996, 0.5, 0.0
0.3334154351395732, 0.33333333333333337, 0.0, 0.5, 0.0
0.22490421455938703, 0.25, 0.0, 0.5555555555555556, 0.0
0.3213464696223317, 0.25, 0.0, 0.5714285714285714, 0.0
0.3516190476190477, 0.4, 0.0, 0.5714285714285714, 0.0
0.33555008210180637, 0.33333333333333337, 0.0, 0.5, 0.0
0.32247732426303866, 0.33333333333333337, 0.0, 0.5555555555555556, 0.0
0.3348677248677249, 0.4, 0.0, 0.5555555555555556, 0.0
0.3079761904761905, 0.33333333333333337, 0.0, 0.5555555555555556, 0.0
0.33809523809523817, 0.33333333333333337, 0.0, 0.6, 0.0
0.3539399092970522, 0.3666666666666667, 0.0, 0.5714285714285714, 0.0
0.31588669950738923, 0.33333333333333337, 0.0, 0.625, 0.0
0.29425287356321844, 0.25, 0.0, 0.6, 0.0
0.29711934156378605, 0.25, 0.0, 0.5555555555555556, 0.0
0.33003968253968263, 0.4, 0.0, 0.5714285714285714, 0.0
0.33113553113553124, 0.33333333333333337, 0.0, 0.5, 0.0
0.31402116402116415, 0.33333333333333337, 0.0, 0.5714285714285714, 0.0
0.30197044334975376, 0.25, 0.0, 0.5, 0.0
0.3193760262725781, 0.33333333333333337, 0.0, 0.5, 0.0
0.29647266313932985, 0.25, 0.0, 0.5, 0.0
0.3067323481116585, 0.25, 0.0, 0.6, 0.0
0.31691297208538594, 0.25, 0.0, 0.6, 0.0
0.3312534209085934, 0.33333333333333337, 0.0, 0.6666666666666667, 0.0
0.2723316912972086, 0.25, 0.0, 0.6, 0.0
0.3290123456790124, 0.33333333333333337, 0.0, 0.5714285714285714, 0.0
0.35421245421245434, 0.4, 0.0, 0.5, 0.0
0.3371510673234812, 0.4, 0.0, 0.5714285714285714, 0.0
0.32440476190476203, 0.3666666666666667, 0.0, 0.6, 0.0
0.3330158730158731, 0.33333333333333337, 0.0, 0.6, 0.0
0.3068027210884354, 0.25, 0.0, 0.5, 0.0
0.3412845385067608, 0.4, 0.0, 0.5714285714285714, 0.0
0.2936507936507937, 0.25, 0.0, 0.5714285714285714, 0.0
0.2942063492063493, 0.26785714285714285, 0.0, 0.5, 0.0
0.23974358974358978, 0.25, 0.0, 0.6, 0.0
0.3448129251700681, 0.3666666666666667, 0.0, 0.5714285714285714, 0.0
0.35550082101806246, 0.4, 0.0, 0.5714285714285714, 0.0
0.3383597883597884, 0.33333333333333337, 0.0, 0.6, 0.0
0.32976190476190487, 0.33333333333333337, 0.0, 0.625, 0.0
0.31604938271604943, 0.2857142857142857, 0.0, 0.6, 0.0
0.34523809523809534, 0.4, 0.0, 0.5714285714285714, 0.0
0.3487301587301588, 0.4, 0.0, 0.6, 0.0
0.31853741496598653, 0.33333333333333337, 0.0, 0.5714285714285714, 0.0
0.3087301587301588, 0.2916666666666667, 0.0, 0.5714285714285714, 0.0
0.34775132275132287, 0.33333333333333337, 0.0, 0.625, 0.0
0.29829931972789125, 0.2916666666666667, 0.0, 0.6, 0.0
0.3280952380952382, 0.33333333333333337, 0.0, 0.5714285714285714, 0.0
0.2997795414462082, 0.33333333333333337, 0.0, 0.5, 0.0
0.30279146141215113, 0.33333333333333337, 0.0, 0.5, 0.0
0.3327380952380953, 0.33333333333333337, 0.0, 0.5714285714285714, 0.0
0.32388888888888895, 0.33333333333333337, 0.0, 0.6666666666666667, 0.0
0.3224489795918369, 0.4, 0.0, 0.5, 0.0
0.298341836734694, 0.33333333333333337, 0.0, 0.625, 0.0
0.28146258503401367, 0.26785714285714285, 0.0, 0.5, 0.0
0.30882936507936515, 0.2916666666666667, 0.0, 0.6, 0.0
0.31332417582417593, 0.33333333333333337, 0.0, 0.6, 0.0
0.2460317460317461, 0.25, 0.0, 0.5, 0.0
0.33615520282186956, 0.4, 0.0, 0.5714285714285714, 0.0
0.31398809523809534, 0.33333333333333337, 0.0, 0.5, 0.0
0.31276683087027923, 0.33333333333333337, 0.0, 0.5, 0.0
0.2866843033509701, 0.33333333333333337, 0.0, 0.5, 0.0
0.30689655172413793, 0.25, 0.0, 0.6, 0.0
0.3289682539682541, 0.2916666666666667, 0.0, 0.5714285714285714, 0.0
0.36149425287356324, 0.4, 0.0, 0.6, 0.0
0.33817460317460324, 0.33333333333333337, 0.0, 0.5714285714285714, 0.0
0.32093596059113305, 0.33333333333333337, 0.0, 0.5714285714285714, 0.0
0.30704365079365087, 0.25, 0.0, 0.6, 0.0
0.2906349206349207, 0.25, 0.0, 0.6, 0.0
0.318144499178982, 0.25, 0.0, 0.5714285714285714, 0.0
0.35652709359605916, 0.4, 0.0, 0.7142857142857143, 0.0
0.34855442176870755, 0.4, 0.0, 0.6666666666666667, 0.0
0.3538095238095239, 0.4, 0.0, 0.5714285714285714, 0.0
0.28639846743295033, 0.33333333333333337, 0.0, 0.5555555555555556, 0.0
0.3090476190476191, 0.33333333333333337, 0.0, 0.5, 0.0
0.30640394088669964, 0.33333333333333337, 0.0, 0.5, 0.0
0.2917989417989419, 0.25, 0.0, 0.5, 0.0
0.34111111111111114, 0.4, 0.0, 0.6666666666666667, 0.0
0.2807881773399015, 0.25, 0.0, 0.5, 0.0
0.30518707482993207, 0.25, 0.0, 0.5714285714285714, 0.0
0.3267460317460318, 0.2916666666666667, 0.0, 0.6666666666666667, 0.0
0.36247947454844015, 0.4, 0.0, 0.6, 0.0
0.3163690476190477, 0.33333333333333337, 0.0, 0.6666666666666667, 0.0
0.3203968253968255, 0.33333333333333337, 0.0, 0.5, 0.0
0.2825091575091575, 0.25, 0.0, 0.6, 0.0
0.32775041050903125, 0.4, 0.0, 0.5714285714285714, 0.0
0.3383415435139575, 0.33333333333333337, 0.0, 0.5, 0.0
0.34178981937602637, 0.4, 0.0, 0.5714285714285714, 0.0
0.3517063492063493, 0.3541666666666667, 0.0, 0.6, 0.0
0.3323633156966491, 0.33333333333333337, 0.0, 0.5714285714285714, 0.0
0.30041050903119876, 0.25, 0.0, 0.6, 0.0
0.33817460317460324, 0.4, 0.0, 0.5, 0.0
0.3243650793650794, 0.33333333333333337, 0.0, 0.5714285714285714, 0.0
0.26153530377668316, 0.25, 0.0, 0.6, 0.0
0.2806507936507937, 0.25, 0.0, 0.5555555555555556, 0.0
0.31657142857142856, 0.33333333333333337, 0.0, 0.5714285714285714, 0.0
0.31411564625850347, 0.33333333333333337, 0.0, 0.5, 0.0
0.31225749559082905, 0.33333333333333337, 0.0, 0.5, 0.0
0.31222222222222235, 0.33333333333333337, 0.0, 0.5, 0.0
0.3267241379310346, 0.33333333333333337, 0.0, 0.6, 0.0
0.30960591133004933, 0.25, 0.0, 0.5, 0.0
0.2923645320197045, 0.33333333333333337, 0.0, 0.6666666666666667, 0.0
0.3319841269841271, 0.4, 0.0, 0.6, 0.0
0.3236042692939246, 0.33333333333333337, 0.0, 0.625, 0.0
0.3137110016420362, 0.2857142857142857, 0.0, 0.5714285714285714, 0.0
0.25150793650793657, 0.25, 0.0, 0.5, 0.0
0.31461412151067336, 0.33333333333333337, 0.0, 0.5714285714285714, 0.0
0.3506020799124248, 0.4, 0.0, 0.6, 0.0
0.3253694581280789, 0.4, 0.0, 0.5, 0.0
0.3180097680097681, 0.25, 0.19999999999999996, 0.5, 0.0
0.32479474548440074, 0.4, 0.0, 0.5714285714285714, 0.0
0.34455782312925176, 0.2857142857142857, 0.19999999999999996, 0.5714285714285714, 0.0
0.30561224489795924, 0.25, 0.0, 0.6, 0.0
0.3677777777777778, 0.4, 0.0, 0.7142857142857143, 0.0
0.3132783882783884, 0.33333333333333337, 0.0, 0.5, 0.0
0.2926108374384237, 0.25, 0.0, 0.5, 0.0
0.33693310657596376, 0.4, 0.0, 0.5555555555555556, 0.0
0.30722789115646265, 0.25, 0.0, 0.5714285714285714, 0.0
0.2912169312169313, 0.26785714285714285, 0.0, 0.5555555555555556, 0.0
0.2951559934318555, 0.25, 0.0, 0.5, 0.0
0.32285166940339366, 0.4, 0.0, 0.5555555555555556, 0.0
0.3492346938775511, 0.4, 0.0, 0.6, 0.0
0.2987301587301588, 0.25, 0.0, 0.5, 0.0
0.31386054421768705, 0.26785714285714285, 0.19999999999999996, 0.5, 0.0
0.36851395730706077, 0.4, 0.0, 0.6666666666666667, 0.0
0.3543924466338261, 0.375, 0.16666666666666663, 0.5714285714285714, 0.0
0.29906462585034027, 0.33333333333333337, 0.0, 0.5, 0.0
0.32730158730158737, 0.2916666666666667, 0.0, 0.5, 0.0
0.3778071722516167, 0.4, 0.0, 0.6, 0.0
0.29148351648351656, 0.25, 0.0, 0.5, 0.0
0.31480569239189937, 0.33333333333333337, 0.0, 0.5555555555555556, 0.0
0.2898809523809525, 0.2916666666666667, 0.0, 0.5, 0.0
0.2993827160493827, 0.33333333333333337, 0.0, 0.5, 0.0
0.3270408163265306, 0.30952380952380953, 0.0, 0.6, 0.0
0.29967159277504113, 0.33333333333333337, 0.0, 0.5714285714285714, 0.0
0.32294745484400667, 0.33333333333333337, 0.0, 0.625, 0.0
0.2977106227106229, 0.33333333333333337, 0.0, 0.4285714285714286, 0.0
0.3157312925170069, 0.33333333333333337, 0.0, 0.5, 0.0
0.33290816326530626, 0.33333333333333337, 0.0, 0.5714285714285714, 0.0
0.30518707482993207, 0.33333333333333337, 0.0, 0.5714285714285714, 0.0
0.3249178981937603, 0.33333333333333337, 0.0, 0.6, 0.0
0.360897435897436, 0.33333333333333337, 0.25, 0.6666666666666667, 0.0
0.333968253968254, 0.3666666666666667, 0.0, 0.5, 0.0
0.27563492063492073, 0.25, 0.0, 0.5, 0.0
0.2970853858784894, 0.33333333333333337, 0.0, 0.5, 0.0
0.3224489795918369, 0.33333333333333337, 0.0, 0.5, 0.0
0.3391156462585035, 0.33333333333333337, 0.0, 0.6666666666666667, 0.0
0.3009031198686372, 0.25, 0.0, 0.4285714285714286, 0.0
0.2982758620689655, 0.33333333333333337, 0.0, 0.6, 0.0
0.3375396825396827, 0.33333333333333337, 0.0, 0.5, 0.0
0.3343185550082102, 0.33333333333333337, 0.0, 0.5714285714285714, 0.0
0.36235632183908056, 0.4, 0.0, 0.5714285714285714, 0.0
0.33575680272108854, 0.3541666666666667, 0.0, 0.6, 0.0
0.306896551724138, 0.25, 0.0, 0.5, 0.0
0.31280788177339913, 0.25, 0.0, 0.5714285714285714, 0.0
0.35813492063492075, 0.3875, 0.0, 0.5714285714285714, 0.0
0.3331632653061226, 0.33333333333333337, 0.0, 0.5, 0.0
0.3051587301587303, 0.33333333333333337, 0.0, 0.5, 0.0
0.34540229885057483, 0.33333333333333337, 0.0, 0.6, 0.0
0.3662972085385879, 0.4, 0.0, 0.625, 0.0
0.36777777777777787, 0.4, 0.0, 0.5714285714285714, 0.0
0.35909863945578246, 0.4, 0.0, 0.5, 0.0
0.34651360544217696, 0.4, 0.0, 0.6, 0.0
0.33390022675736963, 0.3666666666666667, 0.0, 0.6, 0.0
0.3485544217687076, 0.4, 0.0, 0.5, 0.0
0.2536111111111111, 0.25, 0.0, 0.6, 0.0
0.29031198686371107, 0.33333333333333337, 0.0, 0.5, 0.0
0.3476587301587302, 0.4, 0.0, 0.5714285714285714, 0.0
0.3039682539682541, 0.33333333333333337, 0.0, 0.5714285714285714, 0.0
0.3570607553366175, 0.4, 0.0, 0.6, 0.0
0.33562925170068036, 0.4, 0.0, 0.6, 0.0
0.30301587301587307, 0.26785714285714285, 0.0, 0.5714285714285714, 0.0
0.3895408163265307, 0.4, 0.19999999999999996, 0.5714285714285714, 0.0
0.3048469387755102, 0.26785714285714285, 0.0, 0.5, 0.0
0.3481116584564862, 0.4, 0.0, 0.5714285714285714, 0.0
0.29576719576719585, 0.25, 0.0, 0.5, 0.0
0.2742200328407226, 0.25, 0.0, 0.5, 0.0
0.27056650246305425, 0.25, 0.0, 0.5, 0.0
0.2934744268077602, 0.25, 0.0, 0.5, 0.0
0.3490646258503402, 0.3666666666666667, 0.0, 0.6, 0.0
0.3312925170068028, 0.33333333333333337, 0.0, 0.5714285714285714, 0.0
0.2826765188834155, 0.25, 0.0, 0.5, 0.0
0.3410052910052911, 0.4, 0.0, 0.5, 0.0
0.3625396825396826, 0.33333333333333337, 0.25, 0.6, 0.0
0.34115079365079376, 0.3541666666666667, 0.0, 0.5714285714285714, 0.0
0.3412424740010948, 0.4, 0.0, 0.6, 0.0
0.31384479717813063, 0.33333333333333337, 0.0, 0.5714285714285714, 0.0
0.3572222222222223, 0.4, 0.0, 0.6, 0.0
0.29594356261022936, 0.25, 0.0, 0.6666666666666667, 0.0
0.29450549450549457, 0.33333333333333337, 0.0, 0.6, 0.0
