0.3337027914614122, 0.4, 0.0, 0.625, 0.0
0.3524074074074074, 0.3875, 0.0, 0.6666666666666667, 0.0
0.3691798941798943, 0.4, 0.0, 0.6, 0.0
0.3714422550629448, 0.4, 0.0, 0.5, 0.0
0.3931349206349207, 0.4, 0.0, 0.6, 0.0
0.35524083196496997, 0.4, 0.0, 0.625, 0.0
0.3638321995464852, 0.4, 0.0, 0.5555555555555556, 0.0
0.3412037037037038, 0.3666666666666667, 0.0, 0.625, 0.0
0.3399867724867726, 0.4, 0.0, 0.5555555555555556, 0.0
0.3752777777777778, 0.4, 0.0, 0.5714285714285714, 0.0
0.303358843537415, 0.4, 0.0, 0.5714285714285714, 0.0
0.35640589569160996, 0.3666666666666667, 0.0, 0.6, 0.0
0.3703968253968254, 0.4, 0.0, 0.5714285714285714, 0.0
0.3540914066776136, 0.4, 0.0, 0.7142857142857143, 0.0
0.361938431938432, 0.4, 0.0, 0.5714285714285714, 0.0
0.3435317460317461, 0.4, 0.0, 0.5, 0.0
0.36677248677248675, 0.4142857142857143, 0.0, 0.5555555555555556, 0.0
0.3680188124632569, 0.4285714285714286, 0.0, 0.5714285714285714, 0.0
0.3376190476190477, 0.4, 0.0, 0.5714285714285714, 0.0
0.3982621784345922, 0.4, 0.0, 0.625, 0.0
0.3238756613756614, 0.3875, 0.0, 0.6666666666666667, 0.0
0.37587575259989053, 0.4, 0.0, 0.625, 0.0
0.39110066179031705, 0.4, 0.19999999999999996, 0.6363636363636364, 0.0
0.39566326530612245, 0.4, 0.0, 0.6666666666666667, 0.0
0.3024074074074074, 0.2857142857142857, 0.0, 0.6666666666666667, 0.0
0.35240740740740745, 0.4, 0.0, 0.625, 0.0
0.38667989417989423, 0.4, 0.0, 0.625, 0.0
0.3663492063492064, 0.4, 0.0, 0.5714285714285714, 0.0
0.3305820105820107, 0.3666666666666667, 0.0, 0.5714285714285714, 0.0
0.386335978835979, 0.4, 0.19999999999999996, 0.5714285714285714, 0.0
0.3673469387755102, 0.4, 0.0, 0.6, 0.0
0.3993386243386243, 0.4, 0.0, 0.6666666666666667, 0.0
0.37030423280423286, 0.4, 0.0, 0.625, 0.0
0.4077038861521621, 0.4, 0.25, 0.625, 0.0
0.36592775041050907, 0.4, 0.0, 0.5714285714285714, 0.0
0.3898015873015873, 0.4, 0.0, 0.6, 0.0
0.3190873015873016, 0.3875, 0.0, 0.6, 0.0
0.3696031746031746, 0.4, 0.0, 0.5714285714285714, 0.0
0.37260582010582016, 0.4, 0.0, 0.5555555555555556, 0.0
0.3824603174603175, 0.4, 0.0, 0.6, 0.0
0.3978042328042328, 0.4285714285714286, 0.0, 0.625, 0.0
0.37666666666666676, 0.4, 0.0, 0.5714285714285714, 0.0
0.38115079365079374, 0.4, 0.0, 0.5714285714285714, 0.0
0.3829638752052546, 0.4, 0.0, 0.625, 0.0
0.36904761904761907, 0.4, 0.0, 0.5555555555555556, 0.0
0.35026455026455033, 0.4, 0.0, 0.5714285714285714, 0.0
0.3257662835249042, 0.4, 0.0, 0.5714285714285714, 0.0
0.3992884510125889, 0.4285714285714286, 0.0, 0.5714285714285714, 0.0
0.3348015873015874, 0.4, 0.0, 0.5, 0.0
0.40034391534391545, 0.4, 0.0, 0.5555555555555556, 0.0
0.381547619047619, 0.4285714285714286, 0.0, 0.625, 0.0
0.40103995621237004, 0.4285714285714286, 0.0, 0.5714285714285714, 0.0
0.38431216931216927, 0.4, 0.0, 0.6, 0.0
0.37989417989417995, 0.4, 0.0, 0.5, 0.0
0.3625478927203066, 0.4, 0.0, 0.5714285714285714, 0.0
0.3997619047619048, 0.4285714285714286, 0.0, 0.6, 0.0
0.34659277504105096, 0.4, 0.0, 0.625, 0.0
0.3386243386243386, 0.4, 0.0, 0.5555555555555556, 0.0
0.3096825396825398, 0.33333333333333337, 0.0, 0.6, 0.0
0.34444444444444444, 0.4, 0.0, 0.6, 0.0
0.4147619047619047, 0.4642857142857143, 0.0, 0.6, 0.0
0.34055555555555556, 0.4, 0.0, 0.5714285714285714, 0.0
0.3428306878306879, 0.4, 0.0, 0.5714285714285714, 0.0
0.3654232804232805, 0.4, 0.0, 0.5714285714285714, 0.0
0.39271164021164023, 0.4285714285714286, 0.0, 0.5555555555555556, 0.0
0.36829365079365084, 0.4, 0.0, 0.5714285714285714, 0.0
0.3579081632653061, 0.4142857142857143, 0.0, 0.6666666666666667, 0.0
0.38623015873015876, 0.4142857142857143, 0.0, 0.625, 0.0
0.3961111111111111, 0.4142857142857143, 0.0, 0.6666666666666667, 0.0
0.35740740740740745, 0.4, 0.0, 0.7142857142857143, 0.0
0.37214285714285716, 0.4, 0.0, 0.6, 0.0
0.3935714285714286, 0.4, 0.0, 0.625, 0.0
0.3722883597883598, 0.4, 0.0, 0.625, 0.0
0.38412698412698415, 0.4285714285714286, 0.0, 0.625, 0.0
0.4016269841269841, 0.4285714285714286, 0.0, 0.6666666666666667, 0.0
0.33373015873015877, 0.4, 0.0, 0.625, 0.0
0.3570899470899472, 0.4, 0.0, 0.625, 0.0
0.37033388067870826, 0.4, 0.0, 0.5714285714285714, 0.0
0.3860714285714286, 0.4, 0.0, 0.625, 0.0
0.40629251700680274, 0.4285714285714286, 0.0, 0.5, 0.0
0.3621031746031746, 0.4, 0.0, 0.625, 0.0
0.38653439153439156, 0.4142857142857143, 0.0, 0.6666666666666667, 0.0
0.3965106732348112, 0.4, 0.0, 0.625, 0.0
0.35270935960591143, 0.4, 0.0, 0.625, 0.0
0.33754789272030655, 0.4, 0.0, 0.625, 0.0
0.3815873015873017, 0.4, 0.0, 0.5714285714285714, 0.0
0.3588888888888889, 0.4, 0.0, 0.5714285714285714, 0.0
0.39051587301587304, 0.4, 0.0, 0.625, 0.0
0.33850574712643683, 0.4, 0.0, 0.5, 0.0
0.3786507936507936, 0.4, 0.0, 0.625, 0.0
0.3652248677248678, 0.3666666666666667, 0.0, 0.7142857142857143, 0.0
0.32724867724867723, 0.4, 0.0, 0.5714285714285714, 0.0
0.35720899470899475, 0.4, 0.0, 0.625, 0.0
0.34460864805692404, 0.4, 0.0, 0.5714285714285714, 0.0
0.3966137566137566, 0.4, 0.0, 0.6, 0.0
0.3393541324575807, 0.4, 0.0, 0.5714285714285714, 0.0
0.3814039408866996, 0.4, 0.0, 0.6, 0.0
0.4162566137566138, 0.4, 0.25, 0.625, 0.0
0.40585978835978836, 0.4142857142857143, 0.0, 0.625, 0.0
0.3714148877941981, 0.4285714285714286, 0.0, 0.625, 0.0
0.379255610290093, 0.4285714285714286, 0.0, 0.6, 0.0
0.3508994708994709, 0.4, 0.0, 0.5555555555555556, 0.0
0.3216411564625851, 0.3875, 0.0, 0.5, 0.0
0.37879036672140126, 0.4, 0.0, 0.625, 0.0
0.422304324028462, 0.4, 0.25, 0.5714285714285714, 0.0
0.3662972085385879, 0.4, 0.0, 0.625, 0.0
0.3761111111111112, 0.4, 0.0, 0.625, 0.0
0.3565681444991791, 0.4, 0.0, 0.5555555555555556, 0.0
0.354320987654321, 0.4, 0.0, 0.5, 0.0
0.39373015873015876, 0.4, 0.0, 0.5714285714285714, 0.0
0.34952380952380957, 0.4, 0.0, 0.6666666666666667, 0.0
0.3312301587301587, 0.3875, 0.0, 0.5714285714285714, 0.0
0.3651058201058202, 0.3875, 0.0, 0.625, 0.0
0.394920634920635, 0.4, 0.19999999999999996, 0.5714285714285714, 0.0
0.37584656084656093, 0.4, 0.0, 0.5, 0.0
0.34410235358511215, 0.4, 0.0, 0.6, 0.0
0.3564039408866996, 0.4, 0.0, 0.5, 0.0
0.3347290640394089, 0.4, 0.0, 0.6, 0.0
0.3226058201058201, 0.33333333333333337, 0.0, 0.5714285714285714, 0.0
0.40304232804232804, 0.4142857142857143, 0.0, 0.625, 0.0
0.4184523809523809, 0.5, 0.0, 0.625, 0.0
0.38924603174603184, 0.4, 0.25, 0.6666666666666667, 0.0
0.33821839080459776, 0.4, 0.0, 0.625, 0.0
0.3642857142857143, 0.4, 0.0, 0.6, 0.0
0.37825396825396834, 0.4, 0.0, 0.625, 0.0
0.3763492063492064, 0.4, 0.0, 0.5, 0.0
0.3330049261083744, 0.4, 0.0, 0.5, 0.0
0.3933087027914615, 0.4, 0.25, 0.5714285714285714, 0.0
0.37079365079365084, 0.4, 0.0, 0.7142857142857143, 0.0
0.3673015873015873, 0.4, 0.0, 0.6666666666666667, 0.0
0.3580733442802409, 0.4, 0.0, 0.5714285714285714, 0.0
0.3421825396825398, 0.3541666666666667, 0.0, 0.5, 0.0
0.3740079365079365, 0.4, 0.0, 0.625, 0.0
0.3901340996168582, 0.4285714285714286, 0.0, 0.5714285714285714, 0.0
0.35479024943310655, 0.4, 0.0, 0.5714285714285714, 0.0
0.3626455026455026, 0.4142857142857143, 0.0, 0.5555555555555556, 0.0
0.37166119321291735, 0.4, 0.0, 0.625, 0.0
0.35437925170068035, 0.4, 0.0, 0.625, 0.0
0.4170224411603722, 0.4285714285714286, 0.0, 0.6, 0.0
0.36197089947089955, 0.4, 0.0, 0.625, 0.0
0.3376322751322752, 0.4, 0.0, 0.625, 0.0
0.3938423645320198, 0.4, 0.25, 0.625, 0.0
0.3586507936507937, 0.4, 0.0, 0.625, 0.0
0.38642857142857145, 0.4285714285714286, 0.0, 0.6, 0.0
0.35324302134646973, 0.4, 0.0, 0.6, 0.0
0.36023242630385494, 0.3875, 0.0, 0.5714285714285714, 0.0
0.37224867724867733, 0.4, 0.0, 0.5714285714285714, 0.0
0.3863492063492064, 0.4, 0.0, 0.6666666666666667, 0.0
0.40571428571428575, 0.4, 0.25, 0.7, 0.0
0.3609332238642584, 0.4, 0.0, 0.5714285714285714, 0.0
0.3431746031746032, 0.4, 0.0, 0.5, 0.0
0.3531198686371101, 0.4, 0.0, 0.6666666666666667, 0.0
0.3396428571428573, 0.4, 0.0, 0.625, 0.0
0.36358784893267654, 0.4, 0.0, 0.625, 0.0
0.3369458128078819, 0.4, 0.0, 0.5, 0.0
0.362936507936508, 0.4, 0.0, 0.6, 0.0
0.36859788359788365, 0.4, 0.0, 0.5714285714285714, 0.0
0.3540343915343916, 0.4, 0.0, 0.625, 0.0
0.33793103448275863, 0.4, 0.0, 0.6, 0.0
0.4113984674329502, 0.4285714285714286, 0.0, 0.625, 0.0
0.35975643130815554, 0.4, 0.0, 0.625, 0.0
0.3828817733990148, 0.4, 0.0, 0.625, 0.0
0.4056613756613757, 0.4, 0.0, 0.625, 0.0
0.32524630541871924, 0.4, 0.0, 0.5714285714285714, 0.0
0.38741105637657364, 0.4, 0.0, 0.5714285714285714, 0.0
0.36302437641723356, 0.4, 0.0, 0.625, 0.0
0.3594708994708995, 0.4, 0.0, 0.5714285714285714, 0.0
0.33530377668308714, 0.4, 0.0, 0.5714285714285714, 0.0
0.40281746031746035, 0.4142857142857143, 0.25, 0.6666666666666667, 0.0
0.35931216931216936, 0.4, 0.0, 0.5555555555555556, 0.0
0.3854056437389771, 0.4, 0.25, 0.5, 0.0
0.4072310405643739, 0.4, 0.19999999999999996, 0.6666666666666667, 0.0
0.3498544973544974, 0.4, 0.0, 0.6, 0.0
0.39468253968253975, 0.4, 0.16666666666666663, 0.625, 0.0
0.3657142857142857, 0.4, 0.0, 0.5714285714285714, 0.0
0.3962830687830688, 0.4, 0.19999999999999996, 0.625, 0.0
0.358888888888889, 0.4, 0.0, 0.6, 0.0
0.3536945812807881, 0.4, 0.0, 0.6, 0.0
0.34834183673469393, 0.4, 0.0, 0.625, 0.0
0.3515873015873016, 0.4, 0.0, 0.5714285714285714, 0.0
0.358128078817734, 0.4, 0.0, 0.6, 0.0
0.38047619047619047, 0.4285714285714286, 0.0, 0.6, 0.0
0.3643678160919541, 0.4, 0.0, 0.5714285714285714, 0.0
0.36968253968253967, 0.4142857142857143, 0.0, 0.5714285714285714, 0.0
0.39444444444444443, 0.4285714285714286, 0.0, 0.625, 0.0
0.3866354875283447, 0.4285714285714286, 0.0, 0.625, 0.0
0.3861247947454844, 0.4, 0.0, 0.625, 0.0
0.3795493197278912, 0.4, 0.0, 0.6, 0.0
0.34714285714285714, 0.4, 0.0, 0.5714285714285714, 0.0
0.3402572523262179, 0.4, 0.0, 0.5555555555555556, 0.0
0.3681122448979593, 0.4, 0.0, 0.5, 0.0
0.3662981859410431, 0.4, 0.0, 0.6666666666666667, 0.0
0.2975369458128079, 0.33333333333333337, 0.0, 0.5714285714285714, 0.0
0.3852116402116402, 0.4142857142857143, 0.0, 0.7142857142857143, 0.0
0.39529282977558844, 0.4, 0.0, 0.5555555555555556, 0.0
0.40206349206349207, 0.4285714285714286, 0.0, 0.5714285714285714, 0.0
0.39192665571975915, 0.4285714285714286, 0.0, 0.6, 0.0
0.3193486590038314, 0.4, 0.0, 0.5714285714285714, 0.0
0.44113756613756616, 0.4142857142857143, 0.25, 0.6, 0.0
0.42356321839080463, 0.4285714285714286, 0.0, 0.625, 0.0
