0.3183333333333334, 0.3666666666666667, 0.0, 0.5, 0.0
0.3538095238095238, 0.4, 0.0, 0.7142857142857143, 0.0
0.3570899470899472, 0.4, 0.0, 0.625, 0.0
0.3516931216931218, 0.33333333333333337, 0.0, 0.5555555555555556, 0.0
0.34181216931216934, 0.4, 0.0, 0.625, 0.0
0.2671428571428572, 0.30952380952380953, 0.0, 0.5, 0.0
0.3677777777777777, 0.4, 0.0, 0.6666666666666667, 0.0
0.3119444444444446, 0.33333333333333337, 0.0, 0.5, 0.0
0.3722751322751323, 0.4, 0.0, 0.5714285714285714, 0.0
0.355952380952381, 0.4, 0.0, 0.5714285714285714, 0.0
0.3330158730158731, 0.4, 0.0, 0.5714285714285714, 0.0
0.3665873015873017, 0.4, 0.0, 0.5, 0.0
0.3315873015873017, 0.3666666666666667, 0.0, 0.5714285714285714, 0.0
0.34388888888888886, 0.4, 0.0, 0.75, 0.0
0.354404761904762, 0.4, 0.0, 0.625, 0.0
0.33087027914614126, 0.4, 0.0, 0.5714285714285714, 0.0
0.326904761904762, 0.4, 0.0, 0.5714285714285714, 0.0
0.3107936507936509, 0.4, 0.0, 0.5, 0.0
0.3548677248677249, 0.4, 0.0, 0.5555555555555556, 0.0
0.39431216931216934, 0.4, 0.0, 0.5714285714285714, 0.0
0.36625661375661384, 0.4, 0.0, 0.6, 0.0
0.37783068783068785, 0.4, 0.0, 0.6666666666666667, 0.0
0.34519841269841284, 0.4, 0.0, 0.5, 0.0
0.36498677248677247, 0.4, 0.0, 0.625, 0.0
0.3492857142857143, 0.4, 0.0, 0.5714285714285714, 0.0
0.3363492063492064, 0.4, 0.0, 0.6, 0.0
0.3034920634920635, 0.4, 0.0, 0.5714285714285714, 0.0
0.3067460317460318, 0.26785714285714285, 0.0, 0.5714285714285714, 0.0
0.3428908128908129, 0.33333333333333337, 0.0, 0.6, 0.0
0.3390079365079366, 0.4, 0.0, 0.5, 0.0
0.33722222222222226, 0.4, 0.0, 0.5714285714285714, 0.0
0.35328042328042336, 0.4, 0.0, 0.5714285714285714, 0.0
0.372989417989418, 0.4, 0.0, 0.625, 0.0
0.37059523809523814, 0.4, 0.0, 0.625, 0.0
0.34619047619047616, 0.4, 0.0, 0.6666666666666667, 0.0
0.3169444444444445, 0.3875, 0.0, 0.5714285714285714, 0.0
0.3273941798941799, 0.4, 0.0, 0.625, 0.0
0.37338624338624343, 0.4, 0.0, 0.5555555555555556, 0.0
0.38100529100529107, 0.4, 0.0, 0.5714285714285714, 0.0
0.3600000000000001, 0.4, 0.0, 0.625, 0.0
0.35521164021164015, 0.4, 0.0, 0.6, 0.0
0.3069786535303778, 0.4, 0.0, 0.5714285714285714, 0.0
0.27087301587301593, 0.33333333333333337, 0.0, 0.5, 0.0
0.34484126984126995, 0.375, 0.0, 0.6, 0.0
0.3161111111111111, 0.3666666666666667, 0.0, 0.5714285714285714, 0.0
0.2527777777777778, 0.25, 0.0, 0.625, 0.0
0.42039682539682544, 0.4142857142857143, 0.0, 0.5714285714285714, 0.0
0.38820105820105827, 0.4, 0.0, 0.5714285714285714, 0.0
0.3926587301587302, 0.4142857142857143, 0.0, 0.625, 0.0
0.3967857142857143, 0.4285714285714286, 0.0, 0.625, 0.0
0.3107936507936508, 0.33333333333333337, 0.0, 0.6, 0.0
0.3691269841269842, 0.4, 0.0, 0.6666666666666667, 0.0
0.39335978835978835, 0.4, 0.0, 0.6666666666666667, 0.0
0.3452380952380954, 0.4, 0.0, 0.625, 0.0
0.34460317460317463, 0.4, 0.0, 0.5714285714285714, 0.0
0.32206349206349216, 0.33333333333333337, 0.0, 0.625, 0.0
0.34023809523809534, 0.4, 0.0, 0.5714285714285714, 0.0
0.33928571428571436, 0.33333333333333337, 0.0, 0.625, 0.0
0.3682804232804234, 0.4, 0.0, 0.6, 0.0
0.3812830687830689, 0.4, 0.0, 0.625, 0.0
0.3600529100529101, 0.4, 0.0, 0.5714285714285714, 0.0
0.3009523809523811, 0.33333333333333337, 0.0, 0.5714285714285714, 0.0
0.3305820105820106, 0.4, 0.0, 0.6, 0.0
0.3398015873015873, 0.4142857142857143, 0.0, 0.6666666666666667, 0.0
0.36051587301587307, 0.4, 0.0, 0.625, 0.0
0.36107142857142865, 0.4, 0.0, 0.625, 0.0
0.3031746031746032, 0.2916666666666667, 0.0, 0.5714285714285714, 0.0
0.37112433862433863, 0.4, 0.0, 0.6, 0.0
0.3630158730158731, 0.3541666666666667, 0.0, 0.625, 0.0
0.33906084656084656, 0.4, 0.0, 0.625, 0.0
0.3808201058201058, 0.4, 0.0, 0.6, 0.0
0.3174603174603175, 0.4, 0.0, 0.5, 0.0
0.347857142857143, 0.4, 0.0, 0.5714285714285714, 0.0
0.38214285714285723, 0.4, 0.0, 0.625, 0.0
0.3428571428571428, 0.4, 0.0, 0.6, 0.0
0.3812169312169313, 0.4, 0.0, 0.625, 0.0
0.3585582010582011, 0.4, 0.0, 0.625, 0.0
0.3326455026455027, 0.3666666666666667, 0.0, 0.5714285714285714, 0.0
0.37087301587301597, 0.4, 0.0, 0.5, 0.0
0.34689153439153436, 0.4, 0.0, 0.6, 0.0
0.422010582010582, 0.4142857142857143, 0.0, 0.7142857142857143, 0.0
0.36534391534391536, 0.3666666666666667, 0.0, 0.5714285714285714, 0.0
0.38103174603174605, 0.4285714285714286, 0.0, 0.625, 0.0
0.3055555555555555, 0.4, 0.0, 0.6, 0.0
0.38301587301587314, 0.4, 0.25, 0.5, 0.0
0.3613227513227513, 0.4, 0.0, 0.5714285714285714, 0.0
0.36464285714285716, 0.4, 0.0, 0.6666666666666667, 0.0
0.35791005291005296, 0.4, 0.0, 0.5, 0.0
0.3696825396825398, 0.4, 0.0, 0.6, 0.0
0.42134920634920636, 0.4285714285714286, 0.0, 0.5714285714285714, 0.0
0.3411111111111112, 0.4, 0.0, 0.6, 0.0
0.3125396825396827, 0.33333333333333337, 0.0, 0.5, 0.0
0.3286904761904762, 0.4, 0.0, 0.625, 0.0
0.36547619047619057, 0.4, 0.0, 0.5714285714285714, 0.0
0.35936507936507944, 0.4, 0.0, 0.6, 0.0
0.3548015873015874, 0.3875, 0.0, 0.5, 0.0
0.33150793650793653, 0.4, 0.0, 0.5714285714285714, 0.0
0.30940476190476196, 0.33333333333333337, 0.0, 0.6, 0.0
0.28529100529100543, 0.30952380952380953, 0.0, 0.5, 0.0
0.36640211640211645, 0.4, 0.0, 0.6, 0.0
0.3175000000000001, 0.33333333333333337, 0.0, 0.625, 0.0
0.39656084656084656, 0.4285714285714286, 0.0, 0.625, 0.0
0.36523809523809525, 0.4, 0.0, 0.6666666666666667, 0.0
0.36666666666666664, 0.4, 0.0, 0.5714285714285714, 0.0
0.35341269841269857, 0.3875, 0.0, 0.625, 0.0
0.36488095238095236, 0.4, 0.0, 0.6, 0.0
0.3560317460317461, 0.4, 0.0, 0.6, 0.0
0.380542328042328, 0.4, 0.0, 0.625, 0.0
0.32566137566137576, 0.3666666666666667, 0.0, 0.6666666666666667, 0.0
0.3007936507936508, 0.3666666666666667, 0.0, 0.5714285714285714, 0.0
0.31238095238095237, 0.3666666666666667, 0.0, 0.5714285714285714, 0.0
0.3576587301587301, 0.4, 0.0, 0.6666666666666667, 0.0
0.3884788359788361, 0.4, 0.0, 0.625, 0.0
0.35404761904761906, 0.4, 0.0, 0.5714285714285714, 0.0
0.3476190476190476, 0.4, 0.0, 0.6666666666666667, 0.0
0.3332407407407407, 0.4, 0.0, 0.6, 0.0
0.37514550264550267, 0.4, 0.0, 0.625, 0.0
0.3036507936507938, 0.33333333333333337, 0.0, 0.5, 0.0
0.32999999999999996, 0.3666666666666667, 0.0, 0.5714285714285714, 0.0
0.3506084656084657, 0.4, 0.0, 0.6, 0.0
0.3458333333333334, 0.33333333333333337, 0.0, 0.625, 0.0
0.3368518518518519, 0.4, 0.0, 0.5555555555555556, 0.0
0.3192857142857143, 0.33333333333333337, 0.0, 0.6, 0.0
0.3178571428571429, 0.3541666666666667, 0.0, 0.625, 0.0
0.3493121693121694, 0.33333333333333337, 0.0, 0.625, 0.0
0.3630423280423281, 0.4, 0.0, 0.5555555555555556, 0.0
0.3666402116402117, 0.4, 0.0, 0.5714285714285714, 0.0
0.3388095238095239, 0.4, 0.0, 0.6666666666666667, 0.0
0.3795634920634921, 0.4, 0.0, 0.5714285714285714, 0.0
0.33, 0.4, 0.0, 0.625, 0.0
0.32715608465608476, 0.3541666666666667, 0.0, 0.5714285714285714, 0.0
0.36793650793650795, 0.4, 0.0, 0.5714285714285714, 0.0
0.3612301587301588, 0.4, 0.0, 0.625, 0.0
0.3621825396825397, 0.33333333333333337, 0.25, 0.6666666666666667, 0.0
0.35662698412698407, 0.4, 0.0, 0.7, 0.0
0.388915343915344, 0.4, 0.0, 0.5714285714285714, 0.0
0.2615079365079365, 0.2916666666666667, 0.0, 0.6, 0.0
0.3711904761904761, 0.4142857142857143, 0.0, 0.6666666666666667, 0.0
0.37576719576719575, 0.4142857142857143, 0.0, 0.625, 0.0
0.33736772486772487, 0.4, 0.0, 0.5714285714285714, 0.0
0.34817460317460325, 0.4, 0.0, 0.5714285714285714, 0.0
0.3401587301587302, 0.4, 0.0, 0.5714285714285714, 0.0
0.3411111111111112, 0.4, 0.0, 0.5714285714285714, 0.0
0.3354761904761905, 0.3666666666666667, 0.0, 0.6666666666666667, 0.0
0.3590608465608466, 0.4, 0.0, 0.625, 0.0
0.37123015873015874, 0.4, 0.19999999999999996, 0.625, 0.0
0.3343386243386243, 0.4, 0.0, 0.5714285714285714, 0.0
0.3331349206349206, 0.3875, 0.0, 0.6, 0.0
0.3950396825396826, 0.4, 0.0, 0.6, 0.0
0.3717022441160373, 0.4, 0.0, 0.5555555555555556, 0.0
0.35472222222222227, 0.4, 0.0, 0.625, 0.0
0.34092592592592597, 0.3666666666666667, 0.0, 0.6, 0.0
0.31711640211640213, 0.3666666666666667, 0.0, 0.5714285714285714, 0.0
0.3573677248677249, 0.4, 0.0, 0.6666666666666667, 0.0
0.3748677248677249, 0.4, 0.0, 0.6, 0.0
0.35134920634920636, 0.4, 0.0, 0.6, 0.0
0.3508730158730159, 0.4, 0.0, 0.5, 0.0
0.3022222222222223, 0.2916666666666667, 0.0, 0.6, 0.0
0.3736580086580087, 0.4, 0.0, 0.6666666666666667, 0.0
0.3810317460317461, 0.4, 0.0, 0.5555555555555556, 0.0
0.3688888888888888, 0.4, 0.0, 0.6, 0.0
0.3007936507936508, 0.33333333333333337, 0.0, 0.5714285714285714, 0.0
0.32582010582010584, 0.4, 0.0, 0.6, 0.0
0.3725132275132275, 0.4, 0.0, 0.7142857142857143, 0.0
0.35972222222222233, 0.4, 0.0, 0.5714285714285714, 0.0
0.28335978835978837, 0.2916666666666667, 0.0, 0.5714285714285714, 0.0
0.3934920634920635, 0.4, 0.0, 0.7142857142857143, 0.0
0.3549206349206349, 0.4, 0.0, 0.625, 0.0
0.33722222222222226, 0.3666666666666667, 0.0, 0.5714285714285714, 0.0
0.37755291005291003, 0.4, 0.0, 0.6666666666666667, 0.0
0.3655952380952382, 0.4, 0.0, 0.5714285714285714, 0.0
0.3093650793650794, 0.4, 0.0, 0.5, 0.0
0.41005291005291006, 0.4285714285714286, 0.0, 0.5714285714285714, 0.0
0.3908333333333333, 0.4142857142857143, 0.0, 0.6, 0.0
0.3490740740740741, 0.4, 0.0, 0.5714285714285714, 0.0
0.32976190476190476, 0.33333333333333337, 0.0, 0.7142857142857143, 0.0
0.32416666666666677, 0.375, 0.0, 0.6, 0.0
0.3308730158730159, 0.4, 0.0, 0.5714285714285714, 0.0
0.36085978835978844, 0.4, 0.0, 0.5714285714285714, 0.0
0.3743253968253969, 0.4, 0.0, 0.625, 0.0
0.3357671957671958, 0.375, 0.0, 0.6666666666666667, 0.0
0.342936507936508, 0.4, 0.0, 0.5714285714285714, 0.0
0.3817460317460319, 0.4, 0.0, 0.5, 0.0
0.35023809523809535, 0.4, 0.0, 0.6, 0.0
0.3370370370370371, 0.4, 0.0, 0.5, 0.0
0.3373809523809524, 0.4, 0.0, 0.5714285714285714, 0.0
0.33626984126984133, 0.3875, 0.0, 0.625, 0.0
0.32187830687830693, 0.33333333333333337, 0.0, 0.6666666666666667, 0.0
0.4014814814814816, 0.4, 0.25, 0.5714285714285714, 0.0
0.3889285714285714, 0.4, 0.0, 0.6666666666666667, 0.0
0.3335714285714286, 0.3666666666666667, 0.0, 0.625, 0.0
0.3385714285714287, 0.4, 0.0, 0.5714285714285714, 0.0
0.336521164021164, 0.4, 0.0, 0.6666666666666667, 0.0
0.37496031746031755, 0.4, 0.0, 0.6666666666666667, 0.0
0.38660052910052906, 0.4285714285714286, 0.0, 0.6, 0.0
0.3661904761904762, 0.4, 0.0, 0.6, 0.0
0.3990608465608466, 0.4, 0.0, 0.625, 0.0
0.34341269841269845, 0.4, 0.0, 0.5, 0.0
0.3621428571428572, 0.4, 0.0, 0.6666666666666667, 0.0
0.36121693121693127, 0.4, 0.0, 0.5555555555555556, 0.0
