0.661612417330953, 0.6956521739130435, 0.0, 0.8421052631578947, 0.0
0.6832576768236943, 0.6923076923076923, 0.56, 0.7692307692307692, 0.0
0.6680134345865009, 0.6956521739130435, 0.48275862068965514, 0.7272727272727273, 0.0
0.6599328984402762, 0.6956521739130435, 0.48275862068965514, 0.7272727272727273, 0.0
0.6550001119285424, 0.6666666666666667, 0.48275862068965514, 0.7272727272727273, 0.0
0.6345121784061263, 0.6666666666666667, 0.48275862068965514, 0.7428571428571429, 0.0
0.6206869697983088, 0.6666666666666667, 0.47619047619047616, 0.6956521739130435, 0.0
0.6177214882533671, 0.6206896551724138, 0.47619047619047616, 0.6956521739130435, 0.0
0.6021169151733382, 0.5789473684210527, 0.47619047619047616, 0.6956521739130435, 0.0
0.586948060203209, 0.5714285714285714, 0.47619047619047616, 0.6666666666666667, 0.0
0.5851936742382967, 0.5714285714285714, 0.47619047619047616, 0.6666666666666667, 0.0
0.5783782674228899, 0.5714285714285714, 0.47619047619047616, 0.6666666666666667, 0.0
0.5773186067770223, 0.5625, 0.47619047619047616, 0.6666666666666667, 0.0
0.5587227581811737, 0.5625, 0.41666666666666663, 0.6666666666666667, 0.0
0.5366625615763546, 0.5625, 0.41666666666666663, 0.6428571428571428, 0.0
0.5242816091954021, 0.5517241379310345, 0.4, 0.6, 0.0
0.4978627843555248, 0.47619047619047616, 0.4, 0.6, 0.0
0.4828363293290698, 0.47619047619047616, 0.4, 0.5714285714285714, 0.0
0.47030500100826783, 0.4285714285714286, 0.4, 0.5714285714285714, 0.0
0.45727241955463377, 0.4285714285714286, 0.4, 0.5714285714285714, 0.0
0.44657901938754935, 0.4285714285714286, 0.3157894736842105, 0.5714285714285714, 0.0
0.44657901938754935, 0.4285714285714286, 0.3157894736842105, 0.5714285714285714, 0.0
0.44420601234268464, 0.4285714285714286, 0.3157894736842105, 0.5714285714285714, 0.0
0.43277744091411324, 0.4285714285714286, 0.3157894736842105, 0.5625, 0.0
0.43277744091411324, 0.4285714285714286, 0.3157894736842105, 0.5625, 0.0
0.43277744091411324, 0.4285714285714286, 0.3157894736842105, 0.5625, 0.0
0.43261077424744665, 0.4285714285714286, 0.3157894736842105, 0.56, 0.0
0.43261077424744665, 0.4285714285714286, 0.3157894736842105, 0.56, 0.0
0.4420349757769113, 0.4285714285714286, 0.4, 0.56, 0.0
0.4420349757769113, 0.4285714285714286, 0.4, 0.56, 0.0
0.4339763677183033, 0.4285714285714286, 0.3076923076923077, 0.56, 0.0
0.4312109356195378, 0.4285714285714286, 0.3076923076923077, 0.5333333333333333, 0.0
0.4231523275609297, 0.41666666666666663, 0.3076923076923077, 0.5333333333333333, 0.0
0.4115381639467662, 0.4, 0.3076923076923077, 0.5185185185185186, 0.0
0.39542094782954995, 0.4, 0.3076923076923077, 0.5185185185185186, 0.0
0.39542094782954995, 0.4, 0.3076923076923077, 0.5185185185185186, 0.0
0.38980691274183066, 0.4, 0.3076923076923077, 0.5185185185185186, 0.0
0.39488627782119573, 0.4, 0.3076923076923077, 0.5185185185185186, 0.0
0.39488627782119573, 0.4, 0.3076923076923077, 0.5185185185185186, 0.0
0.39488627782119573, 0.4, 0.3076923076923077, 0.5185185185185186, 0.0
