0.821334536391308, 0.8125, 0.76, 0.9, 0.0
0.748180188429696, 0.76, 0.6097560975609756, 0.8444444444444444, 0.0
0.7446036787973006, 0.75, 0.6097560975609756, 0.8372093023255813, 0.0
0.7163660545765241, 0.7222222222222222, 0.6097560975609756, 0.7692307692307692, 0.0
0.6906370500337123, 0.6857142857142857, 0.5675675675675675, 0.7567567567567568, 0.0
0.6812516188545034, 0.6764705882352942, 0.5675675675675675, 0.7567567567567568, 0.0
0.6779012215412578, 0.6923076923076923, 0.5675675675675675, 0.736842105263158, 0.0
0.6693451944093792, 0.6666666666666667, 0.5675675675675675, 0.725, 0.0
0.6664569881001204, 0.6578947368421053, 0.5675675675675675, 0.7297297297297297, 0.0
0.6621941827846834, 0.6571428571428571, 0.5675675675675675, 0.725, 0.0
0.6569806438869341, 0.6571428571428571, 0.5675675675675675, 0.7111111111111111, 0.0
0.6464225883288783, 0.6486486486486487, 0.5675675675675675, 0.7, 0.0
0.6307890506558671, 0.625, 0.5675675675675675, 0.6923076923076923, 0.0
0.6269835263432826, 0.6216216216216216, 0.5675675675675675, 0.6829268292682926, 0.0
0.6271141511914939, 0.6216216216216216, 0.5675675675675675, 0.6842105263157895, 0.0
0.6269187909961338, 0.6216216216216216, 0.5675675675675675, 0.6923076923076923, 0.0
0.6201948866406505, 0.6153846153846154, 0.5675675675675675, 0.6923076923076923, 0.0
0.6142250304268919, 0.6111111111111112, 0.5675675675675675, 0.6829268292682926, 0.0
0.613826204788668, 0.6097560975609756, 0.5675675675675675, 0.6829268292682926, 0.0
0.6011536323561278, 0.5897435897435898, 0.5555555555555556, 0.6744186046511628, 0.0
0.5845420652486648, 0.5833333333333333, 0.5294117647058824, 0.641025641025641, 0.0
0.5779914810510218, 0.5714285714285714, 0.5294117647058824, 0.641025641025641, 0.0
0.5682911160565391, 0.5675675675675675, 0.5, 0.641025641025641, 0.0
0.5652381925719269, 0.5675675675675675, 0.4516129032258065, 0.641025641025641, 0.0
0.5608251101346509, 0.5675675675675675, 0.46875, 0.641025641025641, 0.0
0.5530887148677678, 0.5675675675675675, 0.5, 0.6097560975609756, 0.0
0.557257079183191, 0.5675675675675675, 0.5142857142857142, 0.6097560975609756, 0.0
0.5546094218296513, 0.5675675675675675, 0.47058823529411764, 0.6097560975609756, 0.0
0.5461998109200403, 0.5555555555555556, 0.4545454545454546, 0.6097560975609756, 0.0
0.5285934951071248, 0.5277777777777778, 0.4545454545454546, 0.5897435897435898, 0.0
0.5210668928746404, 0.5277777777777778, 0.4411764705882353, 0.5897435897435898, 0.0
0.5210668928746404, 0.5277777777777778, 0.4411764705882353, 0.5897435897435898, 0.0
0.5169172734309032, 0.5277777777777778, 0.4242424242424242, 0.5897435897435898, 0.0
0.5126840801535923, 0.5277777777777778, 0.40625, 0.5897435897435898, 0.0
0.5104731082770606, 0.5277777777777778, 0.4193548387096774, 0.5897435897435898, 0.0
0.5055994630689752, 0.5277777777777778, 0.40625, 0.5897435897435898, 0.0
0.5066985902710436, 0.5277777777777778, 0.4242424242424242, 0.5897435897435898, 0.0
0.5045996244220777, 0.5277777777777778, 0.40625, 0.5897435897435898, 0.0
0.49801178658423984, 0.5142857142857142, 0.40625, 0.5897435897435898, 0.0
0.49801178658423984, 0.5142857142857142, 0.40625, 0.5897435897435898, 0.0
