0.8240792751571214, 0.8378378378378378, 0.7173913043478262, 0.8857142857142857, 0.0
0.7592360274661626, 0.75, 0.6206896551724138, 0.8536585365853658, 0.0
0.7440247373639658, 0.7333333333333334, 0.6071428571428572, 0.8333333333333334, 0.0
0.7247876385705048, 0.7234042553191489, 0.6052631578947368, 0.8297872340425532, 0.0
0.714212387267479, 0.7173913043478262, 0.5945945945945945, 0.825, 0.0
0.702339480436785, 0.7111111111111111, 0.5625, 0.8163265306122449, 0.0
0.6720408557452646, 0.6578947368421053, 0.5945945945945945, 0.75, 0.0
0.6693294406373256, 0.6578947368421053, 0.5945945945945945, 0.75, 0.0
0.6579412131267682, 0.625, 0.5862068965517242, 0.7659574468085106, 0.0
0.6559709276197004, 0.6363636363636364, 0.5862068965517242, 0.736842105263158, 0.0
0.6630514999858271, 0.6470588235294117, 0.5862068965517242, 0.736842105263158, 0.0
0.6632317272489213, 0.6470588235294117, 0.5862068965517242, 0.736842105263158, 0.0
0.6560813710088309, 0.641025641025641, 0.5862068965517242, 0.736842105263158, 0.0
0.6512706238556726, 0.641025641025641, 0.5862068965517242, 0.7111111111111111, 0.0
0.6480728106578595, 0.6341463414634146, 0.5862068965517242, 0.7111111111111111, 0.0
0.6423336299186786, 0.6341463414634146, 0.5833333333333333, 0.7111111111111111, 0.0
0.6344682121861086, 0.6341463414634146, 0.5833333333333333, 0.7111111111111111, 0.0
0.6202886227124014, 0.6341463414634146, 0.5588235294117647, 0.6666666666666667, 0.0
0.6170683852740865, 0.6341463414634146, 0.5641025641025641, 0.6666666666666667, 0.0
0.6144655680371229, 0.6097560975609756, 0.575, 0.6666666666666667, 0.0
0.6079590360427861, 0.5945945945945945, 0.5714285714285714, 0.6666666666666667, 0.0
0.6036785207096392, 0.5945945945945945, 0.5555555555555556, 0.6666666666666667, 0.0
0.6023279219906195, 0.5945945945945945, 0.5555555555555556, 0.6666666666666667, 0.0
0.6054102634555025, 0.5897435897435898, 0.5789473684210527, 0.6666666666666667, 0.0
0.6034628039984153, 0.5897435897435898, 0.5789473684210527, 0.6585365853658536, 0.0
0.6034238986963522, 0.5897435897435898, 0.5675675675675675, 0.6585365853658536, 0.0
0.6008785927988524, 0.5897435897435898, 0.5588235294117647, 0.6585365853658536, 0.0
0.5985942258803391, 0.5897435897435898, 0.5588235294117647, 0.6585365853658536, 0.0
0.5931542119550877, 0.5897435897435898, 0.5135135135135135, 0.6585365853658536, 0.0
0.5921505767409262, 0.5897435897435898, 0.5135135135135135, 0.6585365853658536, 0.0
0.5766019511923007, 0.5833333333333333, 0.5, 0.6585365853658536, 0.0
0.5743449573563596, 0.5833333333333333, 0.5, 0.6585365853658536, 0.0
0.5734440564554587, 0.5833333333333333, 0.5, 0.6585365853658536, 0.0
0.5727786349363787, 0.5833333333333333, 0.5, 0.6585365853658536, 0.0
0.5696833968411406, 0.5833333333333333, 0.48571428571428577, 0.6585365853658536, 0.0
0.5645902296117504, 0.5588235294117647, 0.48571428571428577, 0.6585365853658536, 0.0
0.5545954980380714, 0.5526315789473684, 0.4722222222222222, 0.6585365853658536, 0.0
0.5554375165271488, 0.5588235294117647, 0.4722222222222222, 0.6585365853658536, 0.0
0.5579297566664477, 0.5833333333333333, 0.4722222222222222, 0.6585365853658536, 0.0
0.5559157946524856, 0.5833333333333333, 0.4571428571428572, 0.6585365853658536, 0.0
