0.4474404761904766, 0.5, 0.0, 0.625, 0.0
0.4431878306878311, 0.5, 0.0, 0.6666666666666667, 0.0
0.4438355990987574, 0.5, 0.0, 0.6666666666666667, 0.0
0.44666803503010444, 0.5, 0.0, 0.6666666666666667, 0.0
0.41827200577200613, 0.5, 0.0, 0.6666666666666667, 0.0
0.4566518697874634, 0.5, 0.0, 0.6666666666666667, 0.0
0.44549124247400157, 0.5, 0.0, 0.6666666666666667, 0.0
0.42121971595655844, 0.5, 0.0, 0.6666666666666667, 0.0
0.4263923698134228, 0.4285714285714286, 0.0, 0.6666666666666667, 0.0
0.4253228410008074, 0.5, 0.0, 0.625, 0.0
0.461720032840723, 0.5, 0.0, 0.6666666666666667, 0.0
0.43289399092970565, 0.5, 0.0, 0.6666666666666667, 0.0
0.47046387520525496, 0.5, 0.0, 0.6666666666666667, 0.0
0.45142993979200924, 0.5, 0.0, 0.625, 0.0
0.4247376916868446, 0.5, 0.0, 0.6666666666666667, 0.0
0.43987411056376613, 0.5, 0.0, 0.6666666666666667, 0.0
0.4553371727478875, 0.5, 0.0, 0.6363636363636364, 0.0
0.47061439518336107, 0.5, 0.0, 0.625, 0.0
0.45776163572773787, 0.5, 0.0, 0.6666666666666667, 0.0
0.4263447280688664, 0.5, 0.0, 0.625, 0.0
0.42094964422550674, 0.5, 0.0, 0.6, 0.0
0.4481316928685353, 0.5, 0.0, 0.6363636363636364, 0.0
0.4372817460317464, 0.4642857142857143, 0.0, 0.6666666666666667, 0.0
0.45970540758676387, 0.5, 0.0, 0.6666666666666667, 0.0
0.4699074074074077, 0.5, 0.0, 0.6666666666666667, 0.0
0.4697067527576007, 0.5, 0.0, 0.6666666666666667, 0.0
0.46646825396825436, 0.5, 0.0, 0.7142857142857143, 0.0
0.45825123152709385, 0.5, 0.0, 0.6666666666666667, 0.0
0.4389000845897401, 0.5, 0.0, 0.6666666666666667, 0.0
0.45873015873015915, 0.5, 0.0, 0.75, 0.0
0.44059523809523843, 0.5, 0.0, 0.6666666666666667, 0.0
0.44338603957248074, 0.5, 0.0, 0.6666666666666667, 0.0
0.45106896027948706, 0.5, 0.0, 0.625, 0.0
0.4462409812409816, 0.5, 0.0, 0.6363636363636364, 0.0
0.4530240831964974, 0.5, 0.0, 0.6, 0.0
0.4655719759168039, 0.5, 0.0, 0.6666666666666667, 0.0
0.4529257465698148, 0.5, 0.0, 0.625, 0.0
0.4778248587570626, 0.5, 0.0, 0.625, 0.0
0.43755044390637626, 0.5, 0.0, 0.6666666666666667, 0.0
0.42602627257799697, 0.5, 0.0, 0.625, 0.0
0.46950497713209616, 0.5, 0.0, 0.6666666666666667, 0.0
0.4583002645502649, 0.5, 0.0, 0.6666666666666667, 0.0
0.4412840136054425, 0.5, 0.25, 0.7142857142857143, 0.0
0.4488293650793655, 0.5, 0.0, 0.6666666666666667, 0.0
0.4359136477557533, 0.5, 0.0, 0.6666666666666667, 0.0
0.4404967159277508, 0.5, 0.0, 0.625, 0.0
0.440489874110564, 0.5, 0.0, 0.625, 0.0
0.43052012471655354, 0.5, 0.0, 0.625, 0.0
0.46221108326371524, 0.5, 0.0, 0.6666666666666667, 0.0
0.43177339901477874, 0.5, 0.0, 0.6666666666666667, 0.0
0.48363599677159047, 0.5, 0.0, 0.6666666666666667, 0.0
0.42365079365079394, 0.5, 0.0, 0.6666666666666667, 0.0
0.44422799422799464, 0.5, 0.0, 0.6666666666666667, 0.0
0.47402116402116434, 0.5, 0.25, 0.625, 0.0
0.44388227513227546, 0.5, 0.0, 0.6666666666666667, 0.0
0.462039278988432, 0.5, 0.0, 0.6666666666666667, 0.0
0.4580853174603178, 0.5, 0.0, 0.6666666666666667, 0.0
0.4580618212197163, 0.5, 0.0, 0.6666666666666667, 0.0
0.41710600907029516, 0.5, 0.0, 0.6, 0.0
0.42905179615705974, 0.4285714285714286, 0.0, 0.6666666666666667, 0.0
0.43917748917748956, 0.5, 0.0, 0.7, 0.0
0.47715728715728756, 0.5, 0.0, 0.75, 0.0
0.4413236481033095, 0.5, 0.0, 0.6666666666666667, 0.0
0.4638283562012381, 0.5, 0.0, 0.6666666666666667, 0.0
0.44854953475643167, 0.5, 0.0, 0.625, 0.0
0.4504994526546255, 0.5, 0.0, 0.625, 0.0
0.43663572773742293, 0.5, 0.0, 0.6666666666666667, 0.0
0.4392857142857146, 0.5, 0.0, 0.6666666666666667, 0.0
0.4291269841269844, 0.5, 0.0, 0.6666666666666667, 0.0
0.49767378215654123, 0.5, 0.0, 0.6666666666666667, 0.0
0.4780333092833098, 0.5, 0.0, 0.6363636363636364, 0.0
0.47734788359788405, 0.5, 0.0, 0.6666666666666667, 0.0
0.4633004926108377, 0.5, 0.0, 0.6666666666666667, 0.0
0.4250793650793654, 0.5, 0.0, 0.625, 0.0
0.4549603174603179, 0.5, 0.0, 0.6666666666666667, 0.0
0.47565681444991836, 0.5, 0.0, 0.6666666666666667, 0.0
0.4654803992303997, 0.5, 0.0, 0.7142857142857143, 0.0
0.4559113300492616, 0.5, 0.0, 0.6666666666666667, 0.0
0.4279526499865485, 0.5, 0.0, 0.625, 0.0
0.41546296296296337, 0.4142857142857143, 0.0, 0.6666666666666667, 0.0
0.46238902340597304, 0.5, 0.0, 0.75, 0.0
0.4394673123486686, 0.5, 0.0, 0.7142857142857143, 0.0
0.4379401154401158, 0.5, 0.0, 0.5714285714285714, 0.0
0.4181150793650798, 0.4285714285714286, 0.0, 0.6666666666666667, 0.0
0.44044312169312216, 0.5, 0.0, 0.6666666666666667, 0.0
0.43932362364565797, 0.5, 0.0, 0.6666666666666667, 0.0
0.45250000000000046, 0.5, 0.0, 0.7142857142857143, 0.0
0.4482038429406855, 0.5, 0.0, 0.6666666666666667, 0.0
0.4364682539682543, 0.5, 0.0, 0.6, 0.0
0.46434729064039454, 0.5, 0.0, 0.6666666666666667, 0.0
0.4146663059163062, 0.5, 0.0, 0.6666666666666667, 0.0
0.46027116402116436, 0.5, 0.0, 0.625, 0.0
0.441495621237001, 0.5, 0.0, 0.6666666666666667, 0.0
0.48321899381221467, 0.5, 0.25, 0.6666666666666667, 0.0
0.4258071025020181, 0.4444444444444444, 0.0, 0.6, 0.0
0.4095611074424637, 0.4285714285714286, 0.0, 0.7, 0.0
0.4624697336561749, 0.5, 0.0, 0.6666666666666667, 0.0
0.4212643678160922, 0.5, 0.0, 0.6, 0.0
0.4399140211640216, 0.5, 0.0, 0.6666666666666667, 0.0
0.4493849206349211, 0.5, 0.0, 0.6666666666666667, 0.0
