-28.606508875739642 
-28.606508875739642 
-28.606508875739642 
-28.606508875739642 
-28.606508875739642 
-28.606508875739642 
-28.606508875739642 
-28.606508875739642 
-28.606508875739642 
-28.606508875739642 
-6.0370879120879115 
-4.829670329670329 
-3.8637362637362633 
-1.6564277588168375 
-7.727472527472527 
-3.951548451548451 
-1.242320819112628 
-0.0 
-0.0 
-1.242320819112628 
-30.092561284868975 
-30.092561284868975 
-30.092561284868975 
-30.092561284868975 
-30.092561284868975 
-30.092561284868975 
-30.092561284868975 
-30.092561284868975 
-30.092561284868975 
-30.092561284868975 
