 factual  -34,747252747252745  0,7058823529411764  0,5333333333333333  0,1907086202388216  7
 factual  -34,747252747252745  0,7058823529411764  0,5333333333333333  0,1907086202388216  7
 factual  -34,747252747252745  0,7058823529411764  0,5333333333333333  0,1907086202388216  7
 factual  -34,747252747252745  0,7058823529411764  0,5333333333333333  0,1907086202388216  7
 factual  -34,747252747252745  0,7058823529411764  0,5333333333333333  0,1907086202388216  7
 factual  -34,747252747252745  0,7058823529411764  0,5333333333333333  0,1907086202388216  7
 factual  -34,747252747252745  0,7058823529411764  0,5333333333333333  0,1907086202388216  7
 factual  -34,747252747252745  0,7058823529411764  0,5333333333333333  0,1907086202388216  7
 factual  -34,747252747252745  0,7058823529411764  0,5333333333333333  0,1907086202388216  7
 factual  -34,747252747252745  0,7058823529411764  0,5333333333333333  0,1907086202388216  7
 analogical  -5,23076923076923  0,8125  0,7333333333333334  0,0841105203521311  4
 analogical  -2,9142857142857137  0,7142857142857143  0,625  0,1712934716290421  3
 analogical  -2,9142857142857137  0,8333333333333334  0,7333333333333334  0,08894004104498308  4
 analogical  -1,647058823529412  0,7142857142857143  0,6  0,18810250152532032  2
 analogical  -1,6190476190476188  0,7777777777777778  0,7142857142857143  0,032336790726052465  2
 analogical  -1,6190476190476188  0,75  0,7142857142857143  0,1454719776867428  2
 analogical  -0,6938775510204082  0,7777777777777778  0,7777777777777778  0,06535997559487493  2
 analogical  -0,0  0,8  0,7777777777777778  0,2297895057962172  2
 analogical  -17,56043956043956  0,6666666666666667  0,6666666666666667  0,15532118887823584  5
 analogical  -0,0  0,6666666666666667  0,6  0,46018913971934106  2
 creative  -33,62637362637362  0,7142857142857143  0,6  0,22138934890612744  6
 creative  -33,62637362637362  0,7142857142857143  0,6  0,22138934890612744  6
 creative  -33,62637362637362  0,7142857142857143  0,6  0,22138934890612744  6
 creative  -33,62637362637362  0,7142857142857143  0,6  0,22138934890612744  6
 creative  -33,62637362637362  0,7142857142857143  0,6  0,22138934890612744  6
 creative  -33,62637362637362  0,7142857142857143  0,6  0,22138934890612744  6
 creative  -33,62637362637362  0,7142857142857143  0,6  0,22138934890612744  6
 creative  -33,62637362637362  0,7142857142857143  0,6  0,22138934890612744  6
 creative  -33,62637362637362  0,7142857142857143  0,6  0,22138934890612744  6
 creative  -33,62637362637362  0,7142857142857143  0,6  0,22138934890612744  6
 factual  -35,376162299239226  0,7058823529411764  0,5714285714285714  0,14436067288416282  6
 factual  -35,376162299239226  0,7058823529411764  0,5714285714285714  0,14436067288416282  6
 factual  -35,376162299239226  0,7058823529411764  0,5714285714285714  0,14436067288416282  6
 factual  -35,376162299239226  0,7058823529411764  0,5714285714285714  0,14436067288416282  6
 factual  -35,376162299239226  0,7058823529411764  0,5714285714285714  0,14436067288416282  6
 factual  -35,376162299239226  0,7058823529411764  0,5714285714285714  0,14436067288416282  6
 factual  -35,376162299239226  0,7058823529411764  0,5714285714285714  0,14436067288416282  6
 factual  -35,376162299239226  0,7058823529411764  0,5714285714285714  0,14436067288416282  6
 factual  -35,376162299239226  0,7058823529411764  0,5714285714285714  0,14436067288416282  6
 factual  -35,376162299239226  0,7058823529411764  0,5714285714285714  0,14436067288416282  6
 analogical  -4,1842772612003385  0,7333333333333334  0,6428571428571428  0,12137191667393009  5
 analogical  -3,5321821036106753  0,7  0,6666666666666667  0,18292403904820012  3
 analogical  -3,4615384615384617  0,7692307692307692  0,6666666666666667  0,1291252981307893  4
 analogical  -2,4725274725274726  0,7777777777777778  0,6666666666666667  0,1533600627560359  3
 analogical  -2,1193092621664054  0,7  0,6666666666666667  0,1603111653447224  3
 analogical  -1,978021978021978  0,7777777777777778  0,6666666666666667  0,17241203986170428  3
 analogical  -1,6483516483516485  0,7692307692307692  0,7272727272727273  0,11253813300793167  3
 analogical  -1,2362637362637363  0,8181818181818181  0,8  0,10667073418751272  2
 analogical  -0,40444444444444444  0,75  0,33333333333333337  0,3108602806589384  2
 analogical  -0,0  0,75  0,33333333333333337  0,31025015253203175  2
 creative  -35,376162299239226  0,7058823529411764  0,6666666666666667  0,18966268630698163  5
 creative  -35,376162299239226  0,7058823529411764  0,6666666666666667  0,18966268630698163  5
 creative  -35,376162299239226  0,7058823529411764  0,6666666666666667  0,18966268630698163  5
 creative  -35,376162299239226  0,7058823529411764  0,6666666666666667  0,18966268630698163  5
 creative  -35,376162299239226  0,7058823529411764  0,6666666666666667  0,18966268630698163  5
 creative  -35,376162299239226  0,7058823529411764  0,6666666666666667  0,18966268630698163  5
 creative  -35,376162299239226  0,7058823529411764  0,6666666666666667  0,18966268630698163  5
 creative  -35,376162299239226  0,7058823529411764  0,6666666666666667  0,18966268630698163  5
 creative  -35,376162299239226  0,7058823529411764  0,6666666666666667  0,18966268630698163  5
 creative  -35,376162299239226  0,7058823529411764  0,6666666666666667  0,18966268630698163  5
 factual  -35,25824175824176  0,7142857142857143  0,5333333333333333  0,18072866730584852  7
 factual  -32,604395604395606  0,7142857142857143  0,5333333333333333  0,1814477468839885  7
 factual  -32,604395604395606  0,7142857142857143  0,5333333333333333  0,1814477468839885  7
 factual  -32,604395604395606  0,7142857142857143  0,5333333333333333  0,1814477468839885  7
 factual  -32,604395604395606  0,7142857142857143  0,5333333333333333  0,1814477468839885  7
 factual  -32,604395604395606  0,7142857142857143  0,625  0,18018391004968184  6
 factual  -31,84615384615385  0,7222222222222222  0,625  0,18284232545977513  6
 factual  -31,84615384615385  0,7222222222222222  0,625  0,18284232545977513  6
 factual  -31,84615384615385  0,7222222222222222  0,625  0,18284232545977513  6
 factual  -31,84615384615385  0,7222222222222222  0,625  0,18284232545977513  6
 analogical  -6,720779220779221  0,7142857142857143  0,6666666666666667  0,12149176327028677  5
 analogical  -2,112244897959184  0,8  0,7  0,12606772422208665  3
 analogical  -1,6231884057971013  0,7142857142857143  0,6666666666666667  0,18743136058572302  2
 analogical  -10,267857142857144  0,6875  0,7142857142857143  0,13167034307973904  4
 analogical  -4,928571428571429  0,6666666666666667  0,5  0,16233221476510068  4
 analogical  -6,571428571428572  0,6666666666666667  0,5555555555555556  0,21154013771463437  4
 analogical  -0,0  0,6666666666666667  0,6  0,46018913971934106  2
 analogical  -1,6231884057971013  0,6666666666666667  0,5  0,21738865161683957  3
 analogical  -6,1607142857142865  0,6363636363636364  0,6363636363636364  0,1643956341942919  4
 analogical  -6,1607142857142865  0,6  0,5555555555555556  0,1404311572096807  4
 creative  -31,84615384615385  0,7058823529411764  0,6  0,20081931491327465  6
 creative  -31,84615384615385  0,7058823529411764  0,6  0,19811731892268808  6
 creative  -31,84615384615385  0,7058823529411764  0,6  0,20081931491327465  6
 creative  -31,84615384615385  0,7058823529411764  0,6  0,20081931491327465  6
 creative  -31,84615384615385  0,7058823529411764  0,6  0,20081931491327465  6
 creative  -31,84615384615385  0,7058823529411764  0,6  0,20081931491327465  6
 creative  -31,84615384615385  0,7058823529411764  0,6  0,20081931491327465  6
 creative  -31,84615384615385  0,7058823529411764  0,6  0,20081931491327465  6
 creative  -31,84615384615385  0,7058823529411764  0,6  0,20081931491327465  6
 creative  -31,84615384615385  0,7058823529411764  0,6  0,20081931491327465  6
 factual  -27,769230769230766  0,7058823529411764  0,5333333333333333  0,2065719515383945  7
 factual  -27,769230769230766  0,7058823529411764  0,5333333333333333  0,2065719515383945  7
 factual  -27,769230769230766  0,7058823529411764  0,5333333333333333  0,2065719515383945  7
 factual  -27,403846153846153  0,7058823529411764  0,5333333333333333  0,20722566024579445  7
 factual  -27,038461538461537  0,7058823529411764  0,5714285714285714  0,1814477468839885  6
 factual  -27,038461538461537  0,7058823529411764  0,5714285714285714  0,1814477468839885  6
 factual  -27,038461538461537  0,7058823529411764  0,5714285714285714  0,1814477468839885  6
 factual  -27,038461538461537  0,7058823529411764  0,5714285714285714  0,1814477468839885  6
 factual  -27,038461538461537  0,7058823529411764  0,5714285714285714  0,1814477468839885  6
 factual  -27,038461538461537  0,7058823529411764  0,5714285714285714  0,1814477468839885  6
 analogical  -9,134615384615383  0,7142857142857143  0,6428571428571428  0,12784363287718992  5
 analogical  -4,75  0,7333333333333334  0,6666666666666667  0,052635284178908344  5
 analogical  -4,75  0,7647058823529411  0,7142857142857143  0,10306807286673059  4
 analogical  -4,222222222222222  0,7272727272727273  0,6363636363636364  0,1269371568029286  4
 analogical  -3,3928571428571432  0,7272727272727273  0,7  0,13235967053081146  3
 analogical  -3,3684210526315788  0,7142857142857143  0,5  0,22294081757169004  3
 analogical  -0,7916666666666666  0,8571428571428572  0,8  0,08271929412869011  3
 analogical  -9,895833333333332  0,6875  0,6428571428571428  0,1258741258741259  5
 analogical  -7,6  0,6666666666666667  0,6153846153846154  0,1548616118475789  5
 analogical  -1,894736842105263  0,6666666666666667  0,5  0,23512812690665041  2
 creative  -32,88461538461538  0,7142857142857143  0,6666666666666667  0,22753421075568728  5
 creative  -32,88461538461538  0,7142857142857143  0,6666666666666667  0,22790464568988061  5
 creative  -32,88461538461538  0,7142857142857143  0,6666666666666667  0,22753421075568728  5
 creative  -32,88461538461538  0,7142857142857143  0,6666666666666667  0,22753421075568728  5
 creative  -32,88461538461538  0,7142857142857143  0,6666666666666667  0,22753421075568728  5
 creative  -32,88461538461538  0,7142857142857143  0,6666666666666667  0,22790464568988061  5
 creative  -32,88461538461538  0,7142857142857143  0,6666666666666667  0,22790464568988061  5
 creative  -32,88461538461538  0,7142857142857143  0,6666666666666667  0,22790464568988061  5
 creative  -32,88461538461538  0,7142857142857143  0,6666666666666667  0,22790464568988061  5
 creative  -32,88461538461538  0,7142857142857143  0,6666666666666667  0,22753421075568728  5
 factual  -30,25612848689772  0,7058823529411764  0,6  0,17698073738342193  6
 factual  -30,25612848689772  0,7058823529411764  0,6  0,17698073738342193  6
 factual  -30,25612848689772  0,7058823529411764  0,6  0,17698073738342193  6
 factual  -30,25612848689772  0,7058823529411764  0,6  0,17698073738342193  6
 factual  -30,25612848689772  0,7058823529411764  0,6  0,17698073738342193  6
 factual  -30,25612848689772  0,7058823529411764  0,6  0,17698073738342193  6
 factual  -30,25612848689772  0,7058823529411764  0,6  0,17698073738342193  6
 factual  -30,25612848689772  0,7058823529411764  0,6  0,17698073738342193  6
 factual  -30,25612848689772  0,7058823529411764  0,6  0,17698073738342193  6
 factual  -30,25612848689772  0,7058823529411764  0,6  0,17698073738342193  6
 analogical  -2,9979395604395602  0,7  0,6666666666666667  0,176971052809979  3
 analogical  -2,8780219780219776  0,75  0,6923076923076923  0,14179932331244108  4
 analogical  -2,0557299843014127  0,8  0,7777777777777778  0,12107230018303844  2
 analogical  -1,9186813186813185  0,7142857142857143  0,6666666666666667  0,17256457189343097  2
 analogical  -0,7994505494505494  0,8  0,7142857142857143  0,13514338010982305  2
 analogical  -6,928571428571429  0,6666666666666667  0,6363636363636364  0,14353264185478948  4
 analogical  -0,20847651775486828  0,6666666666666667  0,6  0,46018913971934106  2
 analogical  -3,3356242840778925  0,6666666666666667  0,5714285714285714  0,21830384380719953  3
 analogical  -0,20847651775486828  0,6666666666666667  0,6  0,46018913971934106  2
 analogical  -1,8762886597938144  0,6666666666666667  0,4  0,2830994508846858  3
 creative  -32,83896872358411  0,7058823529411764  0,6666666666666667  0,19768151311775473  5
 creative  -32,83896872358411  0,7058823529411764  0,6666666666666667  0,19768151311775473  5
 creative  -32,83896872358411  0,7058823529411764  0,6666666666666667  0,19768151311775473  5
 creative  -32,83896872358411  0,7058823529411764  0,6666666666666667  0,19768151311775473  5
 creative  -32,83896872358411  0,7058823529411764  0,6666666666666667  0,19768151311775473  5
 creative  -32,83896872358411  0,7058823529411764  0,6  0,1953935326418548  6
 creative  -32,83896872358411  0,7058823529411764  0,6666666666666667  0,19768151311775473  5
 creative  -32,83896872358411  0,7058823529411764  0,6666666666666667  0,19768151311775473  5
 creative  -32,83896872358411  0,7058823529411764  0,6666666666666667  0,19768151311775473  5
 creative  -32,83896872358411  0,7058823529411764  0,6666666666666667  0,19768151311775473  5
 factual  -32,069597069597066  0,7142857142857143  0,5  0,20291453512930024  7
 factual  -32,069597069597066  0,7142857142857143  0,5  0,20291453512930024  7
 factual  -32,069597069597066  0,7142857142857143  0,5  0,20291453512930024  7
 factual  -32,069597069597066  0,7142857142857143  0,5  0,20291453512930024  7
 factual  -32,069597069597066  0,7142857142857143  0,5  0,20291453512930024  7
 factual  -32,069597069597066  0,7142857142857143  0,5  0,20291453512930024  7
 factual  -32,069597069597066  0,7142857142857143  0,5  0,20291453512930024  7
 factual  -32,069597069597066  0,7142857142857143  0,5  0,20291453512930024  7
 factual  -32,069597069597066  0,7142857142857143  0,5  0,20291453512930024  7
 factual  -32,069597069597066  0,7142857142857143  0,5  0,20291453512930024  7
 analogical  -8,880811496196111  0,7142857142857143  0,5714285714285714  0,13989366338359627  6
 analogical  -5,772527472527472  0,7692307692307692  0,6666666666666667  0,11018359310000556  5
 analogical  -3,9358141858141855  0,7692307692307692  0,75  0,09584095993491966  3
 analogical  -2,748822605965463  0,8  0,7272727272727273  0,12259762050030507  3
 analogical  -2,494574528840663  0,7142857142857143  0,5  0,22257474069554606  3
 analogical  -2,494574528840663  0,7142857142857143  0,5  0,22257474069554606  3
 analogical  -2,494574528840663  0,7142857142857143  0,5  0,22257474069554606  3
 analogical  -1,6034798534798536  0,8333333333333334  0,75  0,03822452715070165  3
 analogical  -0,0  0,6666666666666667  0,6  0,46018913971934106  2
 analogical  -6,734615384615384  0,6666666666666667  0,5714285714285714  0,2083587553386211  3
 creative  -31,452874049027894  0,7142857142857143  0,5625  0,2088817223045411  7
 creative  -31,452874049027894  0,7142857142857143  0,5625  0,2088817223045411  7
 creative  -31,452874049027894  0,7142857142857143  0,5625  0,2088817223045411  7
 creative  -31,452874049027894  0,7142857142857143  0,5625  0,2088817223045411  7
 creative  -31,452874049027894  0,7142857142857143  0,5625  0,2088817223045411  7
 creative  -31,452874049027894  0,7142857142857143  0,5625  0,2088817223045411  7
 creative  -31,452874049027894  0,7142857142857143  0,5625  0,2088817223045411  7
 creative  -31,452874049027894  0,7142857142857143  0,5625  0,2088817223045411  7
 creative  -31,452874049027894  0,7142857142857143  0,5625  0,2088817223045411  7
 creative  -31,452874049027894  0,7142857142857143  0,5625  0,2088817223045411  7
 factual  -30,109890109890113  0,7142857142857143  0,6  0,19304018129521486  6
 factual  -30,109890109890113  0,7142857142857143  0,6  0,19304018129521486  6
 factual  -30,109890109890113  0,7142857142857143  0,6  0,19304018129521486  6
 factual  -30,109890109890113  0,7142857142857143  0,6  0,19304018129521486  6
 factual  -30,109890109890113  0,7142857142857143  0,6  0,19304018129521486  6
 factual  -30,109890109890113  0,7142857142857143  0,6  0,19304018129521486  6
 factual  -30,109890109890113  0,7142857142857143  0,6  0,19304018129521486  6
 factual  -30,109890109890113  0,7142857142857143  0,6  0,19304018129521486  6
 factual  -30,109890109890113  0,7142857142857143  0,6  0,19304018129521486  6
 factual  -30,109890109890113  0,7142857142857143  0,6  0,19304018129521486  6
 analogical  -9,032967032967035  0,7142857142857143  0,6666666666666667  0,11919288764926349  5
 analogical  -7,116883116883117  0,7142857142857143  0,6666666666666667  0,12347467968273339  4
 analogical  -3,6696428571428577  0,7857142857142857  0,7333333333333334  0,08774111794246023  4
 analogical  -3,5584415584415585  0,7692307692307692  0,6923076923076923  0,14602399837299165  4
 analogical  -0,8175182481751824  0,7142857142857143  0,625  0,2786455155582672  3
 analogical  -0,8175182481751824  0,7142857142857143  0,33333333333333337  0,3103518405531828  2
 analogical  -1,2262773722627736  0,6666666666666667  0,7142857142857143  0,033099450884685785  2
 analogical  -0,0  0,6666666666666667  0,6666666666666667  0,4592739475289811  1
 analogical  -0,2043795620437956  0,6666666666666667  0,6666666666666667  0,46018913971934106  1
 analogical  -6,360714285714286  0,6666666666666667  0,5833333333333333  0,15624826668145764  5
 creative  -27,726190476190478  0,7142857142857143  0,46153846153846156  0,15225043412962877  7
 creative  -27,726190476190478  0,7142857142857143  0,46153846153846156  0,15225043412962877  7
 creative  -27,726190476190478  0,7142857142857143  0,46153846153846156  0,15225043412962877  7
 creative  -27,726190476190478  0,7142857142857143  0,46153846153846156  0,15225043412962877  7
 creative  -27,726190476190478  0,7142857142857143  0,46153846153846156  0,15225043412962877  7
 creative  -27,726190476190478  0,7142857142857143  0,46153846153846156  0,15225043412962877  7
 creative  -27,726190476190478  0,7142857142857143  0,46153846153846156  0,15225043412962877  7
 creative  -27,726190476190478  0,7142857142857143  0,46153846153846156  0,15225043412962877  7
 creative  -27,726190476190478  0,7142857142857143  0,46153846153846156  0,15225043412962877  7
 creative  -27,726190476190478  0,7142857142857143  0,46153846153846156  0,15225043412962877  7
 factual  -33,89264581572274  0,7222222222222222  0,6  0,17737296260786195  6
 factual  -33,89264581572274  0,7222222222222222  0,6  0,17737296260786195  6
 factual  -33,89264581572274  0,7222222222222222  0,6  0,17737296260786195  6
 factual  -33,89264581572274  0,7222222222222222  0,6  0,17737296260786195  6
 factual  -33,89264581572274  0,7222222222222222  0,6  0,17737296260786195  6
 factual  -33,89264581572274  0,7222222222222222  0,6  0,17737296260786195  6
 factual  -33,89264581572274  0,7222222222222222  0,6  0,17737296260786195  6
 factual  -33,89264581572274  0,7222222222222222  0,6  0,17737296260786195  6
 factual  -33,89264581572274  0,7222222222222222  0,6  0,17737296260786195  6
 factual  -33,89264581572274  0,7222222222222222  0,6  0,17737296260786195  6
 analogical  -3,671703296703297  0,7272727272727273  0,6  0,16856484306148733  4
 analogical  -3,5604395604395607  0,8  0,7142857142857143  0,09157006304657311  4
 analogical  -1,223901098901099  0,8333333333333334  0,7777777777777778  0,10446749372923869  2
 analogical  -0,0  0,75  0,6  0,021507016473459428  2
 analogical  -3,5604395604395607  0,6923076923076923  0,6923076923076923  0,13432987594061419  4
 analogical  -4,895604395604396  0,6875  0,6  0,10093262442255731  6
 analogical  -5,874725274725275  0,6666666666666667  0,6666666666666667  0,13955294248155747  4
 analogical  -0,20426487093153758  0,6666666666666667  0,6  0,46018913971934106  2
 analogical  -5,711538461538463  0,6666666666666667  0,5555555555555556  0,2082280135971411  4
 analogical  -1,8383838383838382  0,6666666666666667  0,5  0,23512812690665041  2
 creative  -35,02240067624683  0,7058823529411764  0,6470588235294117  0,19177634446090824  6
 creative  -35,02240067624683  0,7058823529411764  0,6470588235294117  0,19177634446090824  6
 creative  -35,02240067624683  0,7058823529411764  0,6470588235294117  0,19177634446090824  6
 creative  -35,02240067624683  0,7058823529411764  0,6470588235294117  0,19177634446090824  6
 creative  -35,02240067624683  0,7058823529411764  0,6470588235294117  0,19177634446090824  6
 creative  -35,02240067624683  0,7058823529411764  0,6470588235294117  0,19177634446090824  6
 creative  -35,02240067624683  0,7058823529411764  0,6470588235294117  0,19177634446090824  6
 creative  -35,02240067624683  0,7058823529411764  0,6470588235294117  0,19177634446090824  6
 creative  -35,02240067624683  0,7058823529411764  0,6470588235294117  0,19177634446090824  6
 creative  -35,02240067624683  0,7058823529411764  0,6470588235294117  0,19177634446090824  6
 factual  -35,25359256128487  0,7058823529411764  0,6  0,21038525233156102  6
 factual  -34,88250211327134  0,7058823529411764  0,6666666666666667  0,20833696504837443  5
 factual  -34,88250211327134  0,7058823529411764  0,6666666666666667  0,20833696504837443  5
 factual  -34,51141166525782  0,7058823529411764  0,6  0,20824980388738776  6
 factual  -34,51141166525782  0,7058823529411764  0,6  0,20824980388738776  6
 factual  -34,51141166525782  0,7058823529411764  0,6  0,20824980388738776  6
 factual  -34,51141166525782  0,7058823529411764  0,6  0,20824980388738776  6
 factual  -34,51141166525782  0,7058823529411764  0,6  0,20824980388738776  6
 factual  -34,51141166525782  0,7058823529411764  0,6  0,20824980388738776  6
 factual  -34,51141166525782  0,7058823529411764  0,6  0,20665911269938114  6
 analogical  -3,3769230769230765  0,7692307692307692  0,6666666666666667  0,1346164512729491  4
 analogical  -3,2161172161172162  0,7692307692307692  0,7142857142857143  0,11580231848688224  4
 analogical  -2,4874715261959  0,7142857142857143  0,5714285714285714  0,10927394752898108  3
 analogical  -1,9296703296703295  0,75  0,7142857142857143  0,04092942851332113  2
 analogical  -1,6583143507972666  0,75  0,625  0,033068944478340453  3
 analogical  -1,6583143507972666  0,75  0,7142857142857143  0,18737034777303235  2
 analogical  -1,6583143507972666  0,7142857142857143  0,5714285714285714  0,0537522879804759  3
 analogical  -1,6583143507972666  0,7142857142857143  0,5714285714285714  0,06461256863941427  3
 analogical  -1,6583143507972666  0,7142857142857143  0,625  0,05241000610128127  3
 analogical  -1,24373576309795  0,7142857142857143  0,6666666666666667  0,05704697986577181  2
 creative  -34,51141166525782  0,7058823529411764  0,5714285714285714  0,19835701211540138  6
 creative  -34,51141166525782  0,7058823529411764  0,5714285714285714  0,19835701211540138  6
 creative  -34,51141166525782  0,7058823529411764  0,5714285714285714  0,19835701211540138  6
 creative  -34,51141166525782  0,7058823529411764  0,5714285714285714  0,19835701211540138  6
 creative  -34,51141166525782  0,7058823529411764  0,5714285714285714  0,19835701211540138  6
 creative  -34,51141166525782  0,7058823529411764  0,5714285714285714  0,19835701211540138  6
 creative  -34,51141166525782  0,7058823529411764  0,5714285714285714  0,19835701211540138  6
 creative  -34,51141166525782  0,7058823529411764  0,5714285714285714  0,19835701211540138  6
 creative  -34,51141166525782  0,7058823529411764  0,5714285714285714  0,19835701211540138  6
 creative  -34,51141166525782  0,7058823529411764  0,5714285714285714  0,19835701211540138  6
 factual  -28,606508875739642  0,7058823529411764  0,6470588235294117  0,1775254946395886  6
 factual  -28,606508875739642  0,7058823529411764  0,6470588235294117  0,1775254946395886  6
 factual  -28,606508875739642  0,7058823529411764  0,6470588235294117  0,1775254946395886  6
 factual  -28,606508875739642  0,7058823529411764  0,6470588235294117  0,1775254946395886  6
 factual  -28,606508875739642  0,7058823529411764  0,6470588235294117  0,1775254946395886  6
 factual  -28,606508875739642  0,7058823529411764  0,6470588235294117  0,1775254946395886  6
 factual  -28,606508875739642  0,7058823529411764  0,6470588235294117  0,1775254946395886  6
 factual  -28,606508875739642  0,7058823529411764  0,6470588235294117  0,1775254946395886  6
 factual  -28,606508875739642  0,7058823529411764  0,6470588235294117  0,1775254946395886  6
 factual  -28,606508875739642  0,7058823529411764  0,6470588235294117  0,1775254946395886  6
 analogical  -6,0370879120879115  0,7333333333333334  0,6875  0,10468390669732952  5
 analogical  -4,829670329670329  0,7692307692307692  0,6875  0,11259406141956478  5
 analogical  -3,8637362637362633  0,75  0,5833333333333333  0,18353763381219146  5
 analogical  -1,6564277588168375  0,7142857142857143  0,6  0,2229408175716901  2
 analogical  -7,727472527472527  0,6923076923076923  0,6666666666666667  0,14715181097121305  4
 analogical  -3,951548451548451  0,6923076923076923  0,6428571428571428  0,12563555013219443  5
 analogical  -1,242320819112628  0,6666666666666667  0,5  0,23512812690665041  2
 analogical  -0,0  0,6666666666666667  0,6  0,46018913971934106  2
 analogical  -0,0  0,6666666666666667  0,6  0,46018913971934106  2
 analogical  -1,242320819112628  0,6666666666666667  0,5  0,23512812690665041  2
 creative  -30,092561284868975  0,7058823529411764  0,6  0,18508672535518172  6
 creative  -30,092561284868975  0,7058823529411764  0,6  0,18508672535518172  6
 creative  -30,092561284868975  0,7058823529411764  0,6  0,18508672535518172  6
 creative  -30,092561284868975  0,7058823529411764  0,6  0,18508672535518172  6
 creative  -30,092561284868975  0,7058823529411764  0,6  0,18508672535518172  6
 creative  -30,092561284868975  0,7058823529411764  0,6  0,18508672535518172  6
 creative  -30,092561284868975  0,7058823529411764  0,6  0,18508672535518172  6
 creative  -30,092561284868975  0,7058823529411764  0,6  0,18508672535518172  6
 creative  -30,092561284868975  0,7058823529411764  0,6  0,18508672535518172  6
 creative  -30,092561284868975  0,7058823529411764  0,6  0,18508672535518172  6
