0.1470588235294118, 0.0, 0.0, 0.6666666666666667, 0.0
0.1741935483870968, 0.0, 0.0, 0.6666666666666667, 0.0
0.08641975308641976, 0.0, 0.0, 0.6666666666666667, 0.0
0.11666666666666667, 0.0, 0.0, 0.6666666666666667, 0.0
0.1785714285714286, 0.0, 0.0, 0.6666666666666667, 0.0
0.1782051282051282, 0.0, 0.0, 0.6666666666666667, 0.0
0.14367816091954028, 0.0, 0.0, 0.6666666666666667, 0.0
0.18750000000000006, 0.0, 0.0, 0.6666666666666667, 0.0
0.13444444444444445, 0.0, 0.0, 0.8, 0.0
0.1703703703703704, 0.0, 0.0, 0.6666666666666667, 0.0
0.1812698412698413, 0.0, 0.0, 0.6666666666666667, 0.0
0.04285714285714286, 0.0, 0.0, 0.5, 0.0
0.05252525252525253, 0.0, 0.0, 0.6666666666666667, 0.0
0.10784313725490197, 0.0, 0.0, 0.6666666666666667, 0.0
0.22933333333333336, 0.0, 0.0, 0.6666666666666667, 0.0
0.1323809523809524, 0.0, 0.0, 0.6666666666666667, 0.0
0.18558558558558563, 0.0, 0.0, 0.6666666666666667, 0.0
0.20952380952380953, 0.0, 0.0, 0.6666666666666667, 0.0
0.19090909090909094, 0.0, 0.0, 0.6666666666666667, 0.0
0.11111111111111113, 0.0, 0.0, 0.6666666666666667, 0.0
0.2820512820512821, 0.25, 0.0, 0.6666666666666667, 0.0
0.12187500000000001, 0.0, 0.0, 0.6666666666666667, 0.0
0.10952380952380954, 0.0, 0.0, 0.6666666666666667, 0.0
0.12407407407407407, 0.0, 0.0, 0.6666666666666667, 0.0
0.1371794871794872, 0.0, 0.0, 0.6666666666666667, 0.0
0.02, 0.0, 0.0, 0.5, 0.0
0.11458333333333334, 0.0, 0.0, 0.6666666666666667, 0.0
0.10625000000000001, 0.0, 0.0, 0.6666666666666667, 0.0
0.19047619047619052, 0.0, 0.0, 0.6666666666666667, 0.0
0.14000000000000004, 0.0, 0.0, 0.6666666666666667, 0.0
0.18000000000000005, 0.0, 0.0, 0.6666666666666667, 0.0
0.13921568627450984, 0.0, 0.0, 0.6666666666666667, 0.0
0.08333333333333334, 0.0, 0.0, 0.6666666666666667, 0.0
0.07202380952380952, 0.0, 0.0, 0.6666666666666667, 0.0
0.08299319727891158, 0.0, 0.0, 0.6666666666666667, 0.0
0.10317460317460318, 0.0, 0.0, 0.6666666666666667, 0.0
0.12873563218390804, 0.0, 0.0, 0.6666666666666667, 0.0
0.19023809523809526, 0.0, 0.0, 0.6666666666666667, 0.0
0.1609195402298851, 0.0, 0.0, 0.6666666666666667, 0.0
0.17564102564102566, 0.0, 0.0, 0.6666666666666667, 0.0
0.12380952380952381, 0.0, 0.0, 0.6666666666666667, 0.0
0.16000000000000003, 0.0, 0.0, 0.6666666666666667, 0.0
0.07307692307692307, 0.0, 0.0, 0.5, 0.0
0.10266666666666666, 0.0, 0.0, 0.6666666666666667, 0.0
0.11724137931034484, 0.0, 0.0, 0.6666666666666667, 0.0
0.13020833333333337, 0.0, 0.0, 0.6666666666666667, 0.0
0.07291666666666667, 0.0, 0.0, 0.6666666666666667, 0.0
0.08580246913580247, 0.0, 0.0, 0.75, 0.0
0.1262626262626263, 0.0, 0.0, 0.6666666666666667, 0.0
0.18080808080808083, 0.0, 0.0, 0.6666666666666667, 0.0
0.13333333333333336, 0.0, 0.0, 0.6666666666666667, 0.0
0.12222222222222223, 0.0, 0.0, 0.6666666666666667, 0.0
0.08108108108108109, 0.0, 0.0, 0.6666666666666667, 0.0
0.16344086021505377, 0.0, 0.0, 0.6666666666666667, 0.0
0.19871794871794876, 0.0, 0.0, 0.6666666666666667, 0.0
0.12318840579710147, 0.0, 0.0, 0.6666666666666667, 0.0
0.22261904761904766, 0.0, 0.0, 0.6666666666666667, 0.0
0.12068965517241383, 0.0, 0.0, 0.6666666666666667, 0.0
0.12345679012345681, 0.0, 0.0, 0.6666666666666667, 0.0
0.17395833333333335, 0.0, 0.0, 0.6666666666666667, 0.0
0.1584656084656085, 0.0, 0.0, 0.6666666666666667, 0.0
0.08024691358024692, 0.0, 0.0, 0.6666666666666667, 0.0
0.11888888888888888, 0.0, 0.0, 0.6666666666666667, 0.0
0.13978494623655915, 0.0, 0.0, 0.6666666666666667, 0.0
0.11904761904761908, 0.0, 0.0, 0.6666666666666667, 0.0
0.14102564102564102, 0.0, 0.0, 0.6666666666666667, 0.0
0.11198156682027653, 0.0, 0.0, 0.6666666666666667, 0.0
0.09305555555555556, 0.0, 0.0, 0.6666666666666667, 0.0
0.12616487455197134, 0.0, 0.0, 0.6666666666666667, 0.0
0.13870967741935486, 0.0, 0.0, 0.6666666666666667, 0.0
0.08452380952380954, 0.0, 0.0, 0.8, 0.0
0.12643678160919541, 0.0, 0.0, 0.6666666666666667, 0.0
0.08823529411764706, 0.0, 0.0, 0.6666666666666667, 0.0
0.09649122807017545, 0.0, 0.0, 0.6666666666666667, 0.0
0.11219047619047622, 0.0, 0.0, 0.6666666666666667, 0.0
0.18695652173913047, 0.0, 0.0, 0.6666666666666667, 0.0
0.23086419753086423, 0.0, 0.0, 0.6666666666666667, 0.0
0.15858585858585858, 0.0, 0.0, 0.6666666666666667, 0.0
0.11354166666666668, 0.0, 0.0, 0.8, 0.0
0.11954022988505747, 0.0, 0.0, 0.6666666666666667, 0.0
0.12631578947368424, 0.0, 0.0, 0.8, 0.0
0.08888888888888889, 0.0, 0.0, 0.6666666666666667, 0.0
0.15520833333333336, 0.0, 0.0, 0.6666666666666667, 0.0
0.07023809523809524, 0.0, 0.0, 0.6666666666666667, 0.0
0.07777777777777778, 0.0, 0.0, 0.6666666666666667, 0.0
0.07526881720430108, 0.0, 0.0, 0.6666666666666667, 0.0
0.11979166666666669, 0.0, 0.0, 0.6666666666666667, 0.0
0.1277777777777778, 0.0, 0.0, 0.6666666666666667, 0.0
0.09722222222222222, 0.0, 0.0, 0.6666666666666667, 0.0
0.21111111111111114, 0.0, 0.0, 0.6666666666666667, 0.0
0.07701149425287357, 0.0, 0.0, 0.6666666666666667, 0.0
0.14215167548500884, 0.0, 0.0, 0.6666666666666667, 0.0
0.13137254901960788, 0.0, 0.0, 0.6666666666666667, 0.0
0.16944444444444448, 0.0, 0.0, 0.6666666666666667, 0.0
0.04888888888888889, 0.0, 0.0, 0.6666666666666667, 0.0
0.12169312169312169, 0.0, 0.0, 0.6666666666666667, 0.0
0.10804597701149427, 0.0, 0.0, 0.6666666666666667, 0.0
0.20000000000000007, 0.0, 0.0, 0.6666666666666667, 0.0
0.13750000000000004, 0.0, 0.0, 0.6666666666666667, 0.0
0.21234567901234572, 0.0, 0.0, 0.6666666666666667, 0.0
