0.5005414585414586, 0.5714285714285714, 0.0, 0.8, 0.0
0.2767857142857143, 0.0, 0.0, 0.75, 0.0
0.46190476190476193, 0.5714285714285714, 0.0, 0.6666666666666667, 0.0
0.5264302364302363, 0.5714285714285714, 0.0, 0.7692307692307692, 0.0
0.47824001395429977, 0.5714285714285714, 0.0, 0.7692307692307692, 0.0
0.5049870764156478, 0.5714285714285714, 0.0, 0.7692307692307692, 0.0
0.4349961632570329, 0.5714285714285714, 0.0, 0.7692307692307692, 0.0
0.5218590932876648, 0.5714285714285714, 0.0, 0.7692307692307692, 0.0
0.3684170901562206, 0.5, 0.0, 0.7272727272727273, 0.0
0.36574963498040414, 0.5, 0.0, 0.7692307692307692, 0.0
0.5746232262361294, 0.6666666666666667, 0.0, 0.8, 0.0
0.4662087912087912, 0.5714285714285714, 0.0, 0.7692307692307692, 0.0
0.5077647842353725, 0.6666666666666667, 0.0, 0.8, 0.0
0.539030414030414, 0.6190476190476191, 0.0, 0.7692307692307692, 0.0
0.485905760905761, 0.5714285714285714, 0.0, 0.7692307692307692, 0.0
0.4669705294705295, 0.5714285714285714, 0.0, 0.7692307692307692, 0.0
0.46360050206204045, 0.5714285714285714, 0.0, 0.7692307692307692, 0.0
0.5419259752593084, 0.5714285714285714, 0.0, 0.8, 0.0
0.43278943278943266, 0.5714285714285714, 0.0, 0.7692307692307692, 0.0
0.42437229437229435, 0.5714285714285714, 0.0, 0.75, 0.0
0.4593534670457749, 0.6190476190476191, 0.0, 0.8, 0.0
0.5203934953934953, 0.6190476190476191, 0.0, 0.7692307692307692, 0.0
0.49647788109326585, 0.5714285714285714, 0.0, 0.7692307692307692, 0.0
0.46724724550811525, 0.5714285714285714, 0.0, 0.8, 0.0
0.39385059385059384, 0.5357142857142857, 0.0, 0.7692307692307692, 0.0
0.5521542973155875, 0.5714285714285714, 0.0, 0.7692307692307692, 0.0
0.4838356088356088, 0.5714285714285714, 0.0, 0.7692307692307692, 0.0
0.4172647864955557, 0.5, 0.0, 0.7692307692307692, 0.0
0.45525030525030513, 0.5, 0.0, 0.7692307692307692, 0.0
0.548265836727375, 0.5714285714285714, 0.0, 0.8, 0.0
0.44300005550005556, 0.5357142857142857, 0.0, 0.8, 0.0
0.35971452789634606, 0.5, 0.0, 0.8, 0.0
0.5813920927557291, 0.5714285714285714, 0.0, 0.7692307692307692, 0.0
0.42892401715931133, 0.5714285714285714, 0.0, 0.7692307692307692, 0.0
0.4075492408825741, 0.5714285714285714, 0.0, 0.7692307692307692, 0.0
0.4622627372627372, 0.5357142857142857, 0.0, 0.7692307692307692, 0.0
0.5708060055886139, 0.5714285714285714, 0.0, 0.7692307692307692, 0.0
0.5626440226440227, 0.6666666666666667, 0.0, 0.7692307692307692, 0.0
0.47509781884781876, 0.5714285714285714, 0.0, 0.7692307692307692, 0.0
0.4952032815669178, 0.5714285714285714, 0.0, 0.8, 0.0
0.3786341863264941, 0.5, 0.0, 0.7692307692307692, 0.0
0.3908730158730158, 0.5, 0.0, 0.6666666666666667, 0.0
0.4735718826627917, 0.5714285714285714, 0.0, 0.7692307692307692, 0.0
0.44059418842027553, 0.5, 0.0, 0.8, 0.0
0.3795802962469629, 0.5, 0.0, 0.7692307692307692, 0.0
0.5143546929261215, 0.5714285714285714, 0.0, 0.7692307692307692, 0.0
0.4851101279672707, 0.5714285714285714, 0.0, 0.8333333333333334, 0.0
0.407879476844994, 0.5, 0.0, 0.7692307692307692, 0.0
0.44747395461681194, 0.5714285714285714, 0.0, 0.8, 0.0
0.47998016476277355, 0.5714285714285714, 0.0, 0.7692307692307692, 0.0
0.40461621711621715, 0.5, 0.0, 0.7692307692307692, 0.0
0.46896498563165223, 0.5714285714285714, 0.0, 0.8, 0.0
0.38954984409529875, 0.5714285714285714, 0.0, 0.7692307692307692, 0.0
0.4938894438894439, 0.6666666666666667, 0.0, 0.8, 0.0
0.36198206555349416, 0.5, 0.0, 0.8, 0.0
0.488475292823119, 0.6666666666666667, 0.0, 0.7692307692307692, 0.0
0.4728604728604727, 0.5714285714285714, 0.0, 0.7692307692307692, 0.0
0.43224109224109225, 0.5714285714285714, 0.0, 0.7692307692307692, 0.0
0.5301872041002476, 0.5714285714285714, 0.0, 0.7692307692307692, 0.0
0.39007402853556705, 0.5357142857142857, 0.0, 0.7692307692307692, 0.0
0.4425685425685426, 0.6666666666666667, 0.0, 0.7272727272727273, 0.0
0.3012479944298126, 0.25, 0.0, 0.7692307692307692, 0.0
0.5051823176823177, 0.5714285714285714, 0.0, 0.7692307692307692, 0.0
0.5415857951572237, 0.6666666666666667, 0.0, 0.7692307692307692, 0.0
0.433086704961705, 0.5714285714285714, 0.0, 0.8, 0.0
0.532332251082251, 0.6666666666666667, 0.0, 0.75, 0.0
0.5199620891928584, 0.5714285714285714, 0.0, 0.8, 0.0
0.394921744921745, 0.5357142857142857, 0.0, 0.8, 0.0
0.3354574718211082, 0.5, 0.0, 0.7692307692307692, 0.0
0.3605860805860806, 0.5, 0.0, 0.7692307692307692, 0.0
0.5183427683427682, 0.5714285714285714, 0.0, 0.7692307692307692, 0.0
0.4716503734360876, 0.5714285714285714, 0.0, 0.7692307692307692, 0.0
0.48235098235098245, 0.5714285714285714, 0.0, 0.7692307692307692, 0.0
0.4578155178155178, 0.5714285714285714, 0.0, 0.7692307692307692, 0.0
0.4194971694971696, 0.5357142857142857, 0.0, 0.7692307692307692, 0.0
0.40911172161172166, 0.5357142857142857, 0.0, 0.7692307692307692, 0.0
0.3351648351648352, 0.5, 0.0, 0.75, 0.0
0.39829931972789123, 0.5, 0.0, 0.75, 0.0
0.4793040293040294, 0.6190476190476191, 0.0, 0.7692307692307692, 0.0
0.46159951159951157, 0.5357142857142857, 0.0, 0.7692307692307692, 0.0
0.43755411255411253, 0.5357142857142857, 0.0, 0.7272727272727273, 0.0
0.357900432900433, 0.5357142857142857, 0.0, 0.7272727272727273, 0.0
0.48983200707338626, 0.5714285714285714, 0.0, 0.7692307692307692, 0.0
0.38095238095238093, 0.5, 0.0, 0.6666666666666667, 0.0
0.3233544233544234, 0.4, 0.0, 0.7692307692307692, 0.0
0.41749238415905077, 0.5, 0.0, 0.7272727272727273, 0.0
0.49490139490139495, 0.5357142857142857, 0.0, 0.8, 0.0
0.4340510679796394, 0.5357142857142857, 0.0, 0.7692307692307692, 0.0
0.32065553494124915, 0.5, 0.0, 0.7272727272727273, 0.0
0.4954340531263608, 0.5714285714285714, 0.0, 0.7692307692307692, 0.0
0.4175274725274726, 0.5, 0.0, 0.7692307692307692, 0.0
0.4425772640058354, 0.5714285714285714, 0.0, 0.7692307692307692, 0.0
0.44282260948927615, 0.5714285714285714, 0.0, 0.7692307692307692, 0.0
0.4317441817441818, 0.5, 0.0, 0.7692307692307692, 0.0
0.45489177489177485, 0.5714285714285714, 0.0, 0.7272727272727273, 0.0
0.45694226408512134, 0.6666666666666667, 0.0, 0.8, 0.0
0.41536241536241536, 0.5357142857142857, 0.0, 0.7692307692307692, 0.0
0.5442434758224233, 0.6666666666666667, 0.0, 0.8, 0.0
0.5157492507492508, 0.6666666666666667, 0.0, 0.8, 0.0
0.500541394089781, 0.5714285714285714, 0.0, 0.8, 0.0
