0.6375093207446146, 0.6666666666666667, 0.33333333333333337, 0.8, 0.0
0.5866520054020052, 0.6076923076923078, 0.33333333333333337, 0.7692307692307692, 0.0
0.6157337107337104, 0.6666666666666667, 0.33333333333333337, 0.7857142857142857, 0.0
0.6298356273356273, 0.6666666666666667, 0.0, 0.8, 0.0
0.5994660432160431, 0.6201923076923077, 0.33333333333333337, 0.8125, 0.0
0.6211718322829433, 0.6666666666666667, 0.25, 0.7692307692307692, 0.0
0.587084061982642, 0.6363636363636364, 0.0, 0.7857142857142857, 0.0
0.6073614519354883, 0.6666666666666667, 0.0, 0.8181818181818181, 0.0
0.6442628667628667, 0.6666666666666667, 0.33333333333333337, 0.8, 0.0
0.6129969237112093, 0.6076923076923078, 0.4285714285714286, 0.75, 0.0
0.6118815708101419, 0.6396103896103895, 0.4, 0.75, 0.0
0.6368026418026415, 0.6666666666666667, 0.33333333333333337, 0.7857142857142857, 0.0
0.6234841290396843, 0.6428571428571428, 0.4, 0.8181818181818181, 0.0
0.6083644325023634, 0.6666666666666667, 0.0, 0.7857142857142857, 0.0
0.5798178210678208, 0.625, 0.0, 0.8125, 0.0
0.637605053676482, 0.6666666666666667, 0.33333333333333337, 0.8, 0.0
0.6301573426573425, 0.6666666666666667, 0.0, 0.8, 0.0
0.62656050845706, 0.6363636363636364, 0.4, 0.8, 0.0
0.5718909331409331, 0.6306818181818181, 0.0, 0.8125, 0.0
0.6049041236541234, 0.6666666666666667, 0.0, 0.8333333333333334, 0.0
0.6503751995131303, 0.6666666666666667, 0.4285714285714286, 0.7857142857142857, 0.0
0.623305352055352, 0.6666666666666667, 0.0, 0.8461538461538461, 0.0
0.6550461575461575, 0.6666666666666667, 0.4, 0.8, 0.0
0.6034340659340657, 0.6306818181818181, 0.33333333333333337, 0.75, 0.0
0.633739536325743, 0.6666666666666667, 0.4444444444444444, 0.75, 0.0
0.6087406846027533, 0.625, 0.33333333333333337, 0.8571428571428572, 0.0
0.6463636363636363, 0.6666666666666667, 0.33333333333333337, 0.8333333333333334, 0.0
0.6278079678941745, 0.6666666666666667, 0.33333333333333337, 0.8181818181818181, 0.0
0.5879975579975576, 0.6181818181818182, 0.0, 0.8181818181818181, 0.0
0.6754495504495501, 0.6961538461538461, 0.4, 0.8181818181818181, 0.0
0.6120562770562769, 0.6666666666666667, 0.33333333333333337, 0.75, 0.0
0.590809134521102, 0.6666666666666667, 0.0, 0.7647058823529411, 0.0
0.63922849481673, 0.6547619047619048, 0.33333333333333337, 0.8333333333333334, 0.0
0.6116118555773726, 0.625, 0.33333333333333337, 0.7777777777777778, 0.0
0.6530458430458428, 0.6666666666666667, 0.4545454545454546, 0.75, 0.0
0.5963209013209012, 0.6363636363636364, 0.33333333333333337, 0.7692307692307692, 0.0
0.5919017763845349, 0.5714285714285714, 0.33333333333333337, 0.8, 0.0
0.6236686924186923, 0.6306818181818181, 0.33333333333333337, 0.7692307692307692, 0.0
0.6332629870129868, 0.6515151515151516, 0.4, 0.7777777777777778, 0.0
0.6016257551971835, 0.6396103896103895, 0.0, 0.7777777777777778, 0.0
0.6424579027013103, 0.6666666666666667, 0.33333333333333337, 0.7777777777777778, 0.0
0.6179263659486781, 0.6666666666666667, 0.33333333333333337, 0.7777777777777778, 0.0
0.5923682639199879, 0.6, 0.33333333333333337, 0.75, 0.0
0.6267814335765653, 0.6666666666666667, 0.33333333333333337, 0.8, 0.0
0.6447649110149108, 0.6666666666666667, 0.33333333333333337, 0.8, 0.0
0.6464230692678966, 0.6666666666666667, 0.4, 0.7857142857142857, 0.0
0.6228953453953452, 0.6396103896103895, 0.33333333333333337, 0.8333333333333334, 0.0
0.6102754190254188, 0.6363636363636364, 0.0, 0.8125, 0.0
0.6387512487512486, 0.6666666666666667, 0.4, 0.8, 0.0
0.6370650422374559, 0.6666666666666667, 0.0, 0.8, 0.0
0.6267944337797277, 0.6666666666666667, 0.0, 0.7857142857142857, 0.0
0.6301285878872084, 0.6428571428571428, 0.0, 0.8333333333333334, 0.0
0.6128281440781438, 0.6547619047619048, 0.0, 0.8, 0.0
0.659950515754087, 0.6899038461538461, 0.5, 0.7777777777777778, 0.0
0.6273894623894621, 0.6428571428571428, 0.2857142857142857, 0.8181818181818181, 0.0
0.5897904298766365, 0.6428571428571428, 0.25, 0.75, 0.0
0.6330587386469738, 0.6666666666666667, 0.33333333333333337, 0.8, 0.0
0.6175297916369343, 0.6666666666666667, 0.0, 0.7692307692307692, 0.0
0.6363108188108186, 0.6666666666666667, 0.4, 0.8, 0.0
0.5972673160173158, 0.6396103896103895, 0.0, 0.8571428571428572, 0.0
0.6130324656186723, 0.6666666666666667, 0.33333333333333337, 0.7692307692307692, 0.0
0.5721684796684795, 0.6076923076923078, 0.33333333333333337, 0.8, 0.0
0.6286456598956598, 0.6666666666666667, 0.33333333333333337, 0.8125, 0.0
0.6151607970573485, 0.625, 0.25, 0.7777777777777778, 0.0
0.6324797397591514, 0.6666666666666667, 0.33333333333333337, 0.8, 0.0
0.5848295320459183, 0.6306818181818181, 0.0, 0.7333333333333334, 0.0
0.621771284271284, 0.6428571428571428, 0.0, 0.8181818181818181, 0.0
0.6524851898801476, 0.6666666666666667, 0.5, 0.8181818181818181, 0.0
0.6020006382506381, 0.6076923076923078, 0.33333333333333337, 0.8125, 0.0
0.5958149984935696, 0.6306818181818181, 0.0, 0.7692307692307692, 0.0
0.660972535090182, 0.6666666666666667, 0.25, 0.8333333333333334, 0.0
0.6386678136678136, 0.6666666666666667, 0.25, 0.8, 0.0
0.6182249376721991, 0.6153846153846154, 0.33333333333333337, 0.8125, 0.0
0.6327488997367292, 0.6428571428571428, 0.33333333333333337, 0.8, 0.0
0.6136615018967959, 0.6428571428571428, 0.33333333333333337, 0.7692307692307692, 0.0
0.6188523162661091, 0.6363636363636364, 0.0, 0.8125, 0.0
0.5745138408599947, 0.6, 0.0, 0.7777777777777778, 0.0
0.628381757131757, 0.6666666666666667, 0.33333333333333337, 0.7857142857142857, 0.0
0.6591677958057266, 0.6666666666666667, 0.5, 0.8, 0.0
0.6225201752979529, 0.6363636363636364, 0.33333333333333337, 0.75, 0.0
0.59904403602933, 0.6076923076923078, 0.0, 0.7777777777777778, 0.0
0.613797591297591, 0.6363636363636364, 0.33333333333333337, 0.7692307692307692, 0.0
0.5970241068455352, 0.6396103896103895, 0.0, 0.7333333333333334, 0.0
0.6448239723239723, 0.6666666666666667, 0.25, 0.8181818181818181, 0.0
0.6546997241441685, 0.7142857142857143, 0.0, 0.8, 0.0
0.6372143134643132, 0.6666666666666667, 0.33333333333333337, 0.75, 0.0
0.6590383093796958, 0.6666666666666667, 0.5, 0.8125, 0.0
0.576674899174899, 0.625, 0.1428571428571429, 0.8, 0.0
0.6316079291079288, 0.6666666666666667, 0.33333333333333337, 0.8, 0.0
0.5927730602730602, 0.6, 0.33333333333333337, 0.7777777777777778, 0.0
0.5855529193029191, 0.6, 0.33333333333333337, 0.7857142857142857, 0.0
0.6124518999518999, 0.6396103896103895, 0.0, 0.8, 0.0
0.625555191934502, 0.6666666666666667, 0.33333333333333337, 0.7777777777777778, 0.0
0.6233480571715866, 0.6515151515151516, 0.33333333333333337, 0.7692307692307692, 0.0
0.6435850069470758, 0.6666666666666667, 0.5, 0.8, 0.0
0.6428935878935877, 0.6666666666666667, 0.33333333333333337, 0.8125, 0.0
0.6246092796092794, 0.6547619047619048, 0.33333333333333337, 0.8, 0.0
0.6231602656602655, 0.6666666666666667, 0.33333333333333337, 0.8, 0.0
0.5873878898878897, 0.6, 0.33333333333333337, 0.75, 0.0
0.5761868686868684, 0.5857142857142856, 0.33333333333333337, 0.7692307692307692, 0.0
0.5734190809190808, 0.6, 0.0, 0.8333333333333334, 0.0
0.6036194361194359, 0.6396103896103895, 0.0, 0.7857142857142857, 0.0
0.580980362230362, 0.6, 0.25, 0.8333333333333334, 0.0
0.6143494830614505, 0.6363636363636364, 0.33333333333333337, 0.7692307692307692, 0.0
0.6161646389324958, 0.6547619047619048, 0.0, 0.8, 0.0
0.6341679871852284, 0.6363636363636364, 0.33333333333333337, 0.8, 0.0
0.6323463892429406, 0.6428571428571428, 0.4, 0.7857142857142857, 0.0
0.6250801975801974, 0.6547619047619048, 0.375, 0.8, 0.0
0.641104081104081, 0.6363636363636364, 0.33333333333333337, 0.7777777777777778, 0.0
0.6414826653272029, 0.6666666666666667, 0.33333333333333337, 0.8, 0.0
0.5999251263140151, 0.6428571428571428, 0.0, 0.8, 0.0
0.5948301698301697, 0.6181818181818182, 0.0, 0.7777777777777778, 0.0
0.6210511710511709, 0.6666666666666667, 0.4, 0.8, 0.0
0.6162722335136126, 0.6153846153846154, 0.33333333333333337, 0.7777777777777778, 0.0
0.6292566150324769, 0.6363636363636364, 0.33333333333333337, 0.8125, 0.0
0.6668315018315015, 0.6666666666666667, 0.5, 0.7857142857142857, 0.0
0.6165078968650396, 0.625, 0.0, 0.8, 0.0
0.6458626096126096, 0.6666666666666667, 0.33333333333333337, 0.7857142857142857, 0.0
0.6304637410519761, 0.6306818181818181, 0.33333333333333337, 0.8181818181818181, 0.0
0.6253247215747213, 0.6515151515151516, 0.25, 0.8, 0.0
0.6304735079735078, 0.6547619047619048, 0.4, 0.8, 0.0
0.6218485537451053, 0.6428571428571428, 0.33333333333333337, 0.8, 0.0
0.6368475043475043, 0.6666666666666667, 0.0, 0.7777777777777778, 0.0
0.6053692993166675, 0.6547619047619048, 0.33333333333333337, 0.8, 0.0
0.6423276723276721, 0.6515151515151516, 0.33333333333333337, 0.8, 0.0
0.5870998445998443, 0.6201923076923077, 0.25, 0.7857142857142857, 0.0
0.5943192095969871, 0.6666666666666667, 0.0, 0.8, 0.0
0.6110750360750359, 0.6515151515151516, 0.16666666666666663, 0.8, 0.0
0.6427516002516, 0.6666666666666667, 0.33333333333333337, 0.8, 0.0
0.6450906851768918, 0.6666666666666667, 0.33333333333333337, 0.8, 0.0
0.6271076146076144, 0.625, 0.4, 0.8, 0.0
0.613114162150673, 0.6666666666666667, 0.0, 0.8, 0.0
0.6526576871404456, 0.6666666666666667, 0.5, 0.75, 0.0
0.6832914022252256, 0.6923076923076923, 0.5, 0.7857142857142857, 0.0
0.6146486955310483, 0.6363636363636364, 0.33333333333333337, 0.7692307692307692, 0.0
0.6070156695156693, 0.625, 0.0, 0.7857142857142857, 0.0
0.6366396566396564, 0.6666666666666667, 0.33333333333333337, 0.7857142857142857, 0.0
0.6138826690550826, 0.6363636363636364, 0.0, 0.8333333333333334, 0.0
0.5888951087226947, 0.625, 0.0, 0.8, 0.0
0.6009328964686105, 0.625, 0.0, 0.8181818181818181, 0.0
0.6100701980012322, 0.6363636363636364, 0.25, 0.8, 0.0
0.667317548352031, 0.7, 0.19999999999999996, 0.8, 0.0
0.6275512801374868, 0.6666666666666667, 0.25, 0.8333333333333334, 0.0
0.6645881895881894, 0.6666666666666667, 0.5, 0.8333333333333334, 0.0
0.6159179056237878, 0.625, 0.33333333333333337, 0.8461538461538461, 0.0
0.6104468328606257, 0.6666666666666667, 0.16666666666666663, 0.8, 0.0
0.6127428127428125, 0.6666666666666667, 0.25, 0.75, 0.0
0.6082541777394717, 0.6258741258741258, 0.33333333333333337, 0.8125, 0.0
0.5878527226741511, 0.6515151515151516, 0.0, 0.7333333333333334, 0.0
0.5968216649251129, 0.625, 0.33333333333333337, 0.75, 0.0
0.6239558812834674, 0.6666666666666667, 0.33333333333333337, 0.8, 0.0
0.6144134569134567, 0.625, 0.0, 0.7777777777777778, 0.0
0.6364850922886635, 0.6666666666666667, 0.4285714285714286, 0.75, 0.0
0.6449546287046285, 0.6666666666666667, 0.33333333333333337, 0.8181818181818181, 0.0
0.630320110923559, 0.6666666666666667, 0.33333333333333337, 0.8, 0.0
0.6204317915977577, 0.6201923076923077, 0.4, 0.8181818181818181, 0.0
0.590880383983832, 0.625, 0.33333333333333337, 0.8, 0.0
0.6173632402080675, 0.6428571428571428, 0.33333333333333337, 0.8, 0.0
0.604617882117882, 0.6666666666666667, 0.0, 0.8, 0.0
0.6116141973494912, 0.625, 0.4, 0.7272727272727273, 0.0
0.6405459355459352, 0.6666666666666667, 0.33333333333333337, 0.7857142857142857, 0.0
0.6485146797646795, 0.6666666666666667, 0.5, 0.7777777777777778, 0.0
0.6300757446294969, 0.6666666666666667, 0.33333333333333337, 0.8181818181818181, 0.0
0.5863351000850999, 0.6, 0.33333333333333337, 0.75, 0.0
0.6279669867169866, 0.6666666666666667, 0.25, 0.8571428571428572, 0.0
0.6198608336108333, 0.6666666666666667, 0.33333333333333337, 0.8333333333333334, 0.0
0.6302232027232025, 0.6428571428571428, 0.33333333333333337, 0.7777777777777778, 0.0
0.6176754280202554, 0.625, 0.33333333333333337, 0.8, 0.0
0.628511627261627, 0.6547619047619048, 0.33333333333333337, 0.75, 0.0
0.6227689934586484, 0.6666666666666667, 0.33333333333333337, 0.8, 0.0
0.6426917526917525, 0.6666666666666667, 0.25, 0.8, 0.0
0.5914758389758389, 0.6363636363636364, 0.0, 0.8, 0.0
0.6089916564916564, 0.6396103896103895, 0.33333333333333337, 0.8, 0.0
0.6255923705923703, 0.6396103896103895, 0.33333333333333337, 0.8333333333333334, 0.0
0.6404918229918228, 0.6794871794871795, 0.33333333333333337, 0.7692307692307692, 0.0
0.6134836427939876, 0.6666666666666667, 0.0, 0.8, 0.0
0.6186050061050059, 0.6, 0.4, 0.8, 0.0
0.5998054559819264, 0.6363636363636364, 0.0, 0.7857142857142857, 0.0
0.6596783990862937, 0.6666666666666667, 0.33333333333333337, 0.8, 0.0
0.6092387245744775, 0.6428571428571428, 0.0, 0.8461538461538461, 0.0
0.586589464175671, 0.6363636363636364, 0.0, 0.8333333333333334, 0.0
0.6192317261282775, 0.6363636363636364, 0.4444444444444444, 0.7857142857142857, 0.0
0.6114332889332886, 0.6547619047619048, 0.0, 0.8181818181818181, 0.0
0.6097329522329519, 0.6201923076923077, 0.33333333333333337, 0.7857142857142857, 0.0
0.6617678617678615, 0.6666666666666667, 0.5, 0.8181818181818181, 0.0
0.6164514057371199, 0.6666666666666667, 0.0, 0.8, 0.0
0.6110399785399784, 0.6458333333333334, 0.25, 0.8, 0.0
0.6248575333396761, 0.6515151515151516, 0.0, 0.8125, 0.0
0.632223462811698, 0.6428571428571428, 0.375, 0.8, 0.0
0.6383229797022898, 0.6428571428571428, 0.33333333333333337, 0.8, 0.0
0.6497555831947844, 0.6666666666666667, 0.33333333333333337, 0.7894736842105263, 0.0
0.6041171791171789, 0.6, 0.33333333333333337, 0.7857142857142857, 0.0
0.6469249141662933, 0.6666666666666667, 0.4, 0.7692307692307692, 0.0
0.6365941928441927, 0.6666666666666667, 0.33333333333333337, 0.8125, 0.0
0.6358213147006249, 0.6666666666666667, 0.33333333333333337, 0.8333333333333334, 0.0
0.6226117183470123, 0.6339285714285714, 0.33333333333333337, 0.8333333333333334, 0.0
0.6487009518259516, 0.6899038461538461, 0.0, 0.7857142857142857, 0.0
0.5827952140452138, 0.6515151515151516, 0.0, 0.8125, 0.0
0.6339260956908014, 0.6428571428571428, 0.33333333333333337, 0.8, 0.0
0.5962072894425833, 0.6, 0.33333333333333337, 0.75, 0.0
