0.6108743108743107, 0.6201923076923077, 0.33333333333333337, 0.8, 0.0
0.6492163487853141, 0.6666666666666667, 0.5, 0.8125, 0.0
0.6445978095978094, 0.6666666666666667, 0.33333333333333337, 0.7777777777777778, 0.0
0.6559228859938797, 0.6666666666666667, 0.5, 0.8, 0.0
0.6531827431827432, 0.6666666666666667, 0.33333333333333337, 0.8, 0.0
0.6411077018219873, 0.6666666666666667, 0.33333333333333337, 0.8333333333333334, 0.0
0.6499864333197665, 0.6923076923076923, 0.33333333333333337, 0.8333333333333334, 0.0
0.6104998759410523, 0.6363636363636364, 0.25, 0.7692307692307692, 0.0
0.6387589725089723, 0.6666666666666667, 0.4285714285714286, 0.8125, 0.0
0.6304166140373035, 0.6428571428571428, 0.4, 0.7857142857142857, 0.0
0.6559827672327672, 0.6666666666666667, 0.4, 0.8, 0.0
0.6130011192511191, 0.6666666666666667, 0.0, 0.75, 0.0
0.6519460169460167, 0.6666666666666667, 0.25, 0.8181818181818181, 0.0
0.6303516424052136, 0.6458333333333334, 0.4, 0.7777777777777778, 0.0
0.5940810147706699, 0.625, 0.25, 0.7692307692307692, 0.0
0.6395910026792379, 0.6666666666666667, 0.33333333333333337, 0.8, 0.0
0.6481502214260833, 0.6666666666666667, 0.33333333333333337, 0.7857142857142857, 0.0
0.645348616900341, 0.6666666666666667, 0.33333333333333337, 0.8, 0.0
0.6279374329374328, 0.6363636363636364, 0.33333333333333337, 0.7857142857142857, 0.0
0.6172598474322609, 0.6363636363636364, 0.33333333333333337, 0.75, 0.0
0.5921398046398045, 0.5833333333333333, 0.33333333333333337, 0.7692307692307692, 0.0
0.6211352536352536, 0.6396103896103895, 0.33333333333333337, 0.8, 0.0
0.6579351699887411, 0.6666666666666667, 0.33333333333333337, 0.8181818181818181, 0.0
0.6378887778887777, 0.6396103896103895, 0.33333333333333337, 0.8461538461538461, 0.0
0.6488315637354097, 0.6666666666666667, 0.5, 0.7692307692307692, 0.0
0.6143475777096465, 0.6363636363636364, 0.0, 0.875, 0.0
0.6120447453780785, 0.625, 0.33333333333333337, 0.7692307692307692, 0.0
0.6409833755987602, 0.6666666666666667, 0.33333333333333337, 0.7857142857142857, 0.0
0.6189229289229287, 0.6547619047619048, 0.33333333333333337, 0.7777777777777778, 0.0
0.6355260942760942, 0.6666666666666667, 0.33333333333333337, 0.8, 0.0
0.6730308006170074, 0.6923076923076923, 0.33333333333333337, 0.8, 0.0
0.6731742873984252, 0.6666666666666667, 0.4, 0.7857142857142857, 0.0
0.5902122568789233, 0.6153846153846154, 0.0, 0.8, 0.0
0.6064083904601144, 0.625, 0.0, 0.7692307692307692, 0.0
0.6365941928441926, 0.6666666666666667, 0.33333333333333337, 0.8, 0.0
0.6632192807192804, 0.6666666666666667, 0.5, 0.8, 0.0
0.616016622266622, 0.6666666666666667, 0.33333333333333337, 0.8181818181818181, 0.0
0.6334059787406642, 0.6666666666666667, 0.25, 0.7777777777777778, 0.0
0.61971811713191, 0.6428571428571428, 0.33333333333333337, 0.8, 0.0
0.6598181448181447, 0.6794871794871795, 0.33333333333333337, 0.8, 0.0
0.6245815295815293, 0.6666666666666667, 0.33333333333333337, 0.75, 0.0
0.6179947037089891, 0.6, 0.4444444444444444, 0.8333333333333334, 0.0
0.6294335203648929, 0.6666666666666667, 0.0, 0.8125, 0.0
0.605626065111359, 0.6666666666666667, 0.25, 0.75, 0.0
0.6120332445332444, 0.6396103896103895, 0.33333333333333337, 0.7692307692307692, 0.0
0.5678569578569577, 0.625, 0.0, 0.8, 0.0
0.6143273393273392, 0.6076923076923078, 0.33333333333333337, 0.8571428571428572, 0.0
0.5761161986161984, 0.5714285714285714, 0.0, 0.8181818181818181, 0.0
0.612561975061975, 0.625, 0.33333333333333337, 0.7692307692307692, 0.0
0.6554828042328041, 0.6666666666666667, 0.33333333333333337, 0.8, 0.0
0.6264158255537564, 0.6666666666666667, 0.4, 0.7692307692307692, 0.0
0.6571158471158469, 0.6794871794871795, 0.33333333333333337, 0.7857142857142857, 0.0
0.6383571409433477, 0.6363636363636364, 0.4, 0.8, 0.0
0.6480355625893149, 0.6666666666666667, 0.33333333333333337, 0.8333333333333334, 0.0
0.6604864877186304, 0.6666666666666667, 0.5, 0.8125, 0.0
0.6426158133054682, 0.6153846153846154, 0.4, 0.7777777777777778, 0.0
0.6089699094009438, 0.6666666666666667, 0.0, 0.75, 0.0
0.6613593813593811, 0.6833333333333333, 0.33333333333333337, 0.8, 0.0
0.6244810519658387, 0.6666666666666667, 0.4, 0.8333333333333334, 0.0
0.6369283494283494, 0.6666666666666667, 0.0, 0.8125, 0.0
0.6160545935545934, 0.6125, 0.0, 0.75, 0.0
0.6033885654575308, 0.6666666666666667, 0.0, 0.7692307692307692, 0.0
0.5876000436345261, 0.6153846153846154, 0.0, 0.75, 0.0
0.6215957571839923, 0.6547619047619048, 0.33333333333333337, 0.7692307692307692, 0.0
0.6489009075215969, 0.6363636363636364, 0.5, 0.8, 0.0
0.648769688312172, 0.6666666666666667, 0.4, 0.8, 0.0
0.6057542457542456, 0.6, 0.33333333333333337, 0.8, 0.0
0.5944426516688177, 0.625, 0.33333333333333337, 0.75, 0.0
0.6354989837748456, 0.6666666666666667, 0.33333333333333337, 0.8, 0.0
0.6111536281179137, 0.6666666666666667, 0.0, 0.8571428571428572, 0.0
0.6297269859769857, 0.6396103896103895, 0.5, 0.8, 0.0
0.6102217227217226, 0.6428571428571428, 0.375, 0.7692307692307692, 0.0
0.6249939715456955, 0.6363636363636364, 0.33333333333333337, 0.8, 0.0
0.6509391949047119, 0.6666666666666667, 0.5, 0.7857142857142857, 0.0
0.6275585906468258, 0.6666666666666667, 0.0, 0.8333333333333334, 0.0
0.6618008380508379, 0.6666666666666667, 0.33333333333333337, 0.8571428571428572, 0.0
0.6434312813623158, 0.6666666666666667, 0.25, 0.8, 0.0
0.656077743063037, 0.6666666666666667, 0.33333333333333337, 0.8125, 0.0
0.6155340030340029, 0.6306818181818181, 0.4, 0.8333333333333334, 0.0
0.6497881285381284, 0.6666666666666667, 0.5, 0.8571428571428572, 0.0
0.6172502960002959, 0.6666666666666667, 0.19999999999999996, 0.8181818181818181, 0.0
0.6292700817700816, 0.6666666666666667, 0.33333333333333337, 0.7777777777777778, 0.0
0.6654116955841092, 0.6923076923076923, 0.4, 0.8, 0.0
0.6508544035329749, 0.6666666666666667, 0.25, 0.8, 0.0
0.5907647907647906, 0.6363636363636364, 0.33333333333333337, 0.8333333333333334, 0.0
0.6499178025040094, 0.6666666666666667, 0.33333333333333337, 0.8, 0.0
0.6189326546469401, 0.6396103896103895, 0.33333333333333337, 0.75, 0.0
0.650727328227328, 0.6396103896103895, 0.33333333333333337, 0.8, 0.0
0.6186515985704624, 0.6363636363636364, 0.33333333333333337, 0.8181818181818181, 0.0
0.6405934343434343, 0.6547619047619048, 0.33333333333333337, 0.8, 0.0
0.6406232656232655, 0.6666666666666667, 0.33333333333333337, 0.8333333333333334, 0.0
0.6176127576127575, 0.6181818181818182, 0.33333333333333337, 0.8, 0.0
0.6331969664322604, 0.6666666666666667, 0.25, 0.8, 0.0
0.6445465249036675, 0.6666666666666667, 0.5, 0.8181818181818181, 0.0
0.5945961445961444, 0.6428571428571428, 0.0, 0.7692307692307692, 0.0
0.6124592074592071, 0.6547619047619048, 0.33333333333333337, 0.7692307692307692, 0.0
0.6487921337921335, 0.6515151515151516, 0.33333333333333337, 0.8333333333333334, 0.0
0.6056226511583654, 0.6363636363636364, 0.0, 0.8125, 0.0
0.6511309061309059, 0.6666666666666667, 0.33333333333333337, 0.8, 0.0
0.6716932141932139, 0.6961538461538461, 0.4285714285714286, 0.8181818181818181, 0.0
0.635563757292966, 0.625, 0.4, 0.8125, 0.0
0.6499654115725544, 0.6666666666666667, 0.4, 0.8, 0.0
0.6216698497580848, 0.625, 0.33333333333333337, 0.8181818181818181, 0.0
0.6438311688311685, 0.6666666666666667, 0.33333333333333337, 0.7857142857142857, 0.0
0.6079882282468487, 0.625, 0.5, 0.8181818181818181, 0.0
0.6247693047693045, 0.6666666666666667, 0.33333333333333337, 0.7777777777777778, 0.0
0.6233900199417438, 0.6666666666666667, 0.25, 0.7857142857142857, 0.0
0.6242508483579909, 0.6515151515151516, 0.33333333333333337, 0.7857142857142857, 0.0
0.6438850421609041, 0.6666666666666667, 0.4, 0.7692307692307692, 0.0
0.5951226551226549, 0.6201923076923077, 0.33333333333333337, 0.875, 0.0
0.6068800562182911, 0.6181818181818182, 0.33333333333333337, 0.7857142857142857, 0.0
0.6449764369617309, 0.6666666666666667, 0.33333333333333337, 0.8181818181818181, 0.0
0.6663428525497489, 0.6666666666666667, 0.33333333333333337, 0.8181818181818181, 0.0
0.6639582406389127, 0.6794871794871795, 0.4, 0.8, 0.0
0.6008641358641357, 0.6396103896103895, 0.25, 0.7692307692307692, 0.0
0.575647593147593, 0.6458333333333334, 0.0, 0.7777777777777778, 0.0
0.5968064502547259, 0.6, 0.0, 0.7857142857142857, 0.0
0.6076774614274612, 0.6515151515151516, 0.0, 0.8, 0.0
0.6571796976969388, 0.6666666666666667, 0.5, 0.8333333333333334, 0.0
0.5661879786879785, 0.6, 0.0, 0.7777777777777778, 0.0
0.6370589180934008, 0.6428571428571428, 0.33333333333333337, 0.7692307692307692, 0.0
0.6570050320050318, 0.6666666666666667, 0.4, 0.8, 0.0
0.6251889741910749, 0.6428571428571428, 0.4285714285714286, 0.8, 0.0
0.6221260003612943, 0.6076923076923078, 0.25, 0.8, 0.0
0.6603708791208791, 0.6666666666666667, 0.33333333333333337, 0.8125, 0.0
0.6311111302490612, 0.6363636363636364, 0.33333333333333337, 0.7692307692307692, 0.0
0.6470545737787116, 0.6666666666666667, 0.33333333333333337, 0.7857142857142857, 0.0
0.605949097199097, 0.6125, 0.33333333333333337, 0.8333333333333334, 0.0
0.6470404595404592, 0.6666666666666667, 0.5, 0.8181818181818181, 0.0
0.640359838574124, 0.6666666666666667, 0.25, 0.8461538461538461, 0.0
0.6532695082695081, 0.6666666666666667, 0.25, 0.8333333333333334, 0.0
0.6432521182521181, 0.6923076923076923, 0.25, 0.8333333333333334, 0.0
0.5642958892958893, 0.5916666666666666, 0.2857142857142857, 0.7333333333333334, 0.0
0.6241056273003532, 0.6363636363636364, 0.33333333333333337, 0.7857142857142857, 0.0
0.6335333662948038, 0.6428571428571428, 0.33333333333333337, 0.7857142857142857, 0.0
0.6238942092390366, 0.625, 0.33333333333333337, 0.8, 0.0
0.6059153987038601, 0.6458333333333334, 0.33333333333333337, 0.8, 0.0
0.6427078668457976, 0.6666666666666667, 0.25, 0.8181818181818181, 0.0
0.5823604556363177, 0.625, 0.0, 0.7692307692307692, 0.0
0.6602640654364791, 0.6666666666666667, 0.33333333333333337, 0.8181818181818181, 0.0
0.6109269089661244, 0.6428571428571428, 0.33333333333333337, 0.75, 0.0
0.6185956173456172, 0.6076923076923078, 0.33333333333333337, 0.8461538461538461, 0.0
0.6172229159729158, 0.6666666666666667, 0.33333333333333337, 0.75, 0.0
0.6103542783563065, 0.625, 0.0, 0.7692307692307692, 0.0
0.613109668109668, 0.6547619047619048, 0.0, 0.8666666666666667, 0.0
0.6633120710706917, 0.6666666666666667, 0.4285714285714286, 0.8, 0.0
0.6734948583162866, 0.7071428571428571, 0.5, 0.7777777777777778, 0.0
0.6184605517938848, 0.6363636363636364, 0.4, 0.75, 0.0
0.6559312335174403, 0.6666666666666667, 0.33333333333333337, 0.7857142857142857, 0.0
0.6187887782715368, 0.625, 0.33333333333333337, 0.7857142857142857, 0.0
0.6669018481518479, 0.6666666666666667, 0.5, 0.8181818181818181, 0.0
0.6177225552225551, 0.6515151515151516, 0.25, 0.8, 0.0
0.635589503089503, 0.6666666666666667, 0.0, 0.8, 0.0
0.6507532134306981, 0.6666666666666667, 0.4, 0.7777777777777778, 0.0
0.6165071965071962, 0.6428571428571428, 0.25, 0.7857142857142857, 0.0
0.6362303437303435, 0.6666666666666667, 0.0, 0.8181818181818181, 0.0
0.6535261673192707, 0.6666666666666667, 0.25, 0.7777777777777778, 0.0
0.6547238202410617, 0.7142857142857143, 0.33333333333333337, 0.7692307692307692, 0.0
0.5685803085803084, 0.6, 0.0, 0.7857142857142857, 0.0
0.6463187656570007, 0.6666666666666667, 0.4, 0.7777777777777778, 0.0
0.6011681836681836, 0.6306818181818181, 0.33333333333333337, 0.8, 0.0
0.603055324305324, 0.625, 0.0, 0.8125, 0.0
0.6210394942747881, 0.6306818181818181, 0.33333333333333337, 0.75, 0.0
0.6127045077937934, 0.6547619047619048, 0.0, 0.75, 0.0
0.6490773279008571, 0.6666666666666667, 0.33333333333333337, 0.7777777777777778, 0.0
0.6364477476546441, 0.6666666666666667, 0.33333333333333337, 0.8, 0.0
0.6332538151503665, 0.6666666666666667, 0.33333333333333337, 0.8333333333333334, 0.0
0.6129899729899727, 0.6076923076923078, 0.4, 0.75, 0.0
0.6434241778055163, 0.6428571428571428, 0.5, 0.8, 0.0
0.6769660813043166, 0.6899038461538461, 0.375, 0.8, 0.0
0.6260483769104457, 0.6666666666666667, 0.33333333333333337, 0.8333333333333334, 0.0
0.601924655803966, 0.625, 0.25, 0.8125, 0.0
0.6378517778517777, 0.6666666666666667, 0.25, 0.8, 0.0
0.6275638957991897, 0.6666666666666667, 0.0, 0.8, 0.0
0.6357730232730231, 0.6666666666666667, 0.4, 0.75, 0.0
0.6194238711480089, 0.6428571428571428, 0.4, 0.7777777777777778, 0.0
0.6409304584304583, 0.6666666666666667, 0.33333333333333337, 0.8125, 0.0
0.6381632256632255, 0.6363636363636364, 0.5, 0.8, 0.0
0.6586918537811395, 0.6666666666666667, 0.5, 0.8, 0.0
0.6524246586746585, 0.6666666666666667, 0.5, 0.7857142857142857, 0.0
0.6261059821404648, 0.6666666666666667, 0.0, 0.7777777777777778, 0.0
0.6464836750551033, 0.6666666666666667, 0.4, 0.8333333333333334, 0.0
0.601219336219336, 0.6428571428571428, 0.33333333333333337, 0.8, 0.0
0.6456719867434152, 0.6666666666666667, 0.5, 0.8, 0.0
0.6202433581743925, 0.6666666666666667, 0.0, 0.8, 0.0
0.633892282497759, 0.6666666666666667, 0.33333333333333337, 0.8571428571428572, 0.0
0.6277855477855476, 0.6666666666666667, 0.25, 0.8181818181818181, 0.0
0.5872645872645871, 0.6666666666666667, 0.0, 0.8333333333333334, 0.0
0.6619359806859805, 0.6666666666666667, 0.33333333333333337, 0.8181818181818181, 0.0
0.624083694083694, 0.6666666666666667, 0.25, 0.8, 0.0
0.6317189515465376, 0.6666666666666667, 0.33333333333333337, 0.8461538461538461, 0.0
0.6508616383616381, 0.6666666666666667, 0.5, 0.8, 0.0
0.6118561002489572, 0.6306818181818181, 0.33333333333333337, 0.8, 0.0
0.6289255189255187, 0.6339285714285714, 0.4285714285714286, 0.8, 0.0
0.6339198301698299, 0.6666666666666667, 0.4, 0.75, 0.0
0.6349250749250747, 0.6666666666666667, 0.33333333333333337, 0.8, 0.0
0.6285855775876782, 0.6306818181818181, 0.4, 0.75, 0.0
0.6206010438363377, 0.6515151515151516, 0.25, 0.75, 0.0
0.6323976948976947, 0.6428571428571428, 0.33333333333333337, 0.8333333333333334, 0.0
0.6255167021394199, 0.6428571428571428, 0.33333333333333337, 0.8, 0.0
