0.40421455938697326, 0.4285714285714286, 0.0, 0.5714285714285714, 0.0
0.40732804232804226, 0.4285714285714286, 0.0, 0.6, 0.0
0.3853439153439154, 0.4142857142857143, 0.0, 0.6, 0.0
0.40649092970521544, 0.4285714285714286, 0.0, 0.5714285714285714, 0.0
0.44637566137566137, 0.5, 0.25, 0.5555555555555556, 0.0
0.39418934240362813, 0.4285714285714286, 0.0, 0.5555555555555556, 0.0
0.41091269841269845, 0.4285714285714286, 0.0, 0.6, 0.0
0.41283524904214564, 0.5, 0.0, 0.5714285714285714, 0.0
0.37695675971538045, 0.4, 0.0, 0.5555555555555556, 0.0
0.40097883597883605, 0.4285714285714286, 0.25, 0.5555555555555556, 0.0
0.41201058201058205, 0.4285714285714286, 0.19999999999999996, 0.5714285714285714, 0.0
0.4323148148148148, 0.4285714285714286, 0.19999999999999996, 0.625, 0.0
0.42409297052154205, 0.4285714285714286, 0.0, 0.5555555555555556, 0.0
0.4071296296296297, 0.4285714285714286, 0.19999999999999996, 0.625, 0.0
0.412753147235906, 0.4285714285714286, 0.0, 0.5555555555555556, 0.0
0.40975056689342404, 0.4285714285714286, 0.0, 0.6, 0.0
0.36888341543513964, 0.4285714285714286, 0.0, 0.5, 0.0
0.37342638204707174, 0.4285714285714286, 0.0, 0.5555555555555556, 0.0
0.440311986863711, 0.5, 0.0, 0.5714285714285714, 0.0
0.4207407407407408, 0.4285714285714286, 0.0, 0.5555555555555556, 0.0
0.45191570881226056, 0.4285714285714286, 0.25, 0.6, 0.0
0.4147186147186148, 0.4285714285714286, 0.0, 0.6363636363636364, 0.0
0.382903009688724, 0.4285714285714286, 0.0, 0.6363636363636364, 0.0
0.4412698412698413, 0.4285714285714286, 0.25, 0.6, 0.0
0.37780612244897965, 0.4285714285714286, 0.0, 0.5714285714285714, 0.0
0.4302408319649699, 0.4285714285714286, 0.25, 0.5555555555555556, 0.0
0.3458758503401361, 0.4, 0.0, 0.625, 0.0
0.379912424740011, 0.4285714285714286, 0.0, 0.5555555555555556, 0.0
0.44371693121693123, 0.5, 0.19999999999999996, 0.625, 0.0
0.4024092970521543, 0.4285714285714286, 0.0, 0.5714285714285714, 0.0
0.4194708994708995, 0.4285714285714286, 0.0, 0.5714285714285714, 0.0
0.38489326765188847, 0.4, 0.19999999999999996, 0.5, 0.0
0.43368764172335605, 0.4285714285714286, 0.0, 0.625, 0.0
0.37389455782312925, 0.4285714285714286, 0.0, 0.5714285714285714, 0.0
0.4133552271483306, 0.4285714285714286, 0.0, 0.5555555555555556, 0.0
0.39486772486772487, 0.4285714285714286, 0.0, 0.5555555555555556, 0.0
0.3958264915161468, 0.4285714285714286, 0.0, 0.625, 0.0
0.3775793650793651, 0.4, 0.0, 0.625, 0.0
0.4283251231527093, 0.4285714285714286, 0.0, 0.5714285714285714, 0.0
0.4456709956709958, 0.4285714285714286, 0.25, 0.6363636363636364, 0.0
0.404296661193213, 0.4285714285714286, 0.0, 0.5555555555555556, 0.0
0.4164203612479475, 0.4285714285714286, 0.0, 0.5555555555555556, 0.0
0.39813492063492073, 0.4285714285714286, 0.0, 0.625, 0.0
0.3966269841269842, 0.4285714285714286, 0.0, 0.5714285714285714, 0.0
0.3885449735449736, 0.4, 0.0, 0.5714285714285714, 0.0
0.3856746031746033, 0.4285714285714286, 0.0, 0.625, 0.0
0.4130541871921183, 0.4285714285714286, 0.0, 0.6, 0.0
0.4104591836734694, 0.4285714285714286, 0.0, 0.5714285714285714, 0.0
0.39253968253968263, 0.4285714285714286, 0.0, 0.5, 0.0
0.3869841269841271, 0.4285714285714286, 0.0, 0.5, 0.0
0.3959435626102294, 0.4285714285714286, 0.0, 0.5, 0.0
0.3981116584564861, 0.4285714285714286, 0.0, 0.5714285714285714, 0.0
0.3665024630541872, 0.4285714285714286, 0.0, 0.5, 0.0
0.38826530612244897, 0.4142857142857143, 0.0, 0.5555555555555556, 0.0
0.4458465608465609, 0.4285714285714286, 0.19999999999999996, 0.6, 0.0
0.4399562123700055, 0.4285714285714286, 0.0, 0.6666666666666667, 0.0
0.42734126984126986, 0.4285714285714286, 0.19999999999999996, 0.625, 0.0
0.4235084838533114, 0.4285714285714286, 0.0, 0.5714285714285714, 0.0
0.4116931216931218, 0.4285714285714286, 0.0, 0.5714285714285714, 0.0
0.43460317460317466, 0.4285714285714286, 0.33333333333333337, 0.6, 0.0
0.40907029478458057, 0.4285714285714286, 0.0, 0.6, 0.0
0.445978835978836, 0.5, 0.33333333333333337, 0.6, 0.0
0.40623973727422014, 0.4285714285714286, 0.0, 0.5, 0.0
0.4283114395183361, 0.4285714285714286, 0.25, 0.625, 0.0
0.4060317460317461, 0.4285714285714286, 0.0, 0.5714285714285714, 0.0
0.3900510204081633, 0.4285714285714286, 0.0, 0.6, 0.0
0.404625068418172, 0.4285714285714286, 0.25, 0.5714285714285714, 0.0
0.4247883597883598, 0.4285714285714286, 0.19999999999999996, 0.5714285714285714, 0.0
0.38138888888888894, 0.4285714285714286, 0.0, 0.625, 0.0
0.4028042328042329, 0.4285714285714286, 0.0, 0.5555555555555556, 0.0
0.34095238095238106, 0.4, 0.0, 0.5, 0.0
0.4249315818281336, 0.4285714285714286, 0.0, 0.5714285714285714, 0.0
0.3933597883597884, 0.4285714285714286, 0.0, 0.6, 0.0
0.4083743842364533, 0.4285714285714286, 0.0, 0.5, 0.0
0.350978835978836, 0.4285714285714286, 0.0, 0.5555555555555556, 0.0
0.4124338624338625, 0.4285714285714286, 0.19999999999999996, 0.6, 0.0
0.43312169312169313, 0.4285714285714286, 0.25, 0.5555555555555556, 0.0
0.4246031746031746, 0.4285714285714286, 0.19999999999999996, 0.6, 0.0
0.4195767195767196, 0.4285714285714286, 0.0, 0.6, 0.0
0.37833333333333335, 0.4285714285714286, 0.0, 0.5555555555555556, 0.0
0.43577097505668944, 0.4285714285714286, 0.19999999999999996, 0.5714285714285714, 0.0
0.38366174055829244, 0.4, 0.0, 0.5, 0.0
0.3754515599343186, 0.4, 0.0, 0.5, 0.0
0.3723015873015873, 0.4142857142857143, 0.0, 0.5714285714285714, 0.0
0.3918445539135195, 0.4285714285714286, 0.0, 0.5714285714285714, 0.0
0.37383689107827045, 0.4285714285714286, 0.0, 0.6, 0.0
0.3852116402116403, 0.4142857142857143, 0.0, 0.5555555555555556, 0.0
0.372962962962963, 0.4, 0.0, 0.5555555555555556, 0.0
0.4061986863711002, 0.4285714285714286, 0.0, 0.625, 0.0
0.39988662131519287, 0.4285714285714286, 0.0, 0.5555555555555556, 0.0
0.39781061850027377, 0.4285714285714286, 0.0, 0.5555555555555556, 0.0
0.4355227148330597, 0.4285714285714286, 0.25, 0.6, 0.0
0.40252645502645507, 0.4285714285714286, 0.0, 0.625, 0.0
0.39501915708812263, 0.4285714285714286, 0.19999999999999996, 0.5714285714285714, 0.0
0.4200680272108844, 0.4285714285714286, 0.0, 0.5714285714285714, 0.0
0.3939909297052155, 0.4285714285714286, 0.0, 0.5714285714285714, 0.0
0.4391078270388616, 0.4285714285714286, 0.0, 0.5714285714285714, 0.0
0.39143990929705225, 0.4285714285714286, 0.0, 0.6, 0.0
0.40695767195767196, 0.4285714285714286, 0.0, 0.6, 0.0
0.4236111111111111, 0.4285714285714286, 0.0, 0.625, 0.0
0.4062260536398469, 0.4, 0.25, 0.625, 0.0
0.42148330596606465, 0.4285714285714286, 0.19999999999999996, 0.6666666666666667, 0.0
0.4379036672140121, 0.4285714285714286, 0.25, 0.5714285714285714, 0.0
0.4070370370370371, 0.4285714285714286, 0.0, 0.5555555555555556, 0.0
0.41609195402298854, 0.4285714285714286, 0.0, 0.5714285714285714, 0.0
0.4150529100529102, 0.4285714285714286, 0.0, 0.5714285714285714, 0.0
0.39746031746031746, 0.4285714285714286, 0.0, 0.6, 0.0
0.4308702791461413, 0.4285714285714286, 0.25, 0.6, 0.0
0.44714285714285723, 0.4285714285714286, 0.33333333333333337, 0.5714285714285714, 0.0
0.43700054734537497, 0.4285714285714286, 0.25, 0.5555555555555556, 0.0
0.3806613756613757, 0.4142857142857143, 0.0, 0.5714285714285714, 0.0
0.3828571428571429, 0.4285714285714286, 0.0, 0.5, 0.0
0.4396004378763, 0.4285714285714286, 0.25, 0.625, 0.0
0.4213464696223317, 0.5, 0.0, 0.6, 0.0
0.4166931216931217, 0.4285714285714286, 0.0, 0.6, 0.0
0.4053968253968254, 0.4285714285714286, 0.0, 0.6, 0.0
0.4587566137566138, 0.5, 0.25, 0.6, 0.0
0.38659003831417627, 0.4285714285714286, 0.0, 0.5714285714285714, 0.0
0.44215608465608464, 0.5, 0.19999999999999996, 0.625, 0.0
0.3677613574165299, 0.4285714285714286, 0.0, 0.5555555555555556, 0.0
0.38526455026455037, 0.4285714285714286, 0.0, 0.5555555555555556, 0.0
0.38259259259259265, 0.4285714285714286, 0.0, 0.5555555555555556, 0.0
0.4231216931216932, 0.4285714285714286, 0.0, 0.5714285714285714, 0.0
0.4187739463601533, 0.4285714285714286, 0.0, 0.5714285714285714, 0.0
0.3568144499178983, 0.4, 0.0, 0.5555555555555556, 0.0
0.35240831964969904, 0.4, 0.0, 0.5714285714285714, 0.0
0.40722495894909694, 0.4285714285714286, 0.19999999999999996, 0.6, 0.0
0.4238520408163265, 0.4642857142857143, 0.0, 0.625, 0.0
0.39711934156378603, 0.4285714285714286, 0.0, 0.5555555555555556, 0.0
0.39047619047619053, 0.4285714285714286, 0.0, 0.5714285714285714, 0.0
0.4097883597883598, 0.4285714285714286, 0.19999999999999996, 0.5714285714285714, 0.0
0.37941981390257257, 0.4, 0.0, 0.5714285714285714, 0.0
0.35541005291005295, 0.4, 0.0, 0.625, 0.0
0.3816137566137567, 0.4, 0.0, 0.5555555555555556, 0.0
0.37843459222769577, 0.4, 0.0, 0.5714285714285714, 0.0
0.3976484420928866, 0.4285714285714286, 0.0, 0.6666666666666667, 0.0
0.3746296296296297, 0.4, 0.0, 0.5555555555555556, 0.0
0.4462868480725624, 0.4285714285714286, 0.25, 0.6, 0.0
0.3731253420908594, 0.4, 0.0, 0.5555555555555556, 0.0
0.38134920634920644, 0.4285714285714286, 0.0, 0.5, 0.0
0.42389162561576355, 0.4285714285714286, 0.0, 0.6, 0.0
0.40399562123700056, 0.4285714285714286, 0.0, 0.5555555555555556, 0.0
0.39174603174603184, 0.4285714285714286, 0.0, 0.5, 0.0
0.39157088122605366, 0.4285714285714286, 0.0, 0.5555555555555556, 0.0
0.4333465608465608, 0.5, 0.0, 0.625, 0.0
0.40166940339354135, 0.4285714285714286, 0.0, 0.5714285714285714, 0.0
0.40145502645502645, 0.4285714285714286, 0.0, 0.5714285714285714, 0.0
0.3794061302681993, 0.4, 0.0, 0.625, 0.0
0.39137931034482765, 0.4285714285714286, 0.0, 0.5, 0.0
0.4135449735449736, 0.4142857142857143, 0.25, 0.5555555555555556, 0.0
0.46397099069512865, 0.5, 0.19999999999999996, 0.625, 0.0
0.39185185185185195, 0.4142857142857143, 0.25, 0.5714285714285714, 0.0
0.39226190476190487, 0.4285714285714286, 0.0, 0.5555555555555556, 0.0
0.4217569786535305, 0.4285714285714286, 0.19999999999999996, 0.5, 0.0
0.37684231477334934, 0.4285714285714286, 0.0, 0.6363636363636364, 0.0
0.3956084656084657, 0.4285714285714286, 0.0, 0.5555555555555556, 0.0
0.42312534209085934, 0.4285714285714286, 0.19999999999999996, 0.6666666666666667, 0.0
0.3833201058201059, 0.4285714285714286, 0.0, 0.625, 0.0
0.3900656814449918, 0.4285714285714286, 0.0, 0.5714285714285714, 0.0
0.41401204159824856, 0.4285714285714286, 0.19999999999999996, 0.5555555555555556, 0.0
0.43783068783068796, 0.4285714285714286, 0.25, 0.5714285714285714, 0.0
0.42605363984674344, 0.4285714285714286, 0.19999999999999996, 0.5555555555555556, 0.0
0.4030639730639731, 0.4285714285714286, 0.0, 0.6363636363636364, 0.0
0.4175834701696772, 0.4285714285714286, 0.19999999999999996, 0.625, 0.0
0.3975916803503011, 0.4285714285714286, 0.0, 0.5555555555555556, 0.0
0.4147235905856596, 0.4285714285714286, 0.19999999999999996, 0.5714285714285714, 0.0
0.3938697318007663, 0.4285714285714286, 0.0, 0.6, 0.0
0.4160372194854953, 0.4285714285714286, 0.0, 0.5714285714285714, 0.0
0.3695767195767196, 0.4142857142857143, 0.0, 0.5555555555555556, 0.0
0.3910846560846561, 0.4285714285714286, 0.0, 0.5714285714285714, 0.0
0.38145502645502655, 0.4, 0.0, 0.5555555555555556, 0.0
0.3723922902494331, 0.4285714285714286, 0.0, 0.6666666666666667, 0.0
0.4157261389404247, 0.4285714285714286, 0.19999999999999996, 0.6363636363636364, 0.0
0.36310892172961146, 0.4285714285714286, 0.0, 0.5555555555555556, 0.0
0.4281216931216931, 0.4285714285714286, 0.0, 0.5714285714285714, 0.0
0.4018336070060209, 0.4285714285714286, 0.0, 0.5555555555555556, 0.0
0.3945265462506842, 0.4285714285714286, 0.0, 0.5555555555555556, 0.0
0.42592592592592593, 0.4285714285714286, 0.19999999999999996, 0.5555555555555556, 0.0
0.415348061899786, 0.4285714285714286, 0.0, 0.6363636363636364, 0.0
0.40736179529282984, 0.4285714285714286, 0.0, 0.5714285714285714, 0.0
0.3889983579638753, 0.4285714285714286, 0.0, 0.5555555555555556, 0.0
0.44391534391534393, 0.4642857142857143, 0.0, 0.6, 0.0
0.41042692939244674, 0.4285714285714286, 0.25, 0.5, 0.0
0.4203656462585035, 0.4285714285714286, 0.0, 0.625, 0.0
0.4133465608465609, 0.4285714285714286, 0.0, 0.625, 0.0
0.3680076628352491, 0.4285714285714286, 0.0, 0.5714285714285714, 0.0
0.418399470899471, 0.4285714285714286, 0.19999999999999996, 0.625, 0.0
0.4023280423280424, 0.4285714285714286, 0.0, 0.5714285714285714, 0.0
0.44547619047619047, 0.4642857142857143, 0.19999999999999996, 0.6, 0.0
0.3972906403940887, 0.4285714285714286, 0.0, 0.5714285714285714, 0.0
0.3916666666666667, 0.4285714285714286, 0.0, 0.5714285714285714, 0.0
0.3900109469074987, 0.4285714285714286, 0.0, 0.5714285714285714, 0.0
0.39210085549371276, 0.4285714285714286, 0.0, 0.6363636363636364, 0.0
0.3942592592592593, 0.4285714285714286, 0.0, 0.5714285714285714, 0.0
0.41103174603174614, 0.4285714285714286, 0.0, 0.5, 0.0
0.4220370370370371, 0.4285714285714286, 0.25, 0.5714285714285714, 0.0
0.421784345922277, 0.4285714285714286, 0.0, 0.6, 0.0
0.41817186644772864, 0.4285714285714286, 0.25, 0.6, 0.0
0.3569239189928845, 0.4, 0.0, 0.5714285714285714, 0.0
0.401176792556103, 0.4285714285714286, 0.0, 0.5714285714285714, 0.0
