0.012820512820512822, 0.0, 0.0, 0.6666666666666667, 0.0
0.0, 0.0, 0.0, 0.0, 0.0
0.013333333333333334, 0.0, 0.0, 0.6666666666666667, 0.0
0.0, 0.0, 0.0, 0.0, 0.0
0.009615384615384616, 0.0, 0.0, 0.5, 0.0
0.013071895424836603, 0.0, 0.0, 0.6666666666666667, 0.0
0.012820512820512822, 0.0, 0.0, 0.6666666666666667, 0.0
0.0, 0.0, 0.0, 0.0, 0.0
0.008771929824561403, 0.0, 0.0, 0.5, 0.0
0.0, 0.0, 0.0, 0.0, 0.0
0.0, 0.0, 0.0, 0.0, 0.0
0.022012578616352203, 0.0, 0.0, 0.6666666666666667, 0.0
0.0, 0.0, 0.0, 0.0, 0.0
0.022875816993464054, 0.0, 0.0, 0.6666666666666667, 0.0
0.0, 0.0, 0.0, 0.0, 0.0
0.01234567901234568, 0.0, 0.0, 0.6666666666666667, 0.0
0.012578616352201259, 0.0, 0.0, 0.6666666666666667, 0.0
0.0, 0.0, 0.0, 0.0, 0.0
0.0, 0.0, 0.0, 0.0, 0.0
0.020467836257309944, 0.0, 0.0, 0.6666666666666667, 0.0
0.009615384615384616, 0.0, 0.0, 0.5, 0.0
0.008771929824561403, 0.0, 0.0, 0.5, 0.0
0.0, 0.0, 0.0, 0.0, 0.0
0.0, 0.0, 0.0, 0.0, 0.0
0.0, 0.0, 0.0, 0.0, 0.0
0.0, 0.0, 0.0, 0.0, 0.0
0.013071895424836603, 0.0, 0.0, 0.6666666666666667, 0.0
0.022435897435897436, 0.0, 0.0, 0.6666666666666667, 0.0
0.012820512820512822, 0.0, 0.0, 0.6666666666666667, 0.0
0.009259259259259259, 0.0, 0.0, 0.5, 0.0
0.0, 0.0, 0.0, 0.0, 0.0
0.012820512820512822, 0.0, 0.0, 0.6666666666666667, 0.0
0.009259259259259259, 0.0, 0.0, 0.5, 0.0
0.0, 0.0, 0.0, 0.0, 0.0
0.021212121212121213, 0.0, 0.0, 0.6666666666666667, 0.0
0.0, 0.0, 0.0, 0.0, 0.0
0.00909090909090909, 0.0, 0.0, 0.5, 0.0
0.012121212121212123, 0.0, 0.0, 0.6666666666666667, 0.0
0.011904761904761906, 0.0, 0.0, 0.6666666666666667, 0.0
0.012578616352201259, 0.0, 0.0, 0.6666666666666667, 0.0
0.0, 0.0, 0.0, 0.0, 0.0
0.011695906432748539, 0.0, 0.0, 0.6666666666666667, 0.0
0.009433962264150943, 0.0, 0.0, 0.5, 0.0
0.0, 0.0, 0.0, 0.0, 0.0
0.0, 0.0, 0.0, 0.0, 0.0
0.007407407407407408, 0.0, 0.0, 0.4, 0.0
0.00909090909090909, 0.0, 0.0, 0.5, 0.0
0.022012578616352203, 0.0, 0.0, 0.6666666666666667, 0.0
0.0, 0.0, 0.0, 0.0, 0.0
0.009259259259259259, 0.0, 0.0, 0.5, 0.0
0.0, 0.0, 0.0, 0.0, 0.0
0.013071895424836603, 0.0, 0.0, 0.6666666666666667, 0.0
0.03151515151515152, 0.0, 0.0, 0.6666666666666667, 0.0
0.012121212121212123, 0.0, 0.0, 0.6666666666666667, 0.0
0.0, 0.0, 0.0, 0.0, 0.0
0.027160493827160497, 0.0, 0.0, 0.6666666666666667, 0.0
0.012820512820512822, 0.0, 0.0, 0.6666666666666667, 0.0
0.0, 0.0, 0.0, 0.0, 0.0
0.01234567901234568, 0.0, 0.0, 0.6666666666666667, 0.0
0.011111111111111112, 0.0, 0.0, 0.6666666666666667, 0.0
0.012820512820512822, 0.0, 0.0, 0.6666666666666667, 0.0
0.0, 0.0, 0.0, 0.0, 0.0
0.0, 0.0, 0.0, 0.0, 0.0
0.0, 0.0, 0.0, 0.0, 0.0
0.0, 0.0, 0.0, 0.0, 0.0
0.0060606060606060615, 0.0, 0.0, 0.33333333333333337, 0.0
0.012578616352201259, 0.0, 0.0, 0.6666666666666667, 0.0
0.0, 0.0, 0.0, 0.0, 0.0
0.008771929824561403, 0.0, 0.0, 0.5, 0.0
0.022012578616352203, 0.0, 0.0, 0.6666666666666667, 0.0
0.0, 0.0, 0.0, 0.0, 0.0
0.008928571428571428, 0.0, 0.0, 0.5, 0.0
0.0, 0.0, 0.0, 0.0, 0.0
0.0, 0.0, 0.0, 0.0, 0.0
0.0, 0.0, 0.0, 0.0, 0.0
0.02469135802469136, 0.0, 0.0, 0.6666666666666667, 0.0
0.0, 0.0, 0.0, 0.0, 0.0
0.009259259259259259, 0.0, 0.0, 0.5, 0.0
0.0, 0.0, 0.0, 0.0, 0.0
0.008928571428571428, 0.0, 0.0, 0.5, 0.0
0.00909090909090909, 0.0, 0.0, 0.5, 0.0
0.0, 0.0, 0.0, 0.0, 0.0
0.008928571428571428, 0.0, 0.0, 0.5, 0.0
0.0, 0.0, 0.0, 0.0, 0.0
0.023333333333333334, 0.0, 0.0, 0.6666666666666667, 0.0
0.0, 0.0, 0.0, 0.0, 0.0
0.012578616352201259, 0.0, 0.0, 0.6666666666666667, 0.0
0.009259259259259259, 0.0, 0.0, 0.5, 0.0
0.012121212121212123, 0.0, 0.0, 0.6666666666666667, 0.0
0.01149425287356322, 0.0, 0.0, 0.6666666666666667, 0.0
0.009615384615384616, 0.0, 0.0, 0.5, 0.0
0.0, 0.0, 0.0, 0.0, 0.0
0.0, 0.0, 0.0, 0.0, 0.0
0.01234567901234568, 0.0, 0.0, 0.6666666666666667, 0.0
0.0, 0.0, 0.0, 0.0, 0.0
0.012820512820512822, 0.0, 0.0, 0.6666666666666667, 0.0
0.019047619047619053, 0.0, 0.0, 0.6666666666666667, 0.0
0.012121212121212123, 0.0, 0.0, 0.6666666666666667, 0.0
0.008928571428571428, 0.0, 0.0, 0.5, 0.0
0.0, 0.0, 0.0, 0.0, 0.0
