0.32607709750566893, 0.2916666666666667, 0.0, 0.5714285714285714, 0.0
0.3547619047619049, 0.33333333333333337, 0.0, 0.6, 0.0
0.3766611295681065, 0.4, 0.25, 0.5714285714285714, 0.0
0.31280423280423286, 0.25, 0.0, 0.5, 0.0
0.36159951159951176, 0.33333333333333337, 0.0, 0.6666666666666667, 0.0
0.33833333333333343, 0.3666666666666667, 0.0, 0.5, 0.0
0.35242587601078174, 0.4, 0.19999999999999996, 0.5, 0.0
0.3309178743961353, 0.25, 0.0, 0.5714285714285714, 0.0
0.35563654033041797, 0.4, 0.19999999999999996, 0.5714285714285714, 0.0
0.37056437389770736, 0.4, 0.0, 0.5555555555555556, 0.0
0.3491641337386019, 0.33333333333333337, 0.0, 0.6, 0.0
0.3409628631326746, 0.33333333333333337, 0.0, 0.625, 0.0
0.3242630385487529, 0.25, 0.0, 0.6, 0.0
0.35554761904761917, 0.4, 0.19999999999999996, 0.5714285714285714, 0.0
0.3369300911854104, 0.33333333333333337, 0.25, 0.5714285714285714, 0.0
0.32954324586977657, 0.25, 0.19999999999999996, 0.5, 0.0
0.33199404761904766, 0.25, 0.19999999999999996, 0.6, 0.0
0.3326854551344347, 0.25, 0.0, 0.6666666666666667, 0.0
0.36225937183384005, 0.4, 0.25, 0.5714285714285714, 0.0
0.36203140830800423, 0.4, 0.0, 0.6, 0.0
0.3381886087768442, 0.33333333333333337, 0.19999999999999996, 0.6, 0.0
0.35411178655859527, 0.4, 0.19999999999999996, 0.5714285714285714, 0.0
0.32251082251082264, 0.25, 0.0, 0.6, 0.0
0.3697089947089949, 0.4, 0.19999999999999996, 0.5714285714285714, 0.0
0.3496630727762804, 0.33333333333333337, 0.0, 0.625, 0.0
0.3609422492401217, 0.33333333333333337, 0.19999999999999996, 0.6, 0.0
0.37599206349206366, 0.4, 0.25, 0.6, 0.0
0.3486637512147718, 0.4, 0.25, 0.625, 0.0
0.33669772256728786, 0.33333333333333337, 0.0, 0.6, 0.0
0.33982426303854885, 0.33333333333333337, 0.0, 0.5, 0.0
0.35352564102564116, 0.33333333333333337, 0.0, 0.6666666666666667, 0.0
0.34851190476190486, 0.4, 0.0, 0.625, 0.0
0.34323551125876706, 0.33333333333333337, 0.0, 0.6, 0.0
0.3297348484848485, 0.2916666666666667, 0.0, 0.6, 0.0
0.3682088744588745, 0.4, 0.0, 0.5714285714285714, 0.0
0.33817122593718346, 0.33333333333333337, 0.19999999999999996, 0.5, 0.0
0.3379551820728293, 0.25, 0.19999999999999996, 0.6, 0.0
0.3806776556776559, 0.4, 0.25, 0.6, 0.0
0.33871635610766054, 0.2916666666666667, 0.19999999999999996, 0.6, 0.0
0.33907563025210097, 0.25, 0.0, 0.6, 0.0
0.3856413994169098, 0.4, 0.19999999999999996, 0.7142857142857143, 0.0
0.3503968253968256, 0.4, 0.0, 0.5714285714285714, 0.0
0.3559800664451828, 0.4, 0.25, 0.5, 0.0
0.3711752786220873, 0.4, 0.25, 0.6666666666666667, 0.0
0.32376190476190486, 0.26785714285714285, 0.0, 0.5714285714285714, 0.0
0.3644204851752024, 0.4, 0.19999999999999996, 0.6666666666666667, 0.0
0.3417410714285715, 0.33333333333333337, 0.19999999999999996, 0.6666666666666667, 0.0
0.34047619047619054, 0.33333333333333337, 0.0, 0.6, 0.0
0.36302235179786213, 0.4, 0.19999999999999996, 0.5714285714285714, 0.0
0.3615740740740741, 0.3541666666666667, 0.0, 0.6, 0.0
0.3457322551662176, 0.33333333333333337, 0.0, 0.6, 0.0
0.3142619047619048, 0.30952380952380953, 0.0, 0.6, 0.0
0.3546888053467001, 0.3541666666666667, 0.0, 0.5714285714285714, 0.0
0.33952380952380956, 0.33333333333333337, 0.0, 0.5, 0.0
0.34606918238993717, 0.33333333333333337, 0.0, 0.6, 0.0
0.34873353596757856, 0.33333333333333337, 0.19999999999999996, 0.6666666666666667, 0.0
0.3662231559290385, 0.4, 0.25, 0.625, 0.0
0.3356129685916921, 0.33333333333333337, 0.19999999999999996, 0.5714285714285714, 0.0
0.3511337868480727, 0.33333333333333337, 0.0, 0.6, 0.0
0.3462850388382305, 0.4, 0.19999999999999996, 0.5, 0.0
0.3530864197530865, 0.3541666666666667, 0.19999999999999996, 0.5714285714285714, 0.0
0.36483516483516504, 0.3666666666666667, 0.25, 0.7142857142857143, 0.0
0.33258928571428575, 0.33333333333333337, 0.19999999999999996, 0.5, 0.0
0.3531911375661377, 0.4, 0.19999999999999996, 0.5714285714285714, 0.0
0.32561177248677253, 0.26785714285714285, 0.0, 0.5555555555555556, 0.0
0.3756721736313575, 0.4, 0.25, 0.6, 0.0
0.31213369963369975, 0.25, 0.19999999999999996, 0.5, 0.0
0.3728661275831089, 0.4, 0.19999999999999996, 0.6666666666666667, 0.0
0.3470111448834855, 0.4, 0.25, 0.5, 0.0
0.35225396825396843, 0.4, 0.19999999999999996, 0.6, 0.0
0.35172532781228444, 0.3541666666666667, 0.19999999999999996, 0.5555555555555556, 0.0
0.35590062111801246, 0.33333333333333337, 0.19999999999999996, 0.6, 0.0
0.35048125633232025, 0.4, 0.0, 0.625, 0.0
0.34684385382059807, 0.33333333333333337, 0.25, 0.5, 0.0
0.34853090172239115, 0.33333333333333337, 0.0, 0.5714285714285714, 0.0
0.3570714285714287, 0.3541666666666667, 0.0, 0.6666666666666667, 0.0
0.34971988795518216, 0.4, 0.19999999999999996, 0.5, 0.0
0.3438146997929607, 0.33333333333333337, 0.19999999999999996, 0.5, 0.0
0.3384097035040432, 0.33333333333333337, 0.25, 0.6666666666666667, 0.0
0.3418498168498169, 0.33333333333333337, 0.0, 0.6, 0.0
0.3773122710622712, 0.4, 0.19999999999999996, 0.5714285714285714, 0.0
0.33271520146520156, 0.30952380952380953, 0.25, 0.6, 0.0
0.3508597883597884, 0.3541666666666667, 0.0, 0.5714285714285714, 0.0
0.34416909620991265, 0.4, 0.0, 0.5, 0.0
0.38611904761904775, 0.4, 0.25, 0.625, 0.0
0.3853099730458223, 0.4, 0.19999999999999996, 0.5714285714285714, 0.0
0.3727729186912862, 0.4, 0.0, 0.6, 0.0
0.3425413022351799, 0.33333333333333337, 0.25, 0.6, 0.0
0.3532446311858078, 0.33333333333333337, 0.19999999999999996, 0.5714285714285714, 0.0
0.3606646825396827, 0.4, 0.19999999999999996, 0.6, 0.0
0.358385093167702, 0.4, 0.0, 0.6, 0.0
0.35338827838827847, 0.33333333333333337, 0.19999999999999996, 0.5714285714285714, 0.0
0.3482857142857144, 0.3666666666666667, 0.19999999999999996, 0.5714285714285714, 0.0
0.3317724867724869, 0.33333333333333337, 0.19999999999999996, 0.5, 0.0
0.34416909620991265, 0.33333333333333337, 0.0, 0.6, 0.0
0.32413003663003676, 0.33333333333333337, 0.0, 0.5714285714285714, 0.0
0.3657051282051284, 0.4, 0.0, 0.6, 0.0
0.3619855967078191, 0.4, 0.19999999999999996, 0.6, 0.0
0.3695335276967932, 0.4, 0.25, 0.6, 0.0
0.33444075304540427, 0.33333333333333337, 0.19999999999999996, 0.6666666666666667, 0.0
