0.3727029914529917, 0.4, 0.0, 0.6666666666666667, 0.0
0.3766762452107281, 0.4, 0.0, 0.6, 0.0
0.3974245253657021, 0.4, 0.0, 0.625, 0.0
0.36163780663780676, 0.4, 0.0, 0.625, 0.0
0.37587448559670805, 0.4, 0.0, 0.5714285714285714, 0.0
0.36222377840024916, 0.4, 0.0, 0.6, 0.0
0.38976337448559695, 0.4, 0.0, 0.7142857142857143, 0.0
0.3866368713590938, 0.4, 0.0, 0.5714285714285714, 0.0
0.3877718988830101, 0.4285714285714286, 0.0, 0.5714285714285714, 0.0
0.40273285414794874, 0.4, 0.19999999999999996, 0.625, 0.0
0.3756172839506175, 0.4, 0.0, 0.6666666666666667, 0.0
0.395901618223047, 0.4, 0.0, 0.6666666666666667, 0.0
0.3578601953601955, 0.4, 0.0, 0.6666666666666667, 0.0
0.3828961528114072, 0.4, 0.0, 0.625, 0.0
0.3662060657596374, 0.4, 0.0, 0.5714285714285714, 0.0
0.4146904761904764, 0.4, 0.0, 0.6666666666666667, 0.0
0.41017048794826594, 0.4, 0.0, 0.625, 0.0
0.38904761904761925, 0.4, 0.0, 0.6, 0.0
0.3846872082166202, 0.4, 0.0, 0.6, 0.0
0.4032774838330396, 0.4, 0.0, 0.6, 0.0
0.41487332112332137, 0.4285714285714286, 0.25, 0.625, 0.0
0.41124338624338647, 0.4, 0.25, 0.625, 0.0
0.3705173427395651, 0.4, 0.0, 0.5714285714285714, 0.0
0.40053174603174635, 0.4, 0.0, 0.5714285714285714, 0.0
0.3785420340975898, 0.4, 0.0, 0.5555555555555556, 0.0
0.39212506841817196, 0.4285714285714286, 0.0, 0.625, 0.0
0.3895320197044337, 0.4, 0.0, 0.6, 0.0
0.3913286302175194, 0.4, 0.0, 0.6, 0.0
0.3643371546149326, 0.4, 0.0, 0.625, 0.0
0.3510582010582013, 0.4, 0.0, 0.6, 0.0
0.39953231292517033, 0.4, 0.0, 0.6, 0.0
0.3788858939802339, 0.4, 0.0, 0.5714285714285714, 0.0
0.391760461760462, 0.4285714285714286, 0.0, 0.5714285714285714, 0.0
0.418090569561158, 0.4285714285714286, 0.0, 0.6666666666666667, 0.0
0.3956349206349209, 0.4, 0.0, 0.7142857142857143, 0.0
0.40425170068027233, 0.4, 0.0, 0.625, 0.0
0.41547619047619067, 0.4285714285714286, 0.0, 0.625, 0.0
0.4124663072776283, 0.4285714285714286, 0.0, 0.6666666666666667, 0.0
0.38746630727762815, 0.4, 0.0, 0.625, 0.0
0.40401785714285726, 0.4142857142857143, 0.0, 0.625, 0.0
0.38147920087575277, 0.4, 0.0, 0.6666666666666667, 0.0
0.39379578754578765, 0.4, 0.0, 0.625, 0.0
0.3980921855921858, 0.4, 0.25, 0.625, 0.0
0.3890692640692643, 0.4, 0.0, 0.625, 0.0
0.384435626102293, 0.4, 0.0, 0.625, 0.0
0.37638125763125785, 0.4, 0.0, 0.7142857142857143, 0.0
0.3781746031746034, 0.4, 0.0, 0.625, 0.0
0.38561140505584973, 0.4, 0.0, 0.6, 0.0
0.41009070294784605, 0.4, 0.25, 0.625, 0.0
0.4249412110523224, 0.4285714285714286, 0.0, 0.625, 0.0
0.38531024531024555, 0.4285714285714286, 0.0, 0.6, 0.0
0.38065079365079385, 0.4, 0.0, 0.625, 0.0
0.4127057613168727, 0.4, 0.0, 0.625, 0.0
0.3932165318957775, 0.4, 0.0, 0.625, 0.0
0.3999084249084251, 0.4, 0.19999999999999996, 0.5714285714285714, 0.0
0.35101731601731617, 0.4, 0.0, 0.6666666666666667, 0.0
0.38557964852607723, 0.4, 0.0, 0.625, 0.0
0.3818975468975471, 0.4, 0.0, 0.6, 0.0
0.3716904761904764, 0.4, 0.0, 0.6, 0.0
0.37981150793650814, 0.4, 0.0, 0.625, 0.0
0.4284415584415586, 0.4285714285714286, 0.25, 0.6666666666666667, 0.0
0.38477564102564116, 0.4, 0.0, 0.625, 0.0
0.39428571428571446, 0.4, 0.0, 0.625, 0.0
0.3829653679653681, 0.4, 0.25, 0.5714285714285714, 0.0
0.4061096136567836, 0.4, 0.0, 0.7142857142857143, 0.0
0.3564257866889447, 0.4, 0.0, 0.5714285714285714, 0.0
0.40239512471655353, 0.4285714285714286, 0.0, 0.625, 0.0
0.39438219732337393, 0.4285714285714286, 0.0, 0.5714285714285714, 0.0
0.39962747003563354, 0.4, 0.0, 0.625, 0.0
0.39683235867446426, 0.4, 0.0, 0.625, 0.0
0.3918253968253969, 0.4, 0.0, 0.625, 0.0
0.40776014109347464, 0.4, 0.0, 0.625, 0.0
0.38635085978836003, 0.4, 0.0, 0.6, 0.0
0.39829512051734295, 0.4, 0.0, 0.6666666666666667, 0.0
0.3905875800612644, 0.4, 0.0, 0.7, 0.0
0.36731601731601743, 0.4, 0.0, 0.6666666666666667, 0.0
0.3800186741363213, 0.4, 0.0, 0.625, 0.0
0.37417582417582435, 0.4, 0.0, 0.6, 0.0
0.36744013989776725, 0.4, 0.0, 0.625, 0.0
0.4024176954732513, 0.4, 0.0, 0.625, 0.0
0.3855122655122657, 0.4, 0.0, 0.625, 0.0
0.39230006105006127, 0.4, 0.0, 0.625, 0.0
0.3962889476778369, 0.4, 0.0, 0.625, 0.0
0.38032539682539707, 0.4, 0.0, 0.5714285714285714, 0.0
0.39420498084291206, 0.4, 0.0, 0.6666666666666667, 0.0
0.4003434065934067, 0.4, 0.19999999999999996, 0.6666666666666667, 0.0
0.3909595959595961, 0.4, 0.0, 0.625, 0.0
0.38490010946907516, 0.4, 0.0, 0.625, 0.0
0.39629120879120905, 0.4, 0.19999999999999996, 0.6, 0.0
0.3764076070679846, 0.4, 0.0, 0.625, 0.0
0.3892857142857145, 0.4, 0.0, 0.6, 0.0
0.39885531135531155, 0.4, 0.0, 0.5714285714285714, 0.0
0.41812423687423705, 0.4285714285714286, 0.0, 0.625, 0.0
0.39953703703703725, 0.4, 0.0, 0.625, 0.0
0.365711346266902, 0.4, 0.0, 0.5714285714285714, 0.0
0.3832734351602278, 0.4, 0.0, 0.6666666666666667, 0.0
0.3669985569985572, 0.4, 0.0, 0.7142857142857143, 0.0
0.41349206349206374, 0.4285714285714286, 0.0, 0.5714285714285714, 0.0
0.3799603174603177, 0.4142857142857143, 0.0, 0.6, 0.0
0.44387046485260795, 0.4285714285714286, 0.25, 0.625, 0.0
