0.44937449556093667, 0.5, 0.0, 0.625, 0.0
0.47741702741702785, 0.5, 0.0, 0.6666666666666667, 0.0
0.4539144693690152, 0.5, 0.0, 0.6666666666666667, 0.0
0.4649711399711404, 0.5, 0.0, 0.6666666666666667, 0.0
0.4514423207819438, 0.5, 0.0, 0.6666666666666667, 0.0
0.4566518697874634, 0.5, 0.0, 0.6666666666666667, 0.0
0.46524531024531074, 0.5, 0.25, 0.6666666666666667, 0.0
0.45622710622710666, 0.5, 0.19999999999999996, 0.6666666666666667, 0.0
0.4263923698134228, 0.4285714285714286, 0.0, 0.6666666666666667, 0.0
0.4501948051948055, 0.5, 0.0, 0.625, 0.0
0.4747835497835502, 0.5, 0.0, 0.6666666666666667, 0.0
0.4365814226925342, 0.5, 0.0, 0.6666666666666667, 0.0
0.48400432900432944, 0.5, 0.25, 0.6666666666666667, 0.0
0.4593497632971322, 0.5, 0.0, 0.625, 0.0
0.4435064935064939, 0.5, 0.0, 0.6666666666666667, 0.0
0.44174324700640527, 0.5, 0.0, 0.6666666666666667, 0.0
0.4685323586266987, 0.5, 0.0, 0.6363636363636364, 0.0
0.4788707880813148, 0.5, 0.25, 0.625, 0.0
0.4804473304473309, 0.5, 0.0, 0.6666666666666667, 0.0
0.43382446014025006, 0.5, 0.0, 0.625, 0.0
0.43978542034097634, 0.5, 0.0, 0.6, 0.0
0.4606822190155527, 0.5, 0.0, 0.6363636363636364, 0.0
0.4544486215538851, 0.5, 0.0, 0.6666666666666667, 0.0
0.45970540758676387, 0.5, 0.0, 0.6666666666666667, 0.0
0.4722222222222226, 0.5, 0.0, 0.6666666666666667, 0.0
0.4744917850181013, 0.5, 0.0, 0.6666666666666667, 0.0
0.46646825396825436, 0.5, 0.0, 0.7142857142857143, 0.0
0.47985008818342184, 0.5, 0.25, 0.6666666666666667, 0.0
0.4590655229544122, 0.5, 0.0, 0.6666666666666667, 0.0
0.4676870748299324, 0.5, 0.0, 0.75, 0.0
0.46164965986394596, 0.5, 0.0, 0.6666666666666667, 0.0
0.4574504788141156, 0.5, 0.0, 0.6666666666666667, 0.0
0.46879995004995045, 0.5, 0.25, 0.625, 0.0
0.4536454773296882, 0.5, 0.0, 0.6363636363636364, 0.0
0.4609718741297693, 0.5, 0.0, 0.6, 0.0
0.483083480305703, 0.5, 0.0, 0.6666666666666667, 0.0
0.46296992481203053, 0.5, 0.0, 0.625, 0.0
0.4778248587570626, 0.5, 0.0, 0.625, 0.0
0.4450944170771759, 0.5, 0.0, 0.6666666666666667, 0.0
0.45141093474426836, 0.5, 0.0, 0.625, 0.0
0.48275226757369655, 0.5, 0.19999999999999996, 0.6666666666666667, 0.0
0.47657337788916776, 0.5, 0.0, 0.6666666666666667, 0.0
0.44896675651392665, 0.5, 0.25, 0.7142857142857143, 0.0
0.458559113300493, 0.5, 0.0, 0.6666666666666667, 0.0
0.4650079087579091, 0.5, 0.0, 0.6666666666666667, 0.0
0.4443239795918371, 0.5, 0.0, 0.625, 0.0
0.4523953823953827, 0.5, 0.0, 0.625, 0.0
0.4511156034740943, 0.5, 0.0, 0.625, 0.0
0.47351003294399563, 0.5, 0.0, 0.6666666666666667, 0.0
0.4471938775510208, 0.5, 0.0, 0.6666666666666667, 0.0
0.5066883116883121, 0.5, 0.25, 0.6666666666666667, 0.0
0.44010025062656666, 0.5, 0.0, 0.6666666666666667, 0.0
0.4725334578275759, 0.5, 0.0, 0.6666666666666667, 0.0
0.48555839002267603, 0.5, 0.25, 0.625, 0.0
0.45140570352434795, 0.5, 0.0, 0.6666666666666667, 0.0
0.46655527708159333, 0.5, 0.0, 0.6666666666666667, 0.0
0.4750514403292185, 0.5, 0.0, 0.6666666666666667, 0.0
0.4835097001763672, 0.5, 0.25, 0.6666666666666667, 0.0
0.44437965662455486, 0.5, 0.0, 0.6, 0.0
0.4599206349206353, 0.5, 0.0, 0.6666666666666667, 0.0
0.46055088702147556, 0.5, 0.0, 0.7, 0.0
0.49186507936507967, 0.5, 0.25, 0.75, 0.0
0.473315363881402, 0.5, 0.0, 0.6666666666666667, 0.0
0.4660782703886156, 0.5, 0.0, 0.6666666666666667, 0.0
0.45415249433106614, 0.5, 0.0, 0.625, 0.0
0.47152410346854834, 0.5, 0.0, 0.625, 0.0
0.4384168035030107, 0.5, 0.0, 0.6666666666666667, 0.0
0.46666666666666706, 0.5, 0.0, 0.6666666666666667, 0.0
0.4439244663382597, 0.5, 0.0, 0.6666666666666667, 0.0
0.5094954648526082, 0.5, 0.33333333333333337, 0.6666666666666667, 0.0
0.4861355687626879, 0.5, 0.25, 0.6363636363636364, 0.0
0.47734788359788405, 0.5, 0.0, 0.6666666666666667, 0.0
0.4633004926108377, 0.5, 0.0, 0.6666666666666667, 0.0
0.45379188712522084, 0.5, 0.0, 0.625, 0.0
0.4549603174603179, 0.5, 0.0, 0.6666666666666667, 0.0
0.4926445578231297, 0.5, 0.25, 0.6666666666666667, 0.0
0.48961498097861783, 0.5, 0.0, 0.7142857142857143, 0.0
0.4559113300492616, 0.5, 0.0, 0.6666666666666667, 0.0
0.44296853244221684, 0.5, 0.0, 0.625, 0.0
0.436565656565657, 0.4285714285714286, 0.0, 0.6666666666666667, 0.0
0.46605090311986913, 0.5, 0.0, 0.75, 0.0
0.463010204081633, 0.5, 0.25, 0.7142857142857143, 0.0
0.4379401154401158, 0.5, 0.0, 0.5714285714285714, 0.0
0.43012329931972826, 0.4365079365079365, 0.0, 0.6666666666666667, 0.0
0.45777638540796484, 0.5, 0.0, 0.6666666666666667, 0.0
0.4509714023350391, 0.5, 0.0, 0.6666666666666667, 0.0
0.45250000000000046, 0.5, 0.0, 0.7142857142857143, 0.0
0.4669312169312174, 0.5, 0.0, 0.6666666666666667, 0.0
0.4594805194805199, 0.5, 0.0, 0.6, 0.0
0.4845687331536392, 0.5, 0.0, 0.6666666666666667, 0.0
0.4347615182436614, 0.5, 0.0, 0.6666666666666667, 0.0
0.46242265267689026, 0.5, 0.0, 0.625, 0.0
0.45279903628117957, 0.5, 0.0, 0.6666666666666667, 0.0
0.4884781397939298, 0.5, 0.25, 0.6666666666666667, 0.0
0.4407477025898082, 0.5, 0.0, 0.6, 0.0
0.42722615768070354, 0.5, 0.0, 0.7, 0.0
0.48398268398268446, 0.5, 0.25, 0.6666666666666667, 0.0
0.43818181818181845, 0.5, 0.0, 0.6, 0.0
0.4728586403114709, 0.5, 0.0, 0.6666666666666667, 0.0
0.46488095238095284, 0.5, 0.0, 0.6666666666666667, 0.0
