0.3360714285714287, 0.4, 0.0, 0.7142857142857143, 0.0
0.3543915343915345, 0.3666666666666667, 0.0, 0.625, 0.0
0.30540086090933566, 0.4, 0.0, 0.625, 0.0
0.33926553672316406, 0.4, 0.0, 0.6666666666666667, 0.0
0.36604788808178657, 0.4, 0.0, 0.5714285714285714, 0.0
0.3498015873015874, 0.4, 0.0, 0.5714285714285714, 0.0
0.34007263922518177, 0.4, 0.0, 0.75, 0.0
0.3444376026272579, 0.4, 0.0, 0.625, 0.0
0.3188492063492065, 0.4, 0.0, 0.5714285714285714, 0.0
0.3788861521620144, 0.4, 0.0, 0.5714285714285714, 0.0
0.37204365079365104, 0.4, 0.0, 0.6666666666666667, 0.0
0.3634495464852609, 0.4, 0.0, 0.625, 0.0
0.34862792574657003, 0.4, 0.0, 0.6, 0.0
0.30464083938660225, 0.33333333333333337, 0.0, 0.5714285714285714, 0.0
0.34037224545699135, 0.4, 0.0, 0.6, 0.0
0.3452513227513229, 0.4, 0.0, 0.5714285714285714, 0.0
0.3811264271790589, 0.4, 0.0, 0.625, 0.0
0.3339285714285717, 0.4, 0.0, 0.6666666666666667, 0.0
0.3538519430760812, 0.4, 0.0, 0.625, 0.0
0.37254506322302955, 0.4, 0.0, 0.625, 0.0
0.3329091406677616, 0.4, 0.0, 0.6, 0.0
0.307857142857143, 0.33333333333333337, 0.0, 0.6, 0.0
0.2841954022988506, 0.25, 0.0, 0.625, 0.0
0.4069141781006191, 0.4, 0.0, 0.5714285714285714, 0.0
0.39576271186440704, 0.4285714285714286, 0.0, 0.625, 0.0
0.34244663382594437, 0.4, 0.0, 0.6666666666666667, 0.0
0.37341269841269875, 0.4, 0.0, 0.6666666666666667, 0.0
0.3370689655172415, 0.3875, 0.0, 0.625, 0.0
0.34468537414966, 0.4, 0.0, 0.625, 0.0
0.3779379003063216, 0.4, 0.0, 0.625, 0.0
0.3332785987958403, 0.4, 0.0, 0.5714285714285714, 0.0
0.3374831853645415, 0.4, 0.0, 0.6666666666666667, 0.0
0.36079365079365094, 0.4, 0.0, 0.625, 0.0
0.33714947089947117, 0.4, 0.0, 0.6, 0.0
0.35928014480646076, 0.4, 0.0, 0.625, 0.0
0.3568691844553916, 0.4, 0.0, 0.6, 0.0
0.36500000000000016, 0.4, 0.0, 0.625, 0.0
0.3620370370370372, 0.4, 0.0, 0.625, 0.0
0.34889846743295044, 0.4, 0.0, 0.625, 0.0
0.35888227513227533, 0.4, 0.0, 0.6, 0.0
0.3961124562819481, 0.4, 0.0, 0.7142857142857143, 0.0
0.343293650793651, 0.4, 0.0, 0.625, 0.0
0.3763820470717024, 0.4, 0.0, 0.5714285714285714, 0.0
0.3612764550264552, 0.4, 0.0, 0.6666666666666667, 0.0
0.39551587301587326, 0.4, 0.0, 0.6, 0.0
0.32947454844006585, 0.4, 0.0, 0.6, 0.0
0.3470833333333335, 0.4, 0.0, 0.625, 0.0
0.35708333333333353, 0.4, 0.0, 0.6, 0.0
0.32144909688013157, 0.3875, 0.0, 0.6, 0.0
0.3272304324028463, 0.3875, 0.0, 0.6, 0.0
0.35712917350848405, 0.4, 0.0, 0.625, 0.0
0.3659523809523812, 0.4, 0.0, 0.6666666666666667, 0.0
0.3629105090311988, 0.4, 0.0, 0.625, 0.0
0.36968657519504994, 0.4, 0.0, 0.625, 0.0
0.31322751322751335, 0.3666666666666667, 0.0, 0.6666666666666667, 0.0
0.33434221146085574, 0.4, 0.0, 0.6666666666666667, 0.0
0.37271320957761656, 0.4, 0.0, 0.625, 0.0
0.3419626042507401, 0.4, 0.0, 0.6666666666666667, 0.0
0.34334291187739474, 0.4, 0.0, 0.625, 0.0
0.34183481302125385, 0.4, 0.0, 0.6, 0.0
0.34387657361795304, 0.3666666666666667, 0.0, 0.625, 0.0
0.32058111380145293, 0.33333333333333337, 0.0, 0.625, 0.0
0.3561772486772488, 0.4, 0.0, 0.625, 0.0
0.3527248677248679, 0.4, 0.0, 0.6666666666666667, 0.0
0.3547817460317461, 0.4, 0.0, 0.625, 0.0
0.34754629629629646, 0.4, 0.0, 0.5714285714285714, 0.0
0.3635996771589993, 0.4, 0.0, 0.6666666666666667, 0.0
0.3770046524356871, 0.4, 0.0, 0.7, 0.0
0.32007389162561595, 0.4, 0.0, 0.6666666666666667, 0.0
0.3645154553049292, 0.4, 0.0, 0.625, 0.0
0.345762711864407, 0.4, 0.0, 0.5714285714285714, 0.0
0.3440274414850688, 0.4, 0.0, 0.6666666666666667, 0.0
0.374263038548753, 0.4, 0.0, 0.625, 0.0
0.33806102900930507, 0.4, 0.0, 0.6, 0.0
0.3878543083900229, 0.4, 0.0, 0.6, 0.0
0.3478240740740743, 0.4, 0.0, 0.625, 0.0
0.3372420634920637, 0.4, 0.0, 0.6666666666666667, 0.0
0.36916392993979225, 0.4, 0.0, 0.6, 0.0
0.3291871921182268, 0.4, 0.0, 0.6, 0.0
0.38091569447501666, 0.4, 0.0, 0.6666666666666667, 0.0
0.33627925746569837, 0.4, 0.0, 0.6, 0.0
0.35258620689655196, 0.4, 0.0, 0.7142857142857143, 0.0
0.3233921729611387, 0.4, 0.0, 0.5714285714285714, 0.0
0.3741928974979825, 0.4, 0.0, 0.7142857142857143, 0.0
0.3573875661375663, 0.4, 0.0, 0.6666666666666667, 0.0
0.338357546408394, 0.4, 0.0, 0.5714285714285714, 0.0
0.4004431216931221, 0.4285714285714286, 0.0, 0.6, 0.0
0.34188560481663954, 0.4, 0.0, 0.7142857142857143, 0.0
0.33086883876357587, 0.4, 0.0, 0.6, 0.0
0.3695856873822977, 0.4, 0.0, 0.625, 0.0
0.339351851851852, 0.4, 0.0, 0.6666666666666667, 0.0
0.36999178981937614, 0.4, 0.0, 0.6, 0.0
0.3386871132633846, 0.4, 0.0, 0.5714285714285714, 0.0
0.3271186440677967, 0.33333333333333337, 0.0, 0.6666666666666667, 0.0
0.3952050264550267, 0.4, 0.0, 0.6666666666666667, 0.0
0.3360714285714287, 0.4, 0.0, 0.625, 0.0
0.3557407407407409, 0.4, 0.0, 0.6666666666666667, 0.0
0.3785377993005114, 0.4, 0.0, 0.6, 0.0
0.38083402951824025, 0.4, 0.0, 0.625, 0.0
0.3616798941798944, 0.4, 0.0, 0.6666666666666667, 0.0
