0.13, 0.0, 0.0, 0.6666666666666667, 0.0
0.044444444444444446, 0.0, 0.0, 0.6666666666666667, 0.0
0.1166666666666667, 0.0, 0.0, 0.6666666666666667, 0.0
0.04666666666666666, 0.0, 0.0, 0.5, 0.0
0.21888888888888894, 0.0, 0.0, 0.6666666666666667, 0.0
0.08222222222222222, 0.0, 0.0, 0.8, 0.0
0.13222222222222227, 0.0, 0.0, 0.6666666666666667, 0.0
0.09671592775041053, 0.0, 0.0, 0.6666666666666667, 0.0
0.12126984126984128, 0.0, 0.0, 0.6666666666666667, 0.0
0.08793650793650794, 0.0, 0.0, 0.6666666666666667, 0.0
0.08333333333333333, 0.0, 0.0, 0.5, 0.0
0.14444444444444446, 0.0, 0.0, 0.6666666666666667, 0.0
0.18888888888888894, 0.0, 0.0, 0.6666666666666667, 0.0
0.05555555555555556, 0.0, 0.0, 0.6666666666666667, 0.0
0.05555555555555556, 0.0, 0.0, 0.6666666666666667, 0.0
0.13555555555555557, 0.0, 0.0, 0.6666666666666667, 0.0
0.06888888888888887, 0.0, 0.0, 0.6666666666666667, 0.0
0.20689655172413798, 0.0, 0.0, 0.6666666666666667, 0.0
0.12222222222222223, 0.0, 0.0, 0.6666666666666667, 0.0
0.07444444444444445, 0.0, 0.0, 0.6666666666666667, 0.0
0.09444444444444447, 0.0, 0.0, 0.6666666666666667, 0.0
0.09444444444444447, 0.0, 0.0, 0.6666666666666667, 0.0
0.08045977011494253, 0.0, 0.0, 0.6666666666666667, 0.0
0.07777777777777778, 0.0, 0.0, 0.6666666666666667, 0.0
0.11149425287356322, 0.0, 0.0, 0.6666666666666667, 0.0
0.09666666666666668, 0.0, 0.0, 0.6666666666666667, 0.0
0.017857142857142856, 0.0, 0.0, 0.5, 0.0
0.06333333333333332, 0.0, 0.0, 0.5, 0.0
0.1, 0.0, 0.0, 0.6666666666666667, 0.0
0.11111111111111113, 0.0, 0.0, 0.6666666666666667, 0.0
0.10555555555555557, 0.0, 0.0, 0.6666666666666667, 0.0
0.1833333333333334, 0.0, 0.0, 0.6666666666666667, 0.0
0.05747126436781609, 0.0, 0.0, 0.6666666666666667, 0.0
0.036781609195402305, 0.0, 0.0, 0.6666666666666667, 0.0
0.05222222222222223, 0.0, 0.0, 0.6666666666666667, 0.0
0.11944444444444446, 0.0, 0.0, 0.75, 0.0
0.15000000000000002, 0.0, 0.0, 0.6666666666666667, 0.0
0.07777777777777778, 0.0, 0.0, 0.6666666666666667, 0.0
0.08888888888888889, 0.0, 0.0, 0.6666666666666667, 0.0
0.08015873015873017, 0.0, 0.0, 0.6666666666666667, 0.0
0.15555555555555559, 0.0, 0.0, 0.6666666666666667, 0.0
0.14482758620689656, 0.0, 0.0, 0.8, 0.0
0.18222222222222226, 0.0, 0.0, 0.6666666666666667, 0.0
0.1411111111111111, 0.0, 0.0, 0.6666666666666667, 0.0
0.1377777777777778, 0.0, 0.0, 0.6666666666666667, 0.0
0.09920634920634921, 0.0, 0.0, 0.6666666666666667, 0.0
0.1527777777777778, 0.0, 0.0, 0.75, 0.0
0.044444444444444446, 0.0, 0.0, 0.6666666666666667, 0.0
0.05222222222222223, 0.0, 0.0, 0.6666666666666667, 0.0
0.11333333333333334, 0.0, 0.0, 0.6666666666666667, 0.0
0.09111111111111111, 0.0, 0.0, 0.6666666666666667, 0.0
0.12222222222222223, 0.0, 0.0, 0.6666666666666667, 0.0
0.03555555555555556, 0.0, 0.0, 0.6666666666666667, 0.0
0.07777777777777778, 0.0, 0.0, 0.6666666666666667, 0.0
0.061111111111111116, 0.0, 0.0, 0.6666666666666667, 0.0
0.08000000000000002, 0.0, 0.0, 0.6666666666666667, 0.0
0.08888888888888889, 0.0, 0.0, 0.6666666666666667, 0.0
0.16031746031746033, 0.0, 0.0, 0.6666666666666667, 0.0
0.040229885057471264, 0.0, 0.0, 0.6666666666666667, 0.0
0.19111111111111115, 0.0, 0.0, 0.6666666666666667, 0.0
0.12222222222222223, 0.0, 0.0, 0.6666666666666667, 0.0
0.10777777777777778, 0.0, 0.0, 0.6666666666666667, 0.0
0.1, 0.0, 0.0, 0.6666666666666667, 0.0
0.09666666666666668, 0.0, 0.0, 0.6666666666666667, 0.0
0.08888888888888889, 0.0, 0.0, 0.6666666666666667, 0.0
0.17222222222222225, 0.0, 0.0, 0.6666666666666667, 0.0
0.13222222222222227, 0.0, 0.0, 0.6666666666666667, 0.0
0.11724137931034484, 0.0, 0.0, 0.6666666666666667, 0.0
0.06321839080459771, 0.0, 0.0, 0.6666666666666667, 0.0
0.15000000000000002, 0.0, 0.0, 0.6666666666666667, 0.0
0.1366666666666667, 0.0, 0.0, 0.6666666666666667, 0.0
0.09349206349206352, 0.0, 0.0, 0.6666666666666667, 0.0
0.07777777777777778, 0.0, 0.0, 0.6666666666666667, 0.0
0.10555555555555557, 0.0, 0.0, 0.6666666666666667, 0.0
0.07777777777777778, 0.0, 0.0, 0.6666666666666667, 0.0
0.15777777777777782, 0.0, 0.0, 0.6666666666666667, 0.0
0.11333333333333334, 0.0, 0.0, 0.6666666666666667, 0.0
0.2023809523809524, 0.0, 0.0, 0.6666666666666667, 0.0
0.05777777777777779, 0.0, 0.0, 0.6666666666666667, 0.0
0.09111111111111111, 0.0, 0.0, 0.6666666666666667, 0.0
0.16333333333333336, 0.0, 0.0, 0.6666666666666667, 0.0
0.15222222222222223, 0.0, 0.0, 0.6666666666666667, 0.0
0.10574712643678164, 0.0, 0.0, 0.6666666666666667, 0.0
0.1011904761904762, 0.0, 0.0, 0.6666666666666667, 0.0
0.10222222222222221, 0.0, 0.0, 0.6666666666666667, 0.0
0.1166666666666667, 0.0, 0.0, 0.6666666666666667, 0.0
0.06888888888888887, 0.0, 0.0, 0.6666666666666667, 0.0
0.11000000000000003, 0.0, 0.0, 0.6666666666666667, 0.0
0.07701149425287357, 0.0, 0.0, 0.6666666666666667, 0.0
0.08000000000000002, 0.0, 0.0, 0.6666666666666667, 0.0
0.14367816091954028, 0.0, 0.0, 0.6666666666666667, 0.0
0.09444444444444447, 0.0, 0.0, 0.6666666666666667, 0.0
0.07777777777777778, 0.0, 0.0, 0.6666666666666667, 0.0
0.19333333333333338, 0.0, 0.0, 0.6666666666666667, 0.0
0.10222222222222221, 0.0, 0.0, 0.6666666666666667, 0.0
0.13555555555555554, 0.0, 0.0, 0.6666666666666667, 0.0
0.17460317460317462, 0.0, 0.0, 0.6666666666666667, 0.0
0.10444444444444446, 0.0, 0.0, 0.6666666666666667, 0.0
0.15396825396825398, 0.0, 0.0, 0.6666666666666667, 0.0
0.11111111111111113, 0.0, 0.0, 0.6666666666666667, 0.0
0.09666666666666668, 0.0, 0.0, 0.6666666666666667, 0.0
0.13888888888888892, 0.0, 0.0, 0.6666666666666667, 0.0
0.07126984126984129, 0.0, 0.0, 0.6666666666666667, 0.0
0.07666666666666666, 0.0, 0.0, 0.5, 0.0
0.05555555555555556, 0.0, 0.0, 0.6666666666666667, 0.0
0.09444444444444447, 0.0, 0.0, 0.6666666666666667, 0.0
0.11555555555555559, 0.0, 0.0, 0.6666666666666667, 0.0
0.10682539682539684, 0.0, 0.0, 0.6666666666666667, 0.0
0.09885057471264369, 0.0, 0.0, 0.6666666666666667, 0.0
0.10634920634920636, 0.0, 0.0, 0.8571428571428572, 0.0
0.05222222222222223, 0.0, 0.0, 0.6666666666666667, 0.0
0.08000000000000002, 0.0, 0.0, 0.6666666666666667, 0.0
0.13, 0.0, 0.0, 0.6666666666666667, 0.0
0.06888888888888887, 0.0, 0.0, 0.6666666666666667, 0.0
0.061111111111111116, 0.0, 0.0, 0.6666666666666667, 0.0
0.16333333333333339, 0.0, 0.0, 0.6666666666666667, 0.0
0.07777777777777778, 0.0, 0.0, 0.6666666666666667, 0.0
0.1466666666666667, 0.0, 0.0, 0.6666666666666667, 0.0
0.1188888888888889, 0.0, 0.0, 0.6666666666666667, 0.0
0.07222222222222223, 0.0, 0.0, 0.6666666666666667, 0.0
0.1277777777777778, 0.0, 0.0, 0.6666666666666667, 0.0
0.11333333333333334, 0.0, 0.0, 0.6666666666666667, 0.0
0.06333333333333332, 0.0, 0.0, 0.5, 0.0
0.12666666666666668, 0.0, 0.0, 0.6666666666666667, 0.0
0.1023809523809524, 0.0, 0.0, 0.6666666666666667, 0.0
0.016666666666666666, 0.0, 0.0, 0.5, 0.0
0.09666666666666668, 0.0, 0.0, 0.6666666666666667, 0.0
0.07888888888888891, 0.0, 0.0, 0.8, 0.0
0.07777777777777778, 0.0, 0.0, 0.6666666666666667, 0.0
0.08333333333333333, 0.0, 0.0, 0.6666666666666667, 0.0
0.14777777777777779, 0.0, 0.0, 0.8, 0.0
0.04888888888888889, 0.0, 0.0, 0.6666666666666667, 0.0
0.09333333333333332, 0.0, 0.0, 0.5, 0.0
0.07777777777777778, 0.0, 0.0, 0.6666666666666667, 0.0
0.08275862068965519, 0.0, 0.0, 0.6666666666666667, 0.0
0.16111111111111112, 0.0, 0.0, 0.6666666666666667, 0.0
0.07222222222222223, 0.0, 0.0, 0.6666666666666667, 0.0
0.13460317460317464, 0.0, 0.0, 0.6666666666666667, 0.0
0.11555555555555556, 0.0, 0.0, 0.6666666666666667, 0.0
0.12222222222222223, 0.0, 0.0, 0.6666666666666667, 0.0
0.06321839080459771, 0.0, 0.0, 0.6666666666666667, 0.0
0.13, 0.0, 0.0, 0.6666666666666667, 0.0
0.044444444444444446, 0.0, 0.0, 0.6666666666666667, 0.0
0.05555555555555556, 0.0, 0.0, 0.6666666666666667, 0.0
0.1188888888888889, 0.0, 0.0, 0.6666666666666667, 0.0
0.11333333333333334, 0.0, 0.0, 0.6666666666666667, 0.0
0.1277777777777778, 0.0, 0.0, 0.6666666666666667, 0.0
0.08620689655172414, 0.0, 0.0, 0.6666666666666667, 0.0
0.06888888888888887, 0.0, 0.0, 0.6666666666666667, 0.0
0.044444444444444446, 0.0, 0.0, 0.6666666666666667, 0.0
0.11111111111111113, 0.0, 0.0, 0.6666666666666667, 0.0
0.08555555555555555, 0.0, 0.0, 0.6666666666666667, 0.0
0.12222222222222223, 0.0, 0.0, 0.6666666666666667, 0.0
0.1166666666666667, 0.0, 0.0, 0.6666666666666667, 0.0
0.08555555555555557, 0.0, 0.0, 0.6666666666666667, 0.0
0.16333333333333339, 0.0, 0.0, 0.6666666666666667, 0.0
0.05, 0.0, 0.0, 0.5, 0.0
0.14682539682539683, 0.0, 0.0, 0.6666666666666667, 0.0
0.06888888888888887, 0.0, 0.0, 0.6666666666666667, 0.0
0.11015873015873015, 0.0, 0.0, 0.6666666666666667, 0.0
0.09111111111111111, 0.0, 0.0, 0.6666666666666667, 0.0
0.05555555555555556, 0.0, 0.0, 0.6666666666666667, 0.0
0.07222222222222223, 0.0, 0.0, 0.6666666666666667, 0.0
0.10555555555555557, 0.0, 0.0, 0.6666666666666667, 0.0
0.05555555555555556, 0.0, 0.0, 0.6666666666666667, 0.0
0.11111111111111113, 0.0, 0.0, 0.6666666666666667, 0.0
0.14333333333333337, 0.0, 0.0, 0.6666666666666667, 0.0
0.08888888888888889, 0.0, 0.0, 0.6666666666666667, 0.0
0.10777777777777778, 0.0, 0.0, 0.6666666666666667, 0.0
0.06666666666666667, 0.0, 0.0, 0.6666666666666667, 0.0
0.09195402298850576, 0.0, 0.0, 0.6666666666666667, 0.0
0.09111111111111111, 0.0, 0.0, 0.6666666666666667, 0.0
0.15000000000000002, 0.0, 0.0, 0.6666666666666667, 0.0
0.11888888888888888, 0.0, 0.0, 0.6666666666666667, 0.0
0.07111111111111112, 0.0, 0.0, 0.6666666666666667, 0.0
0.07444444444444445, 0.0, 0.0, 0.6666666666666667, 0.0
0.08333333333333333, 0.0, 0.0, 0.6666666666666667, 0.0
0.11904761904761907, 0.0, 0.0, 0.6666666666666667, 0.0
0.12889983579638756, 0.0, 0.0, 0.6666666666666667, 0.0
0.14111111111111113, 0.0, 0.0, 0.6666666666666667, 0.0
0.11111111111111113, 0.0, 0.0, 0.6666666666666667, 0.0
0.11494252873563221, 0.0, 0.0, 0.6666666666666667, 0.0
0.08333333333333333, 0.0, 0.0, 0.6666666666666667, 0.0
0.08333333333333333, 0.0, 0.0, 0.6666666666666667, 0.0
0.08888888888888889, 0.0, 0.0, 0.6666666666666667, 0.0
0.07777777777777778, 0.0, 0.0, 0.6666666666666667, 0.0
0.061111111111111116, 0.0, 0.0, 0.6666666666666667, 0.0
0.05952380952380953, 0.0, 0.0, 0.6666666666666667, 0.0
0.11309523809523811, 0.0, 0.0, 0.6666666666666667, 0.0
0.061111111111111116, 0.0, 0.0, 0.6666666666666667, 0.0
0.13793103448275865, 0.0, 0.0, 0.6666666666666667, 0.0
0.08888888888888889, 0.0, 0.0, 0.6666666666666667, 0.0
0.022222222222222223, 0.0, 0.0, 0.6666666666666667, 0.0
0.13333333333333336, 0.0, 0.0, 0.6666666666666667, 0.0
0.13333333333333336, 0.0, 0.0, 0.6666666666666667, 0.0
0.18333333333333338, 0.0, 0.0, 0.6666666666666667, 0.0
0.06888888888888887, 0.0, 0.0, 0.6666666666666667, 0.0
0.05, 0.0, 0.0, 0.6666666666666667, 0.0
0.05555555555555556, 0.0, 0.0, 0.6666666666666667, 0.0
0.08333333333333333, 0.0, 0.0, 0.6666666666666667, 0.0
