0.03333333333333333, 0.0, 0.0, 0.5, 0.0
0.0, 0.0, 0.0, 0.0, 0.0
0.0, 0.0, 0.0, 0.0, 0.0
0.0, 0.0, 0.0, 0.0, 0.0
0.02631578947368421, 0.0, 0.0, 0.5, 0.0
0.0, 0.0, 0.0, 0.0, 0.0
0.022727272727272728, 0.0, 0.0, 0.5, 0.0
0.02631578947368421, 0.0, 0.0, 0.5, 0.0
0.023529411764705882, 0.0, 0.0, 0.4, 0.0
0.0, 0.0, 0.0, 0.0, 0.0
0.025, 0.0, 0.0, 0.4, 0.0
0.0, 0.0, 0.0, 0.0, 0.0
0.0, 0.0, 0.0, 0.0, 0.0
0.029411764705882353, 0.0, 0.0, 0.5, 0.0
0.022222222222222223, 0.0, 0.0, 0.4, 0.0
0.0, 0.0, 0.0, 0.0, 0.0
0.029411764705882353, 0.0, 0.0, 0.5, 0.0
0.05128205128205129, 0.0, 0.0, 0.6666666666666667, 0.0
0.03125, 0.0, 0.0, 0.5, 0.0
0.052941176470588235, 0.0, 0.0, 0.5, 0.0
0.08888888888888889, 0.0, 0.0, 0.6666666666666667, 0.0
0.05, 0.0, 0.0, 0.5, 0.0
0.029411764705882353, 0.0, 0.0, 0.5, 0.0
0.03125, 0.0, 0.0, 0.5, 0.0
0.0, 0.0, 0.0, 0.0, 0.0
0.027777777777777776, 0.0, 0.0, 0.5, 0.0
0.0, 0.0, 0.0, 0.0, 0.0
0.027777777777777776, 0.0, 0.0, 0.5, 0.0
0.0, 0.0, 0.0, 0.0, 0.0
0.028571428571428574, 0.0, 0.0, 0.4, 0.0
0.02631578947368421, 0.0, 0.0, 0.5, 0.0
0.0, 0.0, 0.0, 0.0, 0.0
0.03703703703703704, 0.0, 0.0, 0.6666666666666667, 0.0
0.029411764705882353, 0.0, 0.0, 0.5, 0.0
0.0, 0.0, 0.0, 0.0, 0.0
0.07777777777777778, 0.0, 0.0, 0.6666666666666667, 0.0
0.05555555555555555, 0.0, 0.0, 0.5, 0.0
0.0, 0.0, 0.0, 0.0, 0.0
0.03921568627450981, 0.0, 0.0, 0.6666666666666667, 0.0
0.02631578947368421, 0.0, 0.0, 0.5, 0.0
0.0, 0.0, 0.0, 0.0, 0.0
0.0, 0.0, 0.0, 0.0, 0.0
0.0, 0.0, 0.0, 0.0, 0.0
0.0, 0.0, 0.0, 0.0, 0.0
0.0, 0.0, 0.0, 0.0, 0.0
0.03125, 0.0, 0.0, 0.5, 0.0
0.025, 0.0, 0.0, 0.4, 0.0
0.023809523809523808, 0.0, 0.0, 0.5, 0.0
0.029411764705882353, 0.0, 0.0, 0.5, 0.0
0.0, 0.0, 0.0, 0.0, 0.0
0.03571428571428571, 0.0, 0.0, 0.5, 0.0
0.025, 0.0, 0.0, 0.5, 0.0
0.0, 0.0, 0.0, 0.0, 0.0
0.04761904761904762, 0.0, 0.0, 0.6666666666666667, 0.0
0.0, 0.0, 0.0, 0.0, 0.0
0.043478260869565216, 0.0, 0.0, 0.5, 0.0
0.0, 0.0, 0.0, 0.0, 0.0
0.0, 0.0, 0.0, 0.0, 0.0
0.03703703703703704, 0.0, 0.0, 0.6666666666666667, 0.0
0.05263157894736842, 0.0, 0.0, 0.5, 0.0
0.0, 0.0, 0.0, 0.0, 0.0
0.0, 0.0, 0.0, 0.0, 0.0
0.027777777777777776, 0.0, 0.0, 0.5, 0.0
0.0, 0.0, 0.0, 0.0, 0.0
0.0, 0.0, 0.0, 0.0, 0.0
0.0375, 0.0, 0.0, 0.5, 0.0
0.0, 0.0, 0.0, 0.0, 0.0
0.0, 0.0, 0.0, 0.0, 0.0
0.025, 0.0, 0.0, 0.5, 0.0
0.03703703703703704, 0.0, 0.0, 0.6666666666666667, 0.0
0.025, 0.0, 0.0, 0.4, 0.0
0.0, 0.0, 0.0, 0.0, 0.0
0.0, 0.0, 0.0, 0.0, 0.0
0.0, 0.0, 0.0, 0.0, 0.0
0.0, 0.0, 0.0, 0.0, 0.0
0.03125, 0.0, 0.0, 0.5, 0.0
0.03076923076923077, 0.0, 0.0, 0.4, 0.0
0.029411764705882353, 0.0, 0.0, 0.5, 0.0
0.0, 0.0, 0.0, 0.0, 0.0
0.0, 0.0, 0.0, 0.0, 0.0
0.03125, 0.0, 0.0, 0.5, 0.0
0.0, 0.0, 0.0, 0.0, 0.0
0.0, 0.0, 0.0, 0.0, 0.0
0.03571428571428571, 0.0, 0.0, 0.5, 0.0
0.0, 0.0, 0.0, 0.0, 0.0
0.0, 0.0, 0.0, 0.0, 0.0
0.0, 0.0, 0.0, 0.0, 0.0
0.0, 0.0, 0.0, 0.0, 0.0
0.02631578947368421, 0.0, 0.0, 0.5, 0.0
0.0, 0.0, 0.0, 0.0, 0.0
0.029411764705882353, 0.0, 0.0, 0.5, 0.0
0.0, 0.0, 0.0, 0.0, 0.0
0.029411764705882353, 0.0, 0.0, 0.5, 0.0
0.0, 0.0, 0.0, 0.0, 0.0
0.058333333333333334, 0.0, 0.0, 0.6666666666666667, 0.0
0.0, 0.0, 0.0, 0.0, 0.0
0.023809523809523808, 0.0, 0.0, 0.5, 0.0
0.0, 0.0, 0.0, 0.0, 0.0
0.0, 0.0, 0.0, 0.0, 0.0
0.0, 0.0, 0.0, 0.0, 0.0
