0.6279761904761905, 0.625, 0.5714285714285714, 0.75, 0.0
0.6666666666666667, 0.6666666666666667, 0.6666666666666667, 0.6666666666666667, 0.6666666666666667
0.6220238095238095, 0.625, 0.5714285714285714, 0.6666666666666667, 0.0
0.6621794871794873, 0.625, 0.625, 0.7692307692307692, 0.0
0.5928571428571429, 0.5714285714285714, 0.5714285714285714, 0.625, 0.0
0.5714285714285714, 0.5714285714285714, 0.5714285714285714, 0.5714285714285714, 0.0
0.5928571428571429, 0.5714285714285714, 0.5714285714285714, 0.625, 0.0
0.6086309523809524, 0.5982142857142857, 0.5714285714285714, 0.6666666666666667, 0.0
0.6051587301587302, 0.5982142857142857, 0.5714285714285714, 0.6666666666666667, 0.0
0.6160714285714285, 0.625, 0.5714285714285714, 0.625, 0.0
0.635978835978836, 0.625, 0.5714285714285714, 0.7142857142857143, 0.0
0.5952380952380952, 0.5714285714285714, 0.5714285714285714, 0.6666666666666667, 0.0
0.6292517006802721, 0.625, 0.5714285714285714, 0.6666666666666667, 0.0
0.6627435064935066, 0.6761363636363636, 0.5714285714285714, 0.7272727272727273, 0.0
0.6269047619047619, 0.625, 0.5714285714285714, 0.7, 0.0
0.6001082251082251, 0.5982142857142857, 0.5714285714285714, 0.6363636363636364, 0.0
0.621031746031746, 0.625, 0.5714285714285714, 0.6666666666666667, 0.0
0.594047619047619, 0.5857142857142856, 0.5714285714285714, 0.625, 0.0
0.6173469387755102, 0.625, 0.5714285714285714, 0.625, 0.0
0.6307088744588746, 0.6306818181818181, 0.5, 0.7142857142857143, 0.0
0.6070526695526696, 0.5982142857142857, 0.5714285714285714, 0.6666666666666667, 0.0
0.615922619047619, 0.5857142857142856, 0.5714285714285714, 0.75, 0.0
0.6771212121212121, 0.6666666666666667, 0.625, 0.7272727272727273, 0.0
0.6382575757575757, 0.6306818181818181, 0.625, 0.6666666666666667, 0.0
0.6171837421837423, 0.625, 0.5714285714285714, 0.7272727272727273, 0.0
0.6142857142857142, 0.625, 0.5714285714285714, 0.625, 0.0
0.6279761904761906, 0.6458333333333334, 0.5714285714285714, 0.6666666666666667, 0.0
0.6251488095238095, 0.625, 0.5714285714285714, 0.7333333333333334, 0.0
0.6681746031746032, 0.6666666666666667, 0.5714285714285714, 0.7777777777777778, 0.0
0.5962301587301587, 0.5714285714285714, 0.5714285714285714, 0.6666666666666667, 0.0
0.5982142857142857, 0.5982142857142857, 0.5714285714285714, 0.625, 0.0
0.6794871794871795, 0.6794871794871795, 0.6666666666666667, 0.6923076923076923, 0.0
0.6484615384615384, 0.625, 0.6, 0.7, 0.0
0.6216179653679654, 0.625, 0.5714285714285714, 0.7272727272727273, 0.0
0.5982142857142857, 0.5982142857142857, 0.5714285714285714, 0.625, 0.0
0.6104497354497355, 0.625, 0.5714285714285714, 0.6666666666666667, 0.0
0.6253663003663004, 0.625, 0.5714285714285714, 0.6923076923076923, 0.0
0.6595057720057721, 0.6666666666666667, 0.5714285714285714, 0.7272727272727273, 0.0
0.6190476190476191, 0.6190476190476191, 0.5714285714285714, 0.6666666666666667, 0.0
0.6202380952380953, 0.625, 0.5714285714285714, 0.6666666666666667, 0.0
0.6003401360544218, 0.5714285714285714, 0.5714285714285714, 0.6666666666666667, 0.0
0.6051587301587302, 0.5982142857142857, 0.5714285714285714, 0.6666666666666667, 0.0
0.5952380952380952, 0.5714285714285714, 0.5714285714285714, 0.6666666666666667, 0.0
0.5916666666666666, 0.5714285714285714, 0.5714285714285714, 0.6666666666666667, 0.0
0.6071428571428571, 0.625, 0.5714285714285714, 0.625, 0.0
0.6071428571428572, 0.625, 0.5, 0.6666666666666667, 0.0
0.6416666666666666, 0.6833333333333333, 0.5, 0.7, 0.0
0.6127976190476191, 0.5982142857142857, 0.5714285714285714, 0.7, 0.0
0.6220238095238095, 0.625, 0.5714285714285714, 0.6666666666666667, 0.0
0.6606150793650793, 0.6625, 0.5714285714285714, 0.7777777777777778, 0.0
0.5684523809523809, 0.5714285714285714, 0.5, 0.625, 0.0
0.6116071428571428, 0.625, 0.5714285714285714, 0.625, 0.0
0.6017857142857143, 0.5714285714285714, 0.5714285714285714, 0.7, 0.0
0.6247619047619049, 0.625, 0.5714285714285714, 0.7, 0.0
0.6133116883116884, 0.5714285714285714, 0.5714285714285714, 0.7272727272727273, 0.0
0.5848214285714285, 0.5714285714285714, 0.5714285714285714, 0.625, 0.0
0.6071428571428571, 0.625, 0.5714285714285714, 0.625, 0.0
0.6119047619047618, 0.625, 0.5714285714285714, 0.6666666666666667, 0.0
0.6676767676767676, 0.6666666666666667, 0.6363636363636364, 0.7, 0.0
0.5773809523809524, 0.5714285714285714, 0.5, 0.625, 0.0
0.6511904761904762, 0.6666666666666667, 0.5714285714285714, 0.7, 0.0
0.6011904761904763, 0.5714285714285714, 0.5714285714285714, 0.6666666666666667, 0.0
0.5851190476190476, 0.5714285714285714, 0.5714285714285714, 0.625, 0.0
0.5654761904761905, 0.5714285714285714, 0.5, 0.625, 0.0
0.6458333333333334, 0.6458333333333334, 0.625, 0.6666666666666667, 0.0
0.5821428571428571, 0.5714285714285714, 0.5714285714285714, 0.625, 0.0
0.6035714285714285, 0.625, 0.5714285714285714, 0.625, 0.0
0.6499313186813187, 0.6586538461538461, 0.5714285714285714, 0.7142857142857143, 0.0
0.5982142857142857, 0.5982142857142857, 0.5714285714285714, 0.625, 0.0
0.65, 0.625, 0.625, 0.7, 0.0
0.5982142857142857, 0.5982142857142857, 0.5714285714285714, 0.625, 0.0
0.6355158730158731, 0.625, 0.5714285714285714, 0.7, 0.0
0.6035714285714285, 0.625, 0.5714285714285714, 0.625, 0.0
0.6019345238095238, 0.5714285714285714, 0.5714285714285714, 0.6666666666666667, 0.0
0.6121031746031748, 0.5982142857142857, 0.5714285714285714, 0.6666666666666667, 0.0
0.5904761904761905, 0.5714285714285714, 0.5714285714285714, 0.6666666666666667, 0.0
0.6035714285714286, 0.5833333333333333, 0.5714285714285714, 0.6666666666666667, 0.0
0.657051282051282, 0.6666666666666667, 0.625, 0.6923076923076923, 0.0
0.75, 0.75, 0.75, 0.75, 0.75
0.5982142857142857, 0.5982142857142857, 0.5714285714285714, 0.625, 0.0
0.5928571428571429, 0.5714285714285714, 0.5714285714285714, 0.625, 0.0
0.5714285714285714, 0.5714285714285714, 0.5714285714285714, 0.5714285714285714, 0.0
0.5722943722943722, 0.5714285714285714, 0.5454545454545454, 0.6, 0.0
0.6107142857142858, 0.5982142857142857, 0.5714285714285714, 0.7, 0.0
0.6299107142857144, 0.6458333333333334, 0.5714285714285714, 0.7, 0.0
0.586734693877551, 0.5714285714285714, 0.5714285714285714, 0.625, 0.0
0.6239583333333334, 0.5982142857142857, 0.5714285714285714, 0.7142857142857143, 0.0
0.5970238095238095, 0.5714285714285714, 0.5714285714285714, 0.6666666666666667, 0.0
0.6190476190476191, 0.6190476190476191, 0.5714285714285714, 0.6666666666666667, 0.0
0.6393298059964727, 0.625, 0.5714285714285714, 0.7777777777777778, 0.0
0.6202380952380953, 0.625, 0.5714285714285714, 0.6666666666666667, 0.0
0.6542857142857142, 0.6666666666666667, 0.5714285714285714, 0.7, 0.0
0.6006493506493507, 0.5714285714285714, 0.5714285714285714, 0.7272727272727273, 0.0
0.6501700680272109, 0.6666666666666667, 0.5714285714285714, 0.75, 0.0
0.6220779220779221, 0.625, 0.5714285714285714, 0.7142857142857143, 0.0
0.5982142857142857, 0.5982142857142857, 0.5714285714285714, 0.625, 0.0
0.596981721981722, 0.5714285714285714, 0.5454545454545454, 0.6666666666666667, 0.0
0.6299603174603176, 0.625, 0.5714285714285714, 0.6666666666666667, 0.0
0.6397054965236785, 0.625, 0.5714285714285714, 0.7777777777777778, 0.0
0.6403273809523811, 0.6458333333333334, 0.5714285714285714, 0.75, 0.0
0.6289115646258504, 0.625, 0.5714285714285714, 0.7, 0.0
0.647420634920635, 0.6458333333333334, 0.5714285714285714, 0.75, 0.0
0.592687074829932, 0.5714285714285714, 0.5714285714285714, 0.6666666666666667, 0.0
0.6009499759499759, 0.5714285714285714, 0.5454545454545454, 0.7142857142857143, 0.0
0.5714285714285714, 0.5714285714285714, 0.5714285714285714, 0.5714285714285714, 0.0
0.5884920634920634, 0.5714285714285714, 0.5714285714285714, 0.6428571428571428, 0.0
0.630952380952381, 0.625, 0.5714285714285714, 0.6666666666666667, 0.0
0.6204081632653061, 0.625, 0.5714285714285714, 0.7, 0.0
0.605139652014652, 0.5714285714285714, 0.5714285714285714, 0.6923076923076923, 0.0
0.604421768707483, 0.6, 0.5714285714285714, 0.6666666666666667, 0.0
0.6285559678416822, 0.625, 0.5714285714285714, 0.7272727272727273, 0.0
0.6019635126777984, 0.5714285714285714, 0.5714285714285714, 0.6666666666666667, 0.0
0.6086309523809524, 0.5982142857142857, 0.5714285714285714, 0.6666666666666667, 0.0
0.6152181152181152, 0.625, 0.5454545454545454, 0.75, 0.0
0.5821428571428571, 0.5714285714285714, 0.5714285714285714, 0.625, 0.0
0.6247619047619049, 0.6, 0.5714285714285714, 0.7142857142857143, 0.0
0.672005772005772, 0.6833333333333333, 0.5714285714285714, 0.7272727272727273, 0.0
0.6428571428571429, 0.6666666666666667, 0.5714285714285714, 0.6666666666666667, 0.0
0.6237824675324675, 0.5982142857142857, 0.5714285714285714, 0.7272727272727273, 0.0
0.5714285714285714, 0.5714285714285714, 0.5714285714285714, 0.5714285714285714, 0.5714285714285714
0.6190476190476191, 0.6190476190476191, 0.5714285714285714, 0.6666666666666667, 0.0
0.6139455782312926, 0.625, 0.5714285714285714, 0.6666666666666667, 0.0
0.6061011904761905, 0.5714285714285714, 0.5714285714285714, 0.7, 0.0
0.6135590599876314, 0.625, 0.5454545454545454, 0.6666666666666667, 0.0
0.6194940476190477, 0.625, 0.5714285714285714, 0.7, 0.0
0.605952380952381, 0.625, 0.5, 0.6666666666666667, 0.0
0.6194940476190477, 0.625, 0.5714285714285714, 0.7, 0.0
0.6267316017316018, 0.6306818181818181, 0.5714285714285714, 0.6666666666666667, 0.0
0.6183862433862435, 0.625, 0.5714285714285714, 0.6666666666666667, 0.0
0.6243912337662337, 0.625, 0.5714285714285714, 0.7272727272727273, 0.0
0.6022486772486773, 0.5714285714285714, 0.5714285714285714, 0.7, 0.0
0.6297619047619047, 0.625, 0.5714285714285714, 0.7142857142857143, 0.0
0.6248196248196248, 0.6363636363636364, 0.5714285714285714, 0.6666666666666667, 0.0
0.6133241758241759, 0.6041666666666666, 0.5714285714285714, 0.6923076923076923, 0.0
0.6187830687830689, 0.625, 0.5714285714285714, 0.7, 0.0
0.5982142857142857, 0.5982142857142857, 0.5714285714285714, 0.625, 0.0
0.6269047619047619, 0.625, 0.5714285714285714, 0.7, 0.0
0.6223544973544973, 0.625, 0.5714285714285714, 0.6666666666666667, 0.0
0.6165584415584415, 0.625, 0.5714285714285714, 0.6363636363636364, 0.0
0.5843063186813187, 0.5714285714285714, 0.5, 0.6923076923076923, 0.0
0.6215659340659341, 0.5982142857142857, 0.5714285714285714, 0.7692307692307692, 0.0
0.6141774891774892, 0.625, 0.5714285714285714, 0.6666666666666667, 0.0
0.6516369047619048, 0.6458333333333334, 0.5714285714285714, 0.7333333333333334, 0.0
0.5873015873015873, 0.5714285714285714, 0.5714285714285714, 0.6666666666666667, 0.0
0.5928571428571429, 0.5714285714285714, 0.5714285714285714, 0.625, 0.0
0.6240079365079366, 0.6339285714285714, 0.5714285714285714, 0.6666666666666667, 0.0
0.6011904761904763, 0.5714285714285714, 0.5714285714285714, 0.6666666666666667, 0.0
0.6065476190476191, 0.5773809523809523, 0.5714285714285714, 0.6666666666666667, 0.0
0.6190476190476191, 0.6190476190476191, 0.5714285714285714, 0.6666666666666667, 0.0
0.6147959183673469, 0.625, 0.5714285714285714, 0.7142857142857143, 0.0
0.6523809523809524, 0.6190476190476191, 0.5714285714285714, 0.8, 0.0
0.6180059523809525, 0.5982142857142857, 0.5714285714285714, 0.7, 0.0
0.5714285714285714, 0.5714285714285714, 0.5714285714285714, 0.5714285714285714, 0.5714285714285714
0.5982142857142857, 0.5982142857142857, 0.5714285714285714, 0.625, 0.0
0.6369047619047619, 0.625, 0.5714285714285714, 0.7142857142857143, 0.0
0.6361796536796537, 0.625, 0.5714285714285714, 0.7272727272727273, 0.0
0.6433140933140934, 0.6363636363636364, 0.5714285714285714, 0.7272727272727273, 0.0
0.6275510204081634, 0.625, 0.5714285714285714, 0.6666666666666667, 0.0
0.5928571428571429, 0.5714285714285714, 0.5714285714285714, 0.625, 0.0
0.6021825396825397, 0.625, 0.5, 0.6666666666666667, 0.0
0.6086309523809523, 0.5982142857142857, 0.5714285714285714, 0.6666666666666667, 0.0
0.5892857142857143, 0.5714285714285714, 0.5714285714285714, 0.625, 0.0
0.603030303030303, 0.5714285714285714, 0.5714285714285714, 0.7272727272727273, 0.0
0.6071428571428572, 0.6041666666666666, 0.5714285714285714, 0.6666666666666667, 0.0
0.6069727891156462, 0.6, 0.5714285714285714, 0.6666666666666667, 0.0
0.6247023809523811, 0.625, 0.5714285714285714, 0.7, 0.0
0.5998677248677249, 0.5714285714285714, 0.5714285714285714, 0.6666666666666667, 0.0
0.6119047619047618, 0.625, 0.5714285714285714, 0.6666666666666667, 0.0
0.6140873015873015, 0.625, 0.5714285714285714, 0.6666666666666667, 0.0
0.6201596023024595, 0.625, 0.5, 0.7142857142857143, 0.0
0.6104497354497355, 0.625, 0.5714285714285714, 0.6666666666666667, 0.0
0.6190476190476191, 0.6190476190476191, 0.5714285714285714, 0.6666666666666667, 0.0
0.6121031746031748, 0.5982142857142857, 0.5714285714285714, 0.6666666666666667, 0.0
0.6551226551226551, 0.6666666666666667, 0.5714285714285714, 0.7272727272727273, 0.0
0.625, 0.625, 0.625, 0.625, 0.0
0.6121031746031748, 0.5982142857142857, 0.5714285714285714, 0.6666666666666667, 0.0
0.5911796536796536, 0.5714285714285714, 0.5714285714285714, 0.6363636363636364, 0.0
0.5887624280481424, 0.5714285714285714, 0.5, 0.6666666666666667, 0.0
0.5911796536796536, 0.5714285714285714, 0.5714285714285714, 0.6363636363636364, 0.0
0.625, 0.625, 0.625, 0.625, 0.0
0.6140476190476191, 0.5982142857142857, 0.5714285714285714, 0.7, 0.0
0.6220238095238095, 0.625, 0.5714285714285714, 0.6666666666666667, 0.0
0.5919642857142857, 0.5857142857142856, 0.5714285714285714, 0.625, 0.0
0.605139652014652, 0.5714285714285714, 0.5714285714285714, 0.6923076923076923, 0.0
0.6035714285714285, 0.5714285714285714, 0.5714285714285714, 0.7, 0.0
0.6095238095238095, 0.5714285714285714, 0.5714285714285714, 0.6666666666666667, 0.0
0.6209935897435898, 0.6458333333333334, 0.5, 0.6923076923076923, 0.0
0.5962301587301587, 0.5714285714285714, 0.5714285714285714, 0.6666666666666667, 0.0
0.5900297619047619, 0.5714285714285714, 0.5714285714285714, 0.6666666666666667, 0.0
0.5971428571428572, 0.5714285714285714, 0.5714285714285714, 0.7, 0.0
0.6190476190476191, 0.6190476190476191, 0.5714285714285714, 0.6666666666666667, 0.0
0.5892857142857143, 0.5714285714285714, 0.5714285714285714, 0.625, 0.0
0.6177248677248677, 0.5714285714285714, 0.5714285714285714, 0.7857142857142857, 0.0
0.6532287157287158, 0.6458333333333334, 0.5714285714285714, 0.8181818181818181, 0.0
0.6373511904761905, 0.625, 0.5714285714285714, 0.7142857142857143, 0.0
0.6354166666666667, 0.625, 0.625, 0.6666666666666667, 0.0
0.6086309523809524, 0.5982142857142857, 0.5714285714285714, 0.6666666666666667, 0.0
0.615443722943723, 0.6125, 0.5454545454545454, 0.7, 0.0
0.638888888888889, 0.625, 0.625, 0.6666666666666667, 0.0
0.6079931972789117, 0.625, 0.5714285714285714, 0.6666666666666667, 0.0
