0.5952380952380952, 0.5714285714285714, 0.5714285714285714, 0.6666666666666667, 0.0
0.5714285714285714, 0.5714285714285714, 0.5714285714285714, 0.5714285714285714, 0.0
0.617979242979243, 0.625, 0.5714285714285714, 0.625, 0.0
0.5952380952380952, 0.5714285714285714, 0.5714285714285714, 0.6666666666666667, 0.0
0.5982142857142857, 0.5982142857142857, 0.5714285714285714, 0.625, 0.0
0.586734693877551, 0.5714285714285714, 0.5714285714285714, 0.625, 0.0
0.5848214285714286, 0.5714285714285714, 0.5714285714285714, 0.625, 0.0
0.6297619047619047, 0.625, 0.5714285714285714, 0.7142857142857143, 0.0
0.5821428571428571, 0.5714285714285714, 0.5714285714285714, 0.625, 0.0
0.5919642857142857, 0.5857142857142856, 0.5714285714285714, 0.625, 0.0
0.6491071428571429, 0.6625, 0.5714285714285714, 0.7, 0.0
0.5892857142857143, 0.5714285714285714, 0.5714285714285714, 0.625, 0.0
0.580952380952381, 0.5714285714285714, 0.5714285714285714, 0.6, 0.0
0.5892857142857143, 0.5714285714285714, 0.5714285714285714, 0.625, 0.0
0.5986394557823129, 0.5714285714285714, 0.5714285714285714, 0.6666666666666667, 0.0
0.6370593692022263, 0.625, 0.5714285714285714, 0.7272727272727273, 0.0
0.6226190476190476, 0.625, 0.5714285714285714, 0.6666666666666667, 0.0
0.5967261904761905, 0.5714285714285714, 0.5714285714285714, 0.6666666666666667, 0.0
0.6428571428571428, 0.6428571428571428, 0.5714285714285714, 0.7142857142857143, 0.0
0.5982142857142857, 0.5982142857142857, 0.5714285714285714, 0.625, 0.0
0.6051587301587302, 0.5982142857142857, 0.5714285714285714, 0.6666666666666667, 0.0
0.5888888888888888, 0.5777777777777777, 0.5, 0.7, 0.0
0.5982142857142857, 0.5982142857142857, 0.5714285714285714, 0.625, 0.0
0.6035218253968254, 0.5857142857142856, 0.5555555555555556, 0.6666666666666667, 0.0
0.638888888888889, 0.625, 0.625, 0.6666666666666667, 0.0
0.6303571428571428, 0.5714285714285714, 0.5714285714285714, 0.8125, 0.0
0.6161904761904762, 0.5714285714285714, 0.5714285714285714, 0.7, 0.0
0.6666666666666666, 0.625, 0.625, 0.75, 0.0
0.6488997113997116, 0.6515151515151516, 0.5714285714285714, 0.7272727272727273, 0.0
0.6580815018315018, 0.6458333333333334, 0.5714285714285714, 0.7692307692307692, 0.0
0.619309262166405, 0.625, 0.5714285714285714, 0.6923076923076923, 0.0
0.6226190476190476, 0.625, 0.5714285714285714, 0.6666666666666667, 0.0
0.6086309523809523, 0.5982142857142857, 0.5714285714285714, 0.6666666666666667, 0.0
0.5821428571428571, 0.5714285714285714, 0.5714285714285714, 0.625, 0.0
0.6003401360544218, 0.5714285714285714, 0.5714285714285714, 0.6666666666666667, 0.0
0.6063311688311689, 0.5714285714285714, 0.5714285714285714, 0.7272727272727273, 0.0
0.5943877551020408, 0.5714285714285714, 0.5714285714285714, 0.625, 0.0
0.6428571428571429, 0.6666666666666667, 0.5714285714285714, 0.6666666666666667, 0.0
0.6169642857142856, 0.5982142857142857, 0.5714285714285714, 0.7, 0.0
0.6058441558441559, 0.625, 0.5714285714285714, 0.6363636363636364, 0.0
0.6214285714285714, 0.625, 0.5714285714285714, 0.7142857142857143, 0.0
0.6666666666666667, 0.6666666666666667, 0.6666666666666667, 0.6666666666666667, 0.0
0.6328869047619048, 0.625, 0.5714285714285714, 0.7, 0.0
0.6029761904761904, 0.6125, 0.5714285714285714, 0.625, 0.0
0.6190476190476191, 0.6190476190476191, 0.5714285714285714, 0.6666666666666667, 0.0
0.6071428571428571, 0.625, 0.5714285714285714, 0.625, 0.0
0.623015873015873, 0.625, 0.5714285714285714, 0.6666666666666667, 0.0
0.6086309523809523, 0.5982142857142857, 0.5714285714285714, 0.6666666666666667, 0.0
0.5956043956043956, 0.5714285714285714, 0.5714285714285714, 0.6923076923076923, 0.0
0.6392857142857142, 0.625, 0.5714285714285714, 0.75, 0.0
0.5900297619047619, 0.5714285714285714, 0.5714285714285714, 0.6666666666666667, 0.0
0.5966117216117216, 0.5934065934065934, 0.5714285714285714, 0.625, 0.0
0.6160714285714285, 0.5714285714285714, 0.5714285714285714, 0.7857142857142857, 0.0
0.6160714285714286, 0.625, 0.5714285714285714, 0.6428571428571428, 0.0
0.621577380952381, 0.6125, 0.5714285714285714, 0.7, 0.0
0.6519480519480519, 0.6681818181818182, 0.5714285714285714, 0.7, 0.0
0.5892857142857143, 0.5714285714285714, 0.5714285714285714, 0.625, 0.0
0.5962301587301587, 0.5714285714285714, 0.5714285714285714, 0.6666666666666667, 0.0
0.5928571428571429, 0.5714285714285714, 0.5714285714285714, 0.625, 0.0
0.623951973951974, 0.625, 0.5714285714285714, 0.6923076923076923, 0.0
0.6666666666666667, 0.6458333333333334, 0.625, 0.75, 0.0
0.6018518518518519, 0.625, 0.5555555555555556, 0.625, 0.0
0.6178571428571429, 0.6125, 0.5714285714285714, 0.7142857142857143, 0.0
0.6086309523809523, 0.5982142857142857, 0.5714285714285714, 0.6666666666666667, 0.0
0.615327380952381, 0.625, 0.5714285714285714, 0.6666666666666667, 0.0
0.5962301587301587, 0.5714285714285714, 0.5714285714285714, 0.6666666666666667, 0.0
0.6297619047619047, 0.625, 0.5714285714285714, 0.7142857142857143, 0.0
0.6666666666666667, 0.6666666666666667, 0.6666666666666667, 0.6666666666666667, 0.0
0.5714285714285714, 0.5714285714285714, 0.5714285714285714, 0.5714285714285714, 0.0
0.6134222919937206, 0.6153846153846154, 0.5714285714285714, 0.7142857142857143, 0.0
0.5892857142857143, 0.5714285714285714, 0.5714285714285714, 0.625, 0.0
0.5928571428571429, 0.5714285714285714, 0.5714285714285714, 0.625, 0.0
0.614010989010989, 0.6153846153846154, 0.5714285714285714, 0.6666666666666667, 0.0
0.5982142857142857, 0.5982142857142857, 0.5714285714285714, 0.625, 0.0
0.6318681318681318, 0.6318681318681318, 0.5714285714285714, 0.6923076923076923, 0.0
0.630952380952381, 0.625, 0.5714285714285714, 0.6666666666666667, 0.0
0.5714285714285713, 0.5714285714285714, 0.5714285714285714, 0.5714285714285714, 0.0
0.6121031746031748, 0.5982142857142857, 0.5714285714285714, 0.6666666666666667, 0.0
0.6070526695526696, 0.5982142857142857, 0.5714285714285714, 0.6666666666666667, 0.0
0.6079931972789117, 0.625, 0.5714285714285714, 0.6666666666666667, 0.0
0.5942460317460317, 0.5982142857142857, 0.5555555555555556, 0.625, 0.0
0.621031746031746, 0.625, 0.5714285714285714, 0.6666666666666667, 0.0
0.6051587301587302, 0.5982142857142857, 0.5714285714285714, 0.6666666666666667, 0.0
0.6328869047619048, 0.5982142857142857, 0.5714285714285714, 0.7857142857142857, 0.0
0.5714285714285714, 0.5714285714285714, 0.5714285714285714, 0.5714285714285714, 0.0
0.6086309523809523, 0.5982142857142857, 0.5714285714285714, 0.6666666666666667, 0.0
0.5850340136054422, 0.5714285714285714, 0.5714285714285714, 0.6666666666666667, 0.0
0.6169642857142856, 0.5982142857142857, 0.5714285714285714, 0.7, 0.0
0.5924297924297924, 0.5714285714285714, 0.5555555555555556, 0.6923076923076923, 0.0
0.5714285714285714, 0.5714285714285714, 0.5714285714285714, 0.5714285714285714, 0.5714285714285714
0.6140873015873015, 0.625, 0.5714285714285714, 0.6666666666666667, 0.0
0.580952380952381, 0.5714285714285714, 0.5714285714285714, 0.6, 0.0
0.5972222222222222, 0.5714285714285714, 0.5714285714285714, 0.6666666666666667, 0.0
0.6304945054945055, 0.625, 0.5714285714285714, 0.6923076923076923, 0.0
0.6202380952380953, 0.625, 0.5714285714285714, 0.6666666666666667, 0.0
0.5848214285714286, 0.5714285714285714, 0.5714285714285714, 0.625, 0.0
0.613015873015873, 0.5714285714285714, 0.5555555555555556, 0.7, 0.0
0.5919642857142857, 0.5857142857142856, 0.5714285714285714, 0.625, 0.0
0.6062925170068028, 0.5714285714285714, 0.5714285714285714, 0.6666666666666667, 0.0
0.5714285714285714, 0.5714285714285714, 0.5714285714285714, 0.5714285714285714, 0.5714285714285714
0.6187074829931973, 0.625, 0.5714285714285714, 0.7, 0.0
0.6011904761904763, 0.5714285714285714, 0.5714285714285714, 0.6666666666666667, 0.0
0.625, 0.625, 0.625, 0.625, 0.0
0.5822510822510821, 0.5714285714285714, 0.5714285714285714, 0.6363636363636364, 0.0
0.6216450216450216, 0.5714285714285714, 0.5714285714285714, 0.7272727272727273, 0.0
0.621031746031746, 0.625, 0.5714285714285714, 0.6666666666666667, 0.0
0.5980158730158731, 0.5714285714285714, 0.5555555555555556, 0.6666666666666667, 0.0
0.6376190476190476, 0.625, 0.5714285714285714, 0.7, 0.0
0.6168154761904762, 0.625, 0.5714285714285714, 0.6666666666666667, 0.0
0.5962301587301587, 0.5714285714285714, 0.5714285714285714, 0.6666666666666667, 0.0
0.5980158730158731, 0.5714285714285714, 0.5555555555555556, 0.6666666666666667, 0.0
0.6458333333333334, 0.6458333333333334, 0.625, 0.6666666666666667, 0.0
0.6127551020408164, 0.625, 0.5714285714285714, 0.7, 0.0
0.6086309523809523, 0.5982142857142857, 0.5714285714285714, 0.6666666666666667, 0.0
0.5962301587301587, 0.5714285714285714, 0.5714285714285714, 0.6666666666666667, 0.0
0.6321428571428571, 0.625, 0.5714285714285714, 0.7, 0.0
0.6003401360544218, 0.5714285714285714, 0.5714285714285714, 0.6666666666666667, 0.0
0.5928571428571429, 0.5714285714285714, 0.5714285714285714, 0.625, 0.0
0.6035714285714285, 0.625, 0.5714285714285714, 0.625, 0.0
0.621031746031746, 0.625, 0.5714285714285714, 0.6666666666666667, 0.0
0.5848214285714286, 0.5714285714285714, 0.5714285714285714, 0.625, 0.0
0.6161904761904762, 0.5714285714285714, 0.5714285714285714, 0.7, 0.0
0.6051587301587302, 0.5982142857142857, 0.5714285714285714, 0.6666666666666667, 0.0
0.6229031385281386, 0.625, 0.5714285714285714, 0.7272727272727273, 0.0
0.6220238095238095, 0.625, 0.5714285714285714, 0.6666666666666667, 0.0
0.6263227513227513, 0.625, 0.5555555555555556, 0.7142857142857143, 0.0
0.6237408424908426, 0.625, 0.5714285714285714, 0.6923076923076923, 0.0
0.6035714285714285, 0.5714285714285714, 0.5714285714285714, 0.7, 0.0
0.6273809523809524, 0.6190476190476191, 0.5714285714285714, 0.7, 0.0
0.6874791874791875, 0.6923076923076923, 0.6428571428571428, 0.7272727272727273, 0.0
0.5892857142857143, 0.5714285714285714, 0.5714285714285714, 0.625, 0.0
0.6216902145473575, 0.625, 0.5714285714285714, 0.6923076923076923, 0.0
0.6190476190476191, 0.6190476190476191, 0.5714285714285714, 0.6666666666666667, 0.0
0.6142857142857142, 0.625, 0.5714285714285714, 0.625, 0.0
0.6107142857142858, 0.5982142857142857, 0.5714285714285714, 0.7, 0.0
0.634920634920635, 0.6666666666666667, 0.5714285714285714, 0.6666666666666667, 0.0
0.6116071428571428, 0.625, 0.5714285714285714, 0.625, 0.0
0.5821428571428571, 0.5714285714285714, 0.5714285714285714, 0.625, 0.0
0.5853610675039247, 0.5714285714285714, 0.5714285714285714, 0.625, 0.0
0.621031746031746, 0.625, 0.5714285714285714, 0.6666666666666667, 0.0
0.5714285714285714, 0.5714285714285714, 0.5714285714285714, 0.5714285714285714, 0.0
0.6666666666666667, 0.6666666666666667, 0.6666666666666667, 0.6666666666666667, 0.6666666666666667
0.5952380952380952, 0.5714285714285714, 0.5714285714285714, 0.6666666666666667, 0.0
0.5714285714285714, 0.5714285714285714, 0.5714285714285714, 0.5714285714285714, 0.0
0.5928571428571429, 0.5714285714285714, 0.5714285714285714, 0.625, 0.0
0.5851190476190476, 0.5714285714285714, 0.5714285714285714, 0.625, 0.0
0.6071428571428571, 0.625, 0.5714285714285714, 0.625, 0.0
0.6253052503052503, 0.625, 0.5714285714285714, 0.6923076923076923, 0.0
0.6343253968253969, 0.5982142857142857, 0.5714285714285714, 0.8, 0.0
0.5848214285714286, 0.5714285714285714, 0.5714285714285714, 0.625, 0.0
0.6022486772486773, 0.5714285714285714, 0.5714285714285714, 0.7, 0.0
0.621031746031746, 0.625, 0.5714285714285714, 0.6666666666666667, 0.0
0.5476190476190476, 0.5714285714285714, 0.5, 0.5714285714285714, 0.0
0.6185325091575092, 0.625, 0.5714285714285714, 0.6923076923076923, 0.0
0.5892857142857143, 0.5714285714285714, 0.5714285714285714, 0.625, 0.0
0.5904761904761905, 0.5714285714285714, 0.5714285714285714, 0.6666666666666667, 0.0
0.6071428571428571, 0.625, 0.5714285714285714, 0.625, 0.0
0.6169642857142856, 0.5982142857142857, 0.5714285714285714, 0.7, 0.0
0.5714285714285714, 0.5714285714285714, 0.5714285714285714, 0.5714285714285714, 0.0
0.6071428571428571, 0.625, 0.5714285714285714, 0.625, 0.0
0.5892857142857143, 0.5714285714285714, 0.5714285714285714, 0.625, 0.0
0.6031746031746033, 0.5714285714285714, 0.5714285714285714, 0.6666666666666667, 0.0
0.5857142857142856, 0.5857142857142856, 0.5714285714285714, 0.6, 0.0
0.586734693877551, 0.5714285714285714, 0.5714285714285714, 0.625, 0.0
0.6062925170068028, 0.5714285714285714, 0.5714285714285714, 0.6666666666666667, 0.0
0.6169642857142856, 0.5982142857142857, 0.5714285714285714, 0.7, 0.0
0.5873015873015873, 0.5714285714285714, 0.5714285714285714, 0.6666666666666667, 0.0
0.621031746031746, 0.625, 0.5714285714285714, 0.6666666666666667, 0.0
0.6277472527472527, 0.625, 0.5714285714285714, 0.6923076923076923, 0.0
0.5892857142857143, 0.5714285714285714, 0.5714285714285714, 0.625, 0.0
0.625, 0.625, 0.625, 0.625, 0.0
0.6458333333333334, 0.6458333333333334, 0.625, 0.6666666666666667, 0.0
0.6119047619047618, 0.625, 0.5714285714285714, 0.6666666666666667, 0.0
0.5982142857142857, 0.5982142857142857, 0.5714285714285714, 0.625, 0.0
0.5982142857142857, 0.5982142857142857, 0.5714285714285714, 0.625, 0.0
0.5714285714285714, 0.5714285714285714, 0.5714285714285714, 0.5714285714285714, 0.5714285714285714
0.6086309523809523, 0.5982142857142857, 0.5714285714285714, 0.6666666666666667, 0.0
0.5803571428571428, 0.5714285714285714, 0.5714285714285714, 0.625, 0.0
0.5848214285714286, 0.5714285714285714, 0.5714285714285714, 0.625, 0.0
0.6031746031746031, 0.5714285714285714, 0.5714285714285714, 0.6666666666666667, 0.0
0.5777116402116401, 0.5714285714285714, 0.5555555555555556, 0.625, 0.0
0.5982142857142857, 0.5982142857142857, 0.5714285714285714, 0.625, 0.0
0.6095238095238095, 0.5714285714285714, 0.5714285714285714, 0.6666666666666667, 0.0
0.607936507936508, 0.5857142857142856, 0.5714285714285714, 0.6666666666666667, 0.0
0.6407738095238096, 0.6458333333333334, 0.5714285714285714, 0.7, 0.0
0.5688775510204082, 0.5714285714285714, 0.5, 0.625, 0.0
0.5961904761904762, 0.5714285714285714, 0.5714285714285714, 0.6666666666666667, 0.0
0.5714285714285714, 0.5714285714285714, 0.5714285714285714, 0.5714285714285714, 0.0
0.6058441558441559, 0.625, 0.5714285714285714, 0.6363636363636364, 0.0
0.5892857142857143, 0.5714285714285714, 0.5714285714285714, 0.625, 0.0
0.6190476190476191, 0.6190476190476191, 0.5714285714285714, 0.6666666666666667, 0.0
0.5761904761904763, 0.5714285714285714, 0.5, 0.6666666666666667, 0.0
0.5714285714285714, 0.5714285714285714, 0.5714285714285714, 0.5714285714285714, 0.0
0.6293406593406594, 0.6201923076923077, 0.5714285714285714, 0.75, 0.0
0.5892857142857143, 0.5714285714285714, 0.5714285714285714, 0.625, 0.0
0.5962301587301587, 0.5714285714285714, 0.5714285714285714, 0.6666666666666667, 0.0
0.5714285714285714, 0.5714285714285714, 0.5714285714285714, 0.5714285714285714, 0.0
0.6176085818942962, 0.625, 0.5714285714285714, 0.6923076923076923, 0.0
0.603556166056166, 0.5934065934065934, 0.5714285714285714, 0.6666666666666667, 0.0
0.6116071428571428, 0.625, 0.5714285714285714, 0.625, 0.0
