0.6821038221038224, 0.6666666666666667, 0.5555555555555556, 0.7857142857142857, 0.0
0.6755335405335406, 0.6666666666666667, 0.5555555555555556, 0.7692307692307692, 0.0
0.6608003108003108, 0.6666666666666667, 0.6, 0.75, 0.0
0.6588319088319089, 0.6666666666666667, 0.5, 0.7777777777777778, 0.0
0.6593939393939395, 0.6666666666666667, 0.5, 0.7777777777777778, 0.0
0.6887982387982389, 0.6923076923076923, 0.6, 0.7777777777777778, 0.0
0.7120240870240871, 0.7, 0.5555555555555556, 0.8888888888888888, 0.0
0.6927117327117329, 0.6666666666666667, 0.6, 0.8888888888888888, 0.0
0.6794638694638697, 0.6666666666666667, 0.5, 0.8888888888888888, 0.0
0.6754299404299405, 0.6666666666666667, 0.5555555555555556, 0.75, 0.0
0.6794470344470346, 0.6666666666666667, 0.6, 0.7777777777777778, 0.0
0.7106902356902359, 0.7272727272727273, 0.625, 0.8, 0.0
0.6766265216265218, 0.6666666666666667, 0.5, 0.8888888888888888, 0.0
0.7092276242276244, 0.7, 0.5555555555555556, 0.8, 0.0
0.7099352499352501, 0.7272727272727273, 0.6, 0.8888888888888888, 0.0
0.693949198949199, 0.6666666666666667, 0.5555555555555556, 0.8181818181818181, 0.0
0.6524747474747474, 0.6363636363636364, 0.6, 0.75, 0.0
0.6983281533281536, 0.6923076923076923, 0.6, 0.8888888888888888, 0.0
0.6976521626521629, 0.6923076923076923, 0.5555555555555556, 0.8, 0.0
0.7181572131572135, 0.6666666666666667, 0.6, 0.8888888888888888, 0.0
0.6916342916342918, 0.6666666666666667, 0.6363636363636364, 0.8, 0.0
0.6927959077959079, 0.6923076923076923, 0.5555555555555556, 0.8333333333333334, 0.0
0.6720033670033672, 0.6666666666666667, 0.6, 0.7777777777777778, 0.0
0.680809375809376, 0.6923076923076923, 0.5555555555555556, 0.75, 0.0
0.7077078477078479, 0.7, 0.6, 0.9, 0.0
0.677889147889148, 0.6923076923076923, 0.6, 0.7777777777777778, 0.0
0.6991932141932142, 0.6923076923076923, 0.6, 0.8888888888888888, 0.0
0.6785703185703187, 0.6923076923076923, 0.5, 0.75, 0.0
0.6802913752913755, 0.6923076923076923, 0.5555555555555556, 0.7777777777777778, 0.0
0.6921406371406373, 0.6923076923076923, 0.5555555555555556, 0.7777777777777778, 0.0
0.706920486920487, 0.6923076923076923, 0.6, 0.8181818181818181, 0.0
0.6669036519036521, 0.6923076923076923, 0.5, 0.7777777777777778, 0.0
0.6702525252525253, 0.6666666666666667, 0.5, 0.8181818181818181, 0.0
0.6883514633514635, 0.6923076923076923, 0.5555555555555556, 0.8888888888888888, 0.0
0.6767094017094019, 0.6666666666666667, 0.5555555555555556, 0.7777777777777778, 0.0
0.6586039886039887, 0.6666666666666667, 0.5, 0.7777777777777778, 0.0
0.6819295519295522, 0.6666666666666667, 0.6, 0.7777777777777778, 0.0
0.682957782957783, 0.6923076923076923, 0.5555555555555556, 0.8, 0.0
0.7015599215599218, 0.6923076923076923, 0.5555555555555556, 0.8888888888888888, 0.0
0.6997487697487699, 0.6923076923076923, 0.5555555555555556, 0.8888888888888888, 0.0
0.6796723646723649, 0.6666666666666667, 0.6, 0.8, 0.0
0.6971082621082623, 0.6666666666666667, 0.6, 0.8888888888888888, 0.0
0.696844081844082, 0.6923076923076923, 0.5555555555555556, 0.8888888888888888, 0.0
0.6873685573685575, 0.6666666666666667, 0.5555555555555556, 0.8888888888888888, 0.0
0.6820707070707073, 0.6666666666666667, 0.5555555555555556, 0.7777777777777778, 0.0
0.6979720279720281, 0.6923076923076923, 0.6, 0.8888888888888888, 0.0
0.6844943944943948, 0.6666666666666667, 0.5555555555555556, 0.8, 0.0
0.6947345247345249, 0.6666666666666667, 0.6, 0.8888888888888888, 0.0
0.7205672105672107, 0.75, 0.5555555555555556, 0.8181818181818181, 0.0
0.6705387205387207, 0.6666666666666667, 0.5, 0.8888888888888888, 0.0
0.7022986272986274, 0.7, 0.5555555555555556, 0.8888888888888888, 0.0
0.6832672882672884, 0.6666666666666667, 0.6, 0.7777777777777778, 0.0
0.6946335146335147, 0.6923076923076923, 0.5555555555555556, 0.8888888888888888, 0.0
0.7180989380989383, 0.7272727272727273, 0.6666666666666667, 0.7777777777777778, 0.0
0.6824747474747476, 0.6666666666666667, 0.5, 0.8888888888888888, 0.0
0.6874669774669776, 0.6923076923076923, 0.6, 0.8, 0.0
0.7029046879046881, 0.7272727272727273, 0.5555555555555556, 0.8, 0.0
0.6976353276353279, 0.6923076923076923, 0.5555555555555556, 0.8, 0.0
0.7064672364672366, 0.6923076923076923, 0.6, 0.7777777777777778, 0.0
0.6834809634809635, 0.6923076923076923, 0.5, 0.8, 0.0
0.67983164983165, 0.6666666666666667, 0.5, 0.7777777777777778, 0.0
0.7011201761201763, 0.7, 0.5555555555555556, 0.8, 0.0
0.6604558404558405, 0.6666666666666667, 0.5555555555555556, 0.75, 0.0
0.694724164724165, 0.6923076923076923, 0.6, 0.8, 0.0
0.720902060902061, 0.75, 0.5555555555555556, 0.8888888888888888, 0.0
0.7065242165242168, 0.7272727272727273, 0.5, 0.8, 0.0
0.6704131054131055, 0.6666666666666667, 0.5555555555555556, 0.8888888888888888, 0.0
0.6883431383431385, 0.6666666666666667, 0.6, 0.7857142857142857, 0.0
0.7246645946645949, 0.7, 0.6363636363636364, 0.8888888888888888, 0.0
0.7003133903133905, 0.6923076923076923, 0.6363636363636364, 0.9, 0.0
0.7002227402227404, 0.7272727272727273, 0.5555555555555556, 0.8, 0.0
0.6731403781403782, 0.6666666666666667, 0.5555555555555556, 0.75, 0.0
0.6704390054390056, 0.6923076923076923, 0.5555555555555556, 0.8, 0.0
0.7033760683760685, 0.7, 0.625, 0.8333333333333334, 0.0
0.6721783771783775, 0.6666666666666667, 0.5555555555555556, 0.7857142857142857, 0.0
0.7013752913752916, 0.75, 0.5, 0.8, 0.0
0.6946891996891998, 0.6923076923076923, 0.5555555555555556, 0.8888888888888888, 0.0
0.6663390313390315, 0.6666666666666667, 0.6, 0.7777777777777778, 0.0
0.7038883338883342, 0.75, 0.5, 0.8, 0.0
0.677871017871018, 0.6666666666666667, 0.6, 0.8, 0.0
0.7154112554112556, 0.75, 0.5555555555555556, 0.8181818181818181, 0.0
0.6847319347319349, 0.6923076923076923, 0.5555555555555556, 0.8, 0.0
0.7001282051282054, 0.6923076923076923, 0.5555555555555556, 0.8, 0.0
0.7049753949753952, 0.6923076923076923, 0.6, 0.8, 0.0
0.6793188293188295, 0.6666666666666667, 0.625, 0.8, 0.0
0.6810017760017761, 0.6666666666666667, 0.5, 0.7857142857142857, 0.0
0.689893254893255, 0.6923076923076923, 0.6, 0.7857142857142857, 0.0
0.6760023310023312, 0.6666666666666667, 0.5, 0.8, 0.0
0.6750259000259002, 0.6666666666666667, 0.5555555555555556, 0.8888888888888888, 0.0
0.7077803677803679, 0.6666666666666667, 0.6, 0.8888888888888888, 0.0
0.6843447293447296, 0.6923076923076923, 0.5555555555555556, 0.8888888888888888, 0.0
0.6502110852110853, 0.6666666666666667, 0.5, 0.75, 0.0
0.6983281533281536, 0.6923076923076923, 0.5555555555555556, 0.8, 0.0
0.7345635845635847, 0.7, 0.6363636363636364, 0.8888888888888888, 0.0
0.7078321678321681, 0.6923076923076923, 0.6, 0.8888888888888888, 0.0
0.6984356384356386, 0.6923076923076923, 0.5555555555555556, 0.8181818181818181, 0.0
0.6535353535353536, 0.6363636363636364, 0.5555555555555556, 0.7777777777777778, 0.0
0.6466428016428017, 0.6666666666666667, 0.5, 0.7857142857142857, 0.0
0.7282543382543383, 0.7272727272727273, 0.6, 0.8888888888888888, 0.0
0.7087127687127689, 0.7272727272727273, 0.5555555555555556, 0.8, 0.0
0.6695234395234396, 0.6666666666666667, 0.5555555555555556, 0.7692307692307692, 0.0
0.7112626262626265, 0.7, 0.625, 0.7777777777777778, 0.0
0.6690999740999742, 0.6666666666666667, 0.5555555555555556, 0.75, 0.0
0.6844897694897696, 0.6923076923076923, 0.5, 0.8, 0.0
0.6852900802900805, 0.6666666666666667, 0.6, 0.7777777777777778, 0.0
0.6882828282828284, 0.6666666666666667, 0.6, 0.75, 0.0
0.674902874902875, 0.6666666666666667, 0.5, 0.7777777777777778, 0.0
0.6980484330484332, 0.6923076923076923, 0.6, 0.8, 0.0
0.6922481222481224, 0.6923076923076923, 0.6, 0.7777777777777778, 0.0
0.675826210826211, 0.6666666666666667, 0.6, 0.7777777777777778, 0.0
0.6993110593110594, 0.7, 0.5, 0.7777777777777778, 0.0
0.6979059829059832, 0.6923076923076923, 0.5555555555555556, 0.8888888888888888, 0.0
0.7149657749657751, 0.75, 0.5555555555555556, 0.8888888888888888, 0.0
0.673755503755504, 0.6666666666666667, 0.5, 0.7777777777777778, 0.0
0.6993473193473195, 0.7, 0.6, 0.7692307692307692, 0.0
0.7040999740999744, 0.7, 0.5, 0.8888888888888888, 0.0
0.6892191142191143, 0.6923076923076923, 0.5, 0.8888888888888888, 0.0
0.6965410515410517, 0.7, 0.625, 0.7777777777777778, 0.0
0.6746749546749549, 0.6666666666666667, 0.5, 0.7777777777777778, 0.0
0.6901165501165504, 0.6923076923076923, 0.6, 0.8, 0.0
0.6710191660191662, 0.6666666666666667, 0.5555555555555556, 0.7777777777777778, 0.0
0.7072079772079775, 0.6666666666666667, 0.5, 0.8888888888888888, 0.0
0.6994703444703447, 0.7, 0.5555555555555556, 0.7777777777777778, 0.0
0.7043887593887596, 0.6923076923076923, 0.625, 0.8181818181818181, 0.0
0.674832944832945, 0.6666666666666667, 0.5555555555555556, 0.8888888888888888, 0.0
0.6964309764309766, 0.7, 0.6, 0.7777777777777778, 0.0
0.685872830872831, 0.6923076923076923, 0.6, 0.7777777777777778, 0.0
0.6966329966329968, 0.7, 0.6, 0.7777777777777778, 0.0
0.6896645946645948, 0.6923076923076923, 0.5, 0.8, 0.0
0.696920486920487, 0.7, 0.5555555555555556, 0.75, 0.0
0.6876353276353278, 0.6666666666666667, 0.5555555555555556, 0.8, 0.0
0.6822727272727274, 0.6666666666666667, 0.6, 0.8888888888888888, 0.0
0.6872558922558925, 0.6666666666666667, 0.6, 0.8, 0.0
0.7086531986531989, 0.7, 0.5555555555555556, 0.8888888888888888, 0.0
0.6717767417767418, 0.6666666666666667, 0.5555555555555556, 0.75, 0.0
0.6844703444703446, 0.6666666666666667, 0.5555555555555556, 0.8888888888888888, 0.0
0.6792022792022794, 0.6923076923076923, 0.5, 0.7777777777777778, 0.0
0.7085612535612538, 0.7272727272727273, 0.6, 0.8333333333333334, 0.0
0.693732193732194, 0.6666666666666667, 0.5555555555555556, 0.8888888888888888, 0.0
0.6673245273245274, 0.6363636363636364, 0.5555555555555556, 0.7777777777777778, 0.0
0.6815747215747218, 0.6666666666666667, 0.5, 0.8888888888888888, 0.0
0.7142773892773895, 0.7272727272727273, 0.5555555555555556, 0.8888888888888888, 0.0
0.696946386946387, 0.6923076923076923, 0.6666666666666667, 0.75, 0.0
0.6895791245791247, 0.6666666666666667, 0.6, 0.7777777777777778, 0.0
0.7255076405076406, 0.7, 0.625, 0.8888888888888888, 0.0
0.6816679616679617, 0.6923076923076923, 0.5555555555555556, 0.8181818181818181, 0.0
0.7133353683353686, 0.7, 0.6, 0.8, 0.0
0.7021652421652423, 0.6923076923076923, 0.5, 0.8888888888888888, 0.0
0.6602447552447556, 0.6363636363636364, 0.5, 0.8, 0.0
0.7067858067858068, 0.6923076923076923, 0.5555555555555556, 0.8888888888888888, 0.0
0.7031572131572134, 0.7, 0.5555555555555556, 0.8, 0.0
0.6811875161875164, 0.6923076923076923, 0.5555555555555556, 0.7777777777777778, 0.0
0.6670461020461022, 0.6666666666666667, 0.5555555555555556, 0.8888888888888888, 0.0
0.7190404040404043, 0.75, 0.5555555555555556, 0.8, 0.0
0.6999430199430202, 0.6923076923076923, 0.5, 0.8888888888888888, 0.0
0.6754299404299406, 0.6666666666666667, 0.5555555555555556, 0.8, 0.0
0.6999637399637401, 0.7272727272727273, 0.5555555555555556, 0.7692307692307692, 0.0
0.6665332815332816, 0.6923076923076923, 0.5555555555555556, 0.7777777777777778, 0.0
0.6773154623154625, 0.6666666666666667, 0.6, 0.75, 0.0
0.6625174825174827, 0.6666666666666667, 0.5555555555555556, 0.7777777777777778, 0.0
0.6750854700854702, 0.6666666666666667, 0.6, 0.75, 0.0
0.6731080031080032, 0.6666666666666667, 0.6, 0.8, 0.0
0.6968091168091171, 0.6923076923076923, 0.6, 0.7777777777777778, 0.0
0.6794042994042996, 0.6923076923076923, 0.5, 0.7777777777777778, 0.0
0.6789743589743592, 0.6666666666666667, 0.5555555555555556, 0.7777777777777778, 0.0
0.7020461020461022, 0.7, 0.6, 0.8181818181818181, 0.0
0.6938383838383839, 0.7, 0.6, 0.8, 0.0
0.6861305361305362, 0.6923076923076923, 0.625, 0.8, 0.0
0.7049883449883452, 0.7, 0.5555555555555556, 0.8461538461538461, 0.0
0.7040598290598293, 0.6666666666666667, 0.5555555555555556, 0.8, 0.0
0.6952020202020204, 0.6666666666666667, 0.5555555555555556, 0.8, 0.0
0.7136700336700338, 0.7272727272727273, 0.6, 0.9, 0.0
0.7190261590261592, 0.75, 0.6, 0.8, 0.0
0.7226270026270029, 0.7272727272727273, 0.6, 0.7857142857142857, 0.0
0.6945112295112297, 0.7272727272727273, 0.5555555555555556, 0.7857142857142857, 0.0
0.67489380989381, 0.6666666666666667, 0.6, 0.7777777777777778, 0.0
0.7112646612646615, 0.7, 0.6, 0.7857142857142857, 0.0
0.6712380212380215, 0.6666666666666667, 0.625, 0.8, 0.0
0.7062452362452365, 0.7272727272727273, 0.5, 0.7857142857142857, 0.0
0.6914763014763016, 0.6923076923076923, 0.5555555555555556, 0.7777777777777778, 0.0
0.6426262626262627, 0.6363636363636364, 0.5, 0.75, 0.0
0.697871017871018, 0.7, 0.5555555555555556, 0.8, 0.0
0.6997643097643099, 0.7272727272727273, 0.5555555555555556, 0.8, 0.0
0.7044457394457396, 0.6923076923076923, 0.6, 0.8888888888888888, 0.0
0.649840714840715, 0.6363636363636364, 0.5, 0.7777777777777778, 0.0
0.6991932141932143, 0.7, 0.5555555555555556, 0.7777777777777778, 0.0
0.6741569541569544, 0.6923076923076923, 0.5, 0.7777777777777778, 0.0
0.6956034706034706, 0.6666666666666667, 0.5555555555555556, 0.9, 0.0
0.6948834498834501, 0.6923076923076923, 0.5555555555555556, 0.8888888888888888, 0.0
0.6673322973322974, 0.6363636363636364, 0.5555555555555556, 0.75, 0.0
0.6885871535871537, 0.6923076923076923, 0.6, 0.7777777777777778, 0.0
0.6822934472934475, 0.6666666666666667, 0.6, 0.8888888888888888, 0.0
0.6592942242942245, 0.6666666666666667, 0.5, 0.8181818181818181, 0.0
0.6851618751618752, 0.6923076923076923, 0.6363636363636364, 0.7777777777777778, 0.0
0.6591822991822994, 0.6363636363636364, 0.5555555555555556, 0.8181818181818181, 0.0
0.682871757871758, 0.7, 0.5, 0.8888888888888888, 0.0
0.6901450401450402, 0.6923076923076923, 0.5555555555555556, 0.8, 0.0
0.7106734006734008, 0.6666666666666667, 0.6, 0.8888888888888888, 0.0
0.680792540792541, 0.6666666666666667, 0.5555555555555556, 0.7777777777777778, 0.0
0.6881740481740484, 0.6666666666666667, 0.6, 0.8, 0.0
0.6985366485366487, 0.7, 0.5, 0.8888888888888888, 0.0
0.7315086765086767, 0.7272727272727273, 0.5555555555555556, 0.9, 0.0
0.6780393680393682, 0.6666666666666667, 0.5, 0.8, 0.0
0.6787166537166539, 0.6666666666666667, 0.625, 0.7777777777777778, 0.0
0.7084861434861437, 0.7, 0.625, 0.8181818181818181, 0.0
0.7002693602693604, 0.6666666666666667, 0.5555555555555556, 0.8888888888888888, 0.0
0.6793537943537945, 0.6666666666666667, 0.5, 0.8888888888888888, 0.0
0.6528062678062679, 0.6666666666666667, 0.5, 0.7777777777777778, 0.0
0.6693014393014395, 0.6666666666666667, 0.5555555555555556, 0.7857142857142857, 0.0
0.6874268324268326, 0.7, 0.5, 0.7777777777777778, 0.0
0.7186894586894589, 0.6923076923076923, 0.6666666666666667, 0.8888888888888888, 0.0
0.6802447552447554, 0.6666666666666667, 0.625, 0.8, 0.0
0.6532167832167832, 0.6666666666666667, 0.5555555555555556, 0.75, 0.0
0.6995389795389798, 0.6923076923076923, 0.6, 0.7777777777777778, 0.0
0.6773835423835426, 0.6666666666666667, 0.6, 0.7857142857142857, 0.0
0.6775977725977728, 0.6923076923076923, 0.5555555555555556, 0.7692307692307692, 0.0
0.6704125504125505, 0.6923076923076923, 0.5, 0.7857142857142857, 0.0
0.6494120694120695, 0.6363636363636364, 0.5, 0.7777777777777778, 0.0
0.6893304843304845, 0.6923076923076923, 0.5555555555555556, 0.7777777777777778, 0.0
0.7022908572908576, 0.6666666666666667, 0.625, 0.8333333333333334, 0.0
0.7316835016835019, 0.7272727272727273, 0.6363636363636364, 0.8888888888888888, 0.0
0.6989484589484591, 0.6923076923076923, 0.6, 0.7777777777777778, 0.0
0.6908780108780109, 0.6923076923076923, 0.6, 0.75, 0.0
0.6827376327376329, 0.6923076923076923, 0.5, 0.8, 0.0
0.6809608909608911, 0.6666666666666667, 0.5555555555555556, 0.8181818181818181, 0.0
0.7424112924112926, 0.75, 0.6666666666666667, 0.8888888888888888, 0.0
0.6897417397417398, 0.6923076923076923, 0.6, 0.7857142857142857, 0.0
0.6838228438228439, 0.6923076923076923, 0.5555555555555556, 0.7777777777777778, 0.0
0.6692877492877495, 0.6666666666666667, 0.5, 0.8888888888888888, 0.0
0.7063817663817666, 0.7, 0.6, 0.8, 0.0
0.6786557886557889, 0.6666666666666667, 0.6, 0.8, 0.0
0.7032732082732085, 0.7, 0.625, 0.8, 0.0
0.6886324786324788, 0.6923076923076923, 0.5, 0.8, 0.0
0.6745804195804197, 0.6666666666666667, 0.5555555555555556, 0.8, 0.0
0.676763791763792, 0.6923076923076923, 0.5555555555555556, 0.7777777777777778, 0.0
0.6933851333851336, 0.6923076923076923, 0.5555555555555556, 0.8888888888888888, 0.0
0.6853910903910906, 0.6923076923076923, 0.6, 0.7777777777777778, 0.0
0.6994560994560997, 0.7272727272727273, 0.5555555555555556, 0.7777777777777778, 0.0
0.692872312872313, 0.7, 0.5, 0.7777777777777778, 0.0
0.6831326081326082, 0.6923076923076923, 0.5555555555555556, 0.8181818181818181, 0.0
0.6749857549857551, 0.6666666666666667, 0.5555555555555556, 0.75, 0.0
0.6670305620305622, 0.6666666666666667, 0.6, 0.7777777777777778, 0.0
0.7231649831649833, 0.7272727272727273, 0.6, 0.8888888888888888, 0.0
0.6581481481481483, 0.6363636363636364, 0.5555555555555556, 0.8, 0.0
0.68977466977467, 0.6923076923076923, 0.5, 0.8, 0.0
0.6697915047915047, 0.6923076923076923, 0.5555555555555556, 0.75, 0.0
0.6734110334110335, 0.6923076923076923, 0.5, 0.75, 0.0
0.7130419580419581, 0.7, 0.625, 0.8888888888888888, 0.0
0.6602447552447553, 0.6666666666666667, 0.5, 0.7777777777777778, 0.0
0.6815073815073817, 0.6923076923076923, 0.5, 0.8, 0.0
0.6620810670810672, 0.6666666666666667, 0.5, 0.8181818181818181, 0.0
0.7045622895622897, 0.75, 0.6, 0.8181818181818181, 0.0
0.6725169275169276, 0.6923076923076923, 0.5, 0.7857142857142857, 0.0
0.6890520590520592, 0.6666666666666667, 0.6, 0.7692307692307692, 0.0
0.6763817663817666, 0.6666666666666667, 0.5, 0.8, 0.0
0.6618013468013471, 0.6363636363636364, 0.5555555555555556, 0.8, 0.0
0.6654817404817405, 0.6666666666666667, 0.5, 0.75, 0.0
0.6889575239575242, 0.6666666666666667, 0.6, 0.7777777777777778, 0.0
0.6814011914011916, 0.6666666666666667, 0.5, 0.7777777777777778, 0.0
0.6921147371147373, 0.6923076923076923, 0.5555555555555556, 0.7692307692307692, 0.0
0.70484792984793, 0.6923076923076923, 0.625, 0.8181818181818181, 0.0
0.7157161357161359, 0.7272727272727273, 0.5555555555555556, 0.8888888888888888, 0.0
0.6729992229992232, 0.6666666666666667, 0.5555555555555556, 0.8, 0.0
0.7147474747474748, 0.75, 0.5, 0.8888888888888888, 0.0
0.6734706034706036, 0.6666666666666667, 0.6, 0.7777777777777778, 0.0
0.69465811965812, 0.6923076923076923, 0.5555555555555556, 0.8, 0.0
0.7170033670033672, 0.7272727272727273, 0.6, 0.8888888888888888, 0.0
0.6844030044030045, 0.6666666666666667, 0.5555555555555556, 0.8181818181818181, 0.0
0.6883929033929036, 0.6666666666666667, 0.6, 0.9, 0.0
0.6772416472416474, 0.6923076923076923, 0.5, 0.7777777777777778, 0.0
0.705788655788656, 0.7, 0.5555555555555556, 0.9, 0.0
0.6966692566692568, 0.7, 0.5, 0.7777777777777778, 0.0
0.7169127169127171, 0.7, 0.5555555555555556, 0.8888888888888888, 0.0
0.657947422947423, 0.6666666666666667, 0.5555555555555556, 0.8181818181818181, 0.0
0.6942605542605543, 0.6923076923076923, 0.6, 0.7777777777777778, 0.0
0.7020797720797723, 0.75, 0.5555555555555556, 0.8, 0.0
0.6731157731157732, 0.6666666666666667, 0.625, 0.75, 0.0
0.6892851592851594, 0.6666666666666667, 0.625, 0.8888888888888888, 0.0
0.6852641802641803, 0.6666666666666667, 0.5555555555555556, 0.7777777777777778, 0.0
0.6809945609945612, 0.6666666666666667, 0.5, 0.8888888888888888, 0.0
0.6840999740999743, 0.6666666666666667, 0.5555555555555556, 0.8888888888888888, 0.0
0.6923258223258224, 0.6923076923076923, 0.6, 0.7777777777777778, 0.0
0.6436208236208236, 0.6666666666666667, 0.5, 0.7272727272727273, 0.0
0.6768026418026418, 0.6666666666666667, 0.6, 0.75, 0.0
0.6728231028231029, 0.6666666666666667, 0.5555555555555556, 0.8, 0.0
0.7013221963221965, 0.7272727272727273, 0.6, 0.7777777777777778, 0.0
0.6865501165501168, 0.6923076923076923, 0.6, 0.8, 0.0
0.6550453250453252, 0.6666666666666667, 0.5555555555555556, 0.7777777777777778, 0.0
0.6633708883708886, 0.6666666666666667, 0.5, 0.7777777777777778, 0.0
0.6781999481999483, 0.6923076923076923, 0.5, 0.7777777777777778, 0.0
0.6543356643356645, 0.6666666666666667, 0.6, 0.75, 0.0
0.6992851592851594, 0.7, 0.5555555555555556, 0.8, 0.0
0.6972817922817925, 0.6666666666666667, 0.625, 0.8, 0.0
0.6830769230769232, 0.6923076923076923, 0.5555555555555556, 0.7777777777777778, 0.0
0.7056928256928259, 0.7272727272727273, 0.6, 0.7777777777777778, 0.0
0.7084765234765237, 0.7, 0.625, 0.7857142857142857, 0.0
0.712694897694898, 0.75, 0.6, 0.7777777777777778, 0.0
0.7011991711991713, 0.6666666666666667, 0.5555555555555556, 0.8888888888888888, 0.0
0.6760113960113963, 0.6666666666666667, 0.6, 0.7777777777777778, 0.0
0.6766511266511267, 0.6666666666666667, 0.625, 0.8181818181818181, 0.0
0.6985612535612536, 0.6923076923076923, 0.5555555555555556, 0.8888888888888888, 0.0
0.7144174344174347, 0.7, 0.6, 0.7857142857142857, 0.0
0.6979390979390981, 0.6923076923076923, 0.5555555555555556, 0.7857142857142857, 0.0
0.6824501424501427, 0.6923076923076923, 0.5, 0.8, 0.0
0.6897979797979799, 0.7, 0.5555555555555556, 0.7777777777777778, 0.0
0.663965293965294, 0.6666666666666667, 0.5555555555555556, 0.7777777777777778, 0.0
0.688763273763274, 0.6666666666666667, 0.6, 0.8, 0.0
0.6894956894956898, 0.6923076923076923, 0.5, 0.7857142857142857, 0.0
0.7076042476042478, 0.6923076923076923, 0.5, 0.8888888888888888, 0.0
0.6823245273245274, 0.6923076923076923, 0.5, 0.8888888888888888, 0.0
0.6834045584045586, 0.6923076923076923, 0.5555555555555556, 0.75, 0.0
0.690850260850261, 0.6666666666666667, 0.6, 0.8888888888888888, 0.0
0.665925925925926, 0.6666666666666667, 0.5555555555555556, 0.8, 0.0
0.6805814555814558, 0.6666666666666667, 0.5, 0.8, 0.0
0.692950012950013, 0.6666666666666667, 0.5, 0.8888888888888888, 0.0
0.705833980833981, 0.7, 0.5555555555555556, 0.8888888888888888, 0.0
0.6894444444444446, 0.6666666666666667, 0.6, 0.8, 0.0
0.7023361823361826, 0.6923076923076923, 0.5555555555555556, 0.7777777777777778, 0.0
0.6941168091168092, 0.6666666666666667, 0.5555555555555556, 0.8888888888888888, 0.0
0.7216446516446517, 0.7272727272727273, 0.6, 0.8888888888888888, 0.0
0.6533929033929036, 0.6666666666666667, 0.5, 0.8, 0.0
0.7003133903133905, 0.6923076923076923, 0.6, 0.7777777777777778, 0.0
0.7113584563584566, 0.7, 0.625, 0.8181818181818181, 0.0
0.7135301735301736, 0.7, 0.5555555555555556, 0.8888888888888888, 0.0
0.6769704369704372, 0.6666666666666667, 0.5, 0.7857142857142857, 0.0
0.6947306397306399, 0.6666666666666667, 0.625, 0.7777777777777778, 0.0
0.7031216931216933, 0.7, 0.6, 0.8, 0.0
0.6939898989898992, 0.7, 0.6, 0.8181818181818181, 0.0
0.6963584563584565, 0.6923076923076923, 0.6, 0.7777777777777778, 0.0
0.6859518259518261, 0.6666666666666667, 0.5555555555555556, 0.8, 0.0
0.7231268731268733, 0.75, 0.6, 0.8888888888888888, 0.0
0.6821302771302772, 0.6666666666666667, 0.5555555555555556, 0.75, 0.0
0.7006151256151258, 0.6923076923076923, 0.6, 0.8888888888888888, 0.0
0.6675291375291376, 0.6666666666666667, 0.6, 0.7692307692307692, 0.0
0.6844211344211345, 0.6666666666666667, 0.6, 0.8888888888888888, 0.0
0.668974358974359, 0.6666666666666667, 0.5, 0.75, 0.0
0.6765099715099717, 0.6666666666666667, 0.5555555555555556, 0.7777777777777778, 0.0
0.6633851333851335, 0.6923076923076923, 0.5, 0.75, 0.0
0.7223400673400675, 0.75, 0.6, 0.8, 0.0
0.7193473193473195, 0.7, 0.6363636363636364, 0.8, 0.0
0.6720124320124322, 0.6923076923076923, 0.5, 0.7777777777777778, 0.0
0.6735871535871537, 0.6666666666666667, 0.5555555555555556, 0.8888888888888888, 0.0
0.6886480186480188, 0.6666666666666667, 0.5555555555555556, 0.8181818181818181, 0.0
0.6824410774410776, 0.6666666666666667, 0.5555555555555556, 0.7777777777777778, 0.0
0.6993783993783995, 0.6923076923076923, 0.5, 0.8888888888888888, 0.0
0.6785780885780888, 0.6666666666666667, 0.5555555555555556, 0.8, 0.0
0.6926184926184928, 0.7, 0.5, 0.8, 0.0
0.6702538202538205, 0.6666666666666667, 0.5555555555555556, 0.8, 0.0
0.6840235690235692, 0.7, 0.5, 0.7777777777777778, 0.0
0.6646050246050248, 0.6666666666666667, 0.5, 0.8333333333333334, 0.0
0.6750427350427353, 0.6666666666666667, 0.5555555555555556, 0.8888888888888888, 0.0
0.6923905723905726, 0.6666666666666667, 0.5555555555555556, 0.8, 0.0
0.6570033670033671, 0.6666666666666667, 0.5555555555555556, 0.7777777777777778, 0.0
0.6917547267547268, 0.6923076923076923, 0.5555555555555556, 0.8888888888888888, 0.0
0.6604299404299405, 0.6666666666666667, 0.5555555555555556, 0.8, 0.0
0.6859725459725461, 0.6923076923076923, 0.5, 0.7692307692307692, 0.0
0.6952706552706555, 0.6923076923076923, 0.6, 0.7777777777777778, 0.0
0.6893610093610095, 0.6923076923076923, 0.5555555555555556, 0.8888888888888888, 0.0
0.6661875161875164, 0.6666666666666667, 0.6, 0.7777777777777778, 0.0
0.6944348244348247, 0.7, 0.5555555555555556, 0.8, 0.0
0.7001968401968404, 0.7, 0.5555555555555556, 0.9, 0.0
0.7094897694897696, 0.75, 0.6, 0.8, 0.0
0.6994042994042996, 0.7, 0.5555555555555556, 0.7777777777777778, 0.0
0.7007239057239059, 0.7, 0.625, 0.8888888888888888, 0.0
0.6981028231028233, 0.6923076923076923, 0.625, 0.7777777777777778, 0.0
0.7193783993783995, 0.7, 0.5555555555555556, 0.8888888888888888, 0.0
0.6886298886298887, 0.6923076923076923, 0.5, 0.8888888888888888, 0.0
0.6626547526547528, 0.6666666666666667, 0.5, 0.8, 0.0
0.6546555296555298, 0.6363636363636364, 0.5555555555555556, 0.75, 0.0
0.6700090650090651, 0.6666666666666667, 0.5555555555555556, 0.75, 0.0
0.6745221445221447, 0.6923076923076923, 0.5, 0.75, 0.0
0.684791504791505, 0.6666666666666667, 0.6, 0.8888888888888888, 0.0
0.6673996373996375, 0.6666666666666667, 0.5, 0.7777777777777778, 0.0
0.6790002590002593, 0.6923076923076923, 0.5, 0.8333333333333334, 0.0
0.700954415954416, 0.6923076923076923, 0.625, 0.7777777777777778, 0.0
0.6921859621859625, 0.6923076923076923, 0.6, 0.7777777777777778, 0.0
0.6640339290339291, 0.6666666666666667, 0.5, 0.75, 0.0
0.6902020202020204, 0.6666666666666667, 0.5555555555555556, 0.8, 0.0
0.6815073815073817, 0.6666666666666667, 0.6, 0.75, 0.0
0.7026541976541978, 0.6923076923076923, 0.5555555555555556, 0.8888888888888888, 0.0
0.6861279461279464, 0.6666666666666667, 0.5555555555555556, 0.7777777777777778, 0.0
0.6717288267288268, 0.6666666666666667, 0.5, 0.7692307692307692, 0.0
0.691851851851852, 0.7, 0.5, 0.8888888888888888, 0.0
0.6984868834868838, 0.6666666666666667, 0.6, 0.7857142857142857, 0.0
0.6905749805749807, 0.6923076923076923, 0.6, 0.8, 0.0
0.6825032375032376, 0.6923076923076923, 0.5555555555555556, 0.8181818181818181, 0.0
0.6863429163429164, 0.6923076923076923, 0.5555555555555556, 0.8181818181818181, 0.0
0.6796153846153848, 0.6666666666666667, 0.6, 0.9, 0.0
0.682812742812743, 0.6923076923076923, 0.5555555555555556, 0.7777777777777778, 0.0
0.6949494949494952, 0.6666666666666667, 0.625, 0.8, 0.0
0.6588578088578089, 0.6666666666666667, 0.5, 0.7692307692307692, 0.0
0.7012814962814965, 0.7, 0.5555555555555556, 0.8, 0.0
0.7260872460872462, 0.75, 0.6, 0.8888888888888888, 0.0
0.69480315980316, 0.6666666666666667, 0.6, 0.8888888888888888, 0.0
0.6746050246050247, 0.6666666666666667, 0.5, 0.8888888888888888, 0.0
0.676880341880342, 0.6666666666666667, 0.5, 0.7777777777777778, 0.0
0.6761396011396014, 0.6666666666666667, 0.5, 0.7777777777777778, 0.0
0.6776353276353277, 0.6666666666666667, 0.5555555555555556, 0.8, 0.0
0.6770318570318571, 0.6923076923076923, 0.5555555555555556, 0.7777777777777778, 0.0
0.6983237133237135, 0.75, 0.6, 0.7857142857142857, 0.0
