0.7468482905982905, 0.75, 0.7, 0.7777777777777778, 0.0
0.75, 0.75, 0.7, 0.8, 0.0
0.737962962962963, 0.75, 0.7, 0.7777777777777778, 0.0
0.8037311894454753, 0.7857142857142857, 0.7777777777777778, 0.8888888888888888, 0.0
0.7907925407925408, 0.7735042735042734, 0.7272727272727273, 0.8888888888888888, 0.0
0.7175084175084175, 0.7386363636363636, 0.6, 0.7777777777777778, 0.0
0.7602453102453103, 0.75, 0.7, 0.8888888888888888, 0.0
0.7451221617888284, 0.75, 0.7272727272727273, 0.7777777777777778, 0.0
0.725, 0.725, 0.7, 0.75, 0.0
0.7610389610389611, 0.75, 0.7272727272727273, 0.8, 0.0
0.761010101010101, 0.75, 0.7272727272727273, 0.8, 0.0
0.7919913419913419, 0.8, 0.7272727272727273, 0.8888888888888888, 0.0
0.7331890331890332, 0.7272727272727273, 0.7, 0.7777777777777778, 0.0
0.7310101010101009, 0.7272727272727273, 0.7, 0.7777777777777778, 0.0
0.7661713286713288, 0.7596153846153846, 0.7272727272727273, 0.8181818181818181, 0.0
0.7331890331890332, 0.7272727272727273, 0.7, 0.7777777777777778, 0.0
0.7405555555555555, 0.75, 0.7, 0.7777777777777778, 0.0
0.7555555555555555, 0.75, 0.75, 0.7777777777777778, 0.0
0.7443181818181819, 0.75, 0.7272727272727273, 0.75, 0.0
0.72, 0.7, 0.7, 0.75, 0.0
0.7215909090909092, 0.725, 0.6363636363636364, 0.8, 0.0
0.751010101010101, 0.75, 0.7272727272727273, 0.7777777777777778, 0.0
0.7686026936026936, 0.7386363636363636, 0.7, 0.8888888888888888, 0.0
0.7796296296296296, 0.788888888888889, 0.75, 0.8, 0.0
0.7665656565656566, 0.7777777777777778, 0.7272727272727273, 0.8, 0.0
0.7689153439153439, 0.7638888888888888, 0.75, 0.8, 0.0
0.7354978354978354, 0.7136363636363636, 0.7, 0.8, 0.0
0.7685185185185185, 0.75, 0.7, 0.8888888888888888, 0.0
0.7663347763347763, 0.7777777777777778, 0.7, 0.8181818181818181, 0.0
0.75, 0.75, 0.75, 0.75, 0.0
0.7588911088911088, 0.7692307692307692, 0.7272727272727273, 0.8, 0.0
0.7292207792207792, 0.7272727272727273, 0.7, 0.75, 0.0
0.7871794871794872, 0.7692307692307692, 0.75, 0.8888888888888888, 0.0
0.7692307692307692, 0.7692307692307692, 0.7692307692307692, 0.7692307692307692, 0.7692307692307692
0.7744438101580958, 0.75, 0.7272727272727273, 0.8888888888888888, 0.0
0.7509259259259259, 0.7638888888888888, 0.7, 0.8, 0.0
0.768221901555235, 0.7777777777777778, 0.7272727272727273, 0.8181818181818181, 0.0
0.751010101010101, 0.75, 0.7272727272727273, 0.7777777777777778, 0.0
0.7580519480519481, 0.75, 0.7272727272727273, 0.8, 0.0
0.7282828282828283, 0.75, 0.6, 0.8, 0.0
0.7554538054538055, 0.7596153846153846, 0.7, 0.7857142857142857, 0.0
0.7589521589521588, 0.75, 0.7, 0.8888888888888888, 0.0
0.7396103896103897, 0.75, 0.7, 0.75, 0.0
0.774074074074074, 0.7638888888888888, 0.7, 0.8888888888888888, 0.0
0.7476689976689976, 0.7386363636363636, 0.6923076923076923, 0.8333333333333334, 0.0
0.7711111111111111, 0.7777777777777778, 0.7, 0.8, 0.0
0.7512494449994449, 0.75, 0.7, 0.7857142857142857, 0.0
0.725, 0.725, 0.7, 0.75, 0.0
0.7666105499438832, 0.75, 0.7, 0.8888888888888888, 0.0
0.7708333333333333, 0.75, 0.7, 0.8888888888888888, 0.0
0.7209090909090909, 0.7272727272727273, 0.7, 0.75, 0.0
0.7766666666666666, 0.7777777777777778, 0.75, 0.8, 0.0
0.7354545454545455, 0.75, 0.7, 0.75, 0.0
0.790993265993266, 0.7638888888888888, 0.75, 0.9, 0.0
0.784567901234568, 0.7777777777777778, 0.7, 0.8888888888888888, 0.0
0.7725653975653977, 0.7596153846153846, 0.7, 0.8888888888888888, 0.0
0.7372960372960372, 0.7386363636363636, 0.7, 0.7692307692307692, 0.0
0.709090909090909, 0.7, 0.7, 0.7272727272727273, 0.0
0.7600849767516434, 0.75, 0.7272727272727273, 0.8, 0.0
0.741010101010101, 0.75, 0.7, 0.7777777777777778, 0.0
0.7444444444444445, 0.75, 0.7, 0.7777777777777778, 0.0
0.7841750841750841, 0.75, 0.7, 0.8888888888888888, 0.0
0.7878787878787878, 0.7777777777777778, 0.7777777777777778, 0.8181818181818181, 0.0
0.7656695156695156, 0.7692307692307692, 0.75, 0.7777777777777778, 0.0
0.7428571428571429, 0.7428571428571429, 0.7, 0.7857142857142857, 0.0
0.7976495726495726, 0.788888888888889, 0.75, 0.8888888888888888, 0.0
0.7632478632478632, 0.7692307692307692, 0.75, 0.7777777777777778, 0.0
0.7563131313131314, 0.7638888888888888, 0.7272727272727273, 0.7777777777777778, 0.0
0.7404040404040403, 0.75, 0.7, 0.7777777777777778, 0.0
0.7414656771799628, 0.75, 0.7, 0.7857142857142857, 0.0
0.760290404040404, 0.75, 0.7272727272727273, 0.8, 0.0
0.733080808080808, 0.7272727272727273, 0.7, 0.7777777777777778, 0.0
0.761223344556678, 0.75, 0.7272727272727273, 0.8181818181818181, 0.0
0.7491890054390054, 0.75, 0.7, 0.7777777777777778, 0.0
0.7303030303030303, 0.7272727272727273, 0.7, 0.75, 0.0
0.7584175084175083, 0.7525252525252526, 0.7, 0.8181818181818181, 0.0
0.7731481481481483, 0.75, 0.75, 0.8888888888888888, 0.0
0.7473829201101928, 0.75, 0.7, 0.8888888888888888, 0.0
0.7536946386946386, 0.7386363636363636, 0.7, 0.8888888888888888, 0.0
0.7331890331890332, 0.7272727272727273, 0.7, 0.7777777777777778, 0.0
0.7570750237416903, 0.75, 0.7, 0.8888888888888888, 0.0
0.7435392385392385, 0.7735042735042734, 0.6, 0.7777777777777778, 0.0
0.7507215007215008, 0.75, 0.7272727272727273, 0.7777777777777778, 0.0
0.741540404040404, 0.75, 0.7, 0.7777777777777778, 0.0
0.7069444444444444, 0.725, 0.6, 0.7777777777777778, 0.0
0.7532323232323231, 0.7272727272727273, 0.7, 0.8888888888888888, 0.0
0.7777777777777777, 0.75, 0.75, 0.8888888888888888, 0.0
0.7435786435786437, 0.75, 0.7, 0.7777777777777778, 0.0
0.7517676767676768, 0.75, 0.7, 0.8333333333333334, 0.0
0.788939393939394, 0.775, 0.7, 0.8888888888888888, 0.0
0.7363636363636363, 0.7272727272727273, 0.7, 0.8, 0.0
0.7612422299922299, 0.75, 0.7272727272727273, 0.8888888888888888, 0.0
0.7386868686868687, 0.7272727272727273, 0.6666666666666667, 0.8333333333333334, 0.0
0.7375, 0.75, 0.7, 0.75, 0.0
0.7354545454545455, 0.75, 0.7, 0.75, 0.0
0.7166666666666667, 0.7, 0.7, 0.75, 0.0
0.7583028083028083, 0.75, 0.7, 0.8888888888888888, 0.0
0.7317941317941318, 0.7136363636363636, 0.7, 0.7857142857142857, 0.0
0.7450126262626262, 0.75, 0.7, 0.7777777777777778, 0.0
0.7708333333333333, 0.7777777777777778, 0.75, 0.7777777777777778, 0.0
0.7363053613053613, 0.75, 0.6666666666666667, 0.7692307692307692, 0.0
0.7476190476190476, 0.75, 0.7, 0.7777777777777778, 0.0
0.7375, 0.75, 0.7, 0.75, 0.0
0.7498144712430426, 0.75, 0.7, 0.8, 0.0
0.7558987308987307, 0.7386363636363636, 0.7, 0.8888888888888888, 0.0
0.7611111111111111, 0.7777777777777778, 0.7, 0.8, 0.0
0.7403409090909091, 0.7386363636363636, 0.7, 0.8181818181818181, 0.0
0.7907925407925408, 0.7735042735042734, 0.7272727272727273, 0.8888888888888888, 0.0
0.7474164724164724, 0.75, 0.7, 0.7777777777777778, 0.0
0.7691919191919191, 0.75, 0.7, 0.8888888888888888, 0.0
0.7489087301587302, 0.75, 0.7, 0.7857142857142857, 0.0
0.7545454545454546, 0.75, 0.7, 0.8181818181818181, 0.0
0.7471380471380472, 0.75, 0.7, 0.7777777777777778, 0.0
0.7640151515151514, 0.75, 0.7, 0.8888888888888888, 0.0
0.7769047619047619, 0.7638888888888888, 0.7, 0.8888888888888888, 0.0
0.7753126503126504, 0.7678571428571428, 0.7, 0.8888888888888888, 0.0
0.7715229215229215, 0.7692307692307692, 0.7272727272727273, 0.8888888888888888, 0.0
0.7355555555555555, 0.75, 0.7, 0.7777777777777778, 0.0
0.73, 0.75, 0.7, 0.75, 0.0
0.7636878994021851, 0.7777777777777778, 0.7272727272727273, 0.8, 0.0
0.7594017094017094, 0.75, 0.75, 0.7777777777777778, 0.0
0.7124999999999999, 0.7, 0.7, 0.75, 0.0
0.7732371794871795, 0.7596153846153846, 0.7, 0.8888888888888888, 0.0
0.7405351592851592, 0.75, 0.7, 0.7777777777777778, 0.0
0.734090909090909, 0.7386363636363636, 0.7, 0.75, 0.0
0.7463258963258962, 0.75, 0.7, 0.7777777777777778, 0.0
0.7765752765752766, 0.7777777777777778, 0.75, 0.8181818181818181, 0.0
0.7388047138047137, 0.7386363636363636, 0.7, 0.7777777777777778, 0.0
0.8055555555555556, 0.75, 0.75, 0.8888888888888888, 0.0
0.7305194805194805, 0.75, 0.6363636363636364, 0.8, 0.0
0.7664502164502164, 0.7678571428571428, 0.7272727272727273, 0.8, 0.0
0.762962962962963, 0.75, 0.7, 0.9, 0.0
0.7501726668393336, 0.75, 0.7272727272727273, 0.7777777777777778, 0.0
0.748918673918674, 0.7596153846153846, 0.7, 0.7777777777777778, 0.0
0.7663492063492063, 0.7638888888888888, 0.7, 0.8, 0.0
0.7691983941983942, 0.7596153846153846, 0.75, 0.8181818181818181, 0.0
0.7694139194139193, 0.75, 0.7, 0.8888888888888888, 0.0
0.7494017094017094, 0.75, 0.7, 0.7777777777777778, 0.0
0.777593394260061, 0.7777777777777778, 0.7, 0.8888888888888888, 0.0
0.7375, 0.75, 0.7, 0.75, 0.0
0.7587542087542087, 0.75, 0.7, 0.8181818181818181, 0.0
0.7430640787783644, 0.75, 0.7, 0.7857142857142857, 0.0
0.7365384615384615, 0.75, 0.7, 0.7692307692307692, 0.0
0.744055944055944, 0.75, 0.7, 0.8, 0.0
0.7632323232323233, 0.75, 0.7, 0.8888888888888888, 0.0
0.7679924242424243, 0.75, 0.7272727272727273, 0.8888888888888888, 0.0
0.8666666666666666, 0.8888888888888888, 0.8, 0.8888888888888888, 0.0
0.76, 0.75, 0.7, 0.8, 0.0
0.7309090909090908, 0.7272727272727273, 0.7, 0.75, 0.0
0.7474747474747474, 0.75, 0.7, 0.8, 0.0
0.7613220113220113, 0.7596153846153846, 0.7272727272727273, 0.7857142857142857, 0.0
0.7354545454545455, 0.75, 0.7, 0.75, 0.0
0.7372960372960372, 0.7386363636363636, 0.7, 0.7692307692307692, 0.0
0.7462962962962963, 0.75, 0.7, 0.7777777777777778, 0.0
0.7734848484848484, 0.7525252525252526, 0.7, 0.8888888888888888, 0.0
0.7541569541569542, 0.75, 0.7, 0.8181818181818181, 0.0
0.7452380952380953, 0.75, 0.7, 0.7857142857142857, 0.0
0.7666666666666666, 0.75, 0.75, 0.8, 0.0
0.753006253006253, 0.75, 0.7272727272727273, 0.7857142857142857, 0.0
0.7378787878787879, 0.75, 0.7, 0.75, 0.0
0.7462401795735129, 0.75, 0.7, 0.8888888888888888, 0.0
0.7357142857142857, 0.75, 0.7, 0.8, 0.0
0.7828798185941042, 0.7777777777777778, 0.75, 0.8888888888888888, 0.0
0.7578045411378744, 0.75, 0.7, 0.8181818181818181, 0.0
0.7338461538461538, 0.75, 0.7, 0.7692307692307692, 0.0
0.751010101010101, 0.75, 0.7272727272727273, 0.7777777777777778, 0.0
0.7787975912975913, 0.7735042735042734, 0.75, 0.8181818181818181, 0.0
0.7644149501292359, 0.7692307692307692, 0.7, 0.8181818181818181, 0.0
0.754972804972805, 0.75, 0.7, 0.8333333333333334, 0.0
0.7403318903318903, 0.7272727272727273, 0.7, 0.8, 0.0
0.7694444444444445, 0.75, 0.7, 0.8888888888888888, 0.0
0.7371572871572871, 0.7272727272727273, 0.7, 0.7777777777777778, 0.0
0.7655555555555555, 0.7777777777777778, 0.7, 0.8, 0.0
0.7401234567901234, 0.75, 0.7, 0.7777777777777778, 0.0
0.7154545454545455, 0.7, 0.7, 0.75, 0.0
0.7475817832960691, 0.75, 0.6923076923076923, 0.7857142857142857, 0.0
0.7759259259259258, 0.7777777777777778, 0.75, 0.8, 0.0
0.7425974025974026, 0.75, 0.7, 0.7857142857142857, 0.0
0.7944444444444444, 0.7944444444444444, 0.7, 0.8888888888888888, 0.0
0.7492424242424242, 0.75, 0.7, 0.8181818181818181, 0.0
0.7391233766233766, 0.75, 0.7, 0.7857142857142857, 0.0
0.739983164983165, 0.7386363636363636, 0.6666666666666667, 0.8181818181818181, 0.0
0.7554713804713805, 0.75, 0.7272727272727273, 0.7777777777777778, 0.0
0.7658730158730158, 0.7638888888888888, 0.75, 0.7857142857142857, 0.0
0.751010101010101, 0.75, 0.7272727272727273, 0.7777777777777778, 0.0
0.7514430014430014, 0.75, 0.7, 0.8, 0.0
0.7622053872053872, 0.7638888888888888, 0.7, 0.8181818181818181, 0.0
0.7265993265993266, 0.7272727272727273, 0.7, 0.7777777777777778, 0.0
0.7515595515595516, 0.75, 0.7272727272727273, 0.8, 0.0
0.7295454545454545, 0.7386363636363636, 0.7, 0.75, 0.0
0.741111111111111, 0.75, 0.7, 0.7777777777777778, 0.0
0.7581529581529581, 0.75, 0.7272727272727273, 0.7857142857142857, 0.0
0.7536475869809203, 0.75, 0.7, 0.8, 0.0
0.7602897102897103, 0.7692307692307692, 0.7272727272727273, 0.7857142857142857, 0.0
0.7611111111111111, 0.75, 0.75, 0.7777777777777778, 0.0
0.752972027972028, 0.75, 0.7272727272727273, 0.8, 0.0
0.7579685746352413, 0.75, 0.7, 0.8888888888888888, 0.0
0.751010101010101, 0.75, 0.7272727272727273, 0.7777777777777778, 0.0
0.7209090909090909, 0.7272727272727273, 0.7, 0.75, 0.0
0.7541035353535354, 0.75, 0.7272727272727273, 0.7777777777777778, 0.0
0.7455555555555555, 0.75, 0.7, 0.7777777777777778, 0.0
0.7462962962962963, 0.75, 0.7, 0.7777777777777778, 0.0
0.7333333333333333, 0.725, 0.7, 0.8, 0.0
0.7292207792207792, 0.7272727272727273, 0.7, 0.75, 0.0
0.725, 0.725, 0.7, 0.75, 0.0
0.7468482905982905, 0.75, 0.7, 0.7777777777777778, 0.0
0.7474747474747474, 0.7272727272727273, 0.7, 0.8, 0.0
0.75, 0.75, 0.7, 0.8, 0.0
0.752365535698869, 0.75, 0.7, 0.7777777777777778, 0.0
0.8425925925925926, 0.8888888888888888, 0.75, 0.8888888888888888, 0.0
0.75, 0.75, 0.75, 0.75, 0.0
0.7713480963480963, 0.7482517482517482, 0.7, 0.8888888888888888, 0.0
0.7425925925925926, 0.75, 0.7, 0.7777777777777778, 0.0
0.7784120641263499, 0.7692307692307692, 0.7272727272727273, 0.8888888888888888, 0.0
0.7388888888888888, 0.7388888888888889, 0.7, 0.7777777777777778, 0.0
0.7754545454545455, 0.75, 0.7272727272727273, 0.9, 0.0
0.751010101010101, 0.75, 0.7272727272727273, 0.7777777777777778, 0.0
0.7524130190796856, 0.75, 0.7, 0.8888888888888888, 0.0
0.7289772727272728, 0.7272727272727273, 0.7, 0.75, 0.0
0.789141414141414, 0.7638888888888888, 0.75, 0.8888888888888888, 0.0
0.7887205387205386, 0.75, 0.7272727272727273, 0.8888888888888888, 0.0
0.7423576423576422, 0.75, 0.7, 0.8, 0.0
0.7564102564102564, 0.75, 0.75, 0.7692307692307692, 0.0
0.7622710622710623, 0.75, 0.7, 0.8888888888888888, 0.0
0.7467532467532466, 0.75, 0.7, 0.8, 0.0
0.812962962962963, 0.8, 0.75, 0.8888888888888888, 0.0
0.7407467532467532, 0.7386363636363636, 0.7, 0.7857142857142857, 0.0
0.7506493506493506, 0.75, 0.7, 0.8181818181818181, 0.0
0.7447552447552448, 0.75, 0.7272727272727273, 0.7692307692307692, 0.0
0.7508417508417509, 0.75, 0.7, 0.8, 0.0
0.7624368686868686, 0.7638888888888888, 0.7, 0.8888888888888888, 0.0
0.7457135457135458, 0.75, 0.7, 0.7777777777777778, 0.0
0.7380681818181818, 0.75, 0.7, 0.75, 0.0
0.7688422688422689, 0.75, 0.7272727272727273, 0.8888888888888888, 0.0
0.7257575757575758, 0.7272727272727273, 0.7, 0.75, 0.0
0.7702861952861952, 0.7638888888888888, 0.7, 0.8888888888888888, 0.0
0.7433760683760684, 0.75, 0.7, 0.7777777777777778, 0.0
0.725, 0.725, 0.7, 0.75, 0.0
0.7419256669256669, 0.7386363636363636, 0.7, 0.7777777777777778, 0.0
0.775, 0.775, 0.75, 0.8, 0.0
0.7456293706293705, 0.7386363636363636, 0.7, 0.8, 0.0
0.6993006993006993, 0.7, 0.6, 0.7692307692307692, 0.0
0.741083916083916, 0.75, 0.7, 0.7692307692307692, 0.0
0.7526489383632241, 0.75, 0.7, 0.7857142857142857, 0.0
0.7333333333333334, 0.75, 0.7, 0.75, 0.0
0.7555555555555555, 0.75, 0.75, 0.7777777777777778, 0.0
0.7285714285714285, 0.75, 0.7, 0.75, 0.0
0.7354545454545455, 0.75, 0.7, 0.75, 0.0
0.759090909090909, 0.75, 0.7272727272727273, 0.8181818181818181, 0.0
0.7914141414141415, 0.75, 0.75, 0.8888888888888888, 0.0
0.752020202020202, 0.75, 0.7272727272727273, 0.7777777777777778, 0.0
0.7454545454545455, 0.75, 0.7272727272727273, 0.75, 0.0
0.7425084175084176, 0.75, 0.7, 0.7777777777777778, 0.0
0.7344556677890011, 0.7272727272727273, 0.7, 0.7777777777777778, 0.0
0.8055555555555555, 0.7777777777777778, 0.75, 0.8888888888888888, 0.0
0.7249158249158248, 0.7136363636363636, 0.6666666666666667, 0.7777777777777778, 0.0
0.797979797979798, 0.7777777777777778, 0.7272727272727273, 0.8888888888888888, 0.0
0.7277777777777777, 0.75, 0.7, 0.75, 0.0
0.7486013986013986, 0.75, 0.7272727272727273, 0.7692307692307692, 0.0
0.72, 0.7, 0.7, 0.75, 0.0
0.7617388167388167, 0.75, 0.7, 0.8181818181818181, 0.0
0.7856060606060606, 0.788888888888889, 0.7, 0.8888888888888888, 0.0
0.7411680911680912, 0.75, 0.7, 0.7777777777777778, 0.0
0.7691919191919192, 0.75, 0.75, 0.8181818181818181, 0.0
0.8011111111111111, 0.7777777777777778, 0.7, 0.8888888888888888, 0.0
0.7888888888888889, 0.7777777777777778, 0.75, 0.8888888888888888, 0.0
0.7419753086419753, 0.75, 0.7, 0.8, 0.0
0.7807817182817183, 0.7774725274725274, 0.75, 0.8181818181818181, 0.0
0.7336363636363636, 0.7, 0.7, 0.8181818181818181, 0.0
0.7254545454545454, 0.7272727272727273, 0.7, 0.75, 0.0
0.7455555555555555, 0.75, 0.7, 0.8, 0.0
0.759469696969697, 0.7386363636363636, 0.7272727272727273, 0.8333333333333334, 0.0
0.7570707070707071, 0.75, 0.7, 0.8888888888888888, 0.0
0.8027065527065527, 0.7692307692307692, 0.75, 0.8888888888888888, 0.0
0.75, 0.75, 0.7, 0.8, 0.0
0.7462121212121212, 0.75, 0.7, 0.8, 0.0
0.7387205387205387, 0.7386363636363636, 0.7, 0.7777777777777778, 0.0
0.7261363636363636, 0.7272727272727273, 0.7, 0.75, 0.0
0.7633333333333333, 0.75, 0.7, 0.8888888888888888, 0.0
0.7530982905982906, 0.7596153846153846, 0.7, 0.8, 0.0
0.7933333333333332, 0.7777777777777778, 0.75, 0.8888888888888888, 0.0
0.7355555555555555, 0.75, 0.7, 0.7777777777777778, 0.0
0.7525252525252526, 0.7525252525252526, 0.7272727272727273, 0.7777777777777778, 0.0
0.7716239316239316, 0.75, 0.7, 0.8888888888888888, 0.0
0.75, 0.75, 0.75, 0.75, 0.0
0.7354545454545455, 0.75, 0.7, 0.75, 0.0
0.7468778696051424, 0.75, 0.7, 0.7777777777777778, 0.0
0.7748196248196249, 0.7777777777777778, 0.7272727272727273, 0.8333333333333334, 0.0
0.7511363636363637, 0.7386363636363636, 0.7272727272727273, 0.8, 0.0
0.762962962962963, 0.75, 0.75, 0.8, 0.0
0.7476923076923077, 0.75, 0.7, 0.7692307692307692, 0.0
0.7648148148148147, 0.75, 0.7, 0.8888888888888888, 0.0
0.7459915084915084, 0.75, 0.7, 0.7857142857142857, 0.0
0.7387626262626262, 0.7386363636363636, 0.7, 0.7777777777777778, 0.0
0.7772792022792023, 0.7735042735042734, 0.7, 0.8888888888888888, 0.0
0.7396825396825397, 0.75, 0.7, 0.7777777777777778, 0.0
0.7766462703962704, 0.7735042735042734, 0.7, 0.8888888888888888, 0.0
0.7597917955060812, 0.7777777777777778, 0.7, 0.8, 0.0
0.7388047138047137, 0.7386363636363636, 0.7, 0.7777777777777778, 0.0
0.7401274651274651, 0.7386363636363636, 0.7, 0.7857142857142857, 0.0
0.7335060001726669, 0.7272727272727273, 0.7, 0.7777777777777778, 0.0
0.7763532763532762, 0.75, 0.75, 0.8888888888888888, 0.0
0.7404040404040403, 0.75, 0.7, 0.7777777777777778, 0.0
0.7425925925925925, 0.75, 0.7, 0.7777777777777778, 0.0
0.7777777777777777, 0.75, 0.75, 0.8888888888888888, 0.0
0.724125874125874, 0.7136363636363636, 0.7, 0.7692307692307692, 0.0
0.7520833333333332, 0.75, 0.7, 0.8888888888888888, 0.0
0.7333388833388834, 0.75, 0.6363636363636364, 0.7777777777777778, 0.0
0.737962962962963, 0.75, 0.7, 0.7777777777777778, 0.0
0.7462962962962963, 0.75, 0.7, 0.7777777777777778, 0.0
0.7626102292768959, 0.75, 0.75, 0.8, 0.0
0.74, 0.75, 0.7, 0.8, 0.0
0.8044444444444444, 0.7777777777777778, 0.7777777777777778, 0.8888888888888888, 0.0
0.7573038073038072, 0.75, 0.7, 0.8, 0.0
0.7597853535353535, 0.7638888888888888, 0.7, 0.8181818181818181, 0.0
0.7313692480359147, 0.75, 0.6, 0.7777777777777778, 0.0
0.7380681818181818, 0.75, 0.7, 0.75, 0.0
0.7257575757575757, 0.7272727272727273, 0.7, 0.75, 0.0
0.7664141414141413, 0.7386363636363636, 0.7272727272727273, 0.8888888888888888, 0.0
0.772418058132344, 0.75, 0.7272727272727273, 0.8888888888888888, 0.0
0.7621773288439956, 0.7272727272727273, 0.7, 0.8888888888888888, 0.0
0.7637205387205387, 0.7638888888888888, 0.7272727272727273, 0.8, 0.0
0.7470538720538721, 0.75, 0.7272727272727273, 0.7777777777777778, 0.0
0.7443181818181819, 0.75, 0.7272727272727273, 0.75, 0.0
0.7534511784511784, 0.7272727272727273, 0.7, 0.8888888888888888, 0.0
0.7597222222222222, 0.725, 0.7, 0.8888888888888888, 0.0
0.7490259740259739, 0.75, 0.7, 0.8, 0.0
0.7617424242424242, 0.75, 0.7, 0.8888888888888888, 0.0
0.7508417508417509, 0.75, 0.7, 0.8, 0.0
0.7596153846153846, 0.7596153846153846, 0.75, 0.7692307692307692, 0.0
0.7526936026936027, 0.7386363636363636, 0.7, 0.8888888888888888, 0.0
0.7327505827505827, 0.7386363636363636, 0.7, 0.7692307692307692, 0.0
0.7523569023569023, 0.75, 0.7, 0.8888888888888888, 0.0
0.7533730158730159, 0.7638888888888888, 0.7, 0.7857142857142857, 0.0
0.7685185185185185, 0.7777777777777778, 0.75, 0.7777777777777778, 0.0
0.7796320346320347, 0.7638888888888888, 0.7, 0.8888888888888888, 0.0
0.7295454545454545, 0.7386363636363636, 0.7, 0.75, 0.0
0.7194805194805195, 0.75, 0.6363636363636364, 0.75, 0.0
0.7455387205387205, 0.7386363636363636, 0.7, 0.8181818181818181, 0.0
0.7678180405453131, 0.7692307692307692, 0.7, 0.8888888888888888, 0.0
0.764726631393298, 0.7777777777777778, 0.7, 0.7857142857142857, 0.0
0.72, 0.7, 0.7, 0.75, 0.0
0.7546296296296297, 0.75, 0.75, 0.7777777777777778, 0.0
0.780343113676447, 0.7777777777777778, 0.7, 0.8888888888888888, 0.0
0.7565656565656566, 0.75, 0.7272727272727273, 0.7777777777777778, 0.0
0.7751893939393939, 0.7777777777777778, 0.75, 0.8181818181818181, 0.0
0.7543290043290044, 0.75, 0.7272727272727273, 0.7857142857142857, 0.0
0.7554713804713805, 0.75, 0.7272727272727273, 0.7777777777777778, 0.0
0.7833333333333333, 0.8, 0.75, 0.8, 0.0
0.7258417508417508, 0.7136363636363636, 0.7, 0.7777777777777778, 0.0
0.7916666666666666, 0.7638888888888888, 0.75, 0.8888888888888888, 0.0
0.7554433221099887, 0.75, 0.7, 0.8888888888888888, 0.0
0.7594627594627594, 0.75, 0.75, 0.7777777777777778, 0.0
0.7526936026936027, 0.7386363636363636, 0.7, 0.8888888888888888, 0.0
0.7452059052059051, 0.75, 0.7, 0.8, 0.0
0.7656695156695156, 0.7692307692307692, 0.75, 0.7777777777777778, 0.0
0.7592592592592592, 0.75, 0.75, 0.7777777777777778, 0.0
0.7655555555555555, 0.75, 0.75, 0.8, 0.0
0.7777777777777777, 0.75, 0.75, 0.8888888888888888, 0.0
0.7768969126111982, 0.7777777777777778, 0.75, 0.8, 0.0
0.7734848484848484, 0.7525252525252526, 0.7, 0.8888888888888888, 0.0
0.7635124135124135, 0.75, 0.7, 0.8888888888888888, 0.0
0.7621212121212121, 0.7777777777777778, 0.7272727272727273, 0.7777777777777778, 0.0
0.7612554112554113, 0.7777777777777778, 0.7, 0.8181818181818181, 0.0
0.7393006993006993, 0.75, 0.7, 0.7692307692307692, 0.0
0.786039886039886, 0.7692307692307692, 0.7, 0.8888888888888888, 0.0
0.7359362859362859, 0.7272727272727273, 0.7, 0.7777777777777778, 0.0
0.7413019079685745, 0.75, 0.6, 0.8888888888888888, 0.0
0.7721099887766554, 0.75, 0.7272727272727273, 0.8888888888888888, 0.0
0.8087121212121212, 0.797979797979798, 0.75, 0.8888888888888888, 0.0
0.7378787878787879, 0.75, 0.7, 0.75, 0.0
0.7777777777777778, 0.75, 0.7, 0.8888888888888888, 0.0
0.7554538054538055, 0.7596153846153846, 0.7, 0.7857142857142857, 0.0
0.7887205387205386, 0.75, 0.7272727272727273, 0.8888888888888888, 0.0
0.7623802123802124, 0.7596153846153846, 0.7272727272727273, 0.8, 0.0
0.7712842712842713, 0.75, 0.7272727272727273, 0.8888888888888888, 0.0
0.7766608391608392, 0.7692307692307692, 0.75, 0.8181818181818181, 0.0
0.7181818181818181, 0.7272727272727273, 0.7, 0.7272727272727273, 0.0
0.7616239316239316, 0.75, 0.7, 0.8888888888888888, 0.0
0.8044444444444444, 0.8, 0.75, 0.8888888888888888, 0.0
0.7462121212121212, 0.75, 0.7, 0.8, 0.0
0.75, 0.75, 0.75, 0.75, 0.0
0.7539562289562288, 0.7638888888888888, 0.7, 0.8181818181818181, 0.0
0.7638888888888888, 0.7638888888888888, 0.75, 0.7777777777777778, 0.0
0.7638888888888888, 0.7638888888888888, 0.75, 0.7777777777777778, 0.0
0.7594516594516596, 0.75, 0.7, 0.8888888888888888, 0.0
0.7464285714285714, 0.75, 0.7, 0.7857142857142857, 0.0
0.791540404040404, 0.775, 0.7272727272727273, 0.8888888888888888, 0.0
0.7446581196581196, 0.725, 0.7, 0.8888888888888888, 0.0
0.786026936026936, 0.775, 0.7272727272727273, 0.8888888888888888, 0.0
0.7416666666666667, 0.75, 0.7, 0.75, 0.0
0.7435786435786435, 0.75, 0.7, 0.8, 0.0
0.7554700854700854, 0.7596153846153846, 0.7, 0.7777777777777778, 0.0
0.7895299145299145, 0.7846153846153846, 0.7, 0.8888888888888888, 0.0
0.7392551892551892, 0.75, 0.7, 0.7777777777777778, 0.0
0.7512626262626263, 0.7525252525252526, 0.7, 0.8, 0.0
0.7581529581529581, 0.75, 0.7272727272727273, 0.7857142857142857, 0.0
0.7454545454545455, 0.75, 0.7272727272727273, 0.75, 0.0
0.7444444444444445, 0.75, 0.7, 0.75, 0.0
0.7610651974288337, 0.75, 0.7, 0.8888888888888888, 0.0
