0.3759157509157509, 0.5, 0.0, 0.7692307692307692, 0.0
0.5410256410256411, 0.6666666666666667, 0.0, 0.7692307692307692, 0.0
0.4848484848484849, 0.6666666666666667, 0.0, 0.7272727272727273, 0.0
0.41534391534391546, 0.5714285714285714, 0.0, 0.6666666666666667, 0.0
0.3846153846153846, 0.3846153846153846, 0.0, 0.7692307692307692, 0.0
0.4107142857142857, 0.5357142857142857, 0.0, 0.5714285714285714, 0.0
0.4540043290043291, 0.5357142857142857, 0.0, 0.7272727272727273, 0.0
0.49523809523809526, 0.5714285714285714, 0.0, 0.6666666666666667, 0.0
0.14285714285714285, 0.0, 0.0, 0.5714285714285714, 0.0
0.5490620490620493, 0.5714285714285714, 0.0, 0.7272727272727273, 0.0
0.4841269841269842, 0.5357142857142857, 0.0, 0.6666666666666667, 0.0
0.42979242979242976, 0.5714285714285714, 0.0, 0.7692307692307692, 0.0
0.5991341991341992, 0.6666666666666667, 0.0, 0.8, 0.0
0.38311688311688313, 0.5, 0.0, 0.7272727272727273, 0.0
0.4752747252747252, 0.5357142857142857, 0.0, 0.7692307692307692, 0.0
0.4296180010465725, 0.5, 0.0, 0.7692307692307692, 0.0
0.40079365079365087, 0.5357142857142857, 0.0, 0.6666666666666667, 0.0
0.41269841269841273, 0.5714285714285714, 0.0, 0.6666666666666667, 0.0
0.15476190476190477, 0.0, 0.0, 0.6666666666666667, 0.0
0.5793650793650794, 0.5714285714285714, 0.5, 0.6666666666666667, 0.0
0.47619047619047616, 0.5714285714285714, 0.0, 0.6666666666666667, 0.0
0.5862193362193363, 0.6666666666666667, 0.0, 0.75, 0.0
0.42979242979242976, 0.5714285714285714, 0.0, 0.7692307692307692, 0.0
0.5442279942279943, 0.6190476190476191, 0.0, 0.8, 0.0
0.3434343434343434, 0.33333333333333337, 0.0, 0.7272727272727273, 0.0
0.6428571428571429, 0.6666666666666667, 0.5714285714285714, 0.6666666666666667, 0.0
0.4444444444444445, 0.6666666666666667, 0.0, 0.6666666666666667, 0.0
0.49603174603174605, 0.5714285714285714, 0.0, 0.6666666666666667, 0.0
0.46258503401360546, 0.6666666666666667, 0.0, 0.6666666666666667, 0.0
0.41269841269841273, 0.5714285714285714, 0.0, 0.6666666666666667, 0.0
0.5462662337662337, 0.5714285714285714, 0.0, 0.75, 0.0
0.4787878787878788, 0.5, 0.0, 0.7272727272727273, 0.0
0.49134199134199136, 0.6190476190476191, 0.0, 0.7272727272727273, 0.0
0.3666666666666667, 0.5, 0.0, 0.6666666666666667, 0.0
0.4855283605283605, 0.696969696969697, 0.0, 0.7692307692307692, 0.0
0.2597402597402597, 0.0, 0.0, 0.7272727272727273, 0.0
0.6493506493506493, 0.6493506493506493, 0.5714285714285714, 0.7272727272727273, 0.0
0.48589505732362875, 0.6666666666666667, 0.0, 0.7692307692307692, 0.0
0.3848443223443223, 0.5357142857142857, 0.0, 0.7692307692307692, 0.0
0.125, 0.0, 0.0, 0.5, 0.0
0.6401515151515151, 0.6666666666666667, 0.5, 0.7272727272727273, 0.0
0.4267399267399268, 0.5714285714285714, 0.0, 0.7692307692307692, 0.0
0.5428571428571429, 0.5714285714285714, 0.5, 0.5714285714285714, 0.0
0.2916666666666667, 0.25, 0.0, 0.6666666666666667, 0.0
0.4503205128205129, 0.5, 0.0, 0.7692307692307692, 0.0
0.4566544566544566, 0.6666666666666667, 0.0, 0.7692307692307692, 0.0
0.4014652014652015, 0.5714285714285714, 0.0, 0.7692307692307692, 0.0
0.3623995052566481, 0.5714285714285714, 0.0, 0.7272727272727273, 0.0
0.4607984607984608, 0.6666666666666667, 0.0, 0.7272727272727273, 0.0
0.5827505827505828, 0.6666666666666667, 0.0, 0.7692307692307692, 0.0
0.4901265401265401, 0.6666666666666667, 0.0, 0.7692307692307692, 0.0
0.4121212121212121, 0.6666666666666667, 0.0, 0.7272727272727273, 0.0
0.4386724386724387, 0.6190476190476191, 0.0, 0.7272727272727273, 0.0
0.380952380952381, 0.5714285714285714, 0.0, 0.6666666666666667, 0.0
0.4288119288119289, 0.5714285714285714, 0.0, 0.7272727272727273, 0.0
0.33516483516483514, 0.2857142857142857, 0.0, 0.7692307692307692, 0.0
0.43452380952380953, 0.5357142857142857, 0.0, 0.6666666666666667, 0.0
0.4756909756909757, 0.6666666666666667, 0.0, 0.7692307692307692, 0.0
0.6409523809523809, 0.6666666666666667, 0.5, 0.8, 0.0
0.5952380952380952, 0.5714285714285714, 0.5, 0.6666666666666667, 0.0
0.380952380952381, 0.5714285714285714, 0.0, 0.6666666666666667, 0.0
0.6071428571428572, 0.6190476190476191, 0.5, 0.6666666666666667, 0.0
0.5634920634920636, 0.5714285714285714, 0.5, 0.6666666666666667, 0.0
0.4666666666666667, 0.5, 0.0, 0.6666666666666667, 0.0
0.5220057720057721, 0.6190476190476191, 0.0, 0.7272727272727273, 0.0
0.4194139194139194, 0.5, 0.0, 0.7692307692307692, 0.0
0.5714285714285714, 0.5714285714285714, 0.5714285714285714, 0.5714285714285714, 0.0
0.5758547008547009, 0.7083333333333334, 0.0, 0.7692307692307692, 0.0
0.5073593073593073, 0.5714285714285714, 0.0, 0.7272727272727273, 0.0
0.546919746919747, 0.6666666666666667, 0.0, 0.7692307692307692, 0.0
0.4420995670995671, 0.5357142857142857, 0.0, 0.7272727272727273, 0.0
0.546031746031746, 0.6190476190476191, 0.0, 0.8, 0.0
0.46807953950811093, 0.5714285714285714, 0.0, 0.7692307692307692, 0.0
0.6802530802530803, 0.6666666666666667, 0.5714285714285714, 0.7692307692307692, 0.0
0.33333333333333337, 0.33333333333333337, 0.0, 0.6666666666666667, 0.0
0.6642857142857144, 0.6666666666666667, 0.5714285714285714, 0.75, 0.0
0.5012210012210012, 0.5357142857142857, 0.0, 0.7692307692307692, 0.0
0.30036630036630035, 0.0, 0.0, 0.7692307692307692, 0.0
0.5142857142857143, 0.6666666666666667, 0.0, 0.6666666666666667, 0.0
0.670995670995671, 0.6666666666666667, 0.5714285714285714, 0.7272727272727273, 0.0
0.43537414965986393, 0.5714285714285714, 0.0, 0.6666666666666667, 0.0
0.5476190476190477, 0.5714285714285714, 0.33333333333333337, 0.6666666666666667, 0.0
0.4756909756909757, 0.6666666666666667, 0.0, 0.7692307692307692, 0.0
0.3681318681318681, 0.5, 0.0, 0.7692307692307692, 0.0
0.35714285714285715, 0.5, 0.0, 0.6666666666666667, 0.0
0.5680272108843537, 0.5714285714285714, 0.33333333333333337, 0.6666666666666667, 0.0
0.43820346320346326, 0.5357142857142857, 0.0, 0.75, 0.0
0.5377241805813234, 0.5714285714285714, 0.0, 0.7272727272727273, 0.0
0.33333333333333337, 0.33333333333333337, 0.0, 0.6666666666666667, 0.0
0.533910533910534, 0.6190476190476191, 0.0, 0.7272727272727273, 0.0
0.43001443001443007, 0.5714285714285714, 0.0, 0.7272727272727273, 0.0
0.4716394716394716, 0.6666666666666667, 0.0, 0.7692307692307692, 0.0
0.56983756983757, 0.6666666666666667, 0.0, 0.7692307692307692, 0.0
0.5066137566137566, 0.5, 0.0, 0.75, 0.0
0.2916666666666667, 0.25, 0.0, 0.6666666666666667, 0.0
0.49898249898249897, 0.5714285714285714, 0.0, 0.7692307692307692, 0.0
0.46016483516483514, 0.5357142857142857, 0.0, 0.7692307692307692, 0.0
0.5952380952380953, 0.5714285714285714, 0.5, 0.6666666666666667, 0.0
0.5599162742019884, 0.5714285714285714, 0.0, 0.7692307692307692, 0.0
0.5385281385281385, 0.6666666666666667, 0.0, 0.7272727272727273, 0.0
0.4275539275539275, 0.5714285714285714, 0.0, 0.7692307692307692, 0.0
0.5335141049426764, 0.5714285714285714, 0.0, 0.7692307692307692, 0.0
0.5018315018315018, 0.6190476190476191, 0.0, 0.7692307692307692, 0.0
0.26785714285714285, 0.25, 0.0, 0.5714285714285714, 0.0
0.5204081632653061, 0.5714285714285714, 0.0, 0.6666666666666667, 0.0
0.6577339327339328, 0.696969696969697, 0.5, 0.8, 0.0
0.528998778998779, 0.6190476190476191, 0.0, 0.7692307692307692, 0.0
0.4496753246753247, 0.5357142857142857, 0.0, 0.7272727272727273, 0.0
0.5043290043290044, 0.5357142857142857, 0.0, 0.7272727272727273, 0.0
0.516983016983017, 0.6493506493506493, 0.0, 0.7692307692307692, 0.0
0.37600494743351887, 0.5714285714285714, 0.0, 0.7272727272727273, 0.0
0.5668775668775669, 0.6666666666666667, 0.0, 0.7692307692307692, 0.0
0.4497354497354498, 0.5714285714285714, 0.0, 0.6666666666666667, 0.0
0.6597402597402597, 0.6666666666666667, 0.5714285714285714, 0.7272727272727273, 0.0
0.5052910052910052, 0.5714285714285714, 0.0, 0.6666666666666667, 0.0
0.4189144189144189, 0.6666666666666667, 0.0, 0.7692307692307692, 0.0
0.46016483516483514, 0.5357142857142857, 0.0, 0.7692307692307692, 0.0
0.5384615384615384, 0.6666666666666667, 0.0, 0.7692307692307692, 0.0
0.3787878787878788, 0.5, 0.0, 0.7272727272727273, 0.0
0.36309523809523814, 0.5, 0.0, 0.6666666666666667, 0.0
0.4629329004329005, 0.5714285714285714, 0.0, 0.7272727272727273, 0.0
0.3888888888888889, 0.5, 0.0, 0.6666666666666667, 0.0
0.22023809523809523, 0.0, 0.0, 0.75, 0.0
0.5018315018315018, 0.6190476190476191, 0.0, 0.7692307692307692, 0.0
0.5018315018315018, 0.6190476190476191, 0.0, 0.7692307692307692, 0.0
0.6476648351648352, 0.6666666666666667, 0.5, 0.7692307692307692, 0.0
0.4995004995004995, 0.6666666666666667, 0.0, 0.7692307692307692, 0.0
0.630952380952381, 0.6666666666666667, 0.5714285714285714, 0.6666666666666667, 0.0
0.6219780219780219, 0.5714285714285714, 0.5, 0.7692307692307692, 0.0
0.5828962703962705, 0.6666666666666667, 0.0, 0.7692307692307692, 0.0
0.5347985347985349, 0.6666666666666667, 0.0, 0.7692307692307692, 0.0
0.43382807668521955, 0.5714285714285714, 0.0, 0.7272727272727273, 0.0
0.48015873015873023, 0.5714285714285714, 0.0, 0.6666666666666667, 0.0
0.13333333333333336, 0.0, 0.0, 0.6666666666666667, 0.0
0.505256648113791, 0.5714285714285714, 0.0, 0.7272727272727273, 0.0
0.6303696303696303, 0.5714285714285714, 0.5714285714285714, 0.7692307692307692, 0.0
0.414955414955415, 0.5, 0.0, 0.7692307692307692, 0.0
0.6634199134199135, 0.6666666666666667, 0.5, 0.75, 0.0
0.4285714285714286, 0.6190476190476191, 0.0, 0.6666666666666667, 0.0
0.3681318681318681, 0.5, 0.0, 0.7692307692307692, 0.0
0.5292517006802722, 0.5714285714285714, 0.0, 0.8, 0.0
0.398989898989899, 0.5, 0.0, 0.7272727272727273, 0.0
0.30952380952380953, 0.2857142857142857, 0.0, 0.6666666666666667, 0.0
0.658008658008658, 0.6666666666666667, 0.5714285714285714, 0.7272727272727273, 0.0
0.16666666666666669, 0.0, 0.0, 0.6666666666666667, 0.0
0.547005772005772, 0.6666666666666667, 0.0, 0.8, 0.0
0.28365384615384615, 0.16666666666666669, 0.0, 0.7692307692307692, 0.0
0.5240800865800866, 0.5357142857142857, 0.0, 0.7272727272727273, 0.0
0.25, 0.25, 0.0, 0.5, 0.0
0.6401098901098902, 0.6666666666666667, 0.5, 0.7692307692307692, 0.0
0.4772370486656201, 0.6666666666666667, 0.0, 0.7692307692307692, 0.0
0.3434343434343434, 0.33333333333333337, 0.0, 0.7272727272727273, 0.0
0.3327505827505827, 0.25, 0.0, 0.7692307692307692, 0.0
0.32756132756132755, 0.2857142857142857, 0.0, 0.7272727272727273, 0.0
0.5848437277008706, 0.7272727272727273, 0.0, 0.7692307692307692, 0.0
0.499000999000999, 0.7272727272727273, 0.0, 0.7692307692307692, 0.0
0.33333333333333337, 0.33333333333333337, 0.0, 0.6666666666666667, 0.0
0.6551226551226551, 0.6666666666666667, 0.5714285714285714, 0.7272727272727273, 0.0
0.45833333333333337, 0.5833333333333334, 0.0, 0.6666666666666667, 0.0
0.47990105132962274, 0.6666666666666667, 0.0, 0.7272727272727273, 0.0
0.4255374255374255, 0.5, 0.0, 0.7692307692307692, 0.0
0.5307668521954236, 0.5714285714285714, 0.0, 0.75, 0.0
0.5233100233100234, 0.5, 0.0, 0.7692307692307692, 0.0
0.6022126022126023, 0.6666666666666667, 0.33333333333333337, 0.7272727272727273, 0.0
0.4128787878787879, 0.5, 0.0, 0.75, 0.0
0.3619047619047619, 0.5714285714285714, 0.0, 0.6666666666666667, 0.0
0.4670514670514671, 0.5714285714285714, 0.0, 0.7272727272727273, 0.0
0.6268315018315018, 0.6190476190476191, 0.5, 0.7692307692307692, 0.0
0.16666666666666669, 0.0, 0.0, 0.6666666666666667, 0.0
0.7083333333333334, 0.7083333333333334, 0.6666666666666667, 0.75, 0.0
0.5668775668775669, 0.6666666666666667, 0.0, 0.7692307692307692, 0.0
0.5350601779173207, 0.5714285714285714, 0.0, 0.7692307692307692, 0.0
0.5073593073593073, 0.5714285714285714, 0.0, 0.7272727272727273, 0.0
0.24761904761904763, 0.0, 0.0, 0.6666666666666667, 0.0
0.49696599696599697, 0.5714285714285714, 0.0, 0.7692307692307692, 0.0
0.6285714285714287, 0.6666666666666667, 0.5714285714285714, 0.6666666666666667, 0.0
0.6566558441558443, 0.6666666666666667, 0.5, 0.7272727272727273, 0.0
0.5952380952380952, 0.5714285714285714, 0.5, 0.6666666666666667, 0.0
0.3848443223443223, 0.5357142857142857, 0.0, 0.7692307692307692, 0.0
0.33134920634920634, 0.2857142857142857, 0.0, 0.75, 0.0
0.6868686868686869, 0.6666666666666667, 0.6666666666666667, 0.7272727272727273, 0.0
0.658910533910534, 0.6666666666666667, 0.5714285714285714, 0.75, 0.0
0.5205128205128206, 0.6666666666666667, 0.0, 0.7692307692307692, 0.0
0.717948717948718, 0.717948717948718, 0.6666666666666667, 0.7692307692307692, 0.0
0.47990105132962274, 0.6666666666666667, 0.0, 0.7272727272727273, 0.0
0.2857142857142857, 0.2857142857142857, 0.0, 0.5714285714285714, 0.0
0.5131257631257631, 0.5714285714285714, 0.0, 0.7692307692307692, 0.0
0.4734848484848485, 0.5833333333333334, 0.0, 0.7272727272727273, 0.0
0.22857142857142856, 0.0, 0.0, 0.5714285714285714, 0.0
0.6212121212121212, 0.6666666666666667, 0.5, 0.7272727272727273, 0.0
0.603021978021978, 0.5714285714285714, 0.5, 0.7692307692307692, 0.0
0.7692307692307692, 0.7692307692307692, 0.7692307692307692, 0.7692307692307692, 0.7692307692307692
0.2777777777777778, 0.25, 0.0, 0.6666666666666667, 0.0
0.49350649350649356, 0.6666666666666667, 0.0, 0.7272727272727273, 0.0
0.6410672660672662, 0.6666666666666667, 0.5, 0.7692307692307692, 0.0
0.6687598116169545, 0.6666666666666667, 0.5714285714285714, 0.7692307692307692, 0.0
0.5873593073593074, 0.5714285714285714, 0.4, 0.7272727272727273, 0.0
0.5012210012210012, 0.5357142857142857, 0.0, 0.7692307692307692, 0.0
0.5734384662956092, 0.6666666666666667, 0.0, 0.75, 0.0
0.49702380952380953, 0.5714285714285714, 0.0, 0.6666666666666667, 0.0
0.5557109557109559, 0.6666666666666667, 0.0, 0.7692307692307692, 0.0
0.7146464646464646, 0.7272727272727273, 0.6666666666666667, 0.75, 0.0
0.6401098901098902, 0.6666666666666667, 0.5, 0.7692307692307692, 0.0
0.5587606837606838, 0.6666666666666667, 0.0, 0.7692307692307692, 0.0
0.5711107074743439, 0.5714285714285714, 0.0, 0.7692307692307692, 0.0
0.5396825396825397, 0.6666666666666667, 0.0, 0.6666666666666667, 0.0
0.3328962703962704, 0.25, 0.0, 0.7692307692307692, 0.0
0.6135531135531135, 0.5714285714285714, 0.5, 0.7692307692307692, 0.0
0.64242007992008, 0.6666666666666667, 0.5, 0.7692307692307692, 0.0
0.40079365079365087, 0.5357142857142857, 0.0, 0.6666666666666667, 0.0
0.3521954236239951, 0.5, 0.0, 0.7272727272727273, 0.0
0.13333333333333336, 0.0, 0.0, 0.6666666666666667, 0.0
0.5454545454545455, 0.5, 0.5, 0.7272727272727273, 0.0
0.19444444444444445, 0.0, 0.0, 0.6666666666666667, 0.0
0.4417989417989418, 0.5, 0.0, 0.6666666666666667, 0.0
0.3476190476190476, 0.5, 0.0, 0.6666666666666667, 0.0
0.4615384615384615, 0.7692307692307692, 0.0, 0.7692307692307692, 0.0
0.4230769230769231, 0.5, 0.0, 0.7692307692307692, 0.0
0.44761904761904764, 0.5, 0.0, 0.6666666666666667, 0.0
0.6538461538461539, 0.6666666666666667, 0.5, 0.7692307692307692, 0.0
0.380952380952381, 0.5714285714285714, 0.0, 0.6666666666666667, 0.0
0.6135531135531135, 0.5714285714285714, 0.5, 0.7692307692307692, 0.0
0.6381257631257631, 0.6190476190476191, 0.5, 0.7692307692307692, 0.0
0.4121212121212121, 0.6666666666666667, 0.0, 0.7272727272727273, 0.0
0.505952380952381, 0.5714285714285714, 0.0, 0.6666666666666667, 0.0
0.6163419913419914, 0.6190476190476191, 0.5, 0.7272727272727273, 0.0
0.47990105132962274, 0.6666666666666667, 0.0, 0.7272727272727273, 0.0
0.46053946053946054, 0.5, 0.0, 0.7692307692307692, 0.0
0.5928876678876679, 0.7083333333333334, 0.0, 0.8, 0.0
0.37037037037037046, 0.5, 0.0, 0.6666666666666667, 0.0
0.5871794871794872, 0.5, 0.5, 0.7692307692307692, 0.0
0.4646464646464647, 0.6666666666666667, 0.0, 0.7272727272727273, 0.0
0.49134199134199136, 0.6190476190476191, 0.0, 0.7272727272727273, 0.0
0.46031746031746035, 0.5714285714285714, 0.0, 0.6666666666666667, 0.0
0.6361416361416361, 0.6190476190476191, 0.5714285714285714, 0.7692307692307692, 0.0
0.46880619380619376, 0.5714285714285714, 0.0, 0.7692307692307692, 0.0
0.6190476190476191, 0.6190476190476191, 0.5714285714285714, 0.6666666666666667, 0.0
0.5129513343799058, 0.5, 0.0, 0.7692307692307692, 0.0
0.5303030303030303, 0.696969696969697, 0.0, 0.7272727272727273, 0.0
0.2704081632653061, 0.0, 0.0, 0.75, 0.0
0.39643689643689645, 0.5, 0.0, 0.7692307692307692, 0.0
0.4772370486656201, 0.6666666666666667, 0.0, 0.7692307692307692, 0.0
0.4076190476190476, 0.5714285714285714, 0.0, 0.8, 0.0
0.505256648113791, 0.5714285714285714, 0.0, 0.7272727272727273, 0.0
0.5377241805813234, 0.5714285714285714, 0.0, 0.7272727272727273, 0.0
0.48589505732362875, 0.6666666666666667, 0.0, 0.7692307692307692, 0.0
0.5994734432234432, 0.7083333333333334, 0.0, 0.7692307692307692, 0.0
0.2857142857142857, 0.2857142857142857, 0.0, 0.5714285714285714, 0.0
0.5305435305435307, 0.5714285714285714, 0.0, 0.7272727272727273, 0.0
0.5950715950715951, 0.696969696969697, 0.0, 0.7692307692307692, 0.0
0.6428571428571429, 0.6666666666666667, 0.5714285714285714, 0.6666666666666667, 0.0
0.6398809523809523, 0.6190476190476191, 0.5714285714285714, 0.75, 0.0
0.4444444444444445, 0.6666666666666667, 0.0, 0.6666666666666667, 0.0
0.22857142857142856, 0.0, 0.0, 0.5714285714285714, 0.0
0.33333333333333337, 0.33333333333333337, 0.0, 0.6666666666666667, 0.0
0.4, 0.6666666666666667, 0.0, 0.6666666666666667, 0.0
0.5014652014652015, 0.5714285714285714, 0.0, 0.7692307692307692, 0.0
0.4883116883116883, 0.5714285714285714, 0.0, 0.7272727272727273, 0.0
0.4540043290043291, 0.5357142857142857, 0.0, 0.7272727272727273, 0.0
0.5614652014652014, 0.6666666666666667, 0.0, 0.8, 0.0
0.37202380952380953, 0.5357142857142857, 0.0, 0.6666666666666667, 0.0
0.373015873015873, 0.5, 0.0, 0.6666666666666667, 0.0
0.6136363636363636, 0.6136363636363636, 0.5, 0.7272727272727273, 0.0
0.45899470899470907, 0.5714285714285714, 0.0, 0.75, 0.0
0.5347985347985349, 0.6666666666666667, 0.0, 0.7692307692307692, 0.0
0.4090909090909091, 0.5, 0.0, 0.7272727272727273, 0.0
0.4930735930735931, 0.5714285714285714, 0.0, 0.7272727272727273, 0.0
0.47619047619047616, 0.5714285714285714, 0.0, 0.6666666666666667, 0.0
0.3068181818181818, 0.25, 0.0, 0.7272727272727273, 0.0
0.33516483516483514, 0.2857142857142857, 0.0, 0.7692307692307692, 0.0
0.6839826839826839, 0.7272727272727273, 0.5714285714285714, 0.7272727272727273, 0.0
0.4965867465867466, 0.6190476190476191, 0.0, 0.7692307692307692, 0.0
0.4712430426716141, 0.6666666666666667, 0.0, 0.7272727272727273, 0.0
0.3173076923076923, 0.25, 0.0, 0.7692307692307692, 0.0
0.4474335188620903, 0.5, 0.0, 0.8333333333333334, 0.0
0.49025974025974034, 0.5714285714285714, 0.0, 0.7272727272727273, 0.0
0.4965986394557823, 0.5714285714285714, 0.0, 0.6666666666666667, 0.0
0.36363636363636365, 0.36363636363636365, 0.0, 0.7272727272727273, 0.0
0.3142857142857143, 0.5, 0.0, 0.5714285714285714, 0.0
0.2833333333333333, 0.0, 0.0, 0.75, 0.0
0.5871271585557299, 0.6666666666666667, 0.0, 0.7692307692307692, 0.0
0.6264069264069265, 0.6666666666666667, 0.5, 0.7272727272727273, 0.0
0.5238095238095238, 0.6190476190476191, 0.0, 0.6666666666666667, 0.0
0.35042735042735046, 0.33333333333333337, 0.0, 0.7692307692307692, 0.0
0.4965867465867466, 0.6190476190476191, 0.0, 0.7692307692307692, 0.0
0.6041666666666669, 0.6666666666666667, 0.5, 0.6666666666666667, 0.0
0.40598290598290604, 0.5, 0.0, 0.7692307692307692, 0.0
0.5378510378510379, 0.5714285714285714, 0.0, 0.7692307692307692, 0.0
0.3787878787878788, 0.5, 0.0, 0.7272727272727273, 0.0
0.39177489177489183, 0.5714285714285714, 0.0, 0.6666666666666667, 0.0
0.2597402597402597, 0.0, 0.0, 0.7272727272727273, 0.0
0.15384615384615383, 0.0, 0.0, 0.7692307692307692, 0.0
0.4841269841269842, 0.5357142857142857, 0.0, 0.6666666666666667, 0.0
0.3476190476190476, 0.5, 0.0, 0.6666666666666667, 0.0
0.4965867465867466, 0.6190476190476191, 0.0, 0.7692307692307692, 0.0
0.4458874458874459, 0.5, 0.0, 0.7272727272727273, 0.0
0.47286047286047284, 0.6493506493506493, 0.0, 0.7692307692307692, 0.0
0.4619047619047619, 0.5714285714285714, 0.0, 0.6666666666666667, 0.0
0.3658008658008658, 0.5, 0.0, 0.7272727272727273, 0.0
0.3871794871794872, 0.5, 0.0, 0.7692307692307692, 0.0
0.6666666666666666, 0.6666666666666667, 0.6666666666666667, 0.6666666666666667, 0.0
0.20535714285714285, 0.0, 0.0, 0.5714285714285714, 0.0
0.5335141049426764, 0.5714285714285714, 0.0, 0.7692307692307692, 0.0
0.6054421768707484, 0.6666666666666667, 0.5, 0.6666666666666667, 0.0
0.4121212121212121, 0.6666666666666667, 0.0, 0.7272727272727273, 0.0
0.522108843537415, 0.5714285714285714, 0.0, 0.75, 0.0
0.528998778998779, 0.6190476190476191, 0.0, 0.7692307692307692, 0.0
0.3668474382760097, 0.5, 0.0, 0.7692307692307692, 0.0
0.22222222222222224, 0.0, 0.0, 0.6666666666666667, 0.0
0.6470057720057721, 0.6666666666666667, 0.5, 0.75, 0.0
0.4540043290043291, 0.5357142857142857, 0.0, 0.7272727272727273, 0.0
0.5476190476190476, 0.5357142857142857, 0.5, 0.6666666666666667, 0.0
0.46807953950811093, 0.5714285714285714, 0.0, 0.7692307692307692, 0.0
0.7, 0.6666666666666667, 0.6666666666666667, 0.8, 0.0
0.4965986394557823, 0.5714285714285714, 0.0, 0.6666666666666667, 0.0
0.5551948051948052, 0.7272727272727273, 0.0, 0.75, 0.0
0.41369047619047616, 0.5, 0.0, 0.6666666666666667, 0.0
0.5301127443984587, 0.5714285714285714, 0.0, 0.7692307692307692, 0.0
0.6476142904714334, 0.6666666666666667, 0.5, 0.7692307692307692, 0.0
0.32264957264957267, 0.25, 0.0, 0.7692307692307692, 0.0
0.4251700680272109, 0.5714285714285714, 0.0, 0.6666666666666667, 0.0
0.6553030303030303, 0.696969696969697, 0.5, 0.7272727272727273, 0.0
0.5248560962846678, 0.5714285714285714, 0.0, 0.7692307692307692, 0.0
0.4496753246753247, 0.5357142857142857, 0.0, 0.7272727272727273, 0.0
0.5673076923076923, 0.6666666666666667, 0.0, 0.7692307692307692, 0.0
0.7090409590409591, 0.7272727272727273, 0.5714285714285714, 0.7692307692307692, 0.0
0.5497835497835498, 0.6666666666666667, 0.0, 0.7272727272727273, 0.0
0.4541666666666667, 0.5, 0.0, 0.8, 0.0
0.6507936507936508, 0.6666666666666667, 0.5714285714285714, 0.6666666666666667, 0.0
0.5598845598845599, 0.6666666666666667, 0.0, 0.7272727272727273, 0.0
0.4829931972789116, 0.5714285714285714, 0.0, 0.6666666666666667, 0.0
0.5295204795204796, 0.6666666666666667, 0.0, 0.7692307692307692, 0.0
0.6011904761904763, 0.6190476190476191, 0.5, 0.6666666666666667, 0.0
0.6491603634460777, 0.6666666666666667, 0.5714285714285714, 0.7692307692307692, 0.0
0.40625, 0.5833333333333334, 0.0, 0.75, 0.0
0.3081709956709957, 0.25, 0.0, 0.7272727272727273, 0.0
0.5148809523809524, 0.5714285714285714, 0.0, 0.6666666666666667, 0.0
0.46703296703296704, 0.6666666666666667, 0.0, 0.7692307692307692, 0.0
0.4510281385281386, 0.5714285714285714, 0.0, 0.7272727272727273, 0.0
0.4787878787878788, 0.5, 0.0, 0.7272727272727273, 0.0
0.45384615384615384, 0.6666666666666667, 0.0, 0.8333333333333334, 0.0
0.4727891156462585, 0.5, 0.0, 0.6666666666666667, 0.0
0.22222222222222224, 0.0, 0.0, 0.6666666666666667, 0.0
0.24761904761904763, 0.0, 0.0, 0.6666666666666667, 0.0
0.5347985347985349, 0.6666666666666667, 0.0, 0.7692307692307692, 0.0
0.5897911612197326, 0.6666666666666667, 0.0, 0.7692307692307692, 0.0
0.380952380952381, 0.5714285714285714, 0.0, 0.6666666666666667, 0.0
0.43095238095238103, 0.5714285714285714, 0.0, 0.6666666666666667, 0.0
0.4227513227513228, 0.5, 0.0, 0.6666666666666667, 0.0
0.4444444444444445, 0.5833333333333334, 0.0, 0.75, 0.0
0.5476190476190477, 0.6190476190476191, 0.0, 0.6666666666666667, 0.0
0.4540043290043291, 0.5357142857142857, 0.0, 0.7272727272727273, 0.0
0.5581709956709958, 0.6666666666666667, 0.0, 0.7272727272727273, 0.0
0.6993006993006994, 0.6666666666666667, 0.6666666666666667, 0.7692307692307692, 0.0
0.5501581751581752, 0.6190476190476191, 0.0, 0.7692307692307692, 0.0
0.4346764346764347, 0.5714285714285714, 0.0, 0.7692307692307692, 0.0
0.42857142857142855, 0.5714285714285714, 0.0, 0.5714285714285714, 0.0
0.41414141414141414, 0.5, 0.0, 0.7272727272727273, 0.0
0.3846153846153846, 0.3846153846153846, 0.0, 0.7692307692307692, 0.0
0.49725274725274726, 0.5714285714285714, 0.0, 0.7692307692307692, 0.0
0.5188620902906618, 0.5714285714285714, 0.0, 0.7272727272727273, 0.0
0.5205128205128206, 0.6666666666666667, 0.0, 0.7692307692307692, 0.0
0.7324527324527325, 0.7272727272727273, 0.6666666666666667, 0.7692307692307692, 0.0
0.5648934398934399, 0.6493506493506493, 0.0, 0.7692307692307692, 0.0
0.4337606837606838, 0.5833333333333334, 0.0, 0.7692307692307692, 0.0
0.6291208791208791, 0.6666666666666667, 0.5, 0.7692307692307692, 0.0
0.3930735930735931, 0.5714285714285714, 0.0, 0.7272727272727273, 0.0
0.5974858474858475, 0.7272727272727273, 0.0, 0.7692307692307692, 0.0
0.35714285714285715, 0.5, 0.0, 0.5714285714285714, 0.0
0.5471794871794872, 0.6666666666666667, 0.0, 0.8, 0.0
0.4500261643118786, 0.5714285714285714, 0.0, 0.7692307692307692, 0.0
0.6233766233766234, 0.5714285714285714, 0.5714285714285714, 0.7272727272727273, 0.0
0.47402597402597396, 0.5714285714285714, 0.0, 0.7272727272727273, 0.0
0.5440115440115441, 0.6190476190476191, 0.0, 0.7272727272727273, 0.0
0.34353741496598644, 0.5, 0.0, 0.6666666666666667, 0.0
0.6262210012210012, 0.6190476190476191, 0.5, 0.7692307692307692, 0.0
0.3849206349206349, 0.5357142857142857, 0.0, 0.6666666666666667, 0.0
0.24761904761904763, 0.0, 0.0, 0.6666666666666667, 0.0
0.4107142857142857, 0.5357142857142857, 0.0, 0.5714285714285714, 0.0
0.5440115440115441, 0.6190476190476191, 0.0, 0.7272727272727273, 0.0
0.5, 0.5, 0.5, 0.5, 0.5
0.5596440596440597, 0.6666666666666667, 0.0, 0.7272727272727273, 0.0
0.49725274725274726, 0.5714285714285714, 0.0, 0.7692307692307692, 0.0
0.4394586894586895, 0.5, 0.0, 0.7692307692307692, 0.0
0.3476190476190476, 0.5, 0.0, 0.6666666666666667, 0.0
0.33516483516483514, 0.2857142857142857, 0.0, 0.7692307692307692, 0.0
0.4296180010465725, 0.5714285714285714, 0.0, 0.7692307692307692, 0.0
0.4629329004329005, 0.5714285714285714, 0.0, 0.7272727272727273, 0.0
0.4076923076923077, 0.5, 0.0, 0.7692307692307692, 0.0
0.5170940170940171, 0.5833333333333334, 0.0, 0.7692307692307692, 0.0
0.6190476190476191, 0.6190476190476191, 0.5714285714285714, 0.6666666666666667, 0.0
0.5315934065934066, 0.5714285714285714, 0.0, 0.7692307692307692, 0.0
0.5426716141001856, 0.6666666666666667, 0.0, 0.7272727272727273, 0.0
0.5242424242424242, 0.6666666666666667, 0.0, 0.7272727272727273, 0.0
0.43452380952380953, 0.5357142857142857, 0.0, 0.6666666666666667, 0.0
0.49290293040293043, 0.6190476190476191, 0.0, 0.7692307692307692, 0.0
0.5761904761904763, 0.5714285714285714, 0.5, 0.6666666666666667, 0.0
0.42979242979242976, 0.5714285714285714, 0.0, 0.7692307692307692, 0.0
0.5680985680985681, 0.6493506493506493, 0.0, 0.7692307692307692, 0.0
0.5761904761904763, 0.5714285714285714, 0.5, 0.6666666666666667, 0.0
