0.681358787907746, 0.75, 0.0, 0.8717948717948718, 0.0
0.7225817672811794, 0.7453703703703703, 0.5, 0.8636363636363636, 0.0
0.7055730590644995, 0.7350877192982457, 0.47619047619047616, 0.8372093023255813, 0.0
0.6878100999666265, 0.7317073170731707, 0.47619047619047616, 0.8181818181818181, 0.0
0.6752914217115433, 0.717948717948718, 0.4444444444444444, 0.7804878048780488, 0.0
0.6604591909765968, 0.6956521739130435, 0.4444444444444444, 0.7777777777777778, 0.0
0.6521095144953278, 0.688259109311741, 0.4444444444444444, 0.7407407407407407, 0.0
0.6305256938059739, 0.6486486486486487, 0.4444444444444444, 0.7317073170731707, 0.0
0.6237467852283997, 0.6180555555555556, 0.4444444444444444, 0.7428571428571429, 0.0
0.6178852980944538, 0.6111111111111112, 0.4444444444444444, 0.7428571428571429, 0.0
0.6040204316419613, 0.6099033816425121, 0.4444444444444444, 0.7272727272727273, 0.0
0.5849824557662574, 0.5925925925925926, 0.3529411764705882, 0.7222222222222222, 0.0
0.5650625043189889, 0.5517241379310345, 0.3529411764705882, 0.7058823529411764, 0.0
0.5404769817954781, 0.5333333333333333, 0.3529411764705882, 0.7058823529411764, 0.0
0.5324835728907614, 0.5239651416122004, 0.3529411764705882, 0.7058823529411764, 0.0
0.5199845034621189, 0.5092592592592593, 0.3529411764705882, 0.6428571428571428, 0.0
0.5157145968278859, 0.5185185185185186, 0.3529411764705882, 0.625, 0.0
0.5042242269459594, 0.5080645161290323, 0.3529411764705882, 0.6153846153846154, 0.0
0.4961929030941859, 0.5, 0.34782608695652173, 0.6, 0.0
0.4864128874312947, 0.5, 0.34782608695652173, 0.5714285714285714, 0.0
0.4756759492184033, 0.5, 0.19047619047619047, 0.5945945945945945, 0.0
0.4685757002993138, 0.5, 0.19047619047619047, 0.5945945945945945, 0.0
0.45556819728050363, 0.48275862068965514, 0.19047619047619047, 0.5945945945945945, 0.0
0.4573501332866101, 0.48137931034482756, 0.19047619047619047, 0.5945945945945945, 0.0
0.4519499165953311, 0.47619047619047616, 0.19047619047619047, 0.5945945945945945, 0.0
0.44356791528906503, 0.4591397849462366, 0.2727272727272727, 0.5945945945945945, 0.0
0.4346613055584106, 0.44802867383512546, 0.19047619047619047, 0.5945945945945945, 0.0
0.43432785316610917, 0.4396135265700483, 0.19047619047619047, 0.5945945945945945, 0.0
0.4254055067792156, 0.4285714285714286, 0.19047619047619047, 0.5945945945945945, 0.0
0.4138553668872172, 0.4285714285714286, 0.19047619047619047, 0.5945945945945945, 0.0
0.4094552043831202, 0.4285714285714286, 0.2727272727272727, 0.5945945945945945, 0.0
0.40513864947833, 0.4285714285714286, 0.2727272727272727, 0.5945945945945945, 0.0
0.40273875334654974, 0.424812030075188, 0.25, 0.5945945945945945, 0.0
0.4021779934436846, 0.4285714285714286, 0.23076923076923073, 0.5945945945945945, 0.0
0.4008654852326257, 0.4285714285714286, 0.23076923076923073, 0.5945945945945945, 0.0
0.39681088129997294, 0.4285714285714286, 0.23076923076923073, 0.6341463414634146, 0.0
0.3951741324351929, 0.4285714285714286, 0.23076923076923073, 0.6341463414634146, 0.0
0.39742348631673075, 0.4285714285714286, 0.23076923076923073, 0.6341463414634146, 0.0
0.39807048627018227, 0.4285714285714286, 0.23076923076923073, 0.6341463414634146, 0.0
0.39502110972080573, 0.4285714285714286, 0.16000000000000003, 0.6341463414634146, 0.0
0.3845654480984775, 0.4264069264069264, 0.16000000000000003, 0.6341463414634146, 0.0
0.38423716051632, 0.4285714285714286, 0.16000000000000003, 0.6341463414634146, 0.0
0.3788248036836733, 0.4264069264069264, 0.08695652173913049, 0.6341463414634146, 0.0
0.3726788304157489, 0.4264069264069264, 0.08695652173913049, 0.5945945945945945, 0.0
0.36837942611634467, 0.4279176201372998, 0.08695652173913049, 0.5945945945945945, 0.0
0.365737516302021, 0.4279176201372998, 0.08695652173913049, 0.5945945945945945, 0.0
0.36494732501182975, 0.424812030075188, 0.08695652173913049, 0.5945945945945945, 0.0
0.36287325093775563, 0.41742286751361163, 0.08695652173913049, 0.5945945945945945, 0.0
0.36212545865435963, 0.4, 0.08695652173913049, 0.5945945945945945, 0.0
0.36184055836945933, 0.40689655172413797, 0.08695652173913049, 0.5945945945945945, 0.0
0.36373989735575485, 0.40689655172413797, 0.15384615384615385, 0.5945945945945945, 0.0
0.3620016126519529, 0.4, 0.15384615384615385, 0.5945945945945945, 0.0
0.3578933505436908, 0.3923076923076923, 0.15384615384615385, 0.5945945945945945, 0.0
0.3570381998464348, 0.3923076923076923, 0.15384615384615385, 0.5945945945945945, 0.0
0.3584662941021153, 0.4, 0.15384615384615385, 0.5945945945945945, 0.0
0.3559306815665027, 0.3923076923076923, 0.15384615384615385, 0.5945945945945945, 0.0
0.3514621869189397, 0.3846153846153846, 0.15384615384615385, 0.5945945945945945, 0.0
0.3453596228163756, 0.3846153846153846, 0.15384615384615385, 0.5945945945945945, 0.0
0.34342092504564226, 0.3846153846153846, 0.15384615384615385, 0.5945945945945945, 0.0
0.3408359952882987, 0.37087912087912084, 0.15384615384615385, 0.5945945945945945, 0.0
0.3397064666645172, 0.36038961038961037, 0.15384615384615385, 0.5945945945945945, 0.0
0.3417739632377609, 0.36038961038961037, 0.13793103448275867, 0.5945945945945945, 0.0
0.34186709615848004, 0.367003367003367, 0.13793103448275867, 0.5945945945945945, 0.0
0.33861353490491874, 0.3385714285714285, 0.13793103448275867, 0.5945945945945945, 0.0
0.3351420383299739, 0.32666666666666666, 0.13793103448275867, 0.5945945945945945, 0.0
0.33390747042873936, 0.32666666666666666, 0.13793103448275867, 0.5945945945945945, 0.0
0.3330432728978751, 0.32666666666666666, 0.13793103448275867, 0.5945945945945945, 0.0
0.33330852488726503, 0.32666666666666666, 0.15384615384615385, 0.5945945945945945, 0.0
0.3317453064964605, 0.31999999999999995, 0.15384615384615385, 0.5945945945945945, 0.0
0.32846769101625883, 0.31999999999999995, 0.15384615384615385, 0.5789473684210527, 0.0
0.329311686526921, 0.31999999999999995, 0.15384615384615385, 0.5789473684210527, 0.0
0.3297268845870466, 0.31999999999999995, 0.08333333333333337, 0.5789473684210527, 0.0
0.32803444122793657, 0.31999999999999995, 0.08333333333333337, 0.5789473684210527, 0.0
0.3292783612906972, 0.31999999999999995, 0.15384615384615385, 0.5789473684210527, 0.0
0.32897066898300487, 0.31999999999999995, 0.15384615384615385, 0.5789473684210527, 0.0
0.3270977209433902, 0.31999999999999995, 0.15384615384615385, 0.5789473684210527, 0.0
0.3270977209433902, 0.31999999999999995, 0.15384615384615385, 0.5789473684210527, 0.0
0.32877673328906915, 0.31999999999999995, 0.15384615384615385, 0.5789473684210527, 0.0
0.32622369641719173, 0.31999999999999995, 0.15384615384615385, 0.5789473684210527, 0.0
0.3231728891997178, 0.3076923076923077, 0.15384615384615385, 0.5789473684210527, 0.0
0.32195966382859775, 0.3076923076923077, 0.15384615384615385, 0.5625, 0.0
0.32131768851995574, 0.3076923076923077, 0.15384615384615385, 0.5625, 0.0
0.3226548205237545, 0.31384615384615383, 0.15384615384615385, 0.5625, 0.0
0.32275738462631853, 0.31384615384615383, 0.15384615384615385, 0.5625, 0.0
0.32363364153934016, 0.31999999999999995, 0.15384615384615385, 0.5625, 0.0
0.3217953563677216, 0.3076923076923077, 0.15384615384615385, 0.5625, 0.0
0.3202450371217502, 0.3076923076923077, 0.15384615384615385, 0.5625, 0.0
0.3218611000711465, 0.31384615384615383, 0.15384615384615385, 0.5625, 0.0
0.322700606243986, 0.31384615384615383, 0.15384615384615385, 0.5625, 0.0
0.322700606243986, 0.31384615384615383, 0.15384615384615385, 0.5625, 0.0
0.3216559718660183, 0.3076923076923077, 0.15384615384615385, 0.5625, 0.0
0.3250255783733059, 0.31999999999999995, 0.15384615384615385, 0.5625, 0.0
0.32613623964186195, 0.31384615384615383, 0.15384615384615385, 0.5625, 0.0
0.32810789412800917, 0.3076923076923077, 0.15384615384615385, 0.5625, 0.0
0.32810789412800917, 0.3076923076923077, 0.15384615384615385, 0.5625, 0.0
0.326220016175615, 0.3076923076923077, 0.15384615384615385, 0.5625, 0.0
0.3249854482743805, 0.3076923076923077, 0.15384615384615385, 0.5625, 0.0
0.32166541028767587, 0.3076923076923077, 0.15384615384615385, 0.5625, 0.0
0.3214648871518078, 0.3076923076923077, 0.15384615384615385, 0.5625, 0.0
0.3198897487950603, 0.3076923076923077, 0.15384615384615385, 0.5625, 0.0
